# nlmax, ncor, nside =         383           1         128
    0  -0.2751838326922729E+02
    1   0.1967940563056643E+03
    2   0.2021892846322800E+03
    3   0.8211049863837935E+03
    4   0.3187392507493711E+03
    5   0.3384046261592334E+03
    6   0.2162132310490997E+03
    7   0.9001715159397597E+02
    8   0.9405963564104471E+02
    9   0.9745696446341969E+02
   10   0.2710667166964391E+02
   11   0.5574736446278693E+02
   12   0.3712294062901454E+02
   13   0.2050310034868143E+02
   14   0.3485641632671257E+02
   15   0.2230512820151932E+02
   16   0.1674602354912744E+02
   17   0.2252415476610119E+02
   18   0.1740697308890579E+02
   19   0.1663645341626047E+02
   20   0.2691452182674915E+02
   21   0.9466307188564768E+01
   22   0.1276417339785419E+02
   23   0.9926641478377391E+01
   24   0.8606459810569694E+01
   25   0.1007795593680975E+02
   26   0.6157744852182036E+01
   27   0.5562124916395947E+01
   28   0.9059696697882803E+01
   29   0.7119127770735227E+01
   30   0.6578117900346921E+01
   31   0.6499786529691749E+01
   32   0.6128254802052994E+01
   33   0.4404257850140438E+01
   34   0.4354247547187281E+01
   35   0.5130490003497815E+01
   36   0.2832618764287210E+01
   37   0.3529602995564673E+01
   38   0.4959817008773205E+01
   39   0.4593148429304888E+01
   40   0.4397322017596101E+01
   41   0.1985184871778028E+01
   42   0.3837916219872612E+01
   43   0.3408499977224966E+01
   44   0.3578820800991664E+01
   45   0.2348384704659015E+01
   46   0.2353573500542089E+01
   47   0.2585336349374452E+01
   48   0.2846629141193880E+01
   49   0.3334115716867006E+01
   50   0.3585703018467012E+01
   51   0.3500159144536936E+01
   52   0.2987962661489576E+01
   53   0.2788820593982019E+01
   54   0.1691307216440089E+01
   55   0.2146653778543257E+01
   56   0.2350512005569025E+01
   57   0.2386566358707026E+01
   58   0.3636266608124934E+01
   59   0.1725197750208719E+01
   60   0.1220769446789252E+01
   61   0.3121456984058087E+01
   62   0.1506496480050173E+01
   63   0.1541656084023482E+01
   64   0.1440693218076444E+01
   65   0.1483666134104258E+01
   66   0.1380021383221760E+01
   67   0.1595650988523066E+01
   68   0.1665443340833518E+01
   69   0.1540058903445177E+01
   70   0.1201372248796847E+01
   71   0.1486018950449461E+01
   72   0.1041070896596435E+01
   73   0.1081386528461328E+01
   74   0.1283188403695425E+01
   75   0.1140622713344363E+01
   76   0.1200552720069124E+01
   77   0.1088173927097131E+01
   78   0.1016116711577446E+01
   79   0.1185180296910425E+01
   80   0.9815221161694125E+00
   81   0.8436314914714715E+00
   82   0.8213120984482374E+00
   83   0.9483703105053485E+00
   84   0.7118879526938677E+00
   85   0.8722261005647163E+00
   86   0.1001422208045455E+01
   87   0.1079967609684774E+01
   88   0.8663687096474229E+00
   89   0.9003509271114760E+00
   90   0.6833339199478659E+00
   91   0.6189859206231290E+00
   92   0.8312254843847919E+00
   93   0.7872953864754042E+00
   94   0.8286241013209925E+00
   95   0.8793181669605112E+00
   96   0.5919208992593241E+00
   97   0.5301784338284374E+00
   98   0.6703466885630134E+00
   99   0.7090255752831349E+00
  100   0.5679206525032845E+00
  101   0.6985015232822702E+00
  102   0.4696213526482305E+00
  103   0.5687972713362386E+00
  104   0.6631322413043137E+00
  105   0.4475003056617535E+00
  106   0.5350252467861316E+00
  107   0.3883155437536034E+00
  108   0.3847242503919708E+00
  109   0.3825025018857720E+00
  110   0.4490252513990720E+00
  111   0.4589966425667766E+00
  112   0.4811428334918455E+00
  113   0.4008377623760981E+00
  114   0.4556723764732573E+00
  115   0.3157795056534063E+00
  116   0.3467337715174750E+00
  117   0.3723446431118775E+00
  118   0.3505083188827323E+00
  119   0.2910465087811926E+00
  120   0.2929834032262071E+00
  121   0.3011170788392692E+00
  122   0.3175763131978075E+00
  123   0.3220457690066181E+00
  124   0.3000505393309997E+00
  125   0.2659975090069563E+00
  126   0.2995357157311107E+00
  127   0.1950752699562111E+00
  128   0.2033760364201249E+00
  129   0.2443901676665692E+00
  130   0.2869298413106072E+00
  131   0.2010228704567835E+00
  132   0.1890660309556391E+00
  133   0.1883618349059620E+00
  134   0.1838309122107201E+00
  135   0.1855516690326123E+00
  136   0.1586312475513667E+00
  137   0.2288719605062758E+00
  138   0.1645560012328936E+00
  139   0.1636987016249885E+00
  140   0.1651366473031561E+00
  141   0.1604525134887167E+00
  142   0.1510534430269459E+00
  143   0.1665668312128069E+00
  144   0.1103792552783729E+00
  145   0.1673741480680473E+00
  146   0.1309070437948350E+00
  147   0.9263084702051860E-01
  148   0.1068382744483612E+00
  149   0.1286054235035259E+00
  150   0.1249102786300893E+00
  151   0.9120391106264303E-01
  152   0.1221490597628576E+00
  153   0.1164303206020344E+00
  154   0.9467215610006285E-01
  155   0.7540310752029145E-01
  156   0.8491689758789667E-01
  157   0.8635760891725863E-01
  158   0.8818577752740531E-01
  159   0.7560248158014371E-01
  160   0.8069020043634589E-01
  161   0.7857048647041054E-01
  162   0.7916349726814487E-01
  163   0.7336321624821962E-01
  164   0.6306213806766170E-01
  165   0.7150058588344532E-01
  166   0.5956014083597594E-01
  167   0.6632044614739085E-01
  168   0.4940812234163494E-01
  169   0.5126399579759910E-01
  170   0.5540612120015387E-01
  171   0.4274031661123368E-01
  172   0.5253135256501595E-01
  173   0.3555215546615942E-01
  174   0.5235796921264135E-01
  175   0.3117744969579095E-01
  176   0.3714507902813802E-01
  177   0.3585376500381066E-01
  178   0.4079908966145074E-01
  179   0.3647778103176225E-01
  180   0.3018245529445129E-01
  181   0.3345145066236310E-01
  182   0.3179996026183429E-01
  183   0.2944062783917256E-01
  184   0.2776408684656628E-01
  185   0.3305788200777948E-01
  186   0.2139043496952209E-01
  187   0.2541126150676332E-01
  188   0.2265358640463710E-01
  189   0.1863958102068553E-01
  190   0.2525817770783578E-01
  191   0.2628630344716365E-01
  192   0.1509204762641858E-01
  193   0.1886639219958208E-01
  194   0.2158630179121612E-01
  195   0.1964175685676706E-01
  196   0.1721394166038637E-01
  197   0.1751824119747225E-01
  198   0.1803692273861435E-01
  199   0.1368002056224227E-01
  200   0.1425003925231194E-01
  201   0.3040059356755886E-03
  202   0.3445031856034175E-03
  203   0.1578735562558276E-02
  204   0.7484403298478881E-03
  205   0.4326772857913275E-03
  206   0.6430824707632787E-03
  207   0.1676533992512552E-02
  208   0.1008606016370539E-02
  209  -0.7453888315573920E-03
  210   0.5570833246798523E-03
  211  -0.1495956967418111E-02
  212   0.1130397316183918E-02
  213  -0.2550662349357635E-03
  214   0.1257880842897574E-03
  215  -0.2813693648036075E-03
  216   0.5002035833308049E-03
  217   0.5316980140244176E-03
  218   0.1269854246034319E-03
  219   0.5976171668661268E-03
  220  -0.3581655830723340E-03
  221  -0.7203192671678682E-04
  222   0.7054115908433634E-04
  223  -0.3421304884713150E-03
  224   0.6942657847608391E-04
  225  -0.1327241837425497E-03
  226   0.3466706631590766E-03
  227  -0.2789676301101496E-03
  228  -0.4470975961152757E-03
  229   0.7573273680104853E-03
  230   0.2382110194920628E-04
  231  -0.9244521885110046E-05
  232   0.3435161008691345E-04
  233  -0.6650120503143286E-03
  234  -0.2029982000822939E-03
  235  -0.4585714128896301E-03
  236   0.2211065327710759E-03
  237   0.7597417812608143E-03
  238   0.1030404624798864E-03
  239  -0.5808118380903338E-03
  240  -0.5264651332872461E-03
  241  -0.6947080273145279E-04
  242  -0.5004758622328964E-03
  243  -0.5635472672831376E-03
  244  -0.4243014555316282E-04
  245   0.1109308147270172E-03
  246   0.6288557611203727E-03
  247  -0.1227786073895176E-03
  248  -0.2102552692208048E-03
  249   0.1269013819813480E-03
  250   0.3590808352592623E-03
  251  -0.4157409080650654E-03
  252  -0.8045661068646348E-03
  253   0.1252736806843791E-03
  254   0.1056355470128167E-03
  255  -0.3508344212086456E-03
  256  -0.1413049932861288E-03
  257  -0.1499486512451798E-03
  258   0.1169261993555493E-03
  259  -0.3390072538778099E-03
  260  -0.3828110346905111E-03
  261  -0.4510714068224342E-03
  262   0.4170962279048673E-04
  263   0.9061747695515709E-04
  264  -0.1313735316947895E-03
  265   0.4418131973231709E-03
  266   0.1775942291337707E-05
  267   0.1722508007970802E-03
  268   0.7141998772686176E-04
  269  -0.2332935440224615E-03
  270   0.5586657599461198E-03
  271  -0.1293983449268676E-04
  272   0.3245932278820307E-03
  273  -0.6563089001343503E-04
  274  -0.9514463547599661E-04
  275   0.2675179194355781E-03
  276   0.2342648612356779E-03
  277  -0.1156355239919638E-03
  278  -0.4542736004936598E-04
  279  -0.2966366727439884E-03
  280  -0.5888942097853622E-04
  281  -0.1614701805094931E-03
  282   0.3010130661780797E-03
  283  -0.3287712970362899E-03
  284   0.2264394643159418E-03
  285  -0.6151770227946773E-05
  286   0.1364165114758897E-05
  287  -0.3851951195375514E-03
  288  -0.3514750680161383E-04
  289   0.1105480381818902E-04
  290   0.8245540714690858E-04
  291   0.1642044811340226E-03
  292   0.3898982068850088E-03
  293   0.3153407303619904E-03
  294  -0.3157464121969489E-03
  295  -0.3814431659208695E-03
  296  -0.2179310156083525E-03
  297   0.1015531314529361E-03
  298   0.2400078124020766E-05
  299   0.1707569207691217E-03
  300   0.1260074321360327E-03
  301   0.7702240725254716E-04
  302  -0.3548569161193060E-03
  303  -0.1412989988027746E-03
  304  -0.5584822278165147E-04
  305   0.4135352063475706E-03
  306  -0.8279269647187837E-04
  307   0.2160283735631041E-03
  308   0.2073661517149050E-04
  309   0.6336506890997073E-04
  310   0.3177246715269089E-03
  311   0.1186946067807670E-03
  312  -0.6664871259887128E-05
  313   0.2412210011670801E-03
  314   0.1665155473845048E-03
  315   0.4481724250050001E-03
  316  -0.1569950661894914E-04
  317   0.3384896552653949E-03
  318   0.3949250614620481E-03
  319   0.2996372995656138E-03
  320   0.1851860579591413E-03
  321   0.8200234685062924E-05
  322   0.2843775541043758E-03
  323   0.6234490009393578E-04
  324   0.5085757924305767E-04
  325   0.3221899576028586E-03
  326   0.3649980617914661E-04
  327   0.2582391918154459E-04
  328   0.2750279047580850E-04
  329   0.2232454235779890E-03
  330   0.3383734012390727E-03
  331   0.3546310417142373E-03
  332   0.2121667486730816E-03
  333   0.8232378374767313E-04
  334   0.1918991175521856E-03
  335   0.2481765571513972E-03
  336  -0.3011140085040775E-04
  337   0.2760023341467355E-03
  338   0.5333870087748382E-03
  339   0.3632110846708558E-03
  340   0.4890360800330340E-03
  341   0.1658023998751812E-03
  342   0.1166925089842452E-03
  343   0.2307827969654230E-03
  344   0.4518340815317934E-03
  345   0.6694020720566796E-03
  346   0.2157979437640567E-03
  347   0.6968176440110829E-03
  348   0.4984138191040655E-03
  349   0.3740511021826098E-03
  350   0.3932612908348065E-03
  351   0.5350386035123389E-03
  352   0.5038654264398756E-03
  353   0.5254304244740327E-03
  354   0.8219017608672718E-03
  355   0.6145684566788989E-03
  356   0.8238347409625923E-03
  357   0.2735604030896371E-03
  358   0.5763133604479442E-03
  359   0.7833526873536195E-03
  360   0.6154836665926006E-03
  361   0.7820278575993156E-03
  362   0.7956356910372719E-03
  363   0.5998200191356662E-03
  364   0.7277677497534579E-03
  365   0.8261715378867079E-03
  366   0.9526928309651905E-03
  367   0.8970251286063158E-03
  368   0.7704505286743740E-03
  369   0.8632449641522849E-03
  370   0.9286316614054227E-03
  371   0.7831727125385476E-03
  372   0.9590038091443834E-03
  373   0.9131387412994324E-03
  374   0.9453883747673475E-03
  375   0.1030756098801371E-02
  376   0.1144522207597469E-02
  377   0.1158076395419184E-02
  378   0.1120309449145242E-02
  379   0.1232904778659318E-02
  380   0.1556998162140867E-02
  381   0.1919945586068908E-02
  382   0.2247976219027219E-02
  383   0.2495991091223184E-02
