# nlmax, ncor, nside =         383           1         128
    0   0.2807804533949797E+03
    1  -0.6913259113217900E+00
    2   0.1274249218740898E+04
    3   0.4922291487249577E+03
    4   0.2004015549749301E+03
    5   0.1182244005654454E+03
    6   0.2832311837235721E+03
    7   0.2206864810585430E+03
    8   0.1415789296509110E+03
    9   0.4020162758009660E+02
   10   0.4231856666890994E+02
   11   0.4680130904130972E+02
   12   0.2472483948686932E+02
   13   0.2765596926815444E+02
   14   0.2643565522380684E+02
   15   0.2083933705441601E+02
   16   0.2378521778195757E+02
   17   0.2407337404952871E+02
   18   0.1001399094655035E+02
   19   0.1224499188481993E+02
   20   0.1001768778912576E+02
   21   0.1312421636942153E+02
   22   0.8480161084647314E+01
   23   0.6765206102366776E+01
   24   0.9538658404899776E+01
   25   0.1004195339622083E+02
   26   0.6726103520157656E+01
   27   0.5115718212949043E+01
   28   0.6542899172997967E+01
   29   0.4561877438532489E+01
   30   0.7506059668556175E+01
   31   0.7499657983791203E+01
   32   0.8124146253130458E+01
   33   0.6272395847226020E+01
   34   0.2962994861179987E+01
   35   0.5578618200252920E+01
   36   0.7778138507105281E+01
   37   0.7684274009678145E+01
   38   0.3856143341365632E+01
   39   0.5829076689643074E+01
   40   0.4588340151165482E+01
   41   0.3043193962582138E+01
   42   0.3225983538580288E+01
   43   0.3036525579577560E+01
   44   0.3203351460869043E+01
   45   0.3887048885162780E+01
   46   0.2769024810993975E+01
   47   0.2380576266700886E+01
   48   0.3789574435950599E+01
   49   0.3074178625090894E+01
   50   0.2742760136535922E+01
   51   0.2499886988665746E+01
   52   0.1878555215262693E+01
   53   0.2567124085860107E+01
   54   0.2025721443816288E+01
   55   0.2253317501990623E+01
   56   0.1009318781511060E+01
   57   0.2180447608948475E+01
   58   0.2118591319584526E+01
   59   0.2528437501684408E+01
   60   0.1848509151972206E+01
   61   0.1732245120455242E+01
   62   0.1979241576270049E+01
   63   0.1586237025487703E+01
   64   0.1408387683981136E+01
   65   0.1796745621970115E+01
   66   0.2254756793235915E+01
   67   0.1177630493994974E+01
   68   0.1091913839666422E+01
   69   0.1370931840079458E+01
   70   0.1252320714958949E+01
   71   0.1393429860520086E+01
   72   0.1000306681802206E+01
   73   0.1505074690509022E+01
   74   0.1251103207292348E+01
   75   0.1504719993876503E+01
   76   0.8791487900577086E+00
   77   0.1408645482971134E+01
   78   0.1121482974104186E+01
   79   0.9787623366513976E+00
   80   0.9392219556484169E+00
   81   0.9242920442584586E+00
   82   0.8076989227760918E+00
   83   0.9338565856781955E+00
   84   0.1093613535034106E+01
   85   0.8874818725019338E+00
   86   0.5895963076661821E+00
   87   0.8221810775394824E+00
   88   0.7930975741484800E+00
   89   0.8216352283562471E+00
   90   0.6378205878395622E+00
   91   0.8782842050995614E+00
   92   0.8464383134197815E+00
   93   0.7112705985531711E+00
   94   0.6449930128544958E+00
   95   0.6108527099414245E+00
   96   0.6911795118788333E+00
   97   0.7185579443574430E+00
   98   0.4364545818935948E+00
   99   0.6500845048653512E+00
  100   0.5623101000316366E+00
  101   0.4685641191902878E+00
  102   0.4976746185569256E+00
  103   0.5468407558019190E+00
  104   0.6017635112247861E+00
  105   0.5383146066383941E+00
  106   0.4651318389225267E+00
  107   0.4394692721407163E+00
  108   0.4490380295750125E+00
  109   0.4110529168940498E+00
  110   0.5156740605136183E+00
  111   0.4272175846615023E+00
  112   0.3911975268315799E+00
  113   0.3996452971659832E+00
  114   0.4037722737454732E+00
  115   0.3517185724701721E+00
  116   0.3796630733731579E+00
  117   0.3706769343708785E+00
  118   0.3485108017238920E+00
  119   0.3281882339825051E+00
  120   0.3484707310608572E+00
  121   0.3248375102658529E+00
  122   0.3616543511076702E+00
  123   0.2340644199270470E+00
  124   0.2915451928686904E+00
  125   0.3485043319213534E+00
  126   0.2352936885908666E+00
  127   0.2556603770085232E+00
  128   0.2775536033225759E+00
  129   0.2845968130663283E+00
  130   0.2351288745170409E+00
  131   0.2147001243237838E+00
  132   0.1555108635843172E+00
  133   0.2185205585691562E+00
  134   0.2507240502480659E+00
  135   0.1928531650195231E+00
  136   0.1633429456587406E+00
  137   0.2100252627739359E+00
  138   0.1797046110074015E+00
  139   0.1358989157212129E+00
  140   0.1878803828212836E+00
  141   0.1440188727026832E+00
  142   0.1741997549864023E+00
  143   0.1588205917991683E+00
  144   0.1389073818853894E+00
  145   0.1331751864280285E+00
  146   0.1477884810912993E+00
  147   0.1434867592842555E+00
  148   0.1141295517519092E+00
  149   0.1370700880743188E+00
  150   0.1005844009753847E+00
  151   0.1119933238366673E+00
  152   0.1109570211266933E+00
  153   0.9365562476144995E-01
  154   0.9706018999087029E-01
  155   0.9491739293510415E-01
  156   0.1085348490074838E+00
  157   0.8686601843651598E-01
  158   0.8107336224868711E-01
  159   0.9167265418210724E-01
  160   0.7338451077952213E-01
  161   0.8423622642715967E-01
  162   0.7634012584956074E-01
  163   0.7088109179338731E-01
  164   0.6148469788278199E-01
  165   0.6274379317668854E-01
  166   0.5787775519429583E-01
  167   0.4950680368899996E-01
  168   0.5044338559553285E-01
  169   0.4404486012401831E-01
  170   0.5593508161203775E-01
  171   0.5104108356798431E-01
  172   0.4441756719916023E-01
  173   0.4795713618451025E-01
  174   0.4598608547474359E-01
  175   0.4983407962349784E-01
  176   0.4074915841084237E-01
  177   0.3422046498968045E-01
  178   0.4153067821973722E-01
  179   0.4737630986359909E-01
  180   0.3820005641264457E-01
  181   0.3004428113287905E-01
  182   0.3444862093978029E-01
  183   0.3176250105714606E-01
  184   0.2056870698494895E-01
  185   0.2508551576649121E-01
  186   0.2204935771797878E-01
  187   0.2361018592728725E-01
  188   0.2895503040386049E-01
  189   0.2407142564736031E-01
  190   0.1962092271104976E-01
  191   0.2163438049889266E-01
  192   0.2611562982078552E-01
  193   0.1537759950191364E-01
  194   0.1932646137838001E-01
  195   0.1592584575437439E-01
  196   0.1591419339785827E-01
  197   0.1273017784464636E-01
  198   0.1556289209016959E-01
  199   0.1363088130623702E-01
  200   0.1450542372277785E-01
  201  -0.1234654642815469E-03
  202   0.4117291753336083E-04
  203   0.6273627709065810E-03
  204  -0.7694836613596490E-03
  205   0.1701825000230972E-03
  206  -0.4829174064567843E-03
  207   0.2001942042814120E-03
  208  -0.1511387568535749E-03
  209  -0.1045932751081780E-02
  210   0.1123312073401106E-03
  211   0.1287972144925487E-04
  212   0.9635270342246427E-03
  213  -0.5907029191246638E-03
  214   0.2523040958987144E-03
  215  -0.1377456441865599E-03
  216  -0.6032613608764059E-03
  217  -0.3565701834140622E-03
  218   0.9532182048292981E-03
  219   0.5424670497019557E-03
  220  -0.2493681526949398E-03
  221  -0.1422723388821989E-03
  222   0.7353370363081257E-03
  223  -0.2771072840089817E-03
  224   0.3556267580231420E-03
  225  -0.3263599842145970E-03
  226  -0.7868061378203395E-03
  227  -0.2773191344781489E-03
  228  -0.9133811563333261E-04
  229   0.1341628504316628E-03
  230   0.4681354513494940E-03
  231   0.4762271029725706E-03
  232   0.1488871940646952E-04
  233   0.4050072816897954E-03
  234   0.2893835964667968E-04
  235  -0.1222365107119705E-03
  236   0.4104183819692020E-03
  237   0.2586827001221925E-03
  238   0.4469505019546460E-03
  239   0.2690561138173342E-03
  240   0.2409314467266555E-03
  241   0.4950366441655030E-03
  242   0.4940757641110904E-03
  243   0.2037872353195525E-03
  244   0.6802180082560172E-03
  245   0.4623803486768496E-03
  246   0.3220214677024380E-05
  247   0.4614728807170732E-03
  248   0.5623591764366553E-03
  249   0.6570043654700042E-03
  250   0.1277464662464145E-02
  251   0.3167989668934057E-03
  252  -0.4608818150859673E-03
  253   0.7131379838676288E-04
  254   0.7012257707894598E-03
  255   0.2301033503832040E-03
  256   0.2279925556974982E-03
  257  -0.1664772399267989E-05
  258  -0.1353281330767064E-03
  259  -0.8902239647068377E-04
  260   0.8486838963983612E-04
  261   0.1584617808247923E-04
  262   0.6863604201268192E-04
  263   0.3335196531204510E-03
  264   0.5770967153276851E-03
  265   0.6417985533682113E-03
  266   0.4933427074127472E-04
  267  -0.4037990513677814E-03
  268   0.6931734586209659E-03
  269  -0.7675363847181593E-04
  270   0.7960422804560441E-03
  271   0.2780640522980216E-03
  272   0.3686954313000257E-03
  273   0.2776145156017096E-03
  274   0.6664721909096505E-03
  275  -0.7884469768504321E-04
  276   0.3917784186121542E-03
  277  -0.1467939107341332E-03
  278   0.1142486194773973E-03
  279   0.4213079959141108E-03
  280   0.4125337613826718E-03
  281   0.4294265568705047E-03
  282   0.4515617070320332E-03
  283   0.2757214438374178E-03
  284   0.2456333970913271E-03
  285   0.3192514291394666E-04
  286  -0.2088609719302914E-03
  287   0.3469835330276450E-03
  288  -0.1695094080041981E-03
  289   0.4735273465145129E-04
  290   0.1703375935908635E-03
  291   0.2499422974279186E-03
  292   0.2036006298131166E-03
  293   0.2536017782546196E-03
  294   0.5355778565878655E-03
  295   0.3558678961580464E-03
  296  -0.4617492997686656E-03
  297   0.2216208451866208E-04
  298   0.9492564697677341E-05
  299   0.1449332224059963E-03
  300   0.1994148782955563E-03
  301   0.4703747149649717E-03
  302  -0.1410566994481388E-03
  303  -0.1099664885867990E-03
  304  -0.1376638034422673E-04
  305  -0.2970818504782202E-03
  306   0.2481358097228270E-03
  307   0.2276904782065325E-03
  308  -0.1458593935538266E-03
  309   0.4751581347103295E-03
  310   0.5398504798940218E-03
  311   0.3794962983705297E-03
  312  -0.1002527387355956E-04
  313   0.2824875075536082E-03
  314  -0.4214229356475085E-04
  315   0.3138199271990327E-04
  316   0.1011429691178956E-03
  317   0.1878241718272222E-03
  318   0.4167562068749242E-03
  319   0.1915047397937353E-03
  320   0.2945550061836943E-03
  321   0.5176363828966468E-03
  322   0.4114006150833793E-03
  323   0.2736976291261017E-03
  324   0.2616599076570858E-03
  325   0.3742082924631518E-03
  326   0.3984121899247572E-03
  327   0.6391551148905439E-03
  328   0.1468850407656541E-03
  329   0.3100339113800699E-03
  330   0.1608076061423991E-03
  331   0.3347166711737681E-03
  332   0.5804878725607920E-03
  333   0.1489859914636515E-03
  334   0.1474210808857235E-03
  335   0.5180037844518259E-03
  336   0.4099233939313385E-03
  337   0.2143872222436505E-03
  338   0.4011697632609612E-03
  339   0.3552420260173605E-03
  340   0.1281168290664936E-03
  341   0.3855181889455550E-03
  342   0.3189659121531074E-03
  343   0.4791028177000833E-03
  344   0.7333312616840948E-03
  345   0.8914514409243401E-03
  346   0.4489036045424166E-03
  347   0.5232733627266173E-03
  348   0.4705794798431084E-03
  349   0.4225999812679238E-03
  350   0.4884752559922156E-03
  351   0.1984198287992844E-03
  352   0.3714796018132183E-03
  353   0.3602125157547709E-03
  354   0.2855044289718223E-03
  355   0.5417878679239707E-03
  356   0.9849472312364049E-03
  357   0.4577061467707227E-03
  358   0.6593328612722882E-03
  359   0.6670970351517896E-03
  360   0.4316651234271274E-03
  361   0.5737618463769328E-03
  362   0.7360948545208912E-03
  363   0.9629663705643388E-03
  364   0.8205739806036033E-03
  365   0.4998254888895493E-03
  366   0.9290242633000767E-03
  367   0.1126096438186036E-02
  368   0.8426231941935092E-03
  369   0.9489033316738699E-03
  370   0.7548681512616340E-03
  371   0.1298766270821615E-02
  372   0.1074623138533043E-02
  373   0.1101968877017065E-02
  374   0.1034647261034437E-02
  375   0.1040722338546025E-02
  376   0.1199802431041397E-02
  377   0.1296775008562956E-02
  378   0.1237093295856140E-02
  379   0.1645508797832738E-02
  380   0.1567857413761670E-02
  381   0.1867607901615840E-02
  382   0.2430841813111961E-02
  383   0.2749927082890116E-02
