# nlmax, ncor, nside =         383           1         128
    0   0.5583174138606601E-06
    1   0.3631523728886271E-06
    2   0.4357932503611898E+03
    3   0.7281318582835700E+03
    4   0.3782379609302697E+03
    5   0.8014737547763303E+02
    6   0.1347061594851847E+03
    7   0.9060804878270025E+02
    8   0.5829113755946202E+02
    9   0.3541887178924296E+02
   10   0.3646733798573791E+02
   11   0.3311332005508012E+02
   12   0.3664310510708808E+02
   13   0.3543295366878522E+02
   14   0.2551066478879313E+02
   15   0.2526987380703601E+02
   16   0.1748762252711218E+02
   17   0.1262385023908003E+02
   18   0.1538408415205002E+02
   19   0.1613024744826683E+02
   20   0.7798354733124417E+01
   21   0.8670968231750431E+01
   22   0.7068157087422112E+01
   23   0.7998494334581125E+01
   24   0.8601300192777613E+01
   25   0.8262836674856292E+01
   26   0.8543456350867634E+01
   27   0.7909669671687507E+01
   28   0.7334955809844885E+01
   29   0.6813316985563290E+01
   30   0.6389223417792937E+01
   31   0.5322718023479307E+01
   32   0.4984573441069081E+01
   33   0.5207263474167162E+01
   34   0.4792504869279234E+01
   35   0.4807902564313820E+01
   36   0.3961189622991659E+01
   37   0.5224408473970519E+01
   38   0.3266862907151376E+01
   39   0.4156634254877687E+01
   40   0.3442760939982353E+01
   41   0.2846971365977908E+01
   42   0.3145136829291901E+01
   43   0.4223099384727241E+01
   44   0.4013225714194867E+01
   45   0.3189272599535569E+01
   46   0.3709749233905172E+01
   47   0.3106629012808767E+01
   48   0.2732400664713191E+01
   49   0.2889725705642324E+01
   50   0.2163359644156722E+01
   51   0.2117036491183673E+01
   52   0.2291928434531205E+01
   53   0.2325863688332421E+01
   54   0.2121603039280089E+01
   55   0.2344519710586747E+01
   56   0.2145225726122626E+01
   57   0.2582875685203368E+01
   58   0.2177310012205163E+01
   59   0.1957718317196588E+01
   60   0.1717637416073841E+01
   61   0.2318054355611642E+01
   62   0.1884386347038551E+01
   63   0.2128361256051872E+01
   64   0.1737212490296672E+01
   65   0.1725216146439138E+01
   66   0.1436946135256226E+01
   67   0.1605408218231059E+01
   68   0.1294482266861788E+01
   69   0.1607258081519959E+01
   70   0.1265150003530958E+01
   71   0.1333133729962122E+01
   72   0.1445106684493987E+01
   73   0.1196166528929279E+01
   74   0.1223055273485548E+01
   75   0.1239777579323139E+01
   76   0.1135282852023259E+01
   77   0.9477865767071383E+00
   78   0.9809146979601282E+00
   79   0.9799897108820129E+00
   80   0.1207228929925697E+01
   81   0.1097075432091938E+01
   82   0.1026505668902871E+01
   83   0.8774554082589238E+00
   84   0.9376914653785070E+00
   85   0.9308196335968538E+00
   86   0.9539439132226509E+00
   87   0.9207095068959222E+00
   88   0.7305180421297806E+00
   89   0.9524279978241434E+00
   90   0.8288893563950043E+00
   91   0.7643782666727892E+00
   92   0.9051736658534808E+00
   93   0.6107639922314332E+00
   94   0.7258589612309890E+00
   95   0.7130805849864741E+00
   96   0.7302975497371611E+00
   97   0.7436378695680322E+00
   98   0.6858832189818529E+00
   99   0.5947468251025885E+00
  100   0.5770766344161112E+00
  101   0.5389549788589286E+00
  102   0.5667264224816506E+00
  103   0.4551637890646806E+00
  104   0.4612990354641837E+00
  105   0.6050505564266582E+00
  106   0.4453238606577444E+00
  107   0.4468511191359973E+00
  108   0.4780811615970695E+00
  109   0.4342333363013106E+00
  110   0.4205349581941754E+00
  111   0.3802062065307198E+00
  112   0.4307803168561237E+00
  113   0.4033454165297082E+00
  114   0.4123489199803746E+00
  115   0.4048333192949490E+00
  116   0.3443047384846120E+00
  117   0.3777724269403652E+00
  118   0.4134616600119452E+00
  119   0.3437394610128908E+00
  120   0.2753290445890547E+00
  121   0.2671278024852466E+00
  122   0.3278736407850974E+00
  123   0.3018552979285946E+00
  124   0.2392754781333304E+00
  125   0.2887052323993093E+00
  126   0.2843864290286697E+00
  127   0.2868709800128136E+00
  128   0.2366803355134905E+00
  129   0.2288019884211903E+00
  130   0.2485054871489578E+00
  131   0.2042899817609637E+00
  132   0.1913034623589911E+00
  133   0.2479829826231743E+00
  134   0.2170162900512180E+00
  135   0.1891087897848189E+00
  136   0.1875931560159320E+00
  137   0.2090463601547560E+00
  138   0.1433911955731654E+00
  139   0.1724644824614477E+00
  140   0.1824003768212189E+00
  141   0.1422781904059561E+00
  142   0.1292394697655179E+00
  143   0.1630872938613706E+00
  144   0.1528000993960401E+00
  145   0.1363880770835252E+00
  146   0.1230351221334100E+00
  147   0.1312417358247720E+00
  148   0.1209285390076911E+00
  149   0.1231542860343303E+00
  150   0.1057696287304967E+00
  151   0.1206698307417179E+00
  152   0.9527957230166914E-01
  153   0.1108733694074083E+00
  154   0.9561074103327590E-01
  155   0.9936861639122579E-01
  156   0.9756286140895123E-01
  157   0.9903201718975949E-01
  158   0.7592196222499166E-01
  159   0.8416015099985903E-01
  160   0.7228636754771563E-01
  161   0.7723114722770030E-01
  162   0.7560901848577017E-01
  163   0.7459051691029431E-01
  164   0.6056324556063305E-01
  165   0.6699836317295860E-01
  166   0.6502049572727209E-01
  167   0.6202810946674660E-01
  168   0.5621590657688277E-01
  169   0.5815057329787686E-01
  170   0.4854868228555876E-01
  171   0.4857645993513857E-01
  172   0.5177633474648161E-01
  173   0.4943464621187994E-01
  174   0.4012847693135370E-01
  175   0.4681985843089052E-01
  176   0.4270732644571151E-01
  177   0.3802773503236694E-01
  178   0.3721802640867285E-01
  179   0.3290857781519556E-01
  180   0.3211316435638832E-01
  181   0.3277615864222717E-01
  182   0.3166642639079949E-01
  183   0.2648972015927960E-01
  184   0.3468435100956758E-01
  185   0.3053653105947685E-01
  186   0.2557335548702155E-01
  187   0.2583939089135293E-01
  188   0.2252765233570185E-01
  189   0.2244265570405952E-01
  190   0.2324933502096390E-01
  191   0.2205940025293671E-01
  192   0.2045256594334443E-01
  193   0.1730348635049862E-01
  194   0.1994305151943344E-01
  195   0.1795283871632302E-01
  196   0.1704286053394709E-01
  197   0.1659442478465948E-01
  198   0.1535433087006303E-01
  199   0.1581487202804809E-01
  200   0.1237327795425869E-01
  201   0.3329704752089420E-06
  202   0.5067903966133697E-06
  203   0.3363073704796947E-06
  204   0.5009340952827524E-06
  205   0.3264361577659390E-06
  206   0.4941624774543132E-06
  207   0.3277615284442028E-06
  208   0.5049831116851866E-06
  209   0.3402814376149547E-06
  210   0.5129381195250543E-06
  211   0.3387499638798377E-06
  212   0.5041001508869253E-06
  213   0.3300453514909413E-06
  214   0.5022035738343979E-06
  215   0.3358953677124440E-06
  216   0.5152678695387802E-06
  217   0.3470426742318097E-06
  218   0.5184995821642517E-06
  219   0.3414644668520963E-06
  220   0.5089741466913430E-06
  221   0.3355513294365514E-06
  222   0.5125447665654782E-06
  223   0.3452354177519014E-06
  224   0.5256192113863644E-06
  225   0.3531651024025152E-06
  226   0.5240187598781918E-06
  227   0.3451500925583711E-06
  228   0.5162781717880942E-06
  229   0.3431241864446280E-06
  230   0.5248225758693800E-06
  231   0.3553208372335431E-06
  232   0.5357869174151757E-06
  233   0.3589238756767519E-06
  234   0.5303147991640150E-06
  235   0.3504056243096092E-06
  236   0.5264674291113869E-06
  237   0.3528092717783776E-06
  238   0.5385675419012284E-06
  239   0.3657140280220920E-06
  240   0.5458241799551495E-06
  241   0.3648833710858051E-06
  242   0.5383517907342144E-06
  243   0.3576984418475361E-06
  244   0.5396861846282743E-06
  245   0.3645159218255125E-06
  246   0.5533336867836871E-06
  247   0.3761483327425614E-06
  248   0.5561383181505588E-06
  249   0.3717695442059649E-06
  250   0.5490749467911119E-06
  251   0.3673809295577236E-06
  252   0.5557989240720466E-06
  253   0.3780082996856454E-06
  254   0.5688271500780795E-06
  255   0.3866733784446291E-06
  256   0.5674851010250248E-06
  257   0.3803070597034111E-06
  258   0.5632470768375731E-06
  259   0.3797291328774532E-06
  260   0.5744908685920315E-06
  261   0.3929589779389969E-06
  262   0.5850207862364944E-06
  263   0.3976896276110607E-06
  264   0.5808864333270499E-06
  265   0.3911389763312702E-06
  266   0.5813440236630999E-06
  267   0.3949330824660320E-06
  268   0.5954021220753107E-06
  269   0.4090829065007186E-06
  270   0.6022423081582868E-06
  271   0.4098764205452643E-06
  272   0.5974858877182572E-06
  273   0.4048177296576758E-06
  274   0.6035300979112240E-06
  275   0.4130740299334065E-06
  276   0.6182779781418192E-06
  277   0.4262977328252825E-06
  278   0.6212124063343312E-06
  279   0.4240576660244976E-06
  280   0.6183757002953305E-06
  281   0.4218464887806122E-06
  282   0.6297219315511402E-06
  283   0.4341183145960362E-06
  284   0.6431102100543918E-06
  285   0.4448530160696541E-06
  286   0.6430208798310879E-06
  287   0.4410749315134735E-06
  288   0.6444390306964102E-06
  289   0.4427176589807593E-06
  290   0.6597268267293299E-06
  291   0.4579787375076255E-06
  292   0.6702533054313136E-06
  293   0.4653649139477800E-06
  294   0.6690331157478547E-06
  295   0.4617362569503194E-06
  296   0.6762593398762527E-06
  297   0.4679114466451244E-06
  298   0.6934215912322544E-06
  299   0.4846561678558593E-06
  300   0.7005066117101731E-06
  301   0.4887506950881490E-06
  302   0.7007364294432342E-06
  303   0.4868515665652970E-06
  304   0.7141341827248372E-06
  305   0.4978719964126123E-06
  306   0.7309377413462920E-06
  307   0.5144189482688374E-06
  308   0.7351502162342312E-06
  309   0.5161194117240186E-06
  310   0.7395636062780474E-06
  311   0.5173142540539964E-06
  312   0.7582007261850784E-06
  313   0.5330172553171037E-06
  314   0.7728311490615386E-06
  315   0.5479520885766810E-06
  316   0.7759206354816609E-06
  317   0.5487027581738850E-06
  318   0.7867534925972101E-06
  319   0.5541749462617407E-06
  320   0.8086514842189421E-06
  321   0.5738392080507222E-06
  322   0.8202273384448757E-06
  323   0.5864297607886245E-06
  324   0.8249222170108268E-06
  325   0.5878911298340263E-06
  326   0.8433140380640821E-06
  327   0.5986869841912575E-06
  328   0.8660041568511831E-06
  329   0.6211139623314599E-06
  330   0.8749406445157749E-06
  331   0.6315268503328434E-06
  332   0.8844961621601349E-06
  333   0.6353897978720112E-06
  334   0.9101381370898007E-06
  335   0.6523655915861234E-06
  336   0.9313954986075183E-06
  337   0.6761958849230204E-06
  338   0.9395671055951144E-06
  339   0.6854561200076284E-06
  340   0.9571076125838943E-06
  341   0.6934705465631910E-06
  342   0.9882953480789060E-06
  343   0.7171576953918584E-06
  344   0.1006892700504044E-05
  345   0.7413610171888130E-06
  346   0.1017558917608818E-05
  347   0.7511612504359065E-06
  348   0.1045351387656904E-05
  349   0.7653082467077374E-06
  350   0.1079502904597139E-05
  351   0.7958423822842464E-06
  352   0.1095849290422082E-05
  353   0.8202240049294123E-06
  354   0.1113321631733463E-05
  355   0.8328050454463356E-06
  356   0.1152210602174167E-05
  357   0.8554793947286760E-06
  358   0.1186792760717972E-05
  359   0.8927874461763432E-06
  360   0.1203377925986632E-05
  361   0.9183831543422020E-06
  362   0.1232455650152137E-05
  363   0.9367052891151474E-06
  364   0.1281741047160535E-05
  365   0.9708544892077942E-06
  366   0.1315467569125807E-05
  367   0.1015236452443671E-05
  368   0.1337100456273817E-05
  369   0.1044639365678948E-05
  370   0.1382421583894299E-05
  371   0.1072970827938137E-05
  372   0.1440452445233310E-05
  373   0.1122336862333594E-05
  374   0.1474630987457099E-05
  375   0.1175492917575540E-05
  376   0.1508555464456108E-05
  377   0.1213409892704292E-05
  378   0.1574221737570678E-05
  379   0.1258396908977154E-05
  380   0.1639956360112060E-05
  381   0.1328254837114504E-05
  382   0.1680027055621360E-05
  383   0.1394850660600328E-05
