# nlmax, ncor, nside =         383           1         128
    0   0.5034834601549379E-09
    1   0.7421375520443362E-06
    2   0.1605967950928390E+04
    3   0.7341071886329535E+03
    4   0.1896756677752067E+03
    5   0.3721420799326202E+03
    6   0.9222633638367600E+02
    7   0.9627844586865967E+02
    8   0.5373486565633475E+02
    9   0.5159679291323947E+02
   10   0.5391129030117710E+02
   11   0.2481521520670215E+02
   12   0.2871902560201508E+02
   13   0.2264551950666759E+02
   14   0.3735342272830867E+02
   15   0.1791809357983193E+02
   16   0.1598454844052307E+02
   17   0.2188942227236365E+02
   18   0.2372414399173892E+02
   19   0.1241102579440556E+02
   20   0.1185499491135278E+02
   21   0.1403371266284960E+02
   22   0.1109212322058041E+02
   23   0.1283803393378040E+02
   24   0.7569599925570508E+01
   25   0.9423652377623711E+01
   26   0.7997202639195196E+01
   27   0.1003587812293713E+02
   28   0.8267580007642284E+01
   29   0.4997979076363539E+01
   30   0.6351010912459052E+01
   31   0.5877325601694693E+01
   32   0.5617766608101967E+01
   33   0.5658427858052979E+01
   34   0.3695813204126051E+01
   35   0.3918262614145872E+01
   36   0.5346123110527084E+01
   37   0.4412685875975764E+01
   38   0.4086685896278839E+01
   39   0.3397344108588831E+01
   40   0.3047532744946730E+01
   41   0.3256965719702569E+01
   42   0.4187721482856605E+01
   43   0.2804982720819815E+01
   44   0.3616260925389940E+01
   45   0.2751444209165935E+01
   46   0.3073221162099992E+01
   47   0.3582621197764821E+01
   48   0.3513990036342796E+01
   49   0.2624312843628418E+01
   50   0.2656070941425617E+01
   51   0.2587906442571429E+01
   52   0.2466447296968557E+01
   53   0.2853735520340334E+01
   54   0.3136327307268676E+01
   55   0.2795425745620551E+01
   56   0.1928997269820410E+01
   57   0.1874325652870040E+01
   58   0.1873605123681949E+01
   59   0.1783268143941325E+01
   60   0.1941185429319987E+01
   61   0.2115014352052809E+01
   62   0.1740737500564196E+01
   63   0.1525522151950057E+01
   64   0.1633427392621035E+01
   65   0.1549873338481059E+01
   66   0.1945366125674543E+01
   67   0.1608613177706442E+01
   68   0.1902149005663316E+01
   69   0.1258171582322171E+01
   70   0.1508344844349488E+01
   71   0.1264769469190820E+01
   72   0.1372828020870242E+01
   73   0.1205229641348750E+01
   74   0.1177356890479432E+01
   75   0.1255354613544148E+01
   76   0.9945949894350474E+00
   77   0.1169511069737990E+01
   78   0.1112410436496210E+01
   79   0.9492850812468018E+00
   80   0.8304412942788355E+00
   81   0.1040497985056962E+01
   82   0.1038467353996528E+01
   83   0.8376991613937824E+00
   84   0.9172144986026770E+00
   85   0.7973094314096821E+00
   86   0.8741113087677044E+00
   87   0.8452522003952255E+00
   88   0.8818594587530991E+00
   89   0.7481705916150885E+00
   90   0.7221688243050368E+00
   91   0.7970788766046818E+00
   92   0.8050671475418006E+00
   93   0.8723632886953047E+00
   94   0.7144409315052277E+00
   95   0.5222683776096002E+00
   96   0.6239891617727755E+00
   97   0.6155719747431641E+00
   98   0.5581381406386692E+00
   99   0.5812404775876666E+00
  100   0.6052060205113361E+00
  101   0.5981757074805111E+00
  102   0.6129076709378072E+00
  103   0.5182957746550175E+00
  104   0.5275099603244880E+00
  105   0.5279300866140907E+00
  106   0.4721580686712307E+00
  107   0.5808373362344501E+00
  108   0.4965475930186106E+00
  109   0.4699772796053245E+00
  110   0.4693421985270339E+00
  111   0.3941717984959775E+00
  112   0.3867956759608380E+00
  113   0.4514930249898046E+00
  114   0.3794690455912038E+00
  115   0.3803569061295857E+00
  116   0.3824763030597008E+00
  117   0.3839276522857261E+00
  118   0.3570159190236766E+00
  119   0.3422888962973980E+00
  120   0.3281047900676675E+00
  121   0.2818064301168387E+00
  122   0.3147854746246733E+00
  123   0.3070460592496943E+00
  124   0.2350747226410908E+00
  125   0.2537441457138790E+00
  126   0.2701317659874484E+00
  127   0.2547544676048621E+00
  128   0.2196894588315035E+00
  129   0.2519389544489737E+00
  130   0.2198355227746302E+00
  131   0.2471711582591173E+00
  132   0.2046383649580134E+00
  133   0.2336883561123575E+00
  134   0.2010591379558461E+00
  135   0.1813469075754433E+00
  136   0.2406146651531043E+00
  137   0.1897683125251129E+00
  138   0.1829971815796464E+00
  139   0.1563757140146924E+00
  140   0.1545913511058946E+00
  141   0.1669671471891114E+00
  142   0.1543098711972374E+00
  143   0.1441218701809834E+00
  144   0.1460997009323917E+00
  145   0.1445740548442858E+00
  146   0.1424671032912285E+00
  147   0.1282160064339284E+00
  148   0.1265993131286004E+00
  149   0.1163532952963605E+00
  150   0.1314210113034940E+00
  151   0.1080654279414366E+00
  152   0.1079443131447024E+00
  153   0.1125059801975573E+00
  154   0.1020201278878020E+00
  155   0.8490553463740261E-01
  156   0.9283915600321770E-01
  157   0.8434893494276620E-01
  158   0.8080070713765738E-01
  159   0.7729731658072096E-01
  160   0.8237417039110806E-01
  161   0.8397447085291822E-01
  162   0.6872529087868934E-01
  163   0.6946131507520986E-01
  164   0.6615090541437478E-01
  165   0.6333813638560107E-01
  166   0.6600192254536594E-01
  167   0.6507614361618849E-01
  168   0.6060510856266429E-01
  169   0.5023961982654022E-01
  170   0.5641816465411965E-01
  171   0.5529255943804111E-01
  172   0.5498938952289609E-01
  173   0.4777417003305690E-01
  174   0.5372521920229682E-01
  175   0.4082624413820865E-01
  176   0.4546351410850615E-01
  177   0.3896824709201353E-01
  178   0.3810350118062538E-01
  179   0.3355338726243157E-01
  180   0.2956059784678022E-01
  181   0.3368026713862969E-01
  182   0.3144986828292757E-01
  183   0.2595002941650307E-01
  184   0.2645406234742241E-01
  185   0.2484212316209660E-01
  186   0.2522458454312044E-01
  187   0.2580927101219931E-01
  188   0.2412721454326928E-01
  189   0.2731017298092534E-01
  190   0.2477055620537025E-01
  191   0.2424169142844915E-01
  192   0.1982415591562649E-01
  193   0.2167340376253310E-01
  194   0.1893561187704123E-01
  195   0.1693719760587097E-01
  196   0.1590984068814390E-01
  197   0.1662069041886999E-01
  198   0.1588124874403221E-01
  199   0.1640331265998767E-01
  200   0.1263339827404189E-01
  201   0.6936716938628042E-06
  202   0.2045366777962142E-07
  203   0.6987678897626780E-06
  204   0.2411854484002846E-07
  205   0.6765383865965824E-06
  206   0.2749221462709247E-07
  207   0.6820364898707240E-06
  208   0.2339547380675860E-07
  209   0.7090917570071796E-06
  210   0.2194839926400192E-07
  211   0.7035921383575663E-06
  212   0.2691367105380287E-07
  213   0.6838362609379216E-06
  214   0.2812553926929529E-07
  215   0.7002648450290880E-06
  216   0.2370599974891812E-07
  217   0.7233202718898192E-06
  218   0.2425624826132321E-07
  219   0.7085412300384897E-06
  220   0.2963949283699593E-07
  221   0.6958099180694804E-06
  222   0.2852758310004853E-07
  223   0.7210110588096283E-06
  224   0.2474787979758512E-07
  225   0.7360551346522672E-06
  226   0.2731980838951765E-07
  227   0.7152253806870115E-06
  228   0.3205989425141846E-07
  229   0.7129756572182055E-06
  230   0.2905547459666109E-07
  231   0.7431364745319422E-06
  232   0.2666439853187977E-07
  233   0.7476362854743880E-06
  234   0.3098840976565139E-07
  235   0.7253420705393790E-06
  236   0.3409724155122919E-07
  237   0.7353049148086735E-06
  238   0.3007827402188208E-07
  239   0.7655959020918028E-06
  240   0.2956088748966472E-07
  241   0.7590434759972520E-06
  242   0.3500996408109594E-07
  243   0.7404560158130652E-06
  244   0.3589842445146958E-07
  245   0.7622476402701513E-06
  246   0.3190857059232332E-07
  247   0.7877061694121133E-06
  248   0.3348755089457719E-07
  249   0.7718048158785532E-06
  250   0.3912205294299192E-07
  251   0.7617775824572326E-06
  252   0.3779557399146365E-07
  253   0.7928823013077541E-06
  254   0.3479159195437624E-07
  255   0.8093564944903294E-06
  256   0.3841301448355384E-07
  257   0.7878200850909873E-06
  258   0.4316176769853459E-07
  259   0.7900060419633972E-06
  260   0.4022763839298328E-07
  261   0.8261490805066965E-06
  262   0.3891803321404304E-07
  263   0.8311341450812407E-06
  264   0.4421073591071144E-07
  265   0.8091313568650847E-06
  266   0.4717025834107224E-07
  267   0.8252602672755160E-06
  268   0.4364379608905306E-07
  269   0.8611357929105949E-06
  270   0.4444462821758191E-07
  271   0.8543490345576714E-06
  272   0.5068968717206687E-07
  273   0.8376637986410333E-06
  274   0.5143952350720560E-07
  275   0.8671358613896227E-06
  276   0.4844248354750497E-07
  277   0.8973554757589101E-06
  278   0.5149070796857696E-07
  279   0.8809578531005304E-06
  280   0.5769081137391241E-07
  281   0.8749885591904781E-06
  282   0.5647621213087550E-07
  283   0.9148728691125799E-06
  284   0.5496824766450901E-07
  285   0.9349891827376440E-06
  286   0.6011669222721793E-07
  287   0.9133844189210998E-06
  288   0.6522310519454429E-07
  289   0.9221618701881492E-06
  290   0.6290978814404196E-07
  291   0.9676133769962879E-06
  292   0.6354482019742774E-07
  293   0.9750508404077100E-06
  294   0.7032559291950800E-07
  295   0.9542744061615978E-06
  296   0.7358142840464412E-07
  297   0.9796678425625372E-06
  298   0.7140173297785823E-07
  299   0.1024722117003734E-05
  300   0.7450844707766431E-07
  301   0.1019444358470658E-05
  302   0.8212822641900751E-07
  303   0.1006229513816805E-05
  304   0.8339606402491516E-07
  305   0.1047487955040663E-05
  306   0.8260564782866130E-07
  307   0.1086124337641558E-05
  308   0.8822250487225659E-07
  309   0.1070908644446545E-05
  310   0.9568394539360647E-07
  311   0.1071569763682084E-05
  312   0.9560125103125166E-07
  313   0.1125303882542892E-05
  314   0.9719678554107061E-07
  315   0.1152615093817069E-05
  316   0.1050902445174918E-06
  317   0.1132863935886212E-05
  318   0.1114869460860938E-06
  319   0.1152176970464597E-05
  320   0.1113592877184241E-06
  321   0.1212820251525390E-05
  322   0.1159532267160258E-06
  323   0.1226103202972656E-05
  324   0.1256152522243844E-06
  325   0.1209192254542287E-05
  326   0.1305404629488505E-06
  327   0.1249467748194317E-05
  328   0.1320103109774755E-06
  329   0.1310181345946669E-05
  330   0.1398582138857477E-06
  331   0.1309767048706482E-05
  332   0.1505635019347101E-06
  333   0.1304005309469883E-05
  334   0.1544725529299180E-06
  335   0.1364534186920319E-05
  336   0.1591159575702760E-06
  337   0.1418451991452430E-05
  338   0.1702193262348414E-06
  339   0.1408120879589368E-05
  340   0.1812512058335866E-06
  341   0.1421471819034734E-05
  342   0.1855997744515697E-06
  343   0.1498481864685961E-05
  344   0.1946354128424536E-06
  345   0.1540139497084486E-05
  346   0.2088538630008367E-06
  347   0.1527022131580914E-05
  348   0.2199420917909667E-06
  349   0.1565794986654546E-05
  350   0.2270159750415296E-06
  351   0.1652996539779707E-05
  352   0.2412472496755984E-06
  353   0.1679756211685939E-05
  354   0.2584417114975626E-06
  355   0.1673698250910275E-05
  356   0.2703260392761055E-06
  357   0.1741459243826650E-05
  358   0.2828426756027543E-06
  359   0.1831195629543304E-05
  360   0.3028478972318942E-06
  361   0.1844474605143624E-05
  362   0.3231739948065367E-06
  363   0.1856950433542929E-05
  364   0.3381029006006149E-06
  365   0.1953926435633311E-05
  366   0.3588147270892780E-06
  367   0.2038894024406938E-05
  368   0.3853401119882533E-06
  369   0.2045041866721495E-05
  370   0.4098376702655124E-06
  371   0.2087839410996506E-05
  372   0.4318272904467391E-06
  373   0.2211107374559776E-05
  374   0.4634216922185767E-06
  375   0.2286595403595447E-05
  376   0.4979799486824914E-06
  377   0.2297377468972854E-05
  378   0.5295384882502584E-06
  379   0.2381468443662936E-05
  380   0.5644020817642076E-06
  381   0.2526284510252409E-05
  382   0.6099818763767119E-06
  383   0.2592956948657141E-05
