# nlmax, ncor, nside =         383           1         128
    0   0.3199490104135067E-08
    1   0.1780300659749123E-06
    2   0.8793351540602029E+03
    3   0.3638602452850972E+03
    4   0.1402672490502976E+03
    5   0.1859364209400246E+03
    6   0.1282651763031661E+03
    7   0.1063468837102311E+03
    8   0.4933549087314179E+02
    9   0.3246859883944328E+02
   10   0.3811713596049118E+02
   11   0.1423194190588486E+02
   12   0.5831939069785741E+02
   13   0.1734866815446439E+02
   14   0.3112630048615876E+02
   15   0.2774530102936882E+02
   16   0.1699894562184526E+02
   17   0.1566193050829191E+02
   18   0.1028527149785135E+02
   19   0.1276758290360393E+02
   20   0.1456705406910732E+02
   21   0.1473424696832181E+02
   22   0.9031356191879661E+01
   23   0.1129225225585600E+02
   24   0.6613089107633987E+01
   25   0.8787440882756181E+01
   26   0.7185311334547983E+01
   27   0.1061467670327979E+02
   28   0.7079681093282567E+01
   29   0.6697642112555831E+01
   30   0.5581929012319636E+01
   31   0.5445445056941538E+01
   32   0.6231986819103901E+01
   33   0.5903389627084641E+01
   34   0.5263414336042160E+01
   35   0.4372180171131467E+01
   36   0.3536127215283682E+01
   37   0.4037677508777688E+01
   38   0.3950471954520180E+01
   39   0.3998647010338606E+01
   40   0.4311581945852975E+01
   41   0.4283625420235956E+01
   42   0.3863805519910213E+01
   43   0.3411747208689697E+01
   44   0.3392973578253739E+01
   45   0.3203193347970928E+01
   46   0.3165607597044691E+01
   47   0.2849940046208124E+01
   48   0.2317758404641553E+01
   49   0.2347887774978061E+01
   50   0.2515808741128739E+01
   51   0.2772930731558784E+01
   52   0.2326508610458951E+01
   53   0.2697088402236474E+01
   54   0.2679238113217309E+01
   55   0.2230927802708872E+01
   56   0.1792954893532270E+01
   57   0.2427931584711396E+01
   58   0.2470139348896996E+01
   59   0.2051369111130744E+01
   60   0.1335359287323440E+01
   61   0.2225377643170356E+01
   62   0.2130378748544437E+01
   63   0.1497598926882948E+01
   64   0.1514444769524050E+01
   65   0.1645724536545232E+01
   66   0.1698608242905985E+01
   67   0.1557460012714727E+01
   68   0.1455077858084093E+01
   69   0.1260852760126668E+01
   70   0.1629642204355521E+01
   71   0.1595792344402467E+01
   72   0.1215711199955977E+01
   73   0.1254586104249340E+01
   74   0.1552905542049204E+01
   75   0.1043470089721906E+01
   76   0.1213546828110144E+01
   77   0.1308248797850002E+01
   78   0.1244056824731860E+01
   79   0.8292636694806433E+00
   80   0.1070300069919881E+01
   81   0.9276092970343056E+00
   82   0.9728966372307816E+00
   83   0.9102255892353844E+00
   84   0.1071084616671966E+01
   85   0.8703156783542059E+00
   86   0.7977605527519764E+00
   87   0.9597759686084684E+00
   88   0.7262169125308605E+00
   89   0.8967037335462906E+00
   90   0.8036941075218833E+00
   91   0.7940238809177691E+00
   92   0.8369667208426720E+00
   93   0.6769540359023566E+00
   94   0.6393264657053316E+00
   95   0.7017813913364954E+00
   96   0.7282980414125489E+00
   97   0.6146315401565955E+00
   98   0.5398369895274235E+00
   99   0.6134170097493166E+00
  100   0.6248469880649731E+00
  101   0.5099602078324670E+00
  102   0.4924649910442369E+00
  103   0.4951776052993437E+00
  104   0.6141487836180154E+00
  105   0.5971015630908945E+00
  106   0.5562583796754941E+00
  107   0.5099456339227341E+00
  108   0.5284899418854323E+00
  109   0.4669364389222240E+00
  110   0.4569668353716865E+00
  111   0.4448119995540094E+00
  112   0.4117470183075234E+00
  113   0.3486891703803006E+00
  114   0.4146936317516201E+00
  115   0.3405878952035945E+00
  116   0.4322093319693129E+00
  117   0.3531071166768754E+00
  118   0.3439231315602241E+00
  119   0.2908711416199491E+00
  120   0.3375021771513654E+00
  121   0.3058879856709219E+00
  122   0.3083900441603702E+00
  123   0.2629848111485141E+00
  124   0.3032947719740824E+00
  125   0.2527748440874551E+00
  126   0.2498573366637107E+00
  127   0.2364706921188376E+00
  128   0.2857251259425488E+00
  129   0.2430482540688141E+00
  130   0.2050038598273365E+00
  131   0.2549276775845571E+00
  132   0.2193144007528273E+00
  133   0.2127463599039192E+00
  134   0.1840628635245777E+00
  135   0.2143327045154436E+00
  136   0.1753202646545507E+00
  137   0.1769714699722875E+00
  138   0.1601255500398399E+00
  139   0.1677690971334042E+00
  140   0.1708078335978640E+00
  141   0.1956565594660334E+00
  142   0.1486407466004996E+00
  143   0.1480474740531669E+00
  144   0.1468323385062054E+00
  145   0.1524494421856563E+00
  146   0.1341193827152044E+00
  147   0.1185385477671735E+00
  148   0.1231403369949702E+00
  149   0.1333941305267454E+00
  150   0.1277359867068072E+00
  151   0.9692610127492626E-01
  152   0.1022212747691476E+00
  153   0.1072432986972980E+00
  154   0.9707995021504337E-01
  155   0.1008640805282747E+00
  156   0.9145524882335102E-01
  157   0.8854165906294086E-01
  158   0.7925795290084198E-01
  159   0.7266077764933916E-01
  160   0.8192996179090702E-01
  161   0.8195190546929683E-01
  162   0.8214068950570456E-01
  163   0.6870750542929789E-01
  164   0.6680987098649543E-01
  165   0.6349218433765005E-01
  166   0.6132830359421522E-01
  167   0.5853608928752375E-01
  168   0.5910262543291803E-01
  169   0.5384074766009100E-01
  170   0.5651347476713228E-01
  171   0.4744250265853987E-01
  172   0.4497684063215276E-01
  173   0.3949345396064662E-01
  174   0.4489637296646194E-01
  175   0.4373838164779015E-01
  176   0.3912994536635277E-01
  177   0.3705556654350888E-01
  178   0.3522475529258753E-01
  179   0.3304411597827661E-01
  180   0.2977487770247509E-01
  181   0.3695423268361937E-01
  182   0.3082486322061961E-01
  183   0.3038001001077415E-01
  184   0.3049568870935103E-01
  185   0.2745533235874284E-01
  186   0.2896748075033030E-01
  187   0.2700820785142598E-01
  188   0.2353534892343587E-01
  189   0.2404261107832652E-01
  190   0.2048189184063355E-01
  191   0.1850675046462088E-01
  192   0.2028715871560438E-01
  193   0.1777117782735985E-01
  194   0.1751550598122419E-01
  195   0.1721135469195235E-01
  196   0.1612781117965486E-01
  197   0.1298722940572996E-01
  198   0.1502147168052234E-01
  199   0.1447394977957955E-01
  200   0.1358124900284692E-01
  201   0.1883585007675668E-06
  202   0.4082405169811703E-08
  203   0.1911590187842129E-06
  204   0.4878278336993518E-08
  205   0.1907565073498936E-06
  206   0.8002955849797996E-08
  207   0.1900029502804935E-06
  208   0.7579085154299368E-08
  209   0.1920829316373888E-06
  210   0.4205099604552456E-08
  211   0.1946472210761501E-06
  212   0.6494282934473713E-08
  213   0.1934746085190930E-06
  214   0.9313488661595529E-08
  215   0.1934558807984217E-06
  216   0.7292354030957044E-08
  217   0.1964074193573821E-06
  218   0.5007719636813778E-08
  219   0.1982206756954037E-06
  220   0.8335591079999110E-08
  221   0.1966810642156051E-06
  222   0.1040967345581413E-07
  223   0.1976618413236303E-06
  224   0.7019505305937093E-08
  225   0.2012499504829157E-06
  226   0.6493564609862392E-08
  227   0.2019392683899595E-06
  228   0.1035544925388693E-07
  229   0.2005799874310401E-06
  230   0.1115505078192209E-07
  231   0.2027272836250427E-06
  232   0.7143639036663229E-08
  233   0.2064861273111275E-06
  234   0.8580314589799110E-08
  235   0.2059851669569609E-06
  236   0.1247390576488418E-07
  237   0.2053642479453892E-06
  238   0.1156376034156526E-07
  239   0.2087119997939034E-06
  240   0.7999180954423380E-08
  241   0.2120155572766092E-06
  242   0.1116353462996181E-07
  243   0.2106375320677960E-06
  244   0.1456864237493467E-07
  245   0.2112121970527574E-06
  246   0.1184926973897149E-07
  247   0.2156027018762900E-06
  248   0.9787862134459981E-08
  249   0.2178453480080589E-06
  250   0.1416627594403079E-07
  251   0.2162163355078178E-06
  252   0.1649664382550584E-07
  253   0.2182940207476726E-06
  254   0.1241532792010712E-07
  255   0.2233124520593368E-06
  256   0.1255560633270175E-07
  257   0.2241461340804113E-06
  258   0.1753559744154697E-07
  259   0.2230439992962193E-06
  260   0.1819251493639127E-07
  261   0.2267460315254752E-06
  262   0.1374484661932765E-07
  263   0.2317447305803488E-06
  264   0.1625842011660516E-07
  265   0.2312519539445461E-06
  266   0.2119898662905152E-07
  267   0.2314237245598332E-06
  268   0.1978626385886701E-07
  269   0.2366485864934129E-06
  270   0.1626499131080512E-07
  271   0.2408821582383008E-06
  272   0.2084206001809215E-07
  273   0.2396221586187863E-06
  274   0.2505570545346760E-07
  275   0.2416320471903078E-06
  276   0.2166092840756746E-07
  277   0.2480186771815511E-06
  278   0.2026223895065257E-07
  279   0.2508827849400658E-06
  280   0.2628470058807926E-07
  281   0.2497744320980998E-06
  282   0.2903996229952820E-07
  283   0.2539213646456039E-06
  284   0.2441257427935346E-07
  285   0.2608427988432548E-06
  286   0.2588312208112431E-07
  287   0.2621385684869265E-06
  288   0.3259070513974974E-07
  289   0.2622288268292182E-06
  290   0.3324568747380411E-07
  291   0.2685158751554198E-06
  292   0.2872959612991198E-07
  293   0.2751659715530576E-06
  294   0.3320445619591512E-07
  295   0.2752699607209264E-06
  296   0.3977226438496387E-07
  297   0.2774841880898619E-06
  298   0.3805341157796179E-07
  299   0.2856109183746031E-06
  300   0.3525750978048568E-07
  301   0.2912153724480251E-06
  302   0.4231950727829766E-07
  303   0.2910682046086601E-06
  304   0.4787836316792705E-07
  305   0.2960254320892451E-06
  306   0.4418675361109834E-07
  307   0.3054027030404491E-06
  308   0.4452412793391089E-07
  309   0.3095154121011796E-06
  310   0.5339235090203805E-07
  311   0.3104220032312609E-06
  312   0.5710706901341720E-07
  313   0.3183503448171825E-06
  314   0.5266245367465696E-07
  315   0.3281736611959686E-06
  316   0.5696290683816788E-07
  317   0.3309530381008531E-06
  318   0.6667824674088972E-07
  319   0.3342716234421055E-06
  320   0.6798034885423516E-07
  321   0.3450103707642165E-06
  322   0.6466403554616940E-07
  323   0.3544387376734223E-06
  324   0.7301626516540072E-07
  325   0.3567788299132318E-06
  326   0.8255974006713732E-07
  327   0.3636201542293624E-06
  328   0.8151127913922568E-07
  329   0.3766784729026263E-06
  330   0.8142265675658362E-07
  331   0.3851297730529819E-06
  332   0.9326895319671176E-07
  333   0.3885701172791696E-06
  334   0.1016659023352598E-06
  335   0.3996102266987342E-06
  336   0.9929233594770965E-07
  337   0.4142756123000386E-06
  338   0.1041964332424959E-06
  339   0.4217793682554532E-06
  340   0.1185808088758270E-06
  341   0.4282165830242323E-06
  342   0.1251114549729830E-06
  343   0.4436644726407290E-06
  344   0.1234916142817702E-06
  345   0.4591924508150815E-06
  346   0.1344040930287012E-06
  347   0.4666811959876329E-06
  348   0.1502504568672142E-06
  349   0.4780021166913259E-06
  350   0.1548405159995035E-06
  351   0.4977042021095641E-06
  352   0.1568375912436742E-06
  353   0.5136353455735437E-06
  354   0.1739305697350165E-06
  355   0.5230563166045859E-06
  356   0.1903144029886625E-06
  357   0.5408550218102813E-06
  358   0.1940440938219983E-06
  359   0.5645075246518421E-06
  360   0.2027672758435555E-06
  361   0.5811285098836895E-06
  362   0.2256405865615334E-06
  363   0.5953384617226329E-06
  364   0.2421489675286443E-06
  365   0.6208550155942182E-06
  366   0.2477059896505167E-06
  367   0.6483480279974350E-06
  368   0.2660040194859441E-06
  369   0.6672620561703632E-06
  370   0.2942712972198791E-06
  371   0.6898078210926641E-06
  372   0.3116342387682377E-06
  373   0.7241803662870139E-06
  374   0.3235811211348023E-06
  375   0.7561942965151769E-06
  376   0.3539970085162031E-06
  377   0.7809557227054052E-06
  378   0.3881998543524073E-06
  379   0.8160021462044668E-06
  380   0.4094048811574140E-06
  381   0.8609471751658904E-06
  382   0.4344223033030546E-06
  383   0.9000389970527596E-06
