# nlmax, ncor, nside =         383           1         128
    0  -0.2149544105177930E+00
    1  -0.8694708786699445E-01
    2   0.7059474341243350E+03
    3   0.1558332161319939E+03
    4   0.8274921452339962E+02
    5   0.1322316924792812E+03
    6   0.1620021536615533E+03
    7   0.9821515031953878E+02
    8   0.9151631153799092E+02
    9   0.8020716867794246E+02
   10   0.4245578825643422E+02
   11   0.5825205141275165E+02
   12   0.2160017002357530E+02
   13   0.2336219681133940E+02
   14   0.2153661320826452E+02
   15   0.1709944864156718E+02
   16   0.1960753435706330E+02
   17   0.2708220021581076E+02
   18   0.1128034715854298E+02
   19   0.1215921533908826E+02
   20   0.1170492708230930E+02
   21   0.1341325169405884E+02
   22   0.1341177918460687E+02
   23   0.1190245697631754E+02
   24   0.9039584926749825E+01
   25   0.8381080175531357E+01
   26   0.6697935969118365E+01
   27   0.7036888725314631E+01
   28   0.7525937212135140E+01
   29   0.6951091639483400E+01
   30   0.5554420691696212E+01
   31   0.5931107427915394E+01
   32   0.5753230074878235E+01
   33   0.6045665018724558E+01
   34   0.5302713502437611E+01
   35   0.3981128482980221E+01
   36   0.5259227227321262E+01
   37   0.3726962319038496E+01
   38   0.4831427212301743E+01
   39   0.4099372582510858E+01
   40   0.4346824820439586E+01
   41   0.3262492009808723E+01
   42   0.5049282190296176E+01
   43   0.3663876959845802E+01
   44   0.3965959387684732E+01
   45   0.2964565457385021E+01
   46   0.2467460769353589E+01
   47   0.3063997063026622E+01
   48   0.2758615601849582E+01
   49   0.3966775142909013E+01
   50   0.2437391154912502E+01
   51   0.2324740626651260E+01
   52   0.2746387821409347E+01
   53   0.2268593285418795E+01
   54   0.2839753563910656E+01
   55   0.2341626829483480E+01
   56   0.1515720799317474E+01
   57   0.2168988396711713E+01
   58   0.2073897938272788E+01
   59   0.2004970136889973E+01
   60   0.2031673725603709E+01
   61   0.1608604701528306E+01
   62   0.1889048135205929E+01
   63   0.1624741201000713E+01
   64   0.1531078468500257E+01
   65   0.1215964222165020E+01
   66   0.1432236025171139E+01
   67   0.1323116892785594E+01
   68   0.1578706047851993E+01
   69   0.1668992686479800E+01
   70   0.1333455080464848E+01
   71   0.1490131324830853E+01
   72   0.1335155188295151E+01
   73   0.1335329828918907E+01
   74   0.1514327161264001E+01
   75   0.1259683612252299E+01
   76   0.1261600113561395E+01
   77   0.1071852691189747E+01
   78   0.1293193862541886E+01
   79   0.1265502410577912E+01
   80   0.1131214833588263E+01
   81   0.1109937516587531E+01
   82   0.1003854850708444E+01
   83   0.9339345619671393E+00
   84   0.9198851711904221E+00
   85   0.8519096493363638E+00
   86   0.8709407600905108E+00
   87   0.7278227738682441E+00
   88   0.7967276313230380E+00
   89   0.7481046007742436E+00
   90   0.8589111437881605E+00
   91   0.8331796643486216E+00
   92   0.7734410190781622E+00
   93   0.6569930821609820E+00
   94   0.7525423052569975E+00
   95   0.7738091341791089E+00
   96   0.5795542738581525E+00
   97   0.6810539602262149E+00
   98   0.6384714529916469E+00
   99   0.5623988277528522E+00
  100   0.6458478980507774E+00
  101   0.5887089206058116E+00
  102   0.6155174665410312E+00
  103   0.5065698788069666E+00
  104   0.4590077357887145E+00
  105   0.4533392091761972E+00
  106   0.5795517702022434E+00
  107   0.4443132082905137E+00
  108   0.3863723885332305E+00
  109   0.4850166705143945E+00
  110   0.4080573606131100E+00
  111   0.4916479591104044E+00
  112   0.4416698205293472E+00
  113   0.3990466309755232E+00
  114   0.4198624070793276E+00
  115   0.3865374429329905E+00
  116   0.4251695529496949E+00
  117   0.3760977030998796E+00
  118   0.3706420087394523E+00
  119   0.3011975560403205E+00
  120   0.2783063472757817E+00
  121   0.2846265112238379E+00
  122   0.3088088524580859E+00
  123   0.2757566551604690E+00
  124   0.2914375715582960E+00
  125   0.2395055249221486E+00
  126   0.2567877612268359E+00
  127   0.2952780714421146E+00
  128   0.2477993561018507E+00
  129   0.2141988821803730E+00
  130   0.2293015490170931E+00
  131   0.2160447038242475E+00
  132   0.2393540762802790E+00
  133   0.2235247534713881E+00
  134   0.1828809568705206E+00
  135   0.1712752501345388E+00
  136   0.2008969497383614E+00
  137   0.1968651253904906E+00
  138   0.2143773477500880E+00
  139   0.2009401332223095E+00
  140   0.1595884951804797E+00
  141   0.1621877969287319E+00
  142   0.1525225526516678E+00
  143   0.1584352605721121E+00
  144   0.1376982967499792E+00
  145   0.1441938508032725E+00
  146   0.1300894226147266E+00
  147   0.1363029148721444E+00
  148   0.1156813102995587E+00
  149   0.1199109774777289E+00
  150   0.1088386977903995E+00
  151   0.1152943338162069E+00
  152   0.1114927944705808E+00
  153   0.9626011869165951E-01
  154   0.9787834877801382E-01
  155   0.9674617444861588E-01
  156   0.9841510490795136E-01
  157   0.8371032410681478E-01
  158   0.8908347745714862E-01
  159   0.7317532563188300E-01
  160   0.8720777919078226E-01
  161   0.7855049612885290E-01
  162   0.8878310974059622E-01
  163   0.6690767645854334E-01
  164   0.6771668763117067E-01
  165   0.5931737397549131E-01
  166   0.5493372154051090E-01
  167   0.6108781536436247E-01
  168   0.5782262889665990E-01
  169   0.4803199984142414E-01
  170   0.5386753356069796E-01
  171   0.5145948693551528E-01
  172   0.4400694622830092E-01
  173   0.3958833336937673E-01
  174   0.4211929782251722E-01
  175   0.4751145795256728E-01
  176   0.4285153574491196E-01
  177   0.4413620946907548E-01
  178   0.4106270559813541E-01
  179   0.2974289537335950E-01
  180   0.3685038555943276E-01
  181   0.3012094246415020E-01
  182   0.3098366104187766E-01
  183   0.3074079849993716E-01
  184   0.2890849551105890E-01
  185   0.2511594474113454E-01
  186   0.2765716337176127E-01
  187   0.2638586553042988E-01
  188   0.2506937697383438E-01
  189   0.2339138039778865E-01
  190   0.2114307515864333E-01
  191   0.1807001875673908E-01
  192   0.2012947261015663E-01
  193   0.1838000229225445E-01
  194   0.1665487220082051E-01
  195   0.1762376960154821E-01
  196   0.1308138393385672E-01
  197   0.1680082754655232E-01
  198   0.1491824123608532E-01
  199   0.1482094479242124E-01
  200   0.1433363437629520E-01
  201  -0.1700911634231472E-03
  202  -0.2148508612057620E-03
  203  -0.2362631679538874E-03
  204  -0.2073157537562098E-03
  205  -0.2418660214630330E-03
  206  -0.3755830864150544E-03
  207  -0.3360072094265032E-03
  208  -0.3490938209198546E-03
  209  -0.3322635343437907E-03
  210  -0.3623498970468653E-03
  211  -0.3656231050487291E-03
  212  -0.3094526390147179E-03
  213  -0.4323049589787242E-03
  214  -0.2250300106091396E-03
  215  -0.3044668520032490E-03
  216  -0.3325855159116431E-03
  217  -0.3018915362602570E-03
  218  -0.2567680935104955E-03
  219  -0.1177328919900189E-03
  220  -0.2544199355674071E-03
  221  -0.3426563125508153E-04
  222  -0.2734090343969875E-03
  223  -0.1505634215822615E-03
  224  -0.2182524335606617E-03
  225  -0.1205457637351026E-03
  226  -0.2269995998627206E-04
  227  -0.1814036679371744E-03
  228  -0.1073395842282610E-03
  229  -0.2017794408772922E-03
  230  -0.1472571346855522E-03
  231  -0.1890733851722670E-03
  232  -0.1025821303300978E-03
  233  -0.1611936179897189E-03
  234  -0.1449267586699499E-03
  235  -0.1614286173661217E-03
  236  -0.1890116869499581E-03
  237  -0.1684506179369105E-03
  238  -0.1688268155793926E-03
  239  -0.1147822758101880E-03
  240  -0.2340377585657860E-03
  241  -0.1599849133383513E-03
  242  -0.1798982585290432E-03
  243  -0.1638548261503336E-03
  244  -0.1849099576136659E-03
  245  -0.1509095125037385E-03
  246  -0.1987160905598806E-03
  247  -0.1852681574820991E-03
  248  -0.1385297033290600E-03
  249  -0.1463393213846365E-03
  250  -0.9472899322560124E-04
  251  -0.2073666456433587E-03
  252  -0.1450700237805025E-03
  253  -0.1058909949956943E-03
  254  -0.1393127154412088E-03
  255  -0.1761069059140752E-03
  256  -0.1707305157458983E-03
  257  -0.1781714582348437E-03
  258  -0.1705514742601499E-03
  259  -0.1693819137866814E-03
  260  -0.1140621977163137E-03
  261  -0.1200385947923155E-03
  262  -0.5993601533649251E-04
  263  -0.1168466787184186E-03
  264  -0.1024558767281913E-03
  265  -0.1424212126259761E-03
  266  -0.1254056161811290E-03
  267  -0.1117786731247850E-03
  268  -0.1091874855316810E-03
  269  -0.1254719647829639E-03
  270  -0.7769269910207210E-04
  271  -0.1337076813077709E-03
  272  -0.1178613770820292E-03
  273  -0.1350104190289692E-03
  274  -0.1230086581650580E-03
  275  -0.8155480324067987E-04
  276  -0.1277002197421773E-03
  277  -0.1041301751271706E-03
  278  -0.1128575150763922E-03
  279  -0.1024018322020037E-03
  280  -0.9351823902015166E-04
  281  -0.1041211488509441E-03
  282  -0.1908995274918501E-04
  283  -0.9054538717195859E-04
  284  -0.2327462211948461E-04
  285  -0.2781393632156348E-04
  286  -0.6885955788044074E-04
  287  -0.7704014214798827E-04
  288  -0.5235026598576775E-04
  289  -0.6624970648860806E-04
  290  -0.6828878093062540E-04
  291  -0.3425299259723902E-04
  292  -0.6405018388205841E-04
  293  -0.5615156376020947E-04
  294  -0.2253465484425288E-04
  295  -0.8540346070579075E-04
  296  -0.3920984149879958E-04
  297  -0.1012151545314310E-03
  298  -0.3310905802528241E-04
  299  -0.8431756908994226E-04
  300  -0.1035688518496447E-03
  301  -0.6315372175796918E-04
  302  -0.8214226520447676E-04
  303  -0.7481475151210892E-04
  304  -0.9923107533504893E-04
  305  -0.1017554662252063E-03
  306  -0.1271479063517100E-03
  307  -0.8523580321462276E-04
  308  -0.1022269323749381E-03
  309  -0.8950555265996307E-04
  310  -0.8652135309478171E-04
  311  -0.8884354201182942E-04
  312  -0.3648404510525616E-04
  313  -0.1134932755069706E-03
  314  -0.7054802283884554E-04
  315  -0.8894367462092267E-04
  316  -0.6397317879303088E-04
  317  -0.1044192304939795E-03
  318  -0.7875896446501995E-04
  319  -0.1043823873586591E-03
  320  -0.7288723374496153E-04
  321  -0.1338690346349980E-03
  322  -0.7500695837900362E-04
  323  -0.8350761014591646E-04
  324  -0.7739107823431790E-04
  325  -0.8704877156873181E-04
  326  -0.8013762988373641E-04
  327  -0.5498722444555182E-04
  328  -0.7507600526493463E-04
  329  -0.5806704262500961E-04
  330  -0.4222055398186986E-04
  331  -0.6323672139166292E-04
  332  -0.3267756450914261E-04
  333  -0.6266904172166909E-04
  334  -0.2976149152034147E-04
  335  -0.3884842169243896E-04
  336  -0.2045769028252709E-04
  337  -0.3140673739576716E-04
  338  -0.1204061950565993E-04
  339  -0.2004462478624736E-04
  340  -0.3122474627592631E-04
  341  -0.1658006170046633E-04
  342  -0.3021695673610658E-04
  343  -0.4089722281885866E-05
  344   0.1381939374683894E-04
  345  -0.7330538766003869E-05
  346  -0.1236009217364664E-04
  347   0.4402765644839768E-05
  348  -0.9822480033144787E-05
  349   0.1419648723005595E-04
  350   0.7038296134742605E-05
  351  -0.1488489764403522E-05
  352   0.5421806763007686E-04
  353   0.2955198250415014E-05
  354   0.3391790147783125E-04
  355   0.2510748312324618E-04
  356   0.4991647382122932E-04
  357   0.7865980240083503E-04
  358   0.4565741169949844E-04
  359   0.7410704785862365E-04
  360   0.7091201213514642E-04
  361   0.5489909726762165E-04
  362   0.5561719690300171E-04
  363   0.5394191391827619E-04
  364   0.7106195822245698E-04
  365   0.5898009784691127E-04
  366   0.7748307470797910E-04
  367   0.7573348887433828E-04
  368   0.8004766360508037E-04
  369   0.7260147395919681E-04
  370   0.9223826284703029E-04
  371   0.1107137214465606E-03
  372   0.1336821766722493E-03
  373   0.1361743985108591E-03
  374   0.1467241754229409E-03
  375   0.1387214016917923E-03
  376   0.1578189000560094E-03
  377   0.1517184211412836E-03
  378   0.1952780784763887E-03
  379   0.2120867026785718E-03
  380   0.2589303538186646E-03
  381   0.2545396928409702E-03
  382   0.2780885462757513E-03
  383   0.2831159297157358E-03
