# nlmax, ncor, nside =         383           1         128
    0   0.1901622381519278E+10
    1   0.5675426853238401E+08
    2   0.4153714649960336E+09
    3   0.2708186498497979E+08
    4   0.1866700757896349E+09
    5   0.2037578194627000E+08
    6   0.1038796012078625E+09
    7   0.1824293034621397E+08
    8   0.6057594283840292E+08
    9   0.1473500012315192E+08
   10   0.3866054109674988E+08
   11   0.1201982581723348E+08
   12   0.2716541689843145E+08
   13   0.9633114345499987E+07
   14   0.1920972092462536E+08
   15   0.8457683376380369E+07
   16   0.1536806092801303E+08
   17   0.7831480098366029E+07
   18   0.1261685434493090E+08
   19   0.5960291250670072E+07
   20   0.9979792178156437E+07
   21   0.4230854992597695E+07
   22   0.8797550251572955E+07
   23   0.3387895230531663E+07
   24   0.6572304540436655E+07
   25   0.2584652342549125E+07
   26   0.5194825432923600E+07
   27   0.2120762595555301E+07
   28   0.4402265993463866E+07
   29   0.2362223253363926E+07
   30   0.4370476779876582E+07
   31   0.1854330919439754E+07
   32   0.3898488869677159E+07
   33   0.1547203535603444E+07
   34   0.2912358803573126E+07
   35   0.1427850636855486E+07
   36   0.2706971155511899E+07
   37   0.1269003189308954E+07
   38   0.2270809812662703E+07
   39   0.1186333302077277E+07
   40   0.2007202658336836E+07
   41   0.1040038108317066E+07
   42   0.1553853247226344E+07
   43   0.1002829307833099E+07
   44   0.1288380164912708E+07
   45   0.9653539263879169E+06
   46   0.1125950734214078E+07
   47   0.1024603752976665E+07
   48   0.9928256529537335E+06
   49   0.8784980880288268E+06
   50   0.7130179363153580E+06
   51   0.7823482279704104E+06
   52   0.7047191068594501E+06
   53   0.8199781034119083E+06
   54   0.5834657336825241E+06
   55   0.7234214210793364E+06
   56   0.5934303559041455E+06
   57   0.6473600854288173E+06
   58   0.6469093804389519E+06
   59   0.6194628288524590E+06
   60   0.6902493789174701E+06
   61   0.5382525388474552E+06
   62   0.6750952924062985E+06
   63   0.5398986471402035E+06
   64   0.5270162959968919E+06
   65   0.5381764489664100E+06
   66   0.7832485346939496E+06
   67   0.6515679181691277E+06
   68   0.5067554507863707E+06
   69   0.5991000261217665E+06
   70   0.5369042934377040E+06
   71   0.5321063585204339E+06
   72   0.5264642893028323E+06
   73   0.4220488785884951E+06
   74   0.5250082975494330E+06
   75   0.4675123033377448E+06
   76   0.5271753238534110E+06
   77   0.4612963029222791E+06
   78   0.4477786532372080E+06
   79   0.4132927749763653E+06
   80   0.3907537471079645E+06
   81   0.4130399719350423E+06
   82   0.4262910104875970E+06
   83   0.5348581008254928E+06
   84   0.4308558337361126E+06
   85   0.5160311832431402E+06
   86   0.4065870515739979E+06
   87   0.5021575767368808E+06
   88   0.3581635838151720E+06
   89   0.4387986440839053E+06
   90   0.3637427728470656E+06
   91   0.4122909805657306E+06
   92   0.3443435983178396E+06
   93   0.3745088670640232E+06
   94   0.3756058821050972E+06
   95   0.3928667227348017E+06
   96   0.3425630582121175E+06
   97   0.3425386221185743E+06
   98   0.3208911596230054E+06
   99   0.3185610633747758E+06
  100   0.3232402769733040E+06
  101   0.3360404020578738E+06
  102   0.3043234017743248E+06
  103   0.3144918979128422E+06
  104   0.2652196643606141E+06
  105   0.2913346602324375E+06
  106   0.2892362746430638E+06
  107   0.2843563957117638E+06
  108   0.2729161754567585E+06
  109   0.2981063112946014E+06
  110   0.3229426779793898E+06
  111   0.3464865320019664E+06
  112   0.3089217934979965E+06
  113   0.3051276922924887E+06
  114   0.2878854364099632E+06
  115   0.2939041026570235E+06
  116   0.2655121682441868E+06
  117   0.2703770612627576E+06
  118   0.2544749049220448E+06
  119   0.2705171537917394E+06
  120   0.2502211309682708E+06
  121   0.2690906734099319E+06
  122   0.2328027256943457E+06
  123   0.2826548790893624E+06
  124   0.2365889614862640E+06
  125   0.2817380159684268E+06
  126   0.2346861190448593E+06
  127   0.2635344468272432E+06
  128   0.2235650019154020E+06
  129   0.2241434652666610E+06
  130   0.2188924944538256E+06
  131   0.2221802158950735E+06
  132   0.2184996193505014E+06
  133   0.2069354128227156E+06
  134   0.2071817591040232E+06
  135   0.1967305498724747E+06
  136   0.2043995453686608E+06
  137   0.1973808715654640E+06
  138   0.2162936608526413E+06
  139   0.2190482205780001E+06
  140   0.1966995125579281E+06
  141   0.2107983794790938E+06
  142   0.1864895412307300E+06
  143   0.1907758628157979E+06
  144   0.1734823767344368E+06
  145   0.1866961397037457E+06
  146   0.1798739454206629E+06
  147   0.1854755719225591E+06
  148   0.1772222135436137E+06
  149   0.1820776445744892E+06
  150   0.1640370177331828E+06
  151   0.1832294017001289E+06
  152   0.1656864831788422E+06
  153   0.1833210971528590E+06
  154   0.1630010018523831E+06
  155   0.1653032481204446E+06
  156   0.1640189547980833E+06
  157   0.1587383781613287E+06
  158   0.1655743411952483E+06
  159   0.1526185515202433E+06
  160   0.1660742130977710E+06
  161   0.1537027396406742E+06
  162   0.1561605162280149E+06
  163   0.1497388343921120E+06
  164   0.1616163568764071E+06
  165   0.1669293997611306E+06
  166   0.1537449510023003E+06
  167   0.1602939677805096E+06
  168   0.1538770370537488E+06
  169   0.1534825410997771E+06
  170   0.1536344639264729E+06
  171   0.1432981314565953E+06
  172   0.1525073083017590E+06
  173   0.1443462094818749E+06
  174   0.1465581499004664E+06
  175   0.1496307941081433E+06
  176   0.1467543215519080E+06
  177   0.1472396818033315E+06
  178   0.1572193182186098E+06
  179   0.1510706858645295E+06
  180   0.1473922846990028E+06
  181   0.1400876846760110E+06
  182   0.1383593627328606E+06
  183   0.1367984239852119E+06
  184   0.1365420797386392E+06
  185   0.1365524873688548E+06
  186   0.1247304387038224E+06
  187   0.1239342921113831E+06
  188   0.1224674979896329E+06
  189   0.1185391455289296E+06
  190   0.1106573376558248E+06
  191   0.1114413947416849E+06
  192   0.1055818697826139E+06
  193   0.1050012621677011E+06
  194   0.1032255017352534E+06
  195   0.1033173859041834E+06
  196   0.1030637633885601E+06
  197   0.9601391403980897E+05
  198   0.1021913656393500E+06
  199   0.1011887047435289E+06
  200   0.1040580951954785E+06
  201   0.9800930138898740E+05
  202   0.1000546438232049E+06
  203   0.1001670375952812E+06
  204   0.9796128278795280E+05
  205   0.9525138110080815E+05
  206   0.9654540212791151E+05
  207   0.9331643197281566E+05
  208   0.9238852128838119E+05
  209   0.9162878935053025E+05
  210   0.9133850653529732E+05
  211   0.9028591565166222E+05
  212   0.9709913301034726E+05
  213   0.9677038520583301E+05
  214   0.9082482010576670E+05
  215   0.8939465967011527E+05
  216   0.8861863430555171E+05
  217   0.8486432391116361E+05
  218   0.8800018172248109E+05
  219   0.8879267262637679E+05
  220   0.9146445002024196E+05
  221   0.8774169006255869E+05
  222   0.8499551845127722E+05
  223   0.8218727999243129E+05
  224   0.8560828196371486E+05
  225   0.8480920587302005E+05
  226   0.8125811836024001E+05
  227   0.8134611856972764E+05
  228   0.7560543274485029E+05
  229   0.7871891709087556E+05
  230   0.7550987078969594E+05
  231   0.7697994476644631E+05
  232   0.7485406648263970E+05
  233   0.7597094749676203E+05
  234   0.6980398929172469E+05
  235   0.7587636784909072E+05
  236   0.7206582297714980E+05
  237   0.6993751281055069E+05
  238   0.7032528577644791E+05
  239   0.6944542451980466E+05
  240   0.7096060722615902E+05
  241   0.7780764926546335E+05
  242   0.7842495276537072E+05
  243   0.7423335141608515E+05
  244   0.7384722274878313E+05
  245   0.7457202672805171E+05
  246   0.6896957704624510E+05
  247   0.6999334024801542E+05
  248   0.6535251763856190E+05
  249   0.6771855047850648E+05
  250   0.6442279124208813E+05
  251   0.6800582046708593E+05
  252   0.6176180519280781E+05
  253   0.6654665995041619E+05
  254   0.6336654188040824E+05
  255   0.6210475984511728E+05
  256   0.6132721209558201E+05
  257   0.6444979141322713E+05
  258   0.6643987556471347E+05
  259   0.6785056857207877E+05
  260   0.6763857708299070E+05
  261   0.6874943507486471E+05
  262   0.6567862874978609E+05
  263   0.6772268060359583E+05
  264   0.6800129683052821E+05
  265   0.6697992623286488E+05
  266   0.6284386044288130E+05
  267   0.5984842356604020E+05
  268   0.5790471919194539E+05
  269   0.5604826656371579E+05
  270   0.5707415627293976E+05
  271   0.5821973140278843E+05
  272   0.5820275713859225E+05
  273   0.6274724407266974E+05
  274   0.6367904154956620E+05
  275   0.5619269950072997E+05
  276   0.5779855649945390E+05
  277   0.5953173733741941E+05
  278   0.5735985014036956E+05
  279   0.5667683818567125E+05
  280   0.5460361068191333E+05
  281   0.5489667637806278E+05
  282   0.5743505273376856E+05
  283   0.5661682230995377E+05
  284   0.5422488219843290E+05
  285   0.5430817528733760E+05
  286   0.5547904295761263E+05
  287   0.5751439983694119E+05
  288   0.5384936259148861E+05
  289   0.5495823957792181E+05
  290   0.5249769905695342E+05
  291   0.5367366709862038E+05
  292   0.5314807764463025E+05
  293   0.5381329318665437E+05
  294   0.5622157614773605E+05
  295   0.5760661792830355E+05
  296   0.5495453422574373E+05
  297   0.5560876437788893E+05
  298   0.5528137315723338E+05
  299   0.5398186173386598E+05
  300   0.5326040843842772E+05
  301   0.5602733865067654E+05
  302   0.5443689795085922E+05
  303   0.5486331558283544E+05
  304   0.5498680119832233E+05
  305   0.5452324194235654E+05
  306   0.5168343750863508E+05
  307   0.5552735880077002E+05
  308   0.5357879754481738E+05
  309   0.5736049333594783E+05
  310   0.5783466432709707E+05
  311   0.6074857927302539E+05
  312   0.6128272620526870E+05
  313   0.6035019963376486E+05
  314   0.6048858446439693E+05
  315   0.5505029220647449E+05
  316   0.5293147186257024E+05
  317   0.5201399459837243E+05
  318   0.5078051597012632E+05
  319   0.5262642407063712E+05
  320   0.5207774863341489E+05
  321   0.5346964080245470E+05
  322   0.5061546334929610E+05
  323   0.5070697124814047E+05
  324   0.4710207997901016E+05
  325   0.4893850808181483E+05
  326   0.4705489763015739E+05
  327   0.4947834814312088E+05
  328   0.4871335285208406E+05
  329   0.4821194013544463E+05
  330   0.4701894551963118E+05
  331   0.4574440448229191E+05
  332   0.4700631879100502E+05
  333   0.4494314602810782E+05
  334   0.4709583742671896E+05
  335   0.4557825248052213E+05
  336   0.4589525352736968E+05
  337   0.4565620689019913E+05
  338   0.4693519540331615E+05
  339   0.4766341304152366E+05
  340   0.4694563341640591E+05
  341   0.4912023701805985E+05
  342   0.4600712876128140E+05
  343   0.4706411960142481E+05
  344   0.4665785213381602E+05
  345   0.4648323757538492E+05
  346   0.4531359854422881E+05
  347   0.4558811181090376E+05
  348   0.4365302529826714E+05
  349   0.4227577057603109E+05
  350   0.4309092037934330E+05
  351   0.4347542486849232E+05
  352   0.4229690217278151E+05
  353   0.4320873428328932E+05
  354   0.4526259333244352E+05
  355   0.4439548667019098E+05
  356   0.4577052155690141E+05
  357   0.4703312026370714E+05
  358   0.4444380486442605E+05
  359   0.4231959978247165E+05
  360   0.4108745680879967E+05
  361   0.4194350892686080E+05
  362   0.4404884395209476E+05
  363   0.4560848373865091E+05
  364   0.4429510732063880E+05
  365   0.4233855721349863E+05
  366   0.4152515842373950E+05
  367   0.4051053777761142E+05
  368   0.4083502282816962E+05
  369   0.4024144907514378E+05
  370   0.4131757282933222E+05
  371   0.4057684275802200E+05
  372   0.4059419798778402E+05
  373   0.4050699039893417E+05
  374   0.3968679175103326E+05
  375   0.4075669756069114E+05
  376   0.4290956508513061E+05
  377   0.4647962196093193E+05
  378   0.4261631381792301E+05
  379   0.4153887078365681E+05
  380   0.3987118902283911E+05
  381   0.3923931846756500E+05
  382   0.3796402843961031E+05
  383   0.3761583085000389E+05
