# nlmax, ncor, nside =         383           1         128
    0   0.2310591867489175E+02
    1   0.8589293131118878E+00
    2   0.1678193704105284E+04
    3   0.6011017916559105E+03
    4   0.1176515107333470E+03
    5   0.1569145719742079E+03
    6   0.1417435332748599E+03
    7   0.1504959246202616E+03
    8   0.1502334754449851E+03
    9   0.5221898773713670E+02
   10   0.3884088332653677E+02
   11   0.5048440974669607E+02
   12   0.2415426339189425E+02
   13   0.3048219650027704E+02
   14   0.2144440269410183E+02
   15   0.2710038094394769E+02
   16   0.2546312608956254E+02
   17   0.2238961159113769E+02
   18   0.1465791805260529E+02
   19   0.1070320168749691E+02
   20   0.1001053294104805E+02
   21   0.1548421944774479E+02
   22   0.8280373828240606E+01
   23   0.9990649371899368E+01
   24   0.9000098776900906E+01
   25   0.1083916644095627E+02
   26   0.8162922744025268E+01
   27   0.5937969971880558E+01
   28   0.5990606690320016E+01
   29   0.5749566626968178E+01
   30   0.7353534579762501E+01
   31   0.7819282926841460E+01
   32   0.7036040071905306E+01
   33   0.5724871520166772E+01
   34   0.4137537966322420E+01
   35   0.4434770829069119E+01
   36   0.6864729208177709E+01
   37   0.6715128693450408E+01
   38   0.4277979711517867E+01
   39   0.4626244635918266E+01
   40   0.3960108354084760E+01
   41   0.3487212921346551E+01
   42   0.3896456946911070E+01
   43   0.3100335421333498E+01
   44   0.3269895780401071E+01
   45   0.3394792509625360E+01
   46   0.2917958137020391E+01
   47   0.3442367369239120E+01
   48   0.3608968099849026E+01
   49   0.3275177196535247E+01
   50   0.2718103960342201E+01
   51   0.2742052390385846E+01
   52   0.2396140218249471E+01
   53   0.2362319451748834E+01
   54   0.2141991992935554E+01
   55   0.2357424009669035E+01
   56   0.1370180857727696E+01
   57   0.2031521290521313E+01
   58   0.1959833079537231E+01
   59   0.2485928695126307E+01
   60   0.1857257940179063E+01
   61   0.1908053557290993E+01
   62   0.2127949879497579E+01
   63   0.1514098512482309E+01
   64   0.1811760931597604E+01
   65   0.1773795765430787E+01
   66   0.1979984624923845E+01
   67   0.1370300128636226E+01
   68   0.1235384045875106E+01
   69   0.1361498473057200E+01
   70   0.1229212473440564E+01
   71   0.1405844774750644E+01
   72   0.1161607307787657E+01
   73   0.1315928003707975E+01
   74   0.1285200248706403E+01
   75   0.1296799232206960E+01
   76   0.1205586318971763E+01
   77   0.1244222050692460E+01
   78   0.9526941610609868E+00
   79   0.1093681198420815E+01
   80   0.8740312518617874E+00
   81   0.9734175816423615E+00
   82   0.9357734796660558E+00
   83   0.8974107111103571E+00
   84   0.9707411118995946E+00
   85   0.8133291857640319E+00
   86   0.7438254267835130E+00
   87   0.7164533643380931E+00
   88   0.8659952890400072E+00
   89   0.8149017857143612E+00
   90   0.7467083539261837E+00
   91   0.8056094541293072E+00
   92   0.7368742594298489E+00
   93   0.7053687833785230E+00
   94   0.7187880506753520E+00
   95   0.5983434368293954E+00
   96   0.6229422820461299E+00
   97   0.7362098113314922E+00
   98   0.5463126809200985E+00
   99   0.6975393698056532E+00
  100   0.6113399515922869E+00
  101   0.5607204992675477E+00
  102   0.5544558937170938E+00
  103   0.5390578540343883E+00
  104   0.5085833547528887E+00
  105   0.4925589857011817E+00
  106   0.4197745052583491E+00
  107   0.4829788726679449E+00
  108   0.3915923456704733E+00
  109   0.4477326048524090E+00
  110   0.4948766120555395E+00
  111   0.4712057427731360E+00
  112   0.3897762122248889E+00
  113   0.3897179928366976E+00
  114   0.3917946794717895E+00
  115   0.3356085534797673E+00
  116   0.4087453306389278E+00
  117   0.3552919406704268E+00
  118   0.3709298833323481E+00
  119   0.3316568963215041E+00
  120   0.3083119209337775E+00
  121   0.3097559024652405E+00
  122   0.3176962993530548E+00
  123   0.2657094052043679E+00
  124   0.2956037259196362E+00
  125   0.3381890214617976E+00
  126   0.2432453833910509E+00
  127   0.2350421822786643E+00
  128   0.2788398745973708E+00
  129   0.2495610722659187E+00
  130   0.2520174582524362E+00
  131   0.2554707805707288E+00
  132   0.1747303294929419E+00
  133   0.2203339711734117E+00
  134   0.2497679897229481E+00
  135   0.2047284662642914E+00
  136   0.1712920678661445E+00
  137   0.1911660128329759E+00
  138   0.1740710168661669E+00
  139   0.1618784601671656E+00
  140   0.1673626713860377E+00
  141   0.1593646611538124E+00
  142   0.1937197961694555E+00
  143   0.1547462794746063E+00
  144   0.1448546939409191E+00
  145   0.1452804357652961E+00
  146   0.1382181236163316E+00
  147   0.1311553834163895E+00
  148   0.1030727222911704E+00
  149   0.1272118943554690E+00
  150   0.1144465590700525E+00
  151   0.9341008603096231E-01
  152   0.1157059969487147E+00
  153   0.9480768700750242E-01
  154   0.1028257946353927E+00
  155   0.1043707959387903E+00
  156   0.1002971288661916E+00
  157   0.7669520320818857E-01
  158   0.8564710461907057E-01
  159   0.9149563438637126E-01
  160   0.8161214680948119E-01
  161   0.8243614065180210E-01
  162   0.7401433013265461E-01
  163   0.7380145009382173E-01
  164   0.6799756420551931E-01
  165   0.6852511612670642E-01
  166   0.6032433797212784E-01
  167   0.5791463982242170E-01
  168   0.5716182324968241E-01
  169   0.5167977150093567E-01
  170   0.5519825085989590E-01
  171   0.4382606862000513E-01
  172   0.4729608205818951E-01
  173   0.4811697271556897E-01
  174   0.4413578288007773E-01
  175   0.4388812180291049E-01
  176   0.4499601122814234E-01
  177   0.4276179052885021E-01
  178   0.3982412539691409E-01
  179   0.3913986068541272E-01
  180   0.3915376235861482E-01
  181   0.3227207917851445E-01
  182   0.3452827759118039E-01
  183   0.3577729904838389E-01
  184   0.2692509891005659E-01
  185   0.2531738949261265E-01
  186   0.2141776509618967E-01
  187   0.2387318485351572E-01
  188   0.2664335750577290E-01
  189   0.2273002058564458E-01
  190   0.2267133428110836E-01
  191   0.2009177120984868E-01
  192   0.2199823092831222E-01
  193   0.1852237367185647E-01
  194   0.1848517769259537E-01
  195   0.1686696694627817E-01
  196   0.1536265172235329E-01
  197   0.1628484562649662E-01
  198   0.1766603713252923E-01
  199   0.1413429253108286E-01
  200   0.1685459170705097E-01
  201   0.3348709907867938E-04
  202   0.2901722535725142E-04
  203   0.2910618258832956E-04
  204   0.3721549655824200E-04
  205   0.2926606145913887E-04
  206   0.2394780975635638E-04
  207   0.2618026572126721E-04
  208   0.3106151108490744E-04
  209   0.2579482070124012E-04
  210   0.2045117712407177E-04
  211   0.2276498827490749E-04
  212   0.2695791755695141E-04
  213   0.2360735032141069E-04
  214   0.1762054922487610E-04
  215   0.1999210336356546E-04
  216   0.2492717250511562E-04
  217   0.1867328355453674E-04
  218   0.1647126424008188E-04
  219   0.1614977378086489E-04
  220   0.2247737436687028E-04
  221   0.1572419506098711E-04
  222   0.1417222238343618E-04
  223   0.1386617705138947E-04
  224   0.1944029551742313E-04
  225   0.1418274888594719E-04
  226   0.1142418937687737E-04
  227   0.1261017579501043E-04
  228   0.1573256299426998E-04
  229   0.1228649175526085E-04
  230   0.9757319013671243E-05
  231   0.1129077860493353E-04
  232   0.1466288807768898E-04
  233   0.1074275838222241E-04
  234   0.8652160494257288E-05
  235   0.8941907511830220E-05
  236   0.1302024392197810E-04
  237   0.8735092944485718E-05
  238   0.7774420799271544E-05
  239   0.7189707856842858E-05
  240   0.1212672082202314E-04
  241   0.7252990146424079E-05
  242   0.7195203909524450E-05
  243   0.6458379766731112E-05
  244   0.1044316951550973E-04
  245   0.6470313047141569E-05
  246   0.5982651869444231E-05
  247   0.5416184631644195E-05
  248   0.8910816351573449E-05
  249   0.5842329815251738E-05
  250   0.5282866719247713E-05
  251   0.4997333038042105E-05
  252   0.8109699614294970E-05
  253   0.4886487684330986E-05
  254   0.4915435516351863E-05
  255   0.4063128010018825E-05
  256   0.7762254155104278E-05
  257   0.4157833643217599E-05
  258   0.4723674236151416E-05
  259   0.3444942905597231E-05
  260   0.7165995398014506E-05
  261   0.3561513165530428E-05
  262   0.4166083907854634E-05
  263   0.3065096049930880E-05
  264   0.6273668344194678E-05
  265   0.3259984401543789E-05
  266   0.3771298668257806E-05
  267   0.2668694342140543E-05
  268   0.5524388177343439E-05
  269   0.2849142529884030E-05
  270   0.3714048010370916E-05
  271   0.2318083186455793E-05
  272   0.5336516233061252E-05
  273   0.2532176077530670E-05
  274   0.3563412364904597E-05
  275   0.2141105120238403E-05
  276   0.5008965924511143E-05
  277   0.2246156054273423E-05
  278   0.3189892703122301E-05
  279   0.1775207646164532E-05
  280   0.4666303509216993E-05
  281   0.1848491221731985E-05
  282   0.3081291162040352E-05
  283   0.1506336176672611E-05
  284   0.4381240269020852E-05
  285   0.1656503433150100E-05
  286   0.2962019543192660E-05
  287   0.1352555973898547E-05
  288   0.4039604830132625E-05
  289   0.1449147840134917E-05
  290   0.2865567777001547E-05
  291   0.1206883475164103E-05
  292   0.3952083947813801E-05
  293   0.1255786916806811E-05
  294   0.2830349349928235E-05
  295   0.9814883419354831E-06
  296   0.3900262604424413E-05
  297   0.1081466614340112E-05
  298   0.2754654591376170E-05
  299   0.8849333037621697E-06
  300   0.3764539773208082E-05
  301   0.9923986781506409E-06
  302   0.2722505449928490E-05
  303   0.8157073524823953E-06
  304   0.3577314413300888E-05
  305   0.9270930964037986E-06
  306   0.2698550820888941E-05
  307   0.7809518969232019E-06
  308   0.3519673135875085E-05
  309   0.8715485309951215E-06
  310   0.2760620407600840E-05
  311   0.6745317932067530E-06
  312   0.3499900247243972E-05
  313   0.7852641741513989E-06
  314   0.2743951033081875E-05
  315   0.6293502929076165E-06
  316   0.3501445487609274E-05
  317   0.6871550948047178E-06
  318   0.2813209989742627E-05
  319   0.5369443829736904E-06
  320   0.3456161451503416E-05
  321   0.6567600723165073E-06
  322   0.2843098835372741E-05
  323   0.5121583490551950E-06
  324   0.3446575436783935E-05
  325   0.5671455055797593E-06
  326   0.2910263358033807E-05
  327   0.4662776028069096E-06
  328   0.3472368168833445E-05
  329   0.5749915563138822E-06
  330   0.2987326384751365E-05
  331   0.4393887810808658E-06
  332   0.3507334117550459E-05
  333   0.5081770507970300E-06
  334   0.3108690157095647E-05
  335   0.4135193041759038E-06
  336   0.3557396444820932E-05
  337   0.5225544214239097E-06
  338   0.3218082763750721E-05
  339   0.3873965140546530E-06
  340   0.3626442239167043E-05
  341   0.4530343367195606E-06
  342   0.3328061136785481E-05
  343   0.4105061394249491E-06
  344   0.3740403701104766E-05
  345   0.4780546103022760E-06
  346   0.3471443935924631E-05
  347   0.3854818730406183E-06
  348   0.3864891191674764E-05
  349   0.4465747935514238E-06
  350   0.3604728486351270E-05
  351   0.4266215023760349E-06
  352   0.4011721535521199E-05
  353   0.4574315042296417E-06
  354   0.3778965026166712E-05
  355   0.3757414230150357E-06
  356   0.4143203285523379E-05
  357   0.4536767000863538E-06
  358   0.3965171855175448E-05
  359   0.4549547131000599E-06
  360   0.4313974934590336E-05
  361   0.4730173068741389E-06
  362   0.4164617954246119E-05
  363   0.4168742086240687E-06
  364   0.4516364435844990E-05
  365   0.5053974939219763E-06
  366   0.4371220988837000E-05
  367   0.4937217324659792E-06
  368   0.4753123584273183E-05
  369   0.4986057403710207E-06
  370   0.4622346516083470E-05
  371   0.4658766040849299E-06
  372   0.4984128521914164E-05
  373   0.5679204334398629E-06
  374   0.4903280580345726E-05
  375   0.5458698885413995E-06
  376   0.5279636165900835E-05
  377   0.5632430433550110E-06
  378   0.5209125873199881E-05
  379   0.5510239761713767E-06
  380   0.5573254109538327E-05
  381   0.6775961295237657E-06
  382   0.5562694665696664E-05
  383   0.6369642535980077E-06
