# nlmax, ncor, nside =         383           1         128
    0   0.1162499906892024E+02
    1   0.7199715824695047E+00
    2   0.1411398948761890E+04
    3   0.7588523893747971E+03
    4   0.2666313752595076E+03
    5   0.2208269451158344E+03
    6   0.1119425020089148E+03
    7   0.1266780636627275E+03
    8   0.5105073934303208E+02
    9   0.5394572026593237E+02
   10   0.5121250677316136E+02
   11   0.5592640372287155E+02
   12   0.2369599881617365E+02
   13   0.2764002421720029E+02
   14   0.2374883331543136E+02
   15   0.2426776400391710E+02
   16   0.2378994469463354E+02
   17   0.2251912074731886E+02
   18   0.8926542496086409E+01
   19   0.1485329090475231E+02
   20   0.1659906958516551E+02
   21   0.8238315277463983E+01
   22   0.8875345374813538E+01
   23   0.1103840658870319E+02
   24   0.6150078068805351E+01
   25   0.1362497936896873E+02
   26   0.7468047628428880E+01
   27   0.7560871827876853E+01
   28   0.4518754979250033E+01
   29   0.5579793860900130E+01
   30   0.6075396536948878E+01
   31   0.5798651268433408E+01
   32   0.4365096809011242E+01
   33   0.4411764931445608E+01
   34   0.4469669287955375E+01
   35   0.3922071272005060E+01
   36   0.4274789588900547E+01
   37   0.5702915323801874E+01
   38   0.4530496538979721E+01
   39   0.3455802389756488E+01
   40   0.3038199976316877E+01
   41   0.4028911767176806E+01
   42   0.4160851277668735E+01
   43   0.3101051246313951E+01
   44   0.2811879876052708E+01
   45   0.3395006739799686E+01
   46   0.3731808388949665E+01
   47   0.3029662263272292E+01
   48   0.2885447141665505E+01
   49   0.2200421937229170E+01
   50   0.2963202056869962E+01
   51   0.2205092192707503E+01
   52   0.2529949849349602E+01
   53   0.1944862913227567E+01
   54   0.2922071722737781E+01
   55   0.2340119469702564E+01
   56   0.2069218953552911E+01
   57   0.2970231111644625E+01
   58   0.2709544296046497E+01
   59   0.1797859579017159E+01
   60   0.1892300908042291E+01
   61   0.1776635626628908E+01
   62   0.1824223568781150E+01
   63   0.1797885737848991E+01
   64   0.1902611377934241E+01
   65   0.1704195970673922E+01
   66   0.1643931753596350E+01
   67   0.1845532188945758E+01
   68   0.1630680409438299E+01
   69   0.1369780403326663E+01
   70   0.1301464561643709E+01
   71   0.1218426171995193E+01
   72   0.1153029032100259E+01
   73   0.1276343828465653E+01
   74   0.1370717391691395E+01
   75   0.9730730992660188E+00
   76   0.1052089251616961E+01
   77   0.1182613650349967E+01
   78   0.1181266144530821E+01
   79   0.1131222398070119E+01
   80   0.1124335599222022E+01
   81   0.1107718128407295E+01
   82   0.1193591381121187E+01
   83   0.9604335246815615E+00
   84   0.9621367672011086E+00
   85   0.8995120024822043E+00
   86   0.9373752159743440E+00
   87   0.8205205131911548E+00
   88   0.6620548179510986E+00
   89   0.6978264485353999E+00
   90   0.9609294850072595E+00
   91   0.7671195123152489E+00
   92   0.8569469273079533E+00
   93   0.6834022704516813E+00
   94   0.8199805697391999E+00
   95   0.5994805485960800E+00
   96   0.6838118224208722E+00
   97   0.6292929658116986E+00
   98   0.7330892891983304E+00
   99   0.6416710142252884E+00
  100   0.4802443137737994E+00
  101   0.6282545171542490E+00
  102   0.5182207166209482E+00
  103   0.5593726761451107E+00
  104   0.6176280582569491E+00
  105   0.4808233278211033E+00
  106   0.4491722771241289E+00
  107   0.4103978326216280E+00
  108   0.5309604403447133E+00
  109   0.4146316646654859E+00
  110   0.4844577907640313E+00
  111   0.3540900237566252E+00
  112   0.4197165726135665E+00
  113   0.4241861760975055E+00
  114   0.4331479966405219E+00
  115   0.3456484115263682E+00
  116   0.3647086941612241E+00
  117   0.3686078347597103E+00
  118   0.3580365422781278E+00
  119   0.3553068710893043E+00
  120   0.3171390579360491E+00
  121   0.3164087939146895E+00
  122   0.3048071721034100E+00
  123   0.2970915789044087E+00
  124   0.2551399495797832E+00
  125   0.2908586112993393E+00
  126   0.2630758316332267E+00
  127   0.2403304190269473E+00
  128   0.2793034430595587E+00
  129   0.2634754826175889E+00
  130   0.2009853813349123E+00
  131   0.2235992043460142E+00
  132   0.2312510461998810E+00
  133   0.2047403022944398E+00
  134   0.2105353605043709E+00
  135   0.1955051438405750E+00
  136   0.1637494291909078E+00
  137   0.1956571728411682E+00
  138   0.1919678668678629E+00
  139   0.1675437537240154E+00
  140   0.1831293821487062E+00
  141   0.1585011968737705E+00
  142   0.1318658187167096E+00
  143   0.1629371888191756E+00
  144   0.1596980685658769E+00
  145   0.1349184600329253E+00
  146   0.1349475492435320E+00
  147   0.1244783015183548E+00
  148   0.1312834676191937E+00
  149   0.1152814426066604E+00
  150   0.1187632449960614E+00
  151   0.1090238780388977E+00
  152   0.9833522880561785E-01
  153   0.1133024123242617E+00
  154   0.9510158253197329E-01
  155   0.9855970047038751E-01
  156   0.9789911812557291E-01
  157   0.9613195934163657E-01
  158   0.8692223294255146E-01
  159   0.8206423080254927E-01
  160   0.7349822018432790E-01
  161   0.8288348291285957E-01
  162   0.8226085043587378E-01
  163   0.7535789638311918E-01
  164   0.7114128404581331E-01
  165   0.7140325472321495E-01
  166   0.6761110598017810E-01
  167   0.6597719577820842E-01
  168   0.5464243294243908E-01
  169   0.5931672695453073E-01
  170   0.5697278359585799E-01
  171   0.4521211854965507E-01
  172   0.5089851426692624E-01
  173   0.4331820078079582E-01
  174   0.4432882367909034E-01
  175   0.5070780675621035E-01
  176   0.4607481488281721E-01
  177   0.4350122162088964E-01
  178   0.3773243130465961E-01
  179   0.3293258915132687E-01
  180   0.3006575086731999E-01
  181   0.3279810689241439E-01
  182   0.3195621481077105E-01
  183   0.2749147769426303E-01
  184   0.3337309402527119E-01
  185   0.2850374571277726E-01
  186   0.2514485436683490E-01
  187   0.2452314033630027E-01
  188   0.2962050062772300E-01
  189   0.2353578153610871E-01
  190   0.2327368138737311E-01
  191   0.2134388987127392E-01
  192   0.2138690860824426E-01
  193   0.1973698589860104E-01
  194   0.1725717414031408E-01
  195   0.1770673782840937E-01
  196   0.1710684851703499E-01
  197   0.1476041083850730E-01
  198   0.1706217688266801E-01
  199   0.1670782842404301E-01
  200   0.1382428037625928E-01
  201   0.5352497987885999E-04
  202   0.4812139161399776E-04
  203   0.4633053970055559E-04
  204   0.5182155082222400E-04
  205   0.4747022522721069E-04
  206   0.4137026443085164E-04
  207   0.4199111086467346E-04
  208   0.4339546306986836E-04
  209   0.4125041676733479E-04
  210   0.3553546603301292E-04
  211   0.3720784737074272E-04
  212   0.3746713670266942E-04
  213   0.3783024400626879E-04
  214   0.2968477197422177E-04
  215   0.3281786905811650E-04
  216   0.3436135842406927E-04
  217   0.3041454954278563E-04
  218   0.2781191620074122E-04
  219   0.2700601622962517E-04
  220   0.3087098208774754E-04
  221   0.2594731266130639E-04
  222   0.2373370358439066E-04
  223   0.2302645816106124E-04
  224   0.2676183945324327E-04
  225   0.2345056636626669E-04
  226   0.1939039654552717E-04
  227   0.2097852696384268E-04
  228   0.2143867393796749E-04
  229   0.2045078130772540E-04
  230   0.1621251326413296E-04
  231   0.1872559492066905E-04
  232   0.1906740106347775E-04
  233   0.1756671482893976E-04
  234   0.1399724013574304E-04
  235   0.1505042773362851E-04
  236   0.1667270663169851E-04
  237   0.1448586056896201E-04
  238   0.1270878275544818E-04
  239   0.1242788926395124E-04
  240   0.1515394680171394E-04
  241   0.1229424609869555E-04
  242   0.1128511968004744E-04
  243   0.1110037280274278E-04
  244   0.1278568142350508E-04
  245   0.1102324290803587E-04
  246   0.9015940769347596E-05
  247   0.9440187798292435E-05
  248   0.1072941149429580E-04
  249   0.9839953069111721E-05
  250   0.7566645269082384E-05
  251   0.8572681409826236E-05
  252   0.9400826649938432E-05
  253   0.8277674552705189E-05
  254   0.6857417324742898E-05
  255   0.7052237851709581E-05
  256   0.8816952194091046E-05
  257   0.6979508765593146E-05
  258   0.6535191018206863E-05
  259   0.5963545824896259E-05
  260   0.7914994023296281E-05
  261   0.6029098596332341E-05
  262   0.5558027546581348E-05
  263   0.5297739536567118E-05
  264   0.6661169056268385E-05
  265   0.5507705030484652E-05
  266   0.4485103909524179E-05
  267   0.4615294752716876E-05
  268   0.5622862625145745E-05
  269   0.4759580686604383E-05
  270   0.4158374794442613E-05
  271   0.4017730780031968E-05
  272   0.5231815095352646E-05
  273   0.4163398045812171E-05
  274   0.3695420157216257E-05
  275   0.3623799327157272E-05
  276   0.4631584509096121E-05
  277   0.3644074840160202E-05
  278   0.3082574308385681E-05
  279   0.3127222682542883E-05
  280   0.4065594923228152E-05
  281   0.3149071456214089E-05
  282   0.2755393292037808E-05
  283   0.2694550173650229E-05
  284   0.3653390025892116E-05
  285   0.2772569071261009E-05
  286   0.2410026529349932E-05
  287   0.2415761709740068E-05
  288   0.3178747033918545E-05
  289   0.2471949281218714E-05
  290   0.2127017715260320E-05
  291   0.2141650272892806E-05
  292   0.2987839700683235E-05
  293   0.2118995634274338E-05
  294   0.1989401650203135E-05
  295   0.1841956653229346E-05
  296   0.2809786928171518E-05
  297   0.1887174508495598E-05
  298   0.1782039580762207E-05
  299   0.1650877678189923E-05
  300   0.2589609886023824E-05
  301   0.1753754736878200E-05
  302   0.1572498046037360E-05
  303   0.1544588492602415E-05
  304   0.2257105437654833E-05
  305   0.1645498889032989E-05
  306   0.1419529604244267E-05
  307   0.1455045978499830E-05
  308   0.2094268892793823E-05
  309   0.1513143903419925E-05
  310   0.1340350239805240E-05
  311   0.1284893469157806E-05
  312   0.1985954800224014E-05
  313   0.1379124027796381E-05
  314   0.1272163144782677E-05
  315   0.1175034438582037E-05
  316   0.1903718319466734E-05
  317   0.1264187651264680E-05
  318   0.1179442943974056E-05
  319   0.1021490046513135E-05
  320   0.1783102769930827E-05
  321   0.1204586698508677E-05
  322   0.1161116576800346E-05
  323   0.9924792235627769E-06
  324   0.1656340086426124E-05
  325   0.1098829293469412E-05
  326   0.1078515631889563E-05
  327   0.9194750605434206E-06
  328   0.1604268985709354E-05
  329   0.1099271228552188E-05
  330   0.1110097597828521E-05
  331   0.8944922365052947E-06
  332   0.1529439394670498E-05
  333   0.1030162894616804E-05
  334   0.1084571149096959E-05
  335   0.8555921645459468E-06
  336   0.1518933215079982E-05
  337   0.1037448496825528E-05
  338   0.1108398229903889E-05
  339   0.8549018343736875E-06
  340   0.1457186500941264E-05
  341   0.9773072326682522E-06
  342   0.1101161474501725E-05
  343   0.8782793649640413E-06
  344   0.1512128080856587E-05
  345   0.9987663046608221E-06
  346   0.1165443653343245E-05
  347   0.8761861728835858E-06
  348   0.1488337185600629E-05
  349   0.9616590051171460E-06
  350   0.1183170360480028E-05
  351   0.9407709433562627E-06
  352   0.1566496385440143E-05
  353   0.1000298749877208E-05
  354   0.1226041281968823E-05
  355   0.9152255948069900E-06
  356   0.1539549250139856E-05
  357   0.1021459047871584E-05
  358   0.1301377049642162E-05
  359   0.1021873289801217E-05
  360   0.1628533877800800E-05
  361   0.1082232071995312E-05
  362   0.1328566371338525E-05
  363   0.1013551013701332E-05
  364   0.1658508903611977E-05
  365   0.1143153940095807E-05
  366   0.1442291458220760E-05
  367   0.1151850120176921E-05
  368   0.1757133073983276E-05
  369   0.1179429735843808E-05
  370   0.1485628858434829E-05
  371   0.1154913813112732E-05
  372   0.1821061686178735E-05
  373   0.1308107250608101E-05
  374   0.1646926445962259E-05
  375   0.1283545292531649E-05
  376   0.1939781381148762E-05
  377   0.1363788740909627E-05
  378   0.1717842731365544E-05
  379   0.1336175776749018E-05
  380   0.2051169097849118E-05
  381   0.1557725834778486E-05
  382   0.1930247639843341E-05
  383   0.1502753017923172E-05
