# nlmax, ncor, nside =         383           1         128
    0  -0.1297570037359396E+03
    1   0.6126267769420006E+02
    2   0.1152380247611959E+04
    3   0.3456766794965333E+03
    4   0.9225429325969240E+02
    5   0.1270686913738652E+03
    6   0.1645241343625221E+03
    7   0.1035947665721031E+03
    8   0.2601080261159607E+02
    9   0.6580642475539842E+02
   10   0.2573490973880090E+02
   11   0.1537412753708580E+02
   12   0.6645977019898501E+02
   13   0.1123174738820840E+02
   14   0.3111658005603139E+02
   15   0.1651284552289357E+02
   16   0.1270188192861726E+02
   17   0.1770392698441752E+02
   18   0.1147210504202409E+02
   19   0.1147153468893898E+02
   20   0.1624004478118224E+02
   21   0.1684397938687936E+02
   22   0.7275234108619326E+01
   23   0.8424039613345743E+01
   24   0.5478653980641027E+01
   25   0.9049061595316207E+01
   26   0.7935457614987035E+01
   27   0.1112471168094036E+02
   28   0.6462669774835367E+01
   29   0.6477794652505176E+01
   30   0.4468360479875500E+01
   31   0.5606890656960923E+01
   32   0.6694499658033038E+01
   33   0.6149601368119921E+01
   34   0.6348628696995736E+01
   35   0.4344698249172699E+01
   36   0.3198932553596638E+01
   37   0.4142391628904293E+01
   38   0.2628128708494936E+01
   39   0.4148954594318739E+01
   40   0.3463428731686438E+01
   41   0.4051374530600636E+01
   42   0.4206592839000617E+01
   43   0.3528045573189367E+01
   44   0.2861679396685456E+01
   45   0.2334404823805984E+01
   46   0.4090062648574516E+01
   47   0.4163672978976598E+01
   48   0.2442549799930767E+01
   49   0.2804745807520218E+01
   50   0.2850288477739475E+01
   51   0.2640335708685168E+01
   52   0.1889135097956602E+01
   53   0.2345691341354473E+01
   54   0.2092364175976011E+01
   55   0.2324764535862589E+01
   56   0.1841571686179466E+01
   57   0.2530523993777781E+01
   58   0.2653760407588627E+01
   59   0.1967862699846505E+01
   60   0.1354688935447656E+01
   61   0.2342922900817604E+01
   62   0.2182657312159735E+01
   63   0.1506727930026503E+01
   64   0.1251660856896448E+01
   65   0.1809411026481099E+01
   66   0.1850181112686863E+01
   67   0.1681245000558362E+01
   68   0.1543820570912029E+01
   69   0.1180194588787780E+01
   70   0.1692781301193077E+01
   71   0.1416976819236275E+01
   72   0.1087110013319735E+01
   73   0.1166584945680770E+01
   74   0.1490571197637019E+01
   75   0.1081340605500098E+01
   76   0.1020235990499368E+01
   77   0.1189026694296961E+01
   78   0.1242290095883617E+01
   79   0.8521890243504167E+00
   80   0.1102385430578631E+01
   81   0.1085379146144496E+01
   82   0.9719326167465787E+00
   83   0.1035849151086944E+01
   84   0.1276341798168446E+01
   85   0.7989687173409419E+00
   86   0.7532002179830251E+00
   87   0.1016742278847331E+01
   88   0.7954488806832307E+00
   89   0.8914445877356207E+00
   90   0.8043273247267595E+00
   91   0.7295815550016198E+00
   92   0.9225555450602378E+00
   93   0.6974229019978364E+00
   94   0.6494104836378225E+00
   95   0.7316866817684973E+00
   96   0.5221073965592120E+00
   97   0.6072931058019935E+00
   98   0.6145276960842068E+00
   99   0.7071284159779916E+00
  100   0.6424693957230510E+00
  101   0.4213596733071581E+00
  102   0.5147438146222623E+00
  103   0.4910960408433416E+00
  104   0.7321006590524792E+00
  105   0.5676065927783689E+00
  106   0.6124504996690094E+00
  107   0.5413236133134514E+00
  108   0.5190635581884260E+00
  109   0.5281750143667103E+00
  110   0.5270798829635637E+00
  111   0.4417568175048148E+00
  112   0.5051634010085735E+00
  113   0.3079136064768688E+00
  114   0.4317449910037714E+00
  115   0.3272025324904289E+00
  116   0.4034902362510624E+00
  117   0.3863212898564442E+00
  118   0.3518613672803490E+00
  119   0.2283502096761247E+00
  120   0.4035397454517248E+00
  121   0.2778422361946301E+00
  122   0.2944386768953374E+00
  123   0.2778564367244117E+00
  124   0.2993215064786419E+00
  125   0.2592572979636738E+00
  126   0.2390399420703800E+00
  127   0.1906706200357866E+00
  128   0.2575711627702739E+00
  129   0.2353457708950034E+00
  130   0.2475413464732258E+00
  131   0.2372899545887567E+00
  132   0.2524252445618433E+00
  133   0.2452467709443864E+00
  134   0.1859016010180292E+00
  135   0.1789600828826269E+00
  136   0.1783777359594411E+00
  137   0.1931476682832950E+00
  138   0.1544914020593490E+00
  139   0.1600541035041569E+00
  140   0.1917202703627595E+00
  141   0.1767667362536683E+00
  142   0.1506169185044859E+00
  143   0.1482910212283949E+00
  144   0.1460058357514373E+00
  145   0.1330743191681916E+00
  146   0.1197102505262898E+00
  147   0.1272561124489849E+00
  148   0.1073559359843659E+00
  149   0.1489726370677942E+00
  150   0.1267566367713953E+00
  151   0.7488525215265118E-01
  152   0.9928931952457054E-01
  153   0.1173602723071164E+00
  154   0.9069424361513234E-01
  155   0.1055595893420014E+00
  156   0.7616491081423171E-01
  157   0.8773986856930982E-01
  158   0.7660109902316448E-01
  159   0.7613764638382381E-01
  160   0.9012336021238665E-01
  161   0.8898715736965979E-01
  162   0.7963452806099613E-01
  163   0.6714646370864508E-01
  164   0.7333052041078658E-01
  165   0.6137827291864106E-01
  166   0.6474158944901676E-01
  167   0.6813551349622948E-01
  168   0.6711110345155546E-01
  169   0.6144743800891606E-01
  170   0.6323478641757863E-01
  171   0.5472305437629288E-01
  172   0.4076583478404205E-01
  173   0.3683950049643403E-01
  174   0.5106808202838620E-01
  175   0.4193183875064099E-01
  176   0.3741206772343419E-01
  177   0.3419745263158769E-01
  178   0.4160171504764776E-01
  179   0.3241727697095054E-01
  180   0.2867502608226535E-01
  181   0.3772832936983483E-01
  182   0.3323096356274613E-01
  183   0.3159722122103592E-01
  184   0.3380576334564178E-01
  185   0.2638925065335762E-01
  186   0.2853432396339106E-01
  187   0.2709954307342211E-01
  188   0.2498026046821200E-01
  189   0.2775564774029038E-01
  190   0.1746960440901668E-01
  191   0.2124540899355321E-01
  192   0.1781239843323068E-01
  193   0.2177066032547426E-01
  194   0.1717198047342483E-01
  195   0.1913267207465463E-01
  196   0.1853475138835703E-01
  197   0.1374486944294107E-01
  198   0.1723644749368114E-01
  199   0.1456630126329073E-01
  200   0.1276199962130165E-01
  201   0.1056090294819345E-02
  202  -0.4814609660949154E-03
  203   0.1521393639865920E-02
  204   0.6521384555279175E-03
  205  -0.1247444564773437E-02
  206   0.8628078572896491E-03
  207  -0.1795761156707654E-03
  208  -0.8809835329782745E-03
  209   0.4447492640318185E-03
  210   0.7942212282043837E-03
  211   0.2435586448059635E-03
  212   0.1211122271595588E-02
  213   0.2140104734796866E-03
  214   0.5640992662174771E-03
  215   0.1178816079433265E-02
  216   0.2223847786684274E-03
  217   0.1350579531994689E-02
  218   0.9873401404884019E-03
  219   0.8856563514683113E-03
  220  -0.3637951632720071E-03
  221   0.9266929628681808E-04
  222   0.7294074359756042E-03
  223  -0.4853643430025034E-04
  224  -0.1594172089628421E-03
  225   0.1198170041576185E-02
  226   0.1422556863376334E-03
  227   0.5238706128412041E-03
  228   0.1266303409274805E-02
  229   0.4157341536498160E-03
  230   0.1061910542624611E-02
  231   0.1444556344334380E-03
  232   0.7893537279620721E-03
  233  -0.1890889066635815E-04
  234   0.2792849694182031E-03
  235   0.2741563145772785E-03
  236   0.1022066516888853E-02
  237   0.1109056613739057E-02
  238   0.8061886770289739E-03
  239   0.3865129736478901E-03
  240  -0.2636099982744611E-07
  241   0.3614694505539306E-03
  242   0.1219718331945341E-02
  243   0.9476973395188271E-03
  244   0.3382029128198294E-03
  245   0.3658868031681806E-03
  246   0.6335952443624615E-03
  247   0.7566378945753627E-03
  248   0.2669033477897820E-03
  249   0.6018075142966151E-04
  250   0.4992693015732907E-03
  251   0.6050206060576047E-03
  252   0.5699484497799778E-03
  253   0.3334850528493583E-03
  254   0.2063205576889882E-03
  255   0.2875731321837494E-03
  256   0.5562467384407910E-03
  257   0.7390223704666354E-03
  258   0.4246955087688908E-03
  259   0.7910536447318650E-03
  260   0.7743859085338478E-03
  261   0.1106896228271814E-02
  262   0.3646162549106324E-03
  263   0.3598008923667573E-03
  264   0.5506950567992219E-03
  265   0.7690227045154541E-03
  266  -0.1796966874309525E-03
  267   0.7125329539204861E-03
  268   0.8117185944315763E-03
  269  -0.1084273820830539E-03
  270   0.2988781553081576E-03
  271   0.1586147234157731E-03
  272   0.4907958789026612E-03
  273   0.1050850946272552E-02
  274   0.2873302303160741E-03
  275   0.5151652946713270E-03
  276   0.6768543167441909E-03
  277   0.2663898879368687E-03
  278   0.3683164589610710E-03
  279   0.3149179144448233E-03
  280   0.2723343877668039E-03
  281   0.3220816034033014E-04
  282   0.7345510802848065E-03
  283   0.3589549491768707E-03
  284   0.2362151051771288E-04
  285   0.3191148520872988E-03
  286   0.4205706681257859E-03
  287   0.2920142202778031E-03
  288   0.3540273748018907E-03
  289   0.1681898619667055E-03
  290  -0.9209901882883953E-04
  291   0.1192248553047448E-03
  292   0.2243296935727224E-03
  293   0.1304949982772197E-03
  294   0.2419858199611546E-03
  295   0.1369168304650725E-03
  296   0.8270786383829387E-04
  297   0.5715961164457495E-03
  298   0.3321552176860365E-05
  299   0.1448271761138042E-03
  300   0.1152263102915940E-04
  301   0.6253456642307809E-04
  302   0.2102687591393204E-03
  303   0.1933526042914857E-03
  304   0.2006408811173754E-03
  305   0.2928581569452970E-03
  306   0.4373217085150705E-03
  307   0.4163631641093679E-03
  308   0.6963653016186511E-03
  309   0.5294869496603738E-03
  310   0.3819102240248395E-03
  311   0.3423977146103652E-03
  312  -0.7112271829545769E-04
  313   0.5671404019493842E-03
  314   0.2405518765706272E-03
  315   0.5336481143738414E-03
  316   0.5589198633904058E-04
  317   0.2234640808887467E-03
  318   0.1240342028995256E-03
  319   0.3192730692621049E-03
  320   0.4207487936094823E-03
  321   0.3993991608650660E-03
  322   0.2704633085288954E-03
  323   0.4372769589749692E-03
  324   0.4432123769205487E-03
  325   0.2838842836325461E-03
  326   0.3940659816400183E-03
  327   0.3526633012498614E-03
  328   0.3095792918675067E-03
  329   0.6415871735510614E-03
  330   0.3182391949903829E-03
  331   0.5514503526032888E-03
  332   0.4360271489345646E-03
  333   0.6554955902150772E-03
  334   0.5605917821899231E-03
  335   0.5378806437308647E-03
  336   0.6577883070643942E-03
  337   0.8186599729411992E-03
  338   0.3278269244561538E-03
  339   0.7059905183657844E-03
  340   0.5567539502250030E-03
  341   0.5991239988390462E-03
  342   0.5697678963826891E-03
  343   0.7225350412220777E-03
  344   0.1923480426361812E-03
  345   0.7351550443360499E-03
  346   0.7293140956250999E-03
  347   0.7885156347901545E-03
  348   0.7015736329935851E-03
  349   0.8315431040574195E-03
  350   0.6561745973868438E-03
  351   0.8293484574078136E-03
  352   0.6403178396455628E-03
  353   0.6956720559593843E-03
  354   0.8533042146768033E-03
  355   0.1062603068744797E-02
  356   0.7391454755389520E-03
  357   0.8394711651126957E-03
  358   0.8334559100525718E-03
  359   0.9768162347368742E-03
  360   0.6523285123171685E-03
  361   0.1135828352951215E-02
  362   0.8188646948656536E-03
  363   0.8677186901222822E-03
  364   0.1169058698749753E-02
  365   0.8826184405870269E-03
  366   0.8761174303471286E-03
  367   0.9595643263233672E-03
  368   0.1244846162013757E-02
  369   0.8510475397421752E-03
  370   0.9879742245004347E-03
  371   0.1068533687738384E-02
  372   0.1186382119389165E-02
  373   0.1040064561399261E-02
  374   0.1270528249158895E-02
  375   0.1261502429559490E-02
  376   0.1507766400708006E-02
  377   0.1497764836520782E-02
  378   0.1461820001409646E-02
  379   0.1466874760341869E-02
  380   0.1865147505825530E-02
  381   0.1993343079124547E-02
  382   0.2329334427785888E-02
  383   0.2258145133113688E-02
