# nlmax, ncor, nside =         383           1         128
    0   0.2474345293507882E+01
    1   0.5311459302645427E-01
    2   0.7900040370572702E+03
    3   0.6367808873399933E+03
    4   0.1350688734537505E+03
    5   0.3497965702319935E+03
    6   0.1300748151405661E+03
    7   0.1028263036826543E+03
    8   0.6355626457706419E+02
    9   0.5135768032260716E+02
   10   0.4280214695027365E+02
   11   0.3606961316082242E+02
   12   0.3315531906474165E+02
   13   0.2849380064863399E+02
   14   0.2448084343666093E+02
   15   0.2887435030896193E+02
   16   0.1134209759282745E+02
   17   0.2047299165274883E+02
   18   0.1547364406388444E+02
   19   0.1043217351299972E+02
   20   0.1293899954299685E+02
   21   0.1329666361566474E+02
   22   0.6835030550783900E+01
   23   0.1356647966542901E+02
   24   0.6015092175197639E+01
   25   0.1185120685107909E+02
   26   0.9046480525545929E+01
   27   0.8094124571477103E+01
   28   0.6759025171904202E+01
   29   0.6602811103871442E+01
   30   0.6861143697548434E+01
   31   0.4236186058961699E+01
   32   0.7010009087479494E+01
   33   0.6480667339827216E+01
   34   0.5138454416024705E+01
   35   0.6120411806735466E+01
   36   0.5356382056289908E+01
   37   0.3435972383787436E+01
   38   0.4031760080926961E+01
   39   0.3620347423068247E+01
   40   0.3742474333232467E+01
   41   0.3396741559844032E+01
   42   0.3484490244653545E+01
   43   0.3336455086944640E+01
   44   0.2872566737076131E+01
   45   0.2963926629294769E+01
   46   0.2072191476043529E+01
   47   0.3011026493102721E+01
   48   0.2689105254182712E+01
   49   0.2724607546217121E+01
   50   0.2346575619557440E+01
   51   0.3078862218132331E+01
   52   0.2380950533681263E+01
   53   0.2693416053786958E+01
   54   0.1785535106578382E+01
   55   0.2539949580098509E+01
   56   0.2820490820553148E+01
   57   0.1987811043148479E+01
   58   0.2158387152695319E+01
   59   0.1766428761641066E+01
   60   0.1842315813182778E+01
   61   0.1524191154475321E+01
   62   0.1594869499909876E+01
   63   0.1449576922659111E+01
   64   0.1355049023383634E+01
   65   0.1521192517531101E+01
   66   0.1752189034729645E+01
   67   0.1286885364731267E+01
   68   0.1478961134413796E+01
   69   0.1778399618363048E+01
   70   0.1606373285423563E+01
   71   0.1745344330773152E+01
   72   0.1059672720050950E+01
   73   0.1379758421594955E+01
   74   0.1392474612547492E+01
   75   0.1173717237763574E+01
   76   0.1232308842804448E+01
   77   0.1262700564729231E+01
   78   0.1205265417572643E+01
   79   0.8978689837924052E+00
   80   0.1095472681353435E+01
   81   0.9323295649951830E+00
   82   0.1124504266896631E+01
   83   0.1017422730439234E+01
   84   0.8753160213624556E+00
   85   0.8686097320703148E+00
   86   0.7266771773708443E+00
   87   0.1014333538600283E+01
   88   0.7796660880449418E+00
   89   0.7957620631648532E+00
   90   0.8296954790928543E+00
   91   0.7610549424743722E+00
   92   0.8971645786911786E+00
   93   0.7430408990670361E+00
   94   0.7020626322658925E+00
   95   0.6155189555081735E+00
   96   0.6433863804558364E+00
   97   0.6715823796293490E+00
   98   0.6644210384711222E+00
   99   0.5781474048109541E+00
  100   0.6726721906138997E+00
  101   0.5221805734636331E+00
  102   0.5248410006916597E+00
  103   0.5351728961959836E+00
  104   0.4439260827230826E+00
  105   0.4460544903060673E+00
  106   0.5218906342518819E+00
  107   0.4653385174531655E+00
  108   0.5256049665288871E+00
  109   0.3704867437577051E+00
  110   0.4056522265777185E+00
  111   0.3840321641467184E+00
  112   0.4300846773618439E+00
  113   0.3823515917549689E+00
  114   0.3431031954723189E+00
  115   0.3892127134603096E+00
  116   0.3860095935723551E+00
  117   0.3675590709172292E+00
  118   0.2874910259333756E+00
  119   0.3026127824074312E+00
  120   0.2523697572880298E+00
  121   0.3318508327924883E+00
  122   0.3143778612040636E+00
  123   0.2854827241723173E+00
  124   0.2587849278227007E+00
  125   0.2601705748983139E+00
  126   0.2959974164422151E+00
  127   0.2912806920496051E+00
  128   0.2642016397535756E+00
  129   0.2402604650706143E+00
  130   0.2274475596890094E+00
  131   0.1904479610264126E+00
  132   0.2018709389621619E+00
  133   0.2323473606607511E+00
  134   0.1906972675322006E+00
  135   0.2149276140889870E+00
  136   0.2144686196622704E+00
  137   0.1980049608787896E+00
  138   0.1673095479640900E+00
  139   0.1995542213465249E+00
  140   0.1483822920198490E+00
  141   0.1631466591063186E+00
  142   0.1433498397506360E+00
  143   0.1459980598075987E+00
  144   0.1565128211977237E+00
  145   0.1259627001625074E+00
  146   0.1284630760287029E+00
  147   0.1238334310251137E+00
  148   0.1220412961400675E+00
  149   0.1118288264105376E+00
  150   0.1137992776787046E+00
  151   0.1273810810397574E+00
  152   0.1113277557902179E+00
  153   0.1132856068418113E+00
  154   0.9735321447313117E-01
  155   0.1019522743113352E+00
  156   0.8909851678052616E-01
  157   0.1039646120059269E+00
  158   0.8918065447866486E-01
  159   0.8195059284780548E-01
  160   0.8059348297520774E-01
  161   0.7302210186172031E-01
  162   0.7903159820791750E-01
  163   0.7350078734344112E-01
  164   0.7577743977375484E-01
  165   0.6456509865391480E-01
  166   0.5499522398113299E-01
  167   0.5636821942822423E-01
  168   0.5508539771722587E-01
  169   0.6405123308485761E-01
  170   0.5361582926191577E-01
  171   0.5105836637372141E-01
  172   0.4953021146855796E-01
  173   0.4131263161605070E-01
  174   0.4632884954818972E-01
  175   0.3782441988062268E-01
  176   0.4319637975566815E-01
  177   0.4252452186609545E-01
  178   0.4130233702231012E-01
  179   0.3328229453602116E-01
  180   0.3655173636165099E-01
  181   0.3232802753100772E-01
  182   0.3261888450058537E-01
  183   0.2746862279349926E-01
  184   0.2665598146236725E-01
  185   0.2932245605323636E-01
  186   0.2691077306962797E-01
  187   0.2648720182403475E-01
  188   0.2386808991709022E-01
  189   0.2389640078130073E-01
  190   0.2648896779505372E-01
  191   0.2074209374661196E-01
  192   0.2091082432668634E-01
  193   0.1992200830377200E-01
  194   0.2081720594721137E-01
  195   0.1586284643338398E-01
  196   0.1707576934070798E-01
  197   0.1437078132051561E-01
  198   0.1552524620152285E-01
  199   0.1645603573156507E-01
  200   0.1338349859630894E-01
  201   0.2685651411273859E-03
  202   0.9775702945458153E-04
  203   0.3237998471324888E-03
  204   0.1498242875533906E-03
  205   0.8335535289583085E-04
  206   0.2247592260976594E-03
  207   0.1396266249620304E-03
  208   0.2443199483196379E-03
  209   0.2104796057859071E-03
  210   0.2050252276420972E-03
  211   0.2166113857809959E-03
  212   0.2553833324069332E-03
  213   0.2387228504044936E-03
  214   0.2122379429232435E-03
  215   0.2904066766269420E-03
  216   0.1992308119019848E-03
  217   0.1211229174491457E-03
  218   0.1152192850052414E-03
  219   0.6162511907215062E-04
  220   0.1521869979914658E-03
  221   0.9856880386194256E-04
  222   0.2118469475302920E-03
  223   0.1097616761366327E-03
  224   0.2370782945112504E-03
  225   0.1121309550559113E-03
  226   0.2901471055658522E-03
  227   0.1933715985086293E-03
  228   0.2799467818449530E-03
  229   0.1952513615219864E-03
  230   0.1788627058643133E-03
  231   0.1667087769202658E-03
  232   0.2111507952032854E-03
  233   0.1253450822508162E-03
  234   0.1633873957308518E-03
  235   0.1475751564511407E-03
  236   0.2849026311708691E-03
  237   0.1949637889219202E-03
  238   0.2770747284572828E-03
  239   0.1134697305935628E-03
  240   0.2568028439753345E-03
  241   0.1918494939994186E-03
  242   0.2243492436639904E-03
  243   0.1967948351835336E-03
  244   0.1950170102973381E-03
  245   0.1801397020565476E-03
  246   0.2655921931646876E-03
  247   0.1362159574739286E-03
  248   0.2514208494455161E-03
  249   0.2216577693464616E-03
  250   0.2583490556333778E-03
  251   0.1088619370547272E-03
  252   0.2001119076424640E-03
  253   0.1429578437950330E-03
  254   0.2337196062159874E-03
  255   0.2114399812578327E-03
  256   0.2432726408767572E-03
  257   0.2354631811085639E-03
  258   0.1989789470018266E-03
  259   0.2257223630242056E-03
  260   0.1928882280900490E-03
  261   0.1575281440877596E-03
  262   0.2336759762018303E-03
  263   0.2577474188169004E-03
  264   0.2142114359489078E-03
  265   0.1719537116284808E-03
  266   0.1239913172143003E-03
  267   0.1528641363678362E-03
  268   0.1398868601755199E-03
  269   0.1679942666190648E-03
  270   0.1697860692487230E-03
  271   0.1748664267466893E-03
  272   0.1477082713442490E-03
  273   0.1597168943325289E-03
  274   0.1310261747131669E-03
  275   0.1520922153912529E-03
  276   0.1110773002245269E-03
  277   0.1872478150263257E-03
  278   0.1406820750147753E-03
  279   0.2185624866150593E-03
  280   0.1407042354510391E-03
  281   0.1782671281862491E-03
  282   0.1534451517323232E-03
  283   0.1733274015616737E-03
  284   0.1799473362980586E-03
  285   0.1073963540184630E-03
  286   0.1356655027827669E-03
  287   0.1065655427379131E-03
  288   0.1441111147872931E-03
  289   0.1331872153474967E-03
  290   0.1474421242078083E-03
  291   0.1415118682444039E-03
  292   0.1611182842519154E-03
  293   0.1726196602935270E-03
  294   0.1923542128888234E-03
  295   0.8153858145876214E-04
  296   0.1814406060286489E-03
  297   0.1263869990371091E-03
  298   0.1629764600423744E-03
  299   0.1055203927167736E-03
  300   0.1577882729756896E-03
  301   0.1135759649434354E-03
  302   0.1313741873588681E-03
  303   0.1344945408047193E-03
  304   0.1110816592989061E-03
  305   0.1615997143515902E-03
  306   0.1273341706631292E-03
  307   0.1448005087757998E-03
  308   0.1369149722788565E-03
  309   0.1482996663011438E-03
  310   0.1811367327192448E-03
  311   0.1679665977394884E-03
  312   0.1582599133695961E-03
  313   0.1909615551538568E-03
  314   0.1701058006695622E-03
  315   0.1846800025508410E-03
  316   0.1438636387988690E-03
  317   0.1708100849439065E-03
  318   0.1958437122231982E-03
  319   0.1530489147928416E-03
  320   0.1565638835561711E-03
  321   0.1653460655133276E-03
  322   0.2070947894997621E-03
  323   0.1858793769460854E-03
  324   0.1803447151216275E-03
  325   0.1710925064376534E-03
  326   0.1599121013896865E-03
  327   0.1857068476310841E-03
  328   0.1615771100164087E-03
  329   0.1924990228217849E-03
  330   0.1549883760077475E-03
  331   0.1879005766925179E-03
  332   0.1872634187328470E-03
  333   0.1993021988272170E-03
  334   0.1829730842338451E-03
  335   0.2200966409585670E-03
  336   0.1873461715904412E-03
  337   0.1914734453505318E-03
  338   0.2055285149892006E-03
  339   0.1877718542166174E-03
  340   0.2080465404307452E-03
  341   0.1876374508495982E-03
  342   0.2436726937842248E-03
  343   0.1846670492417490E-03
  344   0.2566526708865091E-03
  345   0.1820214755165472E-03
  346   0.2364331209633308E-03
  347   0.1743048252150492E-03
  348   0.2333888932534722E-03
  349   0.1979477244514471E-03
  350   0.2343687006969297E-03
  351   0.1971921439426760E-03
  352   0.2411944844936675E-03
  353   0.2197434605245574E-03
  354   0.2376074162913078E-03
  355   0.2206567005899052E-03
  356   0.2239112904858231E-03
  357   0.2607319420678961E-03
  358   0.2164751328345010E-03
  359   0.2421703978290335E-03
  360   0.2781878464589160E-03
  361   0.2626317036684006E-03
  362   0.2479673600851717E-03
  363   0.2156656069230989E-03
  364   0.2425878122724323E-03
  365   0.2459116128854938E-03
  366   0.2213953197291174E-03
  367   0.2360361067639954E-03
  368   0.2564661611298147E-03
  369   0.2433659811929903E-03
  370   0.2561533821524575E-03
  371   0.2362035202214813E-03
  372   0.2778660552018794E-03
  373   0.2262139081591133E-03
  374   0.3024352689353499E-03
  375   0.2520644478642697E-03
  376   0.3016710297541053E-03
  377   0.2685861394813721E-03
  378   0.3015998276767011E-03
  379   0.3094006729117693E-03
  380   0.3707319219689760E-03
  381   0.3819923627226274E-03
  382   0.4592010805144642E-03
  383   0.4548144148952878E-03
