# nlmax, ncor, nside =         383           1         128
    0   0.3680575864159044E-06
    1   0.6854158521854475E+00
    2   0.8251243238232594E+03
    3   0.8318364020293973E+03
    4   0.2507523494710969E+03
    5   0.1829458324154071E+03
    6   0.1251836361957582E+03
    7   0.8066031022264771E+02
    8   0.5146823699430330E+02
    9   0.2298833107383390E+02
   10   0.3123242362995974E+02
   11   0.4087562682835238E+02
   12   0.2207998912687948E+02
   13   0.1987509038246693E+02
   14   0.2861130106705617E+02
   15   0.2038823595278663E+02
   16   0.2102757464098313E+02
   17   0.1625461926053010E+02
   18   0.2076051223391489E+02
   19   0.1035666140280176E+02
   20   0.1230810974063385E+02
   21   0.1220398623843329E+02
   22   0.1575621058452890E+02
   23   0.1248014060779107E+02
   24   0.1154143652487819E+02
   25   0.1134406215454421E+02
   26   0.8307186928167232E+01
   27   0.6957699346909495E+01
   28   0.7651128623750664E+01
   29   0.7057528597179885E+01
   30   0.5704553401085592E+01
   31   0.7405891967364820E+01
   32   0.5622358838431357E+01
   33   0.5617386626355244E+01
   34   0.4957584021393783E+01
   35   0.6027890518373002E+01
   36   0.5979791210366017E+01
   37   0.3470207090086368E+01
   38   0.4494376925514635E+01
   39   0.4383830796481170E+01
   40   0.3872704821650358E+01
   41   0.4203916407574284E+01
   42   0.3870578944127499E+01
   43   0.3501632964941769E+01
   44   0.2814959996331178E+01
   45   0.3634727832397457E+01
   46   0.3574287855515732E+01
   47   0.3094542892026339E+01
   48   0.2551865836210196E+01
   49   0.3383870594668863E+01
   50   0.2855263317504967E+01
   51   0.2621759543046744E+01
   52   0.2826748276688376E+01
   53   0.2181080883849401E+01
   54   0.2629752836332671E+01
   55   0.2364180181088457E+01
   56   0.2784405578290962E+01
   57   0.2573549747037406E+01
   58   0.1727756267824091E+01
   59   0.1538681713118322E+01
   60   0.1908276401980804E+01
   61   0.1717533595723319E+01
   62   0.2248459683903692E+01
   63   0.2007886485184016E+01
   64   0.2104007756922047E+01
   65   0.1639307988912893E+01
   66   0.1779798754238606E+01
   67   0.1432366991477293E+01
   68   0.1862926936249718E+01
   69   0.1872390042845866E+01
   70   0.1440462307837369E+01
   71   0.1660525577394268E+01
   72   0.1596733274454001E+01
   73   0.1453694398707111E+01
   74   0.1322222661077463E+01
   75   0.9890242916075619E+00
   76   0.1156558664258195E+01
   77   0.1294477786770071E+01
   78   0.1204920826054964E+01
   79   0.1195717411562033E+01
   80   0.1186017255805391E+01
   81   0.1442956580628174E+01
   82   0.9610471160146956E+00
   83   0.9835704515533029E+00
   84   0.9178719796632746E+00
   85   0.1014933495874996E+01
   86   0.9899589879703392E+00
   87   0.1122641556630240E+01
   88   0.8902818645206245E+00
   89   0.9126883798442522E+00
   90   0.8730321745144197E+00
   91   0.8578472973503593E+00
   92   0.8697579237220268E+00
   93   0.7917937473896948E+00
   94   0.7786415222365699E+00
   95   0.6457299702317785E+00
   96   0.8306711552507653E+00
   97   0.6798503772157899E+00
   98   0.6222978564176078E+00
   99   0.8246004287109359E+00
  100   0.6065993146003325E+00
  101   0.7055095910393926E+00
  102   0.5984806931127816E+00
  103   0.7669688791355251E+00
  104   0.5641082862379494E+00
  105   0.5688620501008800E+00
  106   0.6525812206868816E+00
  107   0.4533165131178632E+00
  108   0.5766736669229271E+00
  109   0.4929028314006868E+00
  110   0.4910409617226207E+00
  111   0.4741928213973131E+00
  112   0.4561812856676180E+00
  113   0.3954822332969326E+00
  114   0.3634003900791915E+00
  115   0.4147719072559301E+00
  116   0.3605394479473826E+00
  117   0.4019883887550494E+00
  118   0.3720234776445662E+00
  119   0.3907689286982776E+00
  120   0.3678871976817069E+00
  121   0.3714746946965524E+00
  122   0.3082599576225005E+00
  123   0.3604642283797845E+00
  124   0.3446815896918830E+00
  125   0.3243098736969423E+00
  126   0.3208763878585682E+00
  127   0.2967156685624973E+00
  128   0.2736264622155715E+00
  129   0.2336249629257250E+00
  130   0.2734000056060686E+00
  131   0.2875276254282879E+00
  132   0.2258968743453361E+00
  133   0.2308078143377946E+00
  134   0.2463290177478120E+00
  135   0.2354370077195652E+00
  136   0.2051597196467349E+00
  137   0.1880854266690114E+00
  138   0.2158644927052026E+00
  139   0.1818123190628423E+00
  140   0.1910418093540849E+00
  141   0.1734075087068999E+00
  142   0.1774520573566980E+00
  143   0.1625772474361564E+00
  144   0.1537789455560140E+00
  145   0.1678140885768750E+00
  146   0.1879427087664689E+00
  147   0.1478731201053646E+00
  148   0.1470322170043456E+00
  149   0.1614021629917711E+00
  150   0.1330803482698417E+00
  151   0.1377941144880322E+00
  152   0.1333523159603839E+00
  153   0.1219984119647571E+00
  154   0.1005539470229233E+00
  155   0.1015848690402176E+00
  156   0.1070758808006889E+00
  157   0.1013630149277494E+00
  158   0.1089239647837228E+00
  159   0.1200721263879222E+00
  160   0.7963641851457370E-01
  161   0.8193003806260728E-01
  162   0.9871203972747959E-01
  163   0.8374138442914572E-01
  164   0.7615817050794846E-01
  165   0.9100810074207773E-01
  166   0.8471873943082671E-01
  167   0.7245842961272198E-01
  168   0.7192335122330237E-01
  169   0.7419947614888056E-01
  170   0.7404088860536978E-01
  171   0.7296971474857583E-01
  172   0.5525197844663489E-01
  173   0.6385637738557637E-01
  174   0.5109745832631579E-01
  175   0.5893164100786726E-01
  176   0.6253795593603766E-01
  177   0.5049800049777567E-01
  178   0.5400741888695464E-01
  179   0.4276052913756676E-01
  180   0.5148863580586741E-01
  181   0.4850139877610452E-01
  182   0.4772116309937045E-01
  183   0.4905910101987923E-01
  184   0.3873545066102555E-01
  185   0.3783119266980238E-01
  186   0.3267328407109358E-01
  187   0.3861456460842975E-01
  188   0.3722548699897354E-01
  189   0.3468879979349152E-01
  190   0.3371437609524667E-01
  191   0.2793722297724322E-01
  192   0.2955211603685238E-01
  193   0.3010546759904738E-01
  194   0.3386122094699864E-01
  195   0.2792407376905555E-01
  196   0.2461388529321382E-01
  197   0.2394926178859388E-01
  198   0.2318498328486012E-01
  199   0.2255993362828336E-01
  200   0.2261785048353437E-01
  201   0.8550351595976061E-02
  202   0.8118422057600758E-02
  203   0.7857153629203500E-02
  204   0.7667334355181345E-02
  205   0.7779382617832719E-02
  206   0.6702130193991736E-02
  207   0.6696402085558367E-02
  208   0.6536850450172000E-02
  209   0.6398548041269164E-02
  210   0.6077837394093465E-02
  211   0.6690459677869597E-02
  212   0.6186151779911646E-02
  213   0.7200523346039302E-02
  214   0.5551076328636064E-02
  215   0.6627331105497449E-02
  216   0.5593404191731547E-02
  217   0.6026664632169641E-02
  218   0.5322090518846528E-02
  219   0.5972207711376128E-02
  220   0.4939254269454510E-02
  221   0.6202635745129367E-02
  222   0.4744255101776756E-02
  223   0.5689806403579599E-02
  224   0.4762000114746446E-02
  225   0.5371558161071485E-02
  226   0.4818685390711125E-02
  227   0.4511429010622804E-02
  228   0.4384981531556285E-02
  229   0.4786368441989875E-02
  230   0.4878597611044174E-02
  231   0.4661281342124126E-02
  232   0.4818731896811876E-02
  233   0.4615958692864907E-02
  234   0.5016967096937882E-02
  235   0.4700579887777443E-02
  236   0.5130626604278638E-02
  237   0.4667292096071962E-02
  238   0.4381125055847802E-02
  239   0.4593991487126630E-02
  240   0.3575657069260561E-02
  241   0.4241474244736895E-02
  242   0.3356832845517905E-02
  243   0.3910525752257735E-02
  244   0.3425689830334269E-02
  245   0.3578777512915976E-02
  246   0.2933753963729101E-02
  247   0.3701061395299126E-02
  248   0.2933096339584126E-02
  249   0.3611613173241575E-02
  250   0.2716266394334021E-02
  251   0.3337045924402681E-02
  252   0.2777582175193741E-02
  253   0.2980706199354057E-02
  254   0.2736383971130119E-02
  255   0.2661448977773313E-02
  256   0.2310669607012549E-02
  257   0.2582803997457708E-02
  258   0.2248331489013263E-02
  259   0.2338506872344316E-02
  260   0.2316044112367410E-02
  261   0.2261644083995451E-02
  262   0.2192010865151155E-02
  263   0.2281916352479664E-02
  264   0.2232043797561365E-02
  265   0.2218231725458083E-02
  266   0.2037248652731017E-02
  267   0.2022256767273837E-02
  268   0.1932247258116536E-02
  269   0.1940698146387051E-02
  270   0.1974503664106233E-02
  271   0.1915214735170252E-02
  272   0.1965337094607813E-02
  273   0.1933932276481596E-02
  274   0.1780425958984917E-02
  275   0.1971462237283622E-02
  276   0.1696188021619766E-02
  277   0.1852731253959892E-02
  278   0.1633119553616169E-02
  279   0.1733242774837274E-02
  280   0.1625986037304272E-02
  281   0.1526448217365899E-02
  282   0.1555053576782871E-02
  283   0.1389487463438470E-02
  284   0.1453362239387176E-02
  285   0.1354091021498833E-02
  286   0.1484512504294294E-02
  287   0.1274559577259604E-02
  288   0.1394904639025155E-02
  289   0.1271267594385908E-02
  290   0.1368193015799628E-02
  291   0.1263415654521829E-02
  292   0.1296459873670566E-02
  293   0.1217248757454889E-02
  294   0.1346132498750622E-02
  295   0.1225823441977752E-02
  296   0.1190605647763843E-02
  297   0.1154570025905719E-02
  298   0.1176428311783901E-02
  299   0.1166024196869981E-02
  300   0.1132580489540635E-02
  301   0.1150457279071094E-02
  302   0.1034307694109283E-02
  303   0.1171246848133493E-02
  304   0.1075653766901892E-02
  305   0.1074399462785804E-02
  306   0.1035592521713868E-02
  307   0.1055060177847586E-02
  308   0.9801077135072934E-03
  309   0.1011031627475572E-02
  310   0.1008098919390928E-02
  311   0.9626456990795595E-03
  312   0.9510464268220881E-03
  313   0.9461480773314637E-03
  314   0.9057427200470110E-03
  315   0.1017311318045853E-02
  316   0.9126268466975362E-03
  317   0.8471534695756132E-03
  318   0.8828856032924712E-03
  319   0.7771363585567343E-03
  320   0.8751376700942274E-03
  321   0.7366819328820804E-03
  322   0.8332880075793949E-03
  323   0.7051016539350385E-03
  324   0.7492822619282668E-03
  325   0.7413893074780012E-03
  326   0.7003475719879236E-03
  327   0.8111225370592401E-03
  328   0.6835266515145963E-03
  329   0.7538779601391146E-03
  330   0.6631417872567687E-03
  331   0.6883256010738817E-03
  332   0.6396532808786479E-03
  333   0.6472907230823731E-03
  334   0.6226411803863379E-03
  335   0.6248961671495337E-03
  336   0.6037883208298786E-03
  337   0.6026956631668132E-03
  338   0.5597047776277503E-03
  339   0.5908461643285899E-03
  340   0.5757936488989542E-03
  341   0.5791493829674897E-03
  342   0.5649978359896639E-03
  343   0.5928002646830887E-03
  344   0.5412366475095385E-03
  345   0.5409224189582513E-03
  346   0.4982099246635599E-03
  347   0.5275104180023470E-03
  348   0.5732267832769610E-03
  349   0.4763459885654494E-03
  350   0.5128466182766924E-03
  351   0.4526394376183987E-03
  352   0.4871783010425434E-03
  353   0.4531628310239800E-03
  354   0.4960332074869641E-03
  355   0.4418366341186357E-03
  356   0.4618022619808374E-03
  357   0.4598145509626987E-03
  358   0.4687069446731327E-03
  359   0.4626164495394891E-03
  360   0.4446355214123733E-03
  361   0.4293628011031669E-03
  362   0.4349399692511738E-03
  363   0.4384801447278835E-03
  364   0.4254292877868156E-03
  365   0.4074342322383244E-03
  366   0.3897808650017920E-03
  367   0.4203074450543976E-03
  368   0.4031261234071564E-03
  369   0.4058266047492369E-03
  370   0.3807317457099118E-03
  371   0.4313558733403943E-03
  372   0.4032334396622123E-03
  373   0.3924045824260089E-03
  374   0.3796789547250655E-03
  375   0.3983228058650337E-03
  376   0.4040687026139061E-03
  377   0.3902492293732477E-03
  378   0.3656957586159548E-03
  379   0.3711129902609762E-03
  380   0.3887624534147581E-03
  381   0.3784353364746812E-03
  382   0.3591285099251638E-03
  383   0.4004237592724022E-03
