# nlmax, ncor, nside =         383           1         128
    0   0.5982470286421439E+02
    1  -0.7509871682681093E+01
    2   0.5757107355378901E+03
    3   0.1624955732350248E+03
    4   0.1455119029845550E+03
    5   0.1043348399305394E+03
    6   0.1764124747822689E+03
    7   0.1141211208135206E+03
    8   0.7899227701593843E+02
    9   0.8742774709930204E+02
   10   0.3064441006352773E+02
   11   0.6088493335839343E+02
   12   0.2426838142602263E+02
   13   0.2190277440131275E+02
   14   0.2427187117477990E+02
   15   0.1936179880662599E+02
   16   0.2458955651957677E+02
   17   0.2460406686890954E+02
   18   0.1203187347101293E+02
   19   0.6225595762248205E+01
   20   0.7773500772629734E+01
   21   0.1329447874864115E+02
   22   0.1339835168361353E+02
   23   0.1303928813468203E+02
   24   0.8310139228229765E+01
   25   0.7178278810613407E+01
   26   0.6843020065508818E+01
   27   0.6353033607890262E+01
   28   0.8249090930273276E+01
   29   0.6218117050926018E+01
   30   0.5137473260336542E+01
   31   0.5140656572999546E+01
   32   0.5670960153778760E+01
   33   0.5594645997170505E+01
   34   0.3978270375615129E+01
   35   0.4590866256465103E+01
   36   0.4313926154122248E+01
   37   0.3922911290407926E+01
   38   0.5737499945725467E+01
   39   0.4042319662820638E+01
   40   0.4356344764052413E+01
   41   0.4196343706395304E+01
   42   0.5831574713736728E+01
   43   0.4279084847948990E+01
   44   0.4072873284111055E+01
   45   0.3125650476549159E+01
   46   0.2598256699312414E+01
   47   0.2913175597190206E+01
   48   0.2911434811123506E+01
   49   0.3926549900071947E+01
   50   0.2411074344208987E+01
   51   0.2268389987356361E+01
   52   0.2867366494063345E+01
   53   0.2148332711270198E+01
   54   0.3231187189766280E+01
   55   0.2260431569503977E+01
   56   0.1387771166003120E+01
   57   0.2545443712274636E+01
   58   0.1964582281669821E+01
   59   0.1707178203018066E+01
   60   0.1897127248304344E+01
   61   0.1602283845683350E+01
   62   0.1850876053989436E+01
   63   0.1687640739035090E+01
   64   0.1803866267785371E+01
   65   0.1005219711212617E+01
   66   0.1436826644037053E+01
   67   0.1405452572635416E+01
   68   0.1659847418334328E+01
   69   0.1449675683167464E+01
   70   0.1264028140559202E+01
   71   0.1515011221396813E+01
   72   0.1533420753595344E+01
   73   0.1313359447267428E+01
   74   0.1469431802317713E+01
   75   0.1303795451267355E+01
   76   0.1369261664886601E+01
   77   0.1212814649128122E+01
   78   0.1189205312977200E+01
   79   0.1166918342865636E+01
   80   0.1267107797595983E+01
   81   0.1020894211836040E+01
   82   0.8441258057428052E+00
   83   0.7614825743086771E+00
   84   0.9462128033348223E+00
   85   0.9381075332314242E+00
   86   0.8718198822541827E+00
   87   0.5597768170102215E+00
   88   0.9021052016806697E+00
   89   0.8753815743650650E+00
   90   0.7090477871840399E+00
   91   0.8098603050434396E+00
   92   0.7437857985613328E+00
   93   0.5240403724431120E+00
   94   0.6834183257000739E+00
   95   0.7338629442380096E+00
   96   0.6043170642476912E+00
   97   0.7299566405915536E+00
   98   0.5817281119700806E+00
   99   0.5672418513176123E+00
  100   0.6376841592730309E+00
  101   0.5858348251892402E+00
  102   0.5544353761491990E+00
  103   0.4228105542384657E+00
  104   0.5621422778942778E+00
  105   0.3717930475416671E+00
  106   0.5230165603599016E+00
  107   0.4668139322926033E+00
  108   0.4347475082161650E+00
  109   0.4711008370922063E+00
  110   0.4240372964368967E+00
  111   0.4945744844460003E+00
  112   0.4218945006124148E+00
  113   0.3804184859789368E+00
  114   0.4043576385096624E+00
  115   0.3844901744293883E+00
  116   0.5427175908564509E+00
  117   0.3893555220891457E+00
  118   0.3103394246215202E+00
  119   0.3136910751611235E+00
  120   0.2677481462792154E+00
  121   0.2461751438777681E+00
  122   0.3229674148494188E+00
  123   0.2493750018119704E+00
  124   0.2661770608415767E+00
  125   0.2564757481998099E+00
  126   0.2473134454998811E+00
  127   0.3115537927724283E+00
  128   0.2245231683009422E+00
  129   0.2215625308904835E+00
  130   0.2046882812465994E+00
  131   0.2152175850744263E+00
  132   0.2820781968683621E+00
  133   0.2043333445220253E+00
  134   0.1882921392027462E+00
  135   0.1645545529936879E+00
  136   0.1799757106189787E+00
  137   0.1919417890138960E+00
  138   0.2241937156706527E+00
  139   0.2028520372733754E+00
  140   0.1643666338760441E+00
  141   0.1551754472676731E+00
  142   0.1489150039931711E+00
  143   0.1355668884452806E+00
  144   0.1368310496844927E+00
  145   0.1609931210422169E+00
  146   0.1372881382895912E+00
  147   0.1556097837161354E+00
  148   0.1077580461316353E+00
  149   0.1092145888169475E+00
  150   0.1168731909394163E+00
  151   0.1262493867350523E+00
  152   0.1220150282952081E+00
  153   0.1011207100065542E+00
  154   0.1069920266012856E+00
  155   0.9697364805715036E-01
  156   0.9070336558674352E-01
  157   0.8454619344686698E-01
  158   0.8767850231730701E-01
  159   0.6551816219691653E-01
  160   0.8796276145891591E-01
  161   0.6343114433938501E-01
  162   0.8596164070387924E-01
  163   0.6553879642808680E-01
  164   0.7348670484480468E-01
  165   0.7206165047285473E-01
  166   0.5870673534721804E-01
  167   0.6226610804292665E-01
  168   0.5733094551087725E-01
  169   0.4541913341196024E-01
  170   0.5864096915697348E-01
  171   0.4464308756463309E-01
  172   0.4635716091990028E-01
  173   0.5688580511476471E-01
  174   0.4619123107644940E-01
  175   0.4675768458845064E-01
  176   0.3991978935856144E-01
  177   0.4122923286875224E-01
  178   0.4322630561211116E-01
  179   0.2626103368104515E-01
  180   0.3431692125961006E-01
  181   0.3327695769733896E-01
  182   0.3366322161085022E-01
  183   0.3252587208193558E-01
  184   0.2688028515693786E-01
  185   0.2421625829601026E-01
  186   0.3097514615443653E-01
  187   0.2686002597436010E-01
  188   0.2060338971420494E-01
  189   0.2052895183318004E-01
  190   0.2202060843172748E-01
  191   0.1463585619458907E-01
  192   0.2057759318544650E-01
  193   0.2399789175013811E-01
  194   0.1497795029852389E-01
  195   0.1426847305516488E-01
  196   0.1175904728568522E-01
  197   0.1363579643988222E-01
  198   0.1356025963333185E-01
  199   0.1259979611897410E-01
  200   0.1583694733111729E-01
  201   0.1003365597579076E-02
  202   0.5885690062124027E-04
  203   0.9098096745013828E-03
  204   0.2065898474921890E-02
  205   0.3420202087117685E-03
  206  -0.1748061209806417E-02
  207  -0.2996272712275649E-03
  208   0.1983933690224982E-03
  209  -0.1426257832249922E-03
  210   0.8867729947148462E-04
  211   0.1108618741520795E-02
  212  -0.1781112091189252E-03
  213   0.2772354187086101E-03
  214   0.7460465562461049E-03
  215  -0.7784992788074652E-03
  216  -0.4024430905041898E-03
  217  -0.6958141380181138E-03
  218  -0.2822010422750543E-03
  219   0.3616017501298918E-03
  220  -0.1892113820670671E-03
  221  -0.1275578744935890E-03
  222   0.2268057814629465E-03
  223  -0.2651180659049013E-03
  224  -0.4300009152695683E-03
  225  -0.2380164708402077E-03
  226  -0.9370028970102640E-03
  227  -0.1657392584973882E-03
  228  -0.8805437918503189E-03
  229  -0.7368882351221906E-04
  230   0.7180574832643671E-04
  231  -0.5169512870640824E-03
  232  -0.1627746900209059E-03
  233  -0.2610789768618949E-03
  234   0.3516427797559674E-03
  235  -0.2338036285443046E-03
  236   0.1110033709541547E-03
  237  -0.2294603630136338E-03
  238  -0.3966744465588867E-04
  239   0.8587665919079779E-04
  240  -0.2778088849962890E-03
  241  -0.4081465104717186E-03
  242  -0.1303748447906150E-03
  243   0.6264686103083505E-03
  244  -0.2580931982922863E-03
  245  -0.5940832262626428E-03
  246  -0.1766391419092406E-03
  247  -0.9416342348900208E-04
  248   0.1415765594168228E-03
  249   0.2512977038992004E-03
  250   0.1251543539393385E-03
  251  -0.3072332951231660E-03
  252  -0.3616554821186391E-03
  253  -0.2841576647437671E-03
  254  -0.2071163727537240E-03
  255   0.3588728766430460E-03
  256  -0.1241683786560310E-03
  257  -0.2924289509548816E-03
  258  -0.1796798129413690E-03
  259  -0.3173353096480591E-04
  260  -0.5907375417424365E-04
  261  -0.7837119243470081E-04
  262   0.2015282794176620E-04
  263  -0.1037567341444223E-03
  264  -0.1618371637351901E-04
  265  -0.7952350469320191E-04
  266   0.6795586929486674E-04
  267   0.4075273325928608E-03
  268  -0.4555855163124178E-06
  269   0.7623627008085387E-04
  270  -0.8213428808717671E-04
  271  -0.1637028033947829E-03
  272  -0.1822493376354428E-03
  273  -0.1069825988014306E-03
  274   0.3717787222526359E-03
  275  -0.1182890136841586E-04
  276   0.3200154726833437E-03
  277  -0.2169155261466660E-04
  278  -0.9531507322507737E-04
  279   0.1355242402529266E-03
  280  -0.1246561929826306E-03
  281  -0.7201409817747528E-05
  282   0.2979826280932185E-03
  283   0.1195514190511782E-03
  284   0.4328674746602035E-03
  285   0.1826069552129939E-03
  286   0.1082395221916888E-03
  287   0.2450429570509116E-03
  288   0.2948626241960350E-03
  289   0.4663236473101962E-03
  290   0.4176713588363024E-03
  291  -0.1515021333706734E-03
  292   0.1389957670178132E-03
  293  -0.4370570624545600E-04
  294   0.2874486507653540E-05
  295   0.6821796224992793E-04
  296   0.2241414728619273E-03
  297   0.1255955293217870E-03
  298   0.1829543491432828E-04
  299   0.3203982051813714E-04
  300   0.1737675676939943E-03
  301   0.3181969696387510E-03
  302   0.4918828463539304E-03
  303   0.3040190337098569E-03
  304   0.1690660463671279E-03
  305   0.7127521284394644E-04
  306   0.1730868340454883E-03
  307   0.5806398272546476E-03
  308   0.2908463830858521E-03
  309   0.3378769384952407E-03
  310   0.3294088385727423E-03
  311   0.3866766198429294E-03
  312   0.4954181041944006E-04
  313  -0.2869011109252195E-04
  314   0.2751732214947844E-03
  315  -0.1133359130512379E-03
  316   0.2726347485325076E-03
  317   0.5445869751386501E-03
  318   0.3563432614914763E-03
  319   0.1057042741538783E-03
  320   0.1977862711293188E-03
  321   0.4230624935890326E-03
  322   0.3012322184069438E-03
  323   0.3671203840691917E-03
  324   0.3694190064171265E-03
  325   0.6409775268164386E-03
  326   0.2688894047606916E-03
  327   0.3443927207110453E-03
  328   0.2004605733461062E-03
  329   0.2530878562249650E-03
  330   0.4871196637835640E-03
  331   0.5634669555565630E-03
  332   0.3012555043412357E-03
  333   0.3754428836206802E-03
  334   0.2209136801010481E-03
  335   0.2539864934992531E-03
  336   0.2297787824510344E-03
  337   0.3535904711197690E-03
  338   0.4396845846761643E-03
  339   0.4635415445562729E-03
  340   0.1109820126256322E-03
  341   0.4566453343352594E-03
  342   0.2250714787790375E-03
  343   0.1522049900572753E-03
  344   0.4374126170432757E-03
  345   0.3746139941398496E-03
  346   0.3460790060170471E-03
  347   0.1829337661336250E-03
  348   0.2157634737157688E-03
  349   0.5737483190369208E-03
  350   0.4154734906993418E-03
  351   0.3030201115796632E-03
  352   0.6768231554487303E-03
  353   0.4632636400371537E-03
  354   0.3206395531108741E-03
  355   0.5732351887169224E-03
  356   0.3542154201733316E-03
  357   0.6492158257425801E-03
  358   0.4998580264760077E-03
  359   0.7439643800229989E-03
  360   0.5456301107143180E-03
  361   0.8726860543634002E-03
  362   0.9021129164496072E-03
  363   0.7722429640883988E-03
  364   0.7220082131818018E-03
  365   0.8122826602302985E-03
  366   0.9468469926400963E-03
  367   0.7444911150758515E-03
  368   0.7884033678330418E-03
  369   0.8401380392398378E-03
  370   0.1043175199040396E-02
  371   0.9638029842277268E-03
  372   0.9592301521710450E-03
  373   0.1055586223064203E-02
  374   0.1011165155250439E-02
  375   0.1049291617267072E-02
  376   0.1112919517902287E-02
  377   0.1375596452938062E-02
  378   0.1329584799999336E-02
  379   0.1303663854078197E-02
  380   0.1435811954789600E-02
  381   0.1844299285967648E-02
  382   0.1887909938385944E-02
  383   0.2021439782270837E-02
