# nlmax, ncor, nside =         383           1         128
    0  -0.7584208651833171E+02
    1  -0.9338923267546838E+02
    2   0.3387595548603177E+03
    3   0.9543455909567554E+03
    4   0.4388383128879958E+03
    5   0.5896312413969387E+02
    6   0.1082229109619671E+03
    7   0.7632213277828534E+02
    8   0.9101064728873094E+02
    9   0.4801619206876015E+02
   10   0.2744867386269693E+02
   11   0.4161137539035079E+02
   12   0.4776744503097699E+02
   13   0.4063215663293249E+02
   14   0.2566395238941320E+02
   15   0.2570811929946378E+02
   16   0.1685143113440829E+02
   17   0.8980556010939447E+01
   18   0.1543531142786673E+02
   19   0.1463252086533277E+02
   20   0.6017463164647277E+01
   21   0.1073727288799290E+02
   22   0.4743908838941275E+01
   23   0.7451573807376164E+01
   24   0.1025336536691566E+02
   25   0.8183047383663638E+01
   26   0.6362938839393929E+01
   27   0.6862168067767270E+01
   28   0.9557829021089990E+01
   29   0.6387028266350164E+01
   30   0.5573674908951368E+01
   31   0.5928028776788696E+01
   32   0.4871625946012328E+01
   33   0.5862148357049151E+01
   34   0.4959215032987077E+01
   35   0.6530767582729713E+01
   36   0.3914275543173208E+01
   37   0.4240868402987467E+01
   38   0.4445497954264553E+01
   39   0.3706143124755060E+01
   40   0.2480584533313549E+01
   41   0.2916411430028971E+01
   42   0.2231388566994300E+01
   43   0.4941597578650585E+01
   44   0.4919870829965156E+01
   45   0.2894532499320441E+01
   46   0.4068582262603796E+01
   47   0.2537546185405657E+01
   48   0.2891495526639960E+01
   49   0.2777404305363050E+01
   50   0.2154266811653908E+01
   51   0.1785032322413412E+01
   52   0.2537690162943951E+01
   53   0.2480295378448811E+01
   54   0.1833749518767219E+01
   55   0.2378010319165429E+01
   56   0.2046443720626006E+01
   57   0.2691244571206307E+01
   58   0.1787288113158978E+01
   59   0.2005086233312810E+01
   60   0.1895394147543993E+01
   61   0.2907445642670094E+01
   62   0.1738007875866771E+01
   63   0.2177863860457083E+01
   64   0.1817074404313123E+01
   65   0.1658964483046282E+01
   66   0.1389229871859561E+01
   67   0.1936227559033973E+01
   68   0.1451241012273369E+01
   69   0.1590182787663251E+01
   70   0.1245246540417703E+01
   71   0.1312780035820448E+01
   72   0.1462795142736785E+01
   73   0.8798509850739071E+00
   74   0.1170812570167233E+01
   75   0.1184971826500273E+01
   76   0.1230032628740099E+01
   77   0.9689719051258479E+00
   78   0.1009112659956724E+01
   79   0.1018499957837429E+01
   80   0.1062771948927864E+01
   81   0.1173890701806838E+01
   82   0.9924190017616443E+00
   83   0.8866346322314111E+00
   84   0.7719996632263035E+00
   85   0.7129121716890225E+00
   86   0.1104273576892389E+01
   87   0.7967448488530677E+00
   88   0.6768250093801453E+00
   89   0.8436780595538620E+00
   90   0.7547503671574272E+00
   91   0.7945032247506389E+00
   92   0.1028937854213838E+01
   93   0.6411939929853230E+00
   94   0.6975355422637777E+00
   95   0.7276963213040386E+00
   96   0.5069817721828824E+00
   97   0.7024543482339127E+00
   98   0.6547326724523534E+00
   99   0.5832133251563456E+00
  100   0.4903743687404878E+00
  101   0.4890739404740987E+00
  102   0.6424435632048699E+00
  103   0.4351322377605873E+00
  104   0.5745939715181432E+00
  105   0.7167246214364005E+00
  106   0.4317736211940268E+00
  107   0.4979384243746570E+00
  108   0.5353735499803438E+00
  109   0.4498348234316019E+00
  110   0.3972810938917026E+00
  111   0.3493551260423566E+00
  112   0.3825378655415379E+00
  113   0.3908581495790067E+00
  114   0.3433410800851711E+00
  115   0.4122306314371236E+00
  116   0.2683486928255439E+00
  117   0.3743925343693015E+00
  118   0.4727582368138672E+00
  119   0.3154531246217939E+00
  120   0.2886633523457381E+00
  121   0.2831039125884964E+00
  122   0.3610109724851337E+00
  123   0.2632341869119962E+00
  124   0.2278888243477282E+00
  125   0.2558092536381071E+00
  126   0.3173758354274352E+00
  127   0.2873888051364036E+00
  128   0.2512887476508782E+00
  129   0.2192363568746847E+00
  130   0.2626609039211242E+00
  131   0.2103018166220469E+00
  132   0.1763574999453469E+00
  133   0.2404974877296502E+00
  134   0.2107214079824428E+00
  135   0.1986985237301879E+00
  136   0.1973559340166396E+00
  137   0.2000838637249365E+00
  138   0.1414363661190567E+00
  139   0.1862031554608561E+00
  140   0.1935973900124115E+00
  141   0.1323431516722523E+00
  142   0.1210410934106957E+00
  143   0.1709702187810969E+00
  144   0.1682917933760112E+00
  145   0.1416766460507154E+00
  146   0.1372755226003127E+00
  147   0.1248755255249711E+00
  148   0.1289679854260175E+00
  149   0.1060786772869126E+00
  150   0.1005981362953428E+00
  151   0.1357158582789941E+00
  152   0.8584970979170636E-01
  153   0.1165378771383900E+00
  154   0.8942676744378553E-01
  155   0.9851068821890263E-01
  156   0.1017923966410182E+00
  157   0.1097026295015801E+00
  158   0.5849028146978119E-01
  159   0.8694508643176191E-01
  160   0.7216210339638085E-01
  161   0.6231759552254901E-01
  162   0.6360533245593225E-01
  163   0.7595852737320163E-01
  164   0.5986927925160723E-01
  165   0.6943558718421039E-01
  166   0.5930625754177787E-01
  167   0.6052472436015344E-01
  168   0.6965907343680633E-01
  169   0.6246412083066266E-01
  170   0.5587509710861138E-01
  171   0.5169692723276809E-01
  172   0.5313979173583461E-01
  173   0.5550521171964884E-01
  174   0.4439104828051565E-01
  175   0.4072923157128638E-01
  176   0.5104633028754191E-01
  177   0.3669918069060629E-01
  178   0.3847080679030579E-01
  179   0.3582576681301519E-01
  180   0.3197857930172943E-01
  181   0.3076392057816113E-01
  182   0.3235916459775734E-01
  183   0.2406666445653838E-01
  184   0.3581567191842638E-01
  185   0.3274416678304515E-01
  186   0.2878003361343706E-01
  187   0.2695238817442647E-01
  188   0.2343156331865315E-01
  189   0.2247259598751328E-01
  190   0.2067251355639366E-01
  191   0.1762151572611692E-01
  192   0.2388560156738639E-01
  193   0.1419536476909611E-01
  194   0.1578716167884109E-01
  195   0.2070446236006318E-01
  196   0.1894337531738732E-01
  197   0.1601357942822379E-01
  198   0.1441590336106857E-01
  199   0.1527556359634141E-01
  200   0.1315528370128294E-01
  201  -0.1579873256408515E-02
  202  -0.1260425629514117E-02
  203   0.5308220496311744E-03
  204  -0.1413898684336390E-02
  205   0.5949864281244999E-03
  206  -0.1158081857162263E-02
  207  -0.3385374058357815E-03
  208  -0.8980931111880475E-03
  209  -0.1162648418297940E-02
  210  -0.1645228416505495E-02
  211  -0.7682564792107494E-03
  212  -0.9959588765708904E-03
  213  -0.7387293662375338E-04
  214   0.2092192548847072E-03
  215  -0.6643092195544043E-03
  216  -0.4016977317871095E-03
  217  -0.7599329325400639E-03
  218  -0.8872275271896157E-03
  219  -0.7599539412297407E-03
  220  -0.5036063031320648E-03
  221  -0.8941285263629473E-03
  222  -0.4922764877086649E-03
  223  -0.3231538956114388E-03
  224  -0.5685121146203898E-04
  225  -0.9720328906274167E-03
  226  -0.5304115569515488E-03
  227  -0.2453740613431732E-03
  228  -0.6281419983645842E-03
  229  -0.2828854268752679E-03
  230   0.3047372825445427E-03
  231  -0.3763286554688827E-03
  232  -0.2463025235521776E-03
  233  -0.4724240423450432E-03
  234   0.2653474184405313E-03
  235  -0.7694023266380245E-04
  236  -0.7218008619992444E-03
  237   0.1522638737436743E-03
  238   0.1283643737760576E-03
  239  -0.3865915679394094E-03
  240  -0.8171693962777393E-04
  241  -0.2004054880606621E-03
  242  -0.3760334804556731E-03
  243  -0.3650657178976280E-03
  244  -0.4071328572617938E-03
  245  -0.2744242570229538E-03
  246   0.2780568953064666E-04
  247   0.1471997532696001E-03
  248  -0.4734625848421548E-03
  249  -0.1989981729382251E-03
  250  -0.2827869856774079E-03
  251   0.1404407677191299E-03
  252  -0.4255343765309227E-03
  253  -0.5853394831658587E-03
  254  -0.3514849125798580E-03
  255   0.2524083635837560E-03
  256  -0.7308576738994654E-03
  257  -0.3553607980035789E-03
  258  -0.2727334712979701E-03
  259   0.1619367883407552E-03
  260  -0.2414137693838025E-03
  261  -0.3001086518755747E-03
  262   0.1299179530334094E-03
  263  -0.9780113634139109E-04
  264  -0.5444805215133464E-03
  265   0.1067979493073468E-03
  266   0.1159757526988936E-03
  267  -0.1197836664654228E-03
  268  -0.3210124497446953E-03
  269  -0.6268160867599071E-03
  270   0.1869858968601146E-03
  271   0.3902635349902761E-03
  272  -0.2617699385398242E-03
  273  -0.6666916741865370E-04
  274   0.2303599927995226E-03
  275  -0.4042331885402151E-03
  276   0.2140536533092319E-03
  277   0.3171677290752517E-03
  278  -0.1000930493972874E-03
  279  -0.1364128773346240E-03
  280   0.2073077244448274E-03
  281  -0.2124034903175365E-03
  282   0.3843391820935738E-03
  283  -0.1602381881677384E-03
  284   0.6722398343229075E-03
  285   0.2500014328181699E-03
  286   0.4043675800480262E-05
  287  -0.4434195123315110E-04
  288  -0.4217154438040938E-04
  289  -0.1547193186329232E-03
  290   0.2802798553113717E-03
  291   0.8605975707554059E-04
  292   0.1486508560655242E-03
  293  -0.1232315504329229E-03
  294  -0.9150938344393289E-04
  295   0.2299693644881029E-03
  296   0.3438838258027488E-03
  297   0.1656197964716721E-04
  298   0.8804103858317536E-04
  299   0.2527223117462229E-03
  300  -0.2400188922367930E-03
  301   0.3261161364737086E-04
  302   0.3583158706182976E-03
  303   0.2925445842023588E-03
  304   0.8803555460368262E-04
  305   0.1844891116160596E-03
  306   0.2803855620583939E-03
  307  -0.4590470812265712E-04
  308   0.2858784582340790E-03
  309   0.4589550263615072E-03
  310   0.3173414121724893E-03
  311  -0.2663068214459052E-04
  312   0.6214461358017287E-04
  313   0.2366047893352929E-03
  314   0.1198835219742289E-03
  315   0.1757396667589894E-04
  316   0.2428077990395128E-03
  317   0.3654417544040056E-03
  318   0.9349144267217779E-04
  319   0.2513514870756128E-03
  320  -0.4459067529977156E-04
  321   0.2777359409841806E-03
  322   0.5111864411623812E-03
  323   0.3846868684210802E-03
  324   0.4448548533742547E-03
  325   0.1431073979989705E-03
  326   0.5787870344256540E-04
  327   0.1564456594218000E-03
  328   0.1708357632200230E-03
  329   0.3740462232170727E-03
  330   0.6116882980189420E-03
  331   0.3535265454437109E-03
  332   0.4116272025881940E-03
  333   0.4361529340315973E-03
  334   0.2371323569661798E-03
  335   0.3911865025332251E-03
  336   0.7996872608809213E-04
  337   0.2867738581974755E-03
  338   0.2985214638949185E-03
  339   0.4105921970043447E-03
  340   0.1414914297683811E-03
  341   0.3473511914381389E-03
  342   0.2637029718516593E-03
  343   0.1692810464005712E-03
  344   0.3707043836981005E-03
  345   0.2562853864260528E-03
  346   0.5826145138653760E-03
  347   0.2907588507926051E-03
  348   0.5722590102952285E-03
  349   0.3418086990438496E-03
  350   0.6905015993450281E-03
  351   0.1634952234730591E-03
  352   0.4588518150149545E-03
  353   0.4480017604562847E-03
  354   0.3943100190827165E-03
  355   0.3562314128982697E-03
  356   0.3170567209648673E-03
  357   0.5119528482360053E-03
  358   0.6031131075592000E-03
  359   0.4599232677600790E-03
  360   0.4721784271519563E-03
  361   0.5489014970632144E-03
  362   0.4501891711952560E-03
  363   0.5095415682803556E-03
  364   0.7776307394006671E-03
  365   0.8501351430077603E-03
  366   0.4984576988969064E-03
  367   0.7373680725662884E-03
  368   0.9000252156356331E-03
  369   0.7215207785712593E-03
  370   0.8803957807030222E-03
  371   0.8447590424420157E-03
  372   0.1000033112130302E-02
  373   0.9302612854288558E-03
  374   0.9389137015626131E-03
  375   0.8974098056157218E-03
  376   0.1306319422865992E-02
  377   0.1154894399236179E-02
  378   0.1198928239898381E-02
  379   0.1380352753983970E-02
  380   0.1272506421233381E-02
  381   0.1575772471133030E-02
  382   0.2241597332350161E-02
  383   0.2157053682438625E-02
