# nlmax, ncor, nside =         383           1         128
    0  -0.7750641652590745E+02
    1  -0.9350235439617337E+02
    2   0.3412155610140117E+03
    3   0.9543284576687558E+03
    4   0.4392534154012478E+03
    5   0.5902030332238597E+02
    6   0.1079991642358204E+03
    7   0.7625797777223993E+02
    8   0.9084490363129110E+02
    9   0.4797785915085610E+02
   10   0.2780900433098334E+02
   11   0.4168382770809645E+02
   12   0.4784564983021983E+02
   13   0.4061179242322898E+02
   14   0.2559582180093265E+02
   15   0.2568870314581404E+02
   16   0.1688235720744592E+02
   17   0.8978143975830054E+01
   18   0.1542127910570301E+02
   19   0.1461658647279914E+02
   20   0.6018957346757157E+01
   21   0.1074222023096920E+02
   22   0.4744287246828859E+01
   23   0.7441719086157446E+01
   24   0.1025875445923160E+02
   25   0.8181664419190207E+01
   26   0.6364772287948472E+01
   27   0.6871961499053718E+01
   28   0.9556725086223880E+01
   29   0.6385841199498824E+01
   30   0.5574604547046318E+01
   31   0.5932863965303641E+01
   32   0.4858214849049505E+01
   33   0.5857543169259150E+01
   34   0.4963683270735524E+01
   35   0.6541700431235135E+01
   36   0.3921106395802863E+01
   37   0.4236697400572962E+01
   38   0.4450245706105181E+01
   39   0.3703960231657604E+01
   40   0.2480848168041461E+01
   41   0.2919015324801600E+01
   42   0.2232743897144244E+01
   43   0.4937282415615735E+01
   44   0.4921963220461867E+01
   45   0.2893748700123297E+01
   46   0.4066089252722815E+01
   47   0.2538648436812226E+01
   48   0.2891820870256215E+01
   49   0.2778651279239735E+01
   50   0.2154184171595064E+01
   51   0.1785490675848524E+01
   52   0.2538056741174757E+01
   53   0.2480201507317513E+01
   54   0.1834769829229076E+01
   55   0.2379489023989776E+01
   56   0.2047372554779416E+01
   57   0.2690786893004595E+01
   58   0.1787803197595043E+01
   59   0.2005122386085242E+01
   60   0.1893014959872365E+01
   61   0.2908402071370578E+01
   62   0.1739595707927187E+01
   63   0.2176353410501672E+01
   64   0.1816801323105755E+01
   65   0.1660681193798374E+01
   66   0.1389464320911270E+01
   67   0.1935597313431007E+01
   68   0.1451224606050189E+01
   69   0.1590514254397720E+01
   70   0.1246152201075317E+01
   71   0.1312938771651175E+01
   72   0.1462437256791173E+01
   73   0.8797549760649006E+00
   74   0.1171484166942430E+01
   75   0.1185514318393714E+01
   76   0.1229875213214131E+01
   77   0.9684515721304159E+00
   78   0.1009475046238052E+01
   79   0.1018570653763658E+01
   80   0.1062608990165772E+01
   81   0.1173859299970165E+01
   82   0.9922717354757820E+00
   83   0.8861618458713985E+00
   84   0.7723211030735966E+00
   85   0.7127922230766084E+00
   86   0.1103732384119574E+01
   87   0.7967514942950196E+00
   88   0.6766697481121229E+00
   89   0.8438273013169642E+00
   90   0.7553468687914964E+00
   91   0.7943231275262914E+00
   92   0.1029321388161974E+01
   93   0.6411357196371334E+00
   94   0.6976691271961279E+00
   95   0.7275943825788787E+00
   96   0.5066315560055827E+00
   97   0.7032203532421664E+00
   98   0.6550391993916631E+00
   99   0.5832566990063084E+00
  100   0.4901965779157911E+00
  101   0.4890433492952724E+00
  102   0.6428509842962999E+00
  103   0.4351490440610479E+00
  104   0.5744441197919452E+00
  105   0.7170429264383300E+00
  106   0.4319697020018107E+00
  107   0.4977040320312747E+00
  108   0.5353197351059307E+00
  109   0.4497319091674785E+00
  110   0.3972681200059600E+00
  111   0.3496625718265400E+00
  112   0.3825871008925945E+00
  113   0.3905317049874273E+00
  114   0.3435632529573260E+00
  115   0.4122646899827525E+00
  116   0.2681527219533313E+00
  117   0.3743835624860508E+00
  118   0.4728548827179243E+00
  119   0.3155846168061788E+00
  120   0.2889145499336983E+00
  121   0.2828607313111189E+00
  122   0.3607372948406706E+00
  123   0.2632781480360425E+00
  124   0.2278580995270609E+00
  125   0.2557735185790555E+00
  126   0.3173202486391674E+00
  127   0.2872950865842913E+00
  128   0.2514852233590130E+00
  129   0.2192491626239653E+00
  130   0.2628155376960485E+00
  131   0.2103678924959570E+00
  132   0.1763400765503077E+00
  133   0.2405684192291397E+00
  134   0.2107398874180477E+00
  135   0.1988588234591334E+00
  136   0.1974021013729765E+00
  137   0.2002973608118521E+00
  138   0.1414277277389808E+00
  139   0.1861386688479845E+00
  140   0.1937054843094496E+00
  141   0.1323769667311736E+00
  142   0.1210135708294884E+00
  143   0.1707344398470499E+00
  144   0.1682917079677737E+00
  145   0.1416792163124830E+00
  146   0.1373007922813043E+00
  147   0.1249342205214599E+00
  148   0.1290561241003948E+00
  149   0.1061623602577281E+00
  150   0.1005058916738438E+00
  151   0.1357125567358606E+00
  152   0.8588180418072577E-01
  153   0.1166095669852241E+00
  154   0.8944671284672323E-01
  155   0.9841849226279298E-01
  156   0.1017425750910905E+00
  157   0.1097837326698952E+00
  158   0.5857001867385703E-01
  159   0.8690782643745254E-01
  160   0.7214028840424724E-01
  161   0.6234475400077844E-01
  162   0.6363775343058364E-01
  163   0.7595151818011980E-01
  164   0.5990119159858676E-01
  165   0.6941234355478421E-01
  166   0.5926926651397957E-01
  167   0.6054265652503854E-01
  168   0.6971222234225960E-01
  169   0.6246137838550458E-01
  170   0.5592629772016855E-01
  171   0.5171621396791015E-01
  172   0.5315783306543520E-01
  173   0.5552154112065544E-01
  174   0.4438666336839947E-01
  175   0.4074042747574202E-01
  176   0.5104806688918284E-01
  177   0.3666498573813537E-01
  178   0.3845725332640937E-01
  179   0.3583267113349220E-01
  180   0.3202411194303356E-01
  181   0.3076217653851621E-01
  182   0.3234735602588734E-01
  183   0.2407179446591778E-01
  184   0.3585331886435095E-01
  185   0.3276366189508406E-01
  186   0.2876789393932777E-01
  187   0.2697611588812188E-01
  188   0.2342934525396367E-01
  189   0.2248631842912685E-01
  190   0.2070163792134339E-01
  191   0.1761777891441552E-01
  192   0.2391471072618034E-01
  193   0.1420130623897575E-01
  194   0.1582793788817549E-01
  195   0.2069083397593097E-01
  196   0.1892672678075102E-01
  197   0.1599632616621105E-01
  198   0.1441574238984966E-01
  199   0.1529793649914934E-01
  200   0.1316865336369910E-01
  201  -0.1575891649658878E-02
  202  -0.1267844288329711E-02
  203   0.5364812553911857E-03
  204  -0.1420136783878090E-02
  205   0.5936587186319287E-03
  206  -0.1155519641249492E-02
  207  -0.3357613927598146E-03
  208  -0.8956475283102838E-03
  209  -0.1163649825617563E-02
  210  -0.1638255771550745E-02
  211  -0.7658807720954952E-03
  212  -0.9893514114677204E-03
  213  -0.6889087319872367E-04
  214   0.2217310166080511E-03
  215  -0.6577176751871860E-03
  216  -0.3977682535796223E-03
  217  -0.7563810206473454E-03
  218  -0.8779280942310397E-03
  219  -0.7568684696900307E-03
  220  -0.4969387413650272E-03
  221  -0.8935899956764581E-03
  222  -0.4884843094181690E-03
  223  -0.3148178941823065E-03
  224  -0.5368106175485110E-04
  225  -0.9782877184946193E-03
  226  -0.5258141522918036E-03
  227  -0.2450860333680360E-03
  228  -0.6219178378956691E-03
  229  -0.2743382363589175E-03
  230   0.2988477517926746E-03
  231  -0.3756030853218073E-03
  232  -0.2335261095499641E-03
  233  -0.4732259446691423E-03
  234   0.2698683016243431E-03
  235  -0.7669838833668230E-04
  236  -0.7135867993762757E-03
  237   0.1625111859699935E-03
  238   0.1246200358856475E-03
  239  -0.3787571143224477E-03
  240  -0.8122093385620754E-04
  241  -0.2063284956737022E-03
  242  -0.3723469600531715E-03
  243  -0.3634991917517150E-03
  244  -0.4067051478040540E-03
  245  -0.2733444622526893E-03
  246   0.3074638462774448E-04
  247   0.1518850203764410E-03
  248  -0.4712384187063323E-03
  249  -0.2005904062150066E-03
  250  -0.2801478280622938E-03
  251   0.1382527384806709E-03
  252  -0.4183044460456253E-03
  253  -0.5835460046380581E-03
  254  -0.3548345423564081E-03
  255   0.2542569079997392E-03
  256  -0.7297748508162671E-03
  257  -0.3521235496015684E-03
  258  -0.2681235295440842E-03
  259   0.1603285792280973E-03
  260  -0.2387190851483867E-03
  261  -0.2965379672199564E-03
  262   0.1295525464091174E-03
  263  -0.9676769479072256E-04
  264  -0.5448781034992356E-03
  265   0.1114646495050664E-03
  266   0.1196338621503035E-03
  267  -0.1209992210588484E-03
  268  -0.3249302242339103E-03
  269  -0.6261946814181685E-03
  270   0.1940426277688978E-03
  271   0.3900899841903782E-03
  272  -0.2611200574473282E-03
  273  -0.6372106958180135E-04
  274   0.2356375504222186E-03
  275  -0.3972570136284714E-03
  276   0.2178499089418584E-03
  277   0.3206275913815726E-03
  278  -0.9825117082262746E-04
  279  -0.1352252828482059E-03
  280   0.2072613472943186E-03
  281  -0.2124599433045993E-03
  282   0.3871962153638719E-03
  283  -0.1570484574133224E-03
  284   0.6762518724273692E-03
  285   0.2564222340825650E-03
  286   0.5028817198993174E-05
  287  -0.4249404305534110E-04
  288  -0.4648205612906020E-04
  289  -0.1553367640256820E-03
  290   0.2820969903792880E-03
  291   0.9326090037548029E-04
  292   0.1516086206375111E-03
  293  -0.1212661319534569E-03
  294  -0.8925666824521894E-04
  295   0.2314026473048125E-03
  296   0.3483475754501586E-03
  297   0.2129314535803672E-04
  298   0.9249560257040823E-04
  299   0.2580117147329419E-03
  300  -0.2423237421236846E-03
  301   0.3608631263668505E-04
  302   0.3597288373515806E-03
  303   0.2944429669672344E-03
  304   0.9138437471645222E-04
  305   0.1899117501310554E-03
  306   0.2794956757905531E-03
  307  -0.4391195806874304E-04
  308   0.2883471838890928E-03
  309   0.4584830684413732E-03
  310   0.3215416790348091E-03
  311  -0.2518395137829366E-04
  312   0.6399129976714102E-04
  313   0.2370169528173038E-03
  314   0.1209081288239822E-03
  315   0.1900784335412409E-04
  316   0.2423454803859304E-03
  317   0.3676201983625060E-03
  318   0.9952054995016058E-04
  319   0.2536772005848897E-03
  320  -0.3932216833490987E-04
  321   0.2832019442398082E-03
  322   0.5153276612266944E-03
  323   0.3913383796937397E-03
  324   0.4524726739028873E-03
  325   0.1455191630733987E-03
  326   0.6128444101974329E-04
  327   0.1599153205215365E-03
  328   0.1731111123956519E-03
  329   0.3736955101800721E-03
  330   0.6136259320375370E-03
  331   0.3578233859011515E-03
  332   0.4140226306815487E-03
  333   0.4402192897891288E-03
  334   0.2434480693568608E-03
  335   0.3942351085655660E-03
  336   0.8217879675484485E-04
  337   0.2910119152169655E-03
  338   0.2999546814553833E-03
  339   0.4103719038674181E-03
  340   0.1450327649827332E-03
  341   0.3495349764923161E-03
  342   0.2655796898369533E-03
  343   0.1716286659693700E-03
  344   0.3705214498980480E-03
  345   0.2605719439764953E-03
  346   0.5888828114009037E-03
  347   0.2917374209264190E-03
  348   0.5739747667255490E-03
  349   0.3444764947514445E-03
  350   0.6931140868321473E-03
  351   0.1634760926187973E-03
  352   0.4612501761805388E-03
  353   0.4519850575983309E-03
  354   0.3948510301737540E-03
  355   0.3576024684731477E-03
  356   0.3205256567774956E-03
  357   0.5147876809383223E-03
  358   0.6044021860064225E-03
  359   0.4618370006239103E-03
  360   0.4742311203324717E-03
  361   0.5495245073575961E-03
  362   0.4498688217820929E-03
  363   0.5116952279653614E-03
  364   0.7833300567320067E-03
  365   0.8520660517349343E-03
  366   0.5036217445239938E-03
  367   0.7408404232461807E-03
  368   0.9037793559882878E-03
  369   0.7226650708383742E-03
  370   0.8819888823865529E-03
  371   0.8479395418191649E-03
  372   0.1002036886329286E-02
  373   0.9319894907986320E-03
  374   0.9415649843232676E-03
  375   0.8988748985824871E-03
  376   0.1307462260064583E-02
  377   0.1156476101148111E-02
  378   0.1204068114549400E-02
  379   0.1381109793269570E-02
  380   0.1276587779520881E-02
  381   0.1575003760066147E-02
  382   0.2244917397621147E-02
  383   0.2160262642960890E-02
