# nlmax, ncor, nside =         383           1         128
    0   0.9266579185776460E+02
    1   0.1186039398406849E+03
    2   0.7051283635182784E+03
    3   0.3039306068785788E+03
    4   0.4057407941524111E+03
    5   0.1865809457403006E+03
    6   0.3270335110522335E+02
    7   0.1138870891925201E+03
    8   0.8804136099601916E+02
    9   0.5153753265544461E+02
   10   0.7421974217560570E+02
   11   0.4140590144692967E+02
   12   0.2651712670958596E+02
   13   0.4164435704893722E+02
   14   0.2492803166547393E+02
   15   0.7624533083624860E+01
   16   0.1386708625178307E+02
   17   0.1475656857566826E+02
   18   0.2039627598498953E+02
   19   0.9518333065536332E+01
   20   0.9598512080468735E+01
   21   0.1135325517908076E+02
   22   0.8007083758769927E+01
   23   0.1243143654036640E+02
   24   0.7090143811254690E+01
   25   0.1216417533326542E+02
   26   0.8928683409838611E+01
   27   0.1071426324219472E+02
   28   0.5732043078859882E+01
   29   0.4020265440448046E+01
   30   0.7300168625141009E+01
   31   0.6354991566268032E+01
   32   0.5231096162216295E+01
   33   0.5027065198969812E+01
   34   0.5856389219577554E+01
   35   0.4664060713728145E+01
   36   0.5821826375042441E+01
   37   0.3199540444988356E+01
   38   0.3103678963384040E+01
   39   0.4311734476344403E+01
   40   0.4942756698548269E+01
   41   0.4586668715803345E+01
   42   0.2209580949631938E+01
   43   0.3576971794485623E+01
   44   0.2041293248588775E+01
   45   0.3114806566013451E+01
   46   0.2312522156078050E+01
   47   0.2482062666700921E+01
   48   0.3314905931627489E+01
   49   0.2754830894960904E+01
   50   0.2177007209315482E+01
   51   0.2233252098965769E+01
   52   0.3152355884553427E+01
   53   0.2699526427304764E+01
   54   0.2896231212498568E+01
   55   0.2481151746604549E+01
   56   0.2315581081634134E+01
   57   0.2277703290743443E+01
   58   0.1973858247971300E+01
   59   0.1760154141560472E+01
   60   0.1768216359077952E+01
   61   0.1878147105251943E+01
   62   0.1984194915302789E+01
   63   0.2047480282114676E+01
   64   0.1158869076171908E+01
   65   0.1950669489782205E+01
   66   0.1373174004228366E+01
   67   0.1754146870058976E+01
   68   0.1573514479693864E+01
   69   0.1604390256235638E+01
   70   0.1026811804641635E+01
   71   0.1395480045637034E+01
   72   0.1674406427725782E+01
   73   0.1313000458107786E+01
   74   0.1267684409816707E+01
   75   0.1310278830376538E+01
   76   0.1031987249630818E+01
   77   0.1291908370860233E+01
   78   0.8291057105410597E+00
   79   0.1192578182429350E+01
   80   0.1062959209509765E+01
   81   0.9485255269295261E+00
   82   0.1012583319371646E+01
   83   0.9893682410418247E+00
   84   0.9277676099041714E+00
   85   0.1022126545330821E+01
   86   0.9580505782615938E+00
   87   0.6451857991283925E+00
   88   0.7078663576300965E+00
   89   0.9147139430298876E+00
   90   0.9139058372039961E+00
   91   0.8191794295276269E+00
   92   0.6128879486841363E+00
   93   0.7037545664766522E+00
   94   0.5597744141540399E+00
   95   0.6413882926427699E+00
   96   0.7007133146007714E+00
   97   0.6178292514312678E+00
   98   0.6515172977439700E+00
   99   0.5787295431842234E+00
  100   0.7278931233535022E+00
  101   0.7763435644840990E+00
  102   0.5303282071887567E+00
  103   0.5903525336527153E+00
  104   0.4452207245650841E+00
  105   0.5922510432643850E+00
  106   0.5077070003588480E+00
  107   0.5377587341154650E+00
  108   0.4509952250520453E+00
  109   0.4307966531032801E+00
  110   0.3553130780392384E+00
  111   0.4162951228988185E+00
  112   0.3653919904704224E+00
  113   0.4668903488463947E+00
  114   0.3472075904301297E+00
  115   0.3651635779058229E+00
  116   0.4314130487050456E+00
  117   0.3927163608899453E+00
  118   0.4091770989798902E+00
  119   0.3915365877610383E+00
  120   0.3427493865646909E+00
  121   0.3285372851785867E+00
  122   0.2989408394289897E+00
  123   0.3275743954977449E+00
  124   0.2243062610674526E+00
  125   0.2342866734960461E+00
  126   0.2973812627670911E+00
  127   0.2719081343665783E+00
  128   0.2586030832680996E+00
  129   0.2064009038505779E+00
  130   0.2343867759791686E+00
  131   0.1981206684451406E+00
  132   0.1938120340743917E+00
  133   0.1885338473520605E+00
  134   0.1872671887084224E+00
  135   0.1732078839146715E+00
  136   0.1444060947701888E+00
  137   0.1802103748860110E+00
  138   0.1817473610753920E+00
  139   0.1676943865902506E+00
  140   0.1864918221114311E+00
  141   0.1826639086856057E+00
  142   0.1874354467971193E+00
  143   0.1485485906105696E+00
  144   0.1443133504100350E+00
  145   0.1350214510004505E+00
  146   0.1104844740226810E+00
  147   0.1454805823449270E+00
  148   0.1182062044547475E+00
  149   0.1022503778363094E+00
  150   0.1062684203216797E+00
  151   0.1131689646914759E+00
  152   0.1275406362129394E+00
  153   0.1063673061254157E+00
  154   0.1149941084167420E+00
  155   0.7034334888363303E-01
  156   0.8742051632421566E-01
  157   0.8805662086368859E-01
  158   0.1024654398883307E+00
  159   0.8346730255957024E-01
  160   0.6236430420118222E-01
  161   0.7945014139064244E-01
  162   0.7447503769615460E-01
  163   0.9927949404341307E-01
  164   0.7382289983428114E-01
  165   0.6238064141987043E-01
  166   0.5491267047028014E-01
  167   0.5807781837889103E-01
  168   0.5856990040938337E-01
  169   0.5297584479864470E-01
  170   0.5380194445881770E-01
  171   0.5511014798170366E-01
  172   0.5447392392770900E-01
  173   0.4907794980718516E-01
  174   0.3708466335683269E-01
  175   0.4803824741528551E-01
  176   0.3765582343009277E-01
  177   0.4145686143422267E-01
  178   0.4438541632447268E-01
  179   0.4143876398157909E-01
  180   0.3496340204210691E-01
  181   0.3616889849976346E-01
  182   0.3524587146422564E-01
  183   0.2715624858685661E-01
  184   0.2631738020409680E-01
  185   0.2819410794830779E-01
  186   0.2778711075386486E-01
  187   0.2691044385314334E-01
  188   0.2796686549507588E-01
  189   0.2349205758605499E-01
  190   0.1977829060414593E-01
  191   0.2030457727427193E-01
  192   0.1964696419386269E-01
  193   0.1823282680488780E-01
  194   0.2053051074945178E-01
  195   0.1734297324629275E-01
  196   0.1784422747626913E-01
  197   0.1558560639429385E-01
  198   0.1512389997013619E-01
  199   0.1136357553698564E-01
  200   0.1283030449996270E-01
  201   0.1281183522385043E-02
  202  -0.6136805108384324E-03
  203  -0.3005566739898713E-03
  204  -0.1238230852646849E-02
  205  -0.1859577086379405E-03
  206   0.8383183040473474E-03
  207  -0.4547255259556016E-03
  208  -0.9569810318232896E-03
  209  -0.3017608106841152E-03
  210  -0.8347854350350126E-03
  211  -0.2264268300156136E-04
  212  -0.2661165125791287E-03
  213  -0.1635189810442750E-03
  214  -0.4948639197717153E-03
  215   0.2349225487067175E-03
  216   0.9264986752544058E-03
  217   0.4266702171661363E-03
  218   0.1897592665324188E-03
  219   0.2365014319457570E-03
  220   0.1106335399274405E-02
  221  -0.7158400330707915E-03
  222  -0.6108472456433089E-03
  223  -0.2424490556948156E-03
  224  -0.1045433151347641E-03
  225   0.1246399760101990E-03
  226   0.5224750971204450E-03
  227  -0.3862892344480562E-03
  228  -0.1424297026441090E-03
  229  -0.3458397475795127E-03
  230   0.3596295116803372E-03
  231  -0.3963825908681606E-04
  232   0.8235557802527271E-04
  233  -0.5515909331132995E-04
  234   0.9783299989130079E-05
  235  -0.6785321944718925E-03
  236   0.1905280143308374E-03
  237  -0.5948036706490134E-03
  238   0.7061003638821894E-03
  239   0.8117090644587099E-03
  240   0.3598923793394215E-03
  241   0.5869115664942637E-03
  242   0.4155925340764144E-03
  243   0.1510913102575895E-04
  244   0.6585231396737390E-03
  245  -0.3022261984048091E-03
  246  -0.4198674769355648E-03
  247  -0.4393781072100644E-03
  248  -0.2274321998864126E-03
  249   0.1563736718690478E-04
  250   0.1418055829643938E-03
  251   0.2775634841252206E-03
  252  -0.3622870206831941E-05
  253   0.5231358276983622E-03
  254   0.2605068206262828E-04
  255  -0.2665123025489269E-03
  256   0.5673780687313057E-03
  257   0.1534827192262167E-03
  258   0.2399415581155750E-04
  259   0.1495812277474418E-03
  260   0.4078872322255123E-04
  261   0.1473128053858241E-03
  262   0.9402283887485208E-03
  263   0.9547045924296338E-04
  264   0.2072667872241585E-03
  265   0.1880265195829400E-03
  266  -0.5350461989992450E-03
  267  -0.5295454160856305E-03
  268  -0.3615885769547855E-04
  269   0.7282081809001917E-03
  270  -0.4080397752825871E-03
  271  -0.2802269063948426E-03
  272   0.2781358294913772E-03
  273  -0.1084603940321172E-03
  274   0.1086396317749316E-03
  275  -0.6410327996747567E-04
  276  -0.9587646705649933E-04
  277  -0.1457832615699983E-03
  278   0.2596790312096031E-03
  279  -0.2010158761657777E-03
  280   0.1083530274318956E-03
  281   0.2592675896825325E-03
  282   0.6320717739372039E-05
  283   0.4100980260085541E-03
  284   0.1147869619834707E-03
  285   0.1450908268217921E-03
  286  -0.3890321311575407E-03
  287   0.4745827887236986E-04
  288   0.4520086932609524E-03
  289   0.1128875701985055E-03
  290  -0.1445472082193811E-03
  291   0.1084339149275970E-03
  292  -0.6045286456801691E-04
  293  -0.2055855840176202E-03
  294   0.3251931149989007E-04
  295   0.3029871338897649E-03
  296   0.2369649577924071E-03
  297   0.1744040562957627E-03
  298  -0.1878233505546167E-03
  299   0.8029894336292198E-04
  300   0.9659552985818998E-04
  301   0.1183660366835815E-03
  302   0.2371927969239129E-03
  303  -0.6470368268352011E-04
  304   0.4199140686111935E-04
  305   0.2409596489585386E-03
  306  -0.8679488805968250E-04
  307   0.2646733248629074E-03
  308   0.3252644593870202E-03
  309  -0.6764959645527702E-04
  310   0.4176506485017439E-03
  311   0.3603341708232621E-03
  312  -0.7303036811084906E-04
  313  -0.1993503334701829E-04
  314   0.5209424405125951E-03
  315   0.1273489286858775E-03
  316   0.6170510878383828E-04
  317   0.1642285296295509E-03
  318   0.1679042902425487E-03
  319   0.1901676325271051E-03
  320   0.1145885059964935E-03
  321   0.1407894516284314E-03
  322   0.1794747364879390E-03
  323  -0.1343783874954707E-04
  324   0.4422477549507753E-03
  325   0.1258096649309204E-03
  326   0.1362557479911430E-04
  327  -0.7897564044864747E-04
  328   0.2219272770947467E-03
  329   0.3615145470458603E-03
  330   0.4000038486615676E-03
  331   0.2943568919364925E-03
  332   0.6298112507979736E-04
  333   0.2985197184794675E-03
  334   0.1218765310327941E-03
  335   0.2257728421901639E-03
  336   0.3435074339430966E-03
  337   0.1670304931523925E-03
  338   0.2628473139533460E-03
  339   0.4411619350248031E-03
  340   0.2963495639140279E-03
  341   0.6228293731554424E-03
  342   0.4041445319121761E-03
  343   0.4367107185471453E-03
  344   0.1599922896030337E-03
  345   0.5550911354907095E-03
  346   0.3241452875770712E-03
  347   0.2841949687957535E-03
  348   0.4933680032199184E-03
  349   0.2917741789093820E-03
  350   0.8008832064710369E-03
  351   0.6391708071467328E-03
  352   0.6425021991197100E-03
  353   0.7043557149055690E-03
  354   0.3297731790964098E-03
  355   0.4081607241308016E-03
  356   0.5511609192219852E-03
  357   0.4880174553488770E-03
  358   0.7319547829849615E-03
  359   0.5926524261285343E-03
  360   0.5561019797288430E-03
  361   0.4540527396072608E-03
  362   0.8029498446191635E-03
  363   0.5571821196828225E-03
  364   0.4892508589669498E-03
  365   0.7159608919939525E-03
  366   0.8534179574183759E-03
  367   0.9505024754826452E-03
  368   0.7666976210046056E-03
  369   0.8975175942720209E-03
  370   0.1080714101129192E-02
  371   0.1044560577268004E-02
  372   0.1052181462513561E-02
  373   0.9152049154152395E-03
  374   0.1030807089796346E-02
  375   0.1062164156235335E-02
  376   0.1204649846574545E-02
  377   0.1461750956622963E-02
  378   0.1346275505406912E-02
  379   0.1310164791851382E-02
  380   0.1276723508881269E-02
  381   0.1754070674472927E-02
  382   0.2259983793718524E-02
  383   0.2319008798876138E-02
