# nlmax, ncor, nside =         383           1         128
    0  -0.1338144777586769E+03
    1   0.6096255416211353E+02
    2   0.1150293438625145E+04
    3   0.3459408424208169E+03
    4   0.9304714568601210E+02
    5   0.1270036004792363E+03
    6   0.1649616420385138E+03
    7   0.1037183246327620E+03
    8   0.2589860487325602E+02
    9   0.6575885860636620E+02
   10   0.2568279578168641E+02
   11   0.1541133000340472E+02
   12   0.6634694541370915E+02
   13   0.1121306885635828E+02
   14   0.3114782112410820E+02
   15   0.1654472903866264E+02
   16   0.1270124981441697E+02
   17   0.1772458447653789E+02
   18   0.1147406655216595E+02
   19   0.1146506517508172E+02
   20   0.1622758978049538E+02
   21   0.1684180056995211E+02
   22   0.7280030266286867E+01
   23   0.8426363507090379E+01
   24   0.5472755455366715E+01
   25   0.9053182718895286E+01
   26   0.7913158876816141E+01
   27   0.1111886421647502E+02
   28   0.6463212114097181E+01
   29   0.6479710905622137E+01
   30   0.4468971361283423E+01
   31   0.5605260849665756E+01
   32   0.6695112419129117E+01
   33   0.6151056715869437E+01
   34   0.6353873496601586E+01
   35   0.4348180045433847E+01
   36   0.3195399434419231E+01
   37   0.4146657563519497E+01
   38   0.2622441980223469E+01
   39   0.4149428053596646E+01
   40   0.3461699251521318E+01
   41   0.4056719092519502E+01
   42   0.4203446693552731E+01
   43   0.3528220727599161E+01
   44   0.2866321625688463E+01
   45   0.2333015225276641E+01
   46   0.4086801693066420E+01
   47   0.4165792979163866E+01
   48   0.2442114520449870E+01
   49   0.2806469873724456E+01
   50   0.2846541810513907E+01
   51   0.2639261811215377E+01
   52   0.1889785175963995E+01
   53   0.2344543399170916E+01
   54   0.2091394787580889E+01
   55   0.2324920290109842E+01
   56   0.1842891441908610E+01
   57   0.2529559794879361E+01
   58   0.2654524191485007E+01
   59   0.1969790071072983E+01
   60   0.1353837305566652E+01
   61   0.2343739014937047E+01
   62   0.2180993717522403E+01
   63   0.1507671016639637E+01
   64   0.1251949799785856E+01
   65   0.1809295649823914E+01
   66   0.1851114255868999E+01
   67   0.1683079000813117E+01
   68   0.1543784997026982E+01
   69   0.1180867399237439E+01
   70   0.1693517243544798E+01
   71   0.1416075789626594E+01
   72   0.1086130645104251E+01
   73   0.1167144175452321E+01
   74   0.1490505232559842E+01
   75   0.1081681284336536E+01
   76   0.1021072248730718E+01
   77   0.1189745477099758E+01
   78   0.1242031109702023E+01
   79   0.8515312093468994E+00
   80   0.1102635187095310E+01
   81   0.1086429771537804E+01
   82   0.9717473901304867E+00
   83   0.1036452158066471E+01
   84   0.1276039379511726E+01
   85   0.7992157412639207E+00
   86   0.7527789768846753E+00
   87   0.1017050486471750E+01
   88   0.7953428915253615E+00
   89   0.8913335498867589E+00
   90   0.8047543594768087E+00
   91   0.7292219209882584E+00
   92   0.9225568664993571E+00
   93   0.6976878540420597E+00
   94   0.6491356785094486E+00
   95   0.7316611912636510E+00
   96   0.5219997002916623E+00
   97   0.6072203219026613E+00
   98   0.6142514093395828E+00
   99   0.7076349689592429E+00
  100   0.6425336659790604E+00
  101   0.4214038278895125E+00
  102   0.5151115209442303E+00
  103   0.4912246850610413E+00
  104   0.7320456969434084E+00
  105   0.5672890457559090E+00
  106   0.6127672649501621E+00
  107   0.5415463923811084E+00
  108   0.5189537211393136E+00
  109   0.5283061629442694E+00
  110   0.5270135673461276E+00
  111   0.4420653645553470E+00
  112   0.5049787359735334E+00
  113   0.3078780838664896E+00
  114   0.4320778428648380E+00
  115   0.3271156375312458E+00
  116   0.4035994027540183E+00
  117   0.3862311085817571E+00
  118   0.3521927552083668E+00
  119   0.2282172991072536E+00
  120   0.4036226567489883E+00
  121   0.2780858252648105E+00
  122   0.2945018040594997E+00
  123   0.2778761821489261E+00
  124   0.2993975145093924E+00
  125   0.2593222190380661E+00
  126   0.2389783903202731E+00
  127   0.1906786429314498E+00
  128   0.2577392844445742E+00
  129   0.2354647842922173E+00
  130   0.2475617076779695E+00
  131   0.2370726699001068E+00
  132   0.2524987809437577E+00
  133   0.2454450692118656E+00
  134   0.1859635340908429E+00
  135   0.1788441895525451E+00
  136   0.1784809671277301E+00
  137   0.1932583668285988E+00
  138   0.1544969012746581E+00
  139   0.1599843152175322E+00
  140   0.1918223641813813E+00
  141   0.1769235021962995E+00
  142   0.1507035521039194E+00
  143   0.1482934295796965E+00
  144   0.1459650781062455E+00
  145   0.1332334985349640E+00
  146   0.1197148157782068E+00
  147   0.1271700404437450E+00
  148   0.1074443733207946E+00
  149   0.1491425612265758E+00
  150   0.1267065490585418E+00
  151   0.7486981906057444E-01
  152   0.9939695024377693E-01
  153   0.1174037049728182E+00
  154   0.9066160202218077E-01
  155   0.1055086003269640E+00
  156   0.7618673450798852E-01
  157   0.8779551293454058E-01
  158   0.7660354670872094E-01
  159   0.7618016880700362E-01
  160   0.9011873286275218E-01
  161   0.8900897570930444E-01
  162   0.7960906976498494E-01
  163   0.6712181120168670E-01
  164   0.7338201116921927E-01
  165   0.6135517674024238E-01
  166   0.6476180308067103E-01
  167   0.6816012713085307E-01
  168   0.6710587406727442E-01
  169   0.6144809683373142E-01
  170   0.6329074466679552E-01
  171   0.5472203363564321E-01
  172   0.4075856456947291E-01
  173   0.3685374582269119E-01
  174   0.5113939607324114E-01
  175   0.4190169893418449E-01
  176   0.3742374274854876E-01
  177   0.3418266104223400E-01
  178   0.4165118518945554E-01
  179   0.3239872175822556E-01
  180   0.2869835057671377E-01
  181   0.3774415119872099E-01
  182   0.3323551211061604E-01
  183   0.3160999469298675E-01
  184   0.3382262919452539E-01
  185   0.2641016613428160E-01
  186   0.2853511726407987E-01
  187   0.2710990291203419E-01
  188   0.2504208437588251E-01
  189   0.2780491304840094E-01
  190   0.1748732917023410E-01
  191   0.2128787710828728E-01
  192   0.1782191546533429E-01
  193   0.2177458461469151E-01
  194   0.1719177088340929E-01
  195   0.1911840801450337E-01
  196   0.1853277933602526E-01
  197   0.1376256347965454E-01
  198   0.1722753760455209E-01
  199   0.1460184210990423E-01
  200   0.1277256604777244E-01
  201   0.1073112038363466E-02
  202  -0.4788674710538565E-03
  203   0.1522202397046146E-02
  204   0.6661665280875972E-03
  205  -0.1245418810124632E-02
  206   0.8575150422841515E-03
  207  -0.1742298970881517E-03
  208  -0.8763183716743450E-03
  209   0.4628463511403558E-03
  210   0.7975594578669698E-03
  211   0.2511877404196561E-03
  212   0.1220608112576960E-02
  213   0.2212092868965065E-03
  214   0.5702322615578348E-03
  215   0.1184717242998290E-02
  216   0.2128914235313140E-03
  217   0.1358644729580805E-02
  218   0.9814341204640309E-03
  219   0.8921568775958066E-03
  220  -0.3538227974441144E-03
  221   0.9687696031213111E-04
  222   0.7337890623240195E-03
  223  -0.4330254853612825E-04
  224  -0.1538000099934322E-03
  225   0.1210374224162925E-02
  226   0.1465904108761684E-03
  227   0.5240912658664998E-03
  228   0.1272862897308991E-02
  229   0.4254255748007418E-03
  230   0.1076814760342382E-02
  231   0.1425561490331351E-03
  232   0.7931396415643555E-03
  233  -0.1587473341235768E-04
  234   0.2912666985477319E-03
  235   0.2785732324552814E-03
  236   0.1031509453665591E-02
  237   0.1109841500167574E-02
  238   0.8123563250208576E-03
  239   0.3949756294034934E-03
  240   0.4708055707736136E-05
  241   0.3698637949642869E-03
  242   0.1221596440691530E-02
  243   0.9490312921560662E-03
  244   0.3453590076994972E-03
  245   0.3712658752141884E-03
  246   0.6421788292498842E-03
  247   0.7723076366017434E-03
  248   0.2744496610777025E-03
  249   0.6838969939459982E-04
  250   0.5027485093967998E-03
  251   0.5998310658839046E-03
  252   0.5729996356668154E-03
  253   0.3358353488845944E-03
  254   0.2133665329674406E-03
  255   0.2904214135701633E-03
  256   0.5668918549565083E-03
  257   0.7485218652927284E-03
  258   0.4270802595516265E-03
  259   0.8058223072254789E-03
  260   0.7771196150612170E-03
  261   0.1112063997242452E-02
  262   0.3722243549957316E-03
  263   0.3579283608841632E-03
  264   0.5559094138271603E-03
  265   0.7684462679741211E-03
  266  -0.1702379451484770E-03
  267   0.7171796033161870E-03
  268   0.8155356195423957E-03
  269  -0.1069867824636805E-03
  270   0.3017644204839076E-03
  271   0.1639079127729870E-03
  272   0.4958684117136736E-03
  273   0.1063010902709605E-02
  274   0.2911868634241088E-03
  275   0.5182966638339059E-03
  276   0.6785411656275442E-03
  277   0.2712477494055121E-03
  278   0.3728310950185665E-03
  279   0.3129126264804771E-03
  280   0.2796528388482877E-03
  281   0.3486644994349364E-04
  282   0.7404003294972927E-03
  283   0.3644015351577656E-03
  284   0.2895102746525158E-04
  285   0.3245932204892776E-03
  286   0.4235168501103281E-03
  287   0.2934079856805050E-03
  288   0.3565538379787236E-03
  289   0.1703097324973757E-03
  290  -0.8672177952800952E-04
  291   0.1183025139165905E-03
  292   0.2236876986311809E-03
  293   0.1358598491307261E-03
  294   0.2405524217950483E-03
  295   0.1376748089315649E-03
  296   0.8327174989647412E-04
  297   0.5711307324549608E-03
  298   0.3232862888391530E-05
  299   0.1513065000621205E-03
  300   0.1621055431794138E-04
  301   0.6492679616271202E-04
  302   0.2163116025261091E-03
  303   0.1969220279955941E-03
  304   0.2031923304667838E-03
  305   0.2938659777116381E-03
  306   0.4429529687283162E-03
  307   0.4171993440453270E-03
  308   0.7048750662886349E-03
  309   0.5338107622626098E-03
  310   0.3835718825408452E-03
  311   0.3471886778305122E-03
  312  -0.7056185272430460E-04
  313   0.5667198506032478E-03
  314   0.2431319155472011E-03
  315   0.5372514151362195E-03
  316   0.5790090633167599E-04
  317   0.2255707712478516E-03
  318   0.1267509392088306E-03
  319   0.3242908382536935E-03
  320   0.4233389901809881E-03
  321   0.4035234178463298E-03
  322   0.2772319409643231E-03
  323   0.4390702200642860E-03
  324   0.4495586026793952E-03
  325   0.2871038393103820E-03
  326   0.4002708599877558E-03
  327   0.3511199566591239E-03
  328   0.3109222390524358E-03
  329   0.6481264680953114E-03
  330   0.3206804954083708E-03
  331   0.5522457801389602E-03
  332   0.4389635386313206E-03
  333   0.6615669977861338E-03
  334   0.5627059150598024E-03
  335   0.5440844915584331E-03
  336   0.6617259268699716E-03
  337   0.8193873154198339E-03
  338   0.3351919496560052E-03
  339   0.7095726616339060E-03
  340   0.5594728339648192E-03
  341   0.6033447217932142E-03
  342   0.5712282120269307E-03
  343   0.7268897314892664E-03
  344   0.1962670917208531E-03
  345   0.7355775217348925E-03
  346   0.7341529279870085E-03
  347   0.7916436380275282E-03
  348   0.7048386158001185E-03
  349   0.8339586996031212E-03
  350   0.6611848515154783E-03
  351   0.8323133885066447E-03
  352   0.6401525216026410E-03
  353   0.6982717658223087E-03
  354   0.8577338696604125E-03
  355   0.1067549454992683E-02
  356   0.7410072426002057E-03
  357   0.8429516142962890E-03
  358   0.8371356934917112E-03
  359   0.9791083010419199E-03
  360   0.6546984570458547E-03
  361   0.1136033633406849E-02
  362   0.8223348257682950E-03
  363   0.8712967554112411E-03
  364   0.1175375935219561E-02
  365   0.8861177017173288E-03
  366   0.8787621245211347E-03
  367   0.9618784958227294E-03
  368   0.1246439546952881E-02
  369   0.8555341363163382E-03
  370   0.9874439339309718E-03
  371   0.1069954499407361E-02
  372   0.1189051863343213E-02
  373   0.1044095587907426E-02
  374   0.1273144271273632E-02
  375   0.1262352159533214E-02
  376   0.1511684005276029E-02
  377   0.1502506376629215E-02
  378   0.1463315568056154E-02
  379   0.1469413924201732E-02
  380   0.1871189187910773E-02
  381   0.1996842180363605E-02
  382   0.2333959267553195E-02
  383   0.2263399658488812E-02
