# nlmax, ncor, nside =         383           1         128
    0   0.7768453805800566E-06
    1   0.1510105230938755E-05
    2   0.1333483080614088E+04
    3   0.7538826192437537E+03
    4   0.2879400444263477E+03
    5   0.2149259337506717E+03
    6   0.1196645751433501E+03
    7   0.1310225808801611E+03
    8   0.5007028805282569E+02
    9   0.5424586477026901E+02
   10   0.5000533339211846E+02
   11   0.5547778212719997E+02
   12   0.2471519498646656E+02
   13   0.2746580032393788E+02
   14   0.2317842922434365E+02
   15   0.2443612904000248E+02
   16   0.2314742330067137E+02
   17   0.2253662042482065E+02
   18   0.8858338388614337E+01
   19   0.1456102230815395E+02
   20   0.1609746142686079E+02
   21   0.7930241870582403E+01
   22   0.8785008309302775E+01
   23   0.1096523663272218E+02
   24   0.6394678467558037E+01
   25   0.1340029939199922E+02
   26   0.7544062427223230E+01
   27   0.7630642367374624E+01
   28   0.4546381124591912E+01
   29   0.5585998695754048E+01
   30   0.6229572325250008E+01
   31   0.5862391867155420E+01
   32   0.4363165482944000E+01
   33   0.4407787845329941E+01
   34   0.4402502522378892E+01
   35   0.3893451878570391E+01
   36   0.4140370311477743E+01
   37   0.5621912493185460E+01
   38   0.4561743899940617E+01
   39   0.3467649095591259E+01
   40   0.3012751663359962E+01
   41   0.4073462849842326E+01
   42   0.4092115776194921E+01
   43   0.3118756667950837E+01
   44   0.2786664773004115E+01
   45   0.3437327252627728E+01
   46   0.3772443010093335E+01
   47   0.3086083121700653E+01
   48   0.3018259400716337E+01
   49   0.2183860543504909E+01
   50   0.2939159085966189E+01
   51   0.2200247530241294E+01
   52   0.2493007839889688E+01
   53   0.1976553151425599E+01
   54   0.2928670911863206E+01
   55   0.2351973794477784E+01
   56   0.2075183681401285E+01
   57   0.2919371207021201E+01
   58   0.2706712466577862E+01
   59   0.1816524906318339E+01
   60   0.1896610692803633E+01
   61   0.1753724985675735E+01
   62   0.1818431366471650E+01
   63   0.1787071370275046E+01
   64   0.1910784702562686E+01
   65   0.1697565129228737E+01
   66   0.1641384447330732E+01
   67   0.1818983454271067E+01
   68   0.1596433214764537E+01
   69   0.1369883439885879E+01
   70   0.1290740548087298E+01
   71   0.1210573698977930E+01
   72   0.1149430316156092E+01
   73   0.1274401532513246E+01
   74   0.1369534540954764E+01
   75   0.9684905230885956E+00
   76   0.1032308163038486E+01
   77   0.1183885434687815E+01
   78   0.1159445861622528E+01
   79   0.1124695061768498E+01
   80   0.1112513590680538E+01
   81   0.1097281858938720E+01
   82   0.1184804676711639E+01
   83   0.9573578799658903E+00
   84   0.9631462682886290E+00
   85   0.8850826822710922E+00
   86   0.9383136689197011E+00
   87   0.8277020415300714E+00
   88   0.6542789311895476E+00
   89   0.7033782504371568E+00
   90   0.9690433009143908E+00
   91   0.7642715824135619E+00
   92   0.8602054245223703E+00
   93   0.6931187744987870E+00
   94   0.8277361242022504E+00
   95   0.5946331732280506E+00
   96   0.6809036865141198E+00
   97   0.6279063880249057E+00
   98   0.7238156572859380E+00
   99   0.6350731730126442E+00
  100   0.4798055786997832E+00
  101   0.6300093850310220E+00
  102   0.5131184422440338E+00
  103   0.5530505742811664E+00
  104   0.6150274703426599E+00
  105   0.4758692780356514E+00
  106   0.4458860789249077E+00
  107   0.4084864588434149E+00
  108   0.5238920177816984E+00
  109   0.4148553416856336E+00
  110   0.4802479560538804E+00
  111   0.3532495301552674E+00
  112   0.4133448479055897E+00
  113   0.4239551095818394E+00
  114   0.4281820160476369E+00
  115   0.3458078220236521E+00
  116   0.3655607672380457E+00
  117   0.3670914433510366E+00
  118   0.3573048512930103E+00
  119   0.3547654012740488E+00
  120   0.3216045106130647E+00
  121   0.3154412291152421E+00
  122   0.3060905440020209E+00
  123   0.2955907640009570E+00
  124   0.2552435894805032E+00
  125   0.2897178385033941E+00
  126   0.2623037424563181E+00
  127   0.2393075129336367E+00
  128   0.2803217310302948E+00
  129   0.2615850361531717E+00
  130   0.1984778962047437E+00
  131   0.2213571274405152E+00
  132   0.2326593634055638E+00
  133   0.2046355613336636E+00
  134   0.2087629426202585E+00
  135   0.1948030579792286E+00
  136   0.1628432144164254E+00
  137   0.1953191847584959E+00
  138   0.1935005175205090E+00
  139   0.1666254224382305E+00
  140   0.1806452138222521E+00
  141   0.1566573496394709E+00
  142   0.1318373904480654E+00
  143   0.1623244344634152E+00
  144   0.1603070838527718E+00
  145   0.1342406112884050E+00
  146   0.1347968093629657E+00
  147   0.1247424753477858E+00
  148   0.1324013452879677E+00
  149   0.1160688521339949E+00
  150   0.1180168124944621E+00
  151   0.1079772057366902E+00
  152   0.9770132362882002E-01
  153   0.1133162233286655E+00
  154   0.9471248404769415E-01
  155   0.9894330951861208E-01
  156   0.9814479081988751E-01
  157   0.9558153053285973E-01
  158   0.8607234951446142E-01
  159   0.8070405181732167E-01
  160   0.7243686045818702E-01
  161   0.8283253042601067E-01
  162   0.8138897550978161E-01
  163   0.7518878254479157E-01
  164   0.7081958549742462E-01
  165   0.7087783063748153E-01
  166   0.6693630127365220E-01
  167   0.6534886914619270E-01
  168   0.5412123101417978E-01
  169   0.5872433699434821E-01
  170   0.5724841388203069E-01
  171   0.4512132320628324E-01
  172   0.5076177775220969E-01
  173   0.4300705508596653E-01
  174   0.4415383135011679E-01
  175   0.4992710603723344E-01
  176   0.4579675970578224E-01
  177   0.4321413478240147E-01
  178   0.3769527430757198E-01
  179   0.3288776629774820E-01
  180   0.3001765785415138E-01
  181   0.3293037285169101E-01
  182   0.3179843216853187E-01
  183   0.2737406498322134E-01
  184   0.3312869971448493E-01
  185   0.2843785448909308E-01
  186   0.2515501717883332E-01
  187   0.2478387656034709E-01
  188   0.2959062060340233E-01
  189   0.2328557116851574E-01
  190   0.2335522553809376E-01
  191   0.2125989710887467E-01
  192   0.2114503481539573E-01
  193   0.1964246085650976E-01
  194   0.1724079421707594E-01
  195   0.1759253695344608E-01
  196   0.1705884341251649E-01
  197   0.1465033774738910E-01
  198   0.1705339114660188E-01
  199   0.1662947306868713E-01
  200   0.1372804720155603E-01
  201   0.3267560687133440E-06
  202   0.5858600627980082E-06
  203   0.3042395210612680E-06
  204   0.5346060693592781E-06
  205   0.3187222387710559E-06
  206   0.5474814934721397E-06
  207   0.2981837634806686E-06
  208   0.5371159469712821E-06
  209   0.3276711335347892E-06
  210   0.5916545690636189E-06
  211   0.3080511812850329E-06
  212   0.5314681398785254E-06
  213   0.3190678553019098E-06
  214   0.5555369597499302E-06
  215   0.3061580637601110E-06
  216   0.5539628831571482E-06
  217   0.3316694764200776E-06
  218   0.5942644267055828E-06
  219   0.3102032343134967E-06
  220   0.5322366016679723E-06
  221   0.3195930384546880E-06
  222   0.5684067265529315E-06
  223   0.3151528544736588E-06
  224   0.5672122238173492E-06
  225   0.3364328669565180E-06
  226   0.5944182493741645E-06
  227   0.3125975671791622E-06
  228   0.5354743791561234E-06
  229   0.3235431277256015E-06
  230   0.5844849643425677E-06
  231   0.3269379169484750E-06
  232   0.5822449922916880E-06
  233   0.3385273478320336E-06
  234   0.5940461914887678E-06
  235   0.3201880887929503E-06
  236   0.5501166666228367E-06
  237   0.3300031154438764E-06
  238   0.5985593996581079E-06
  239   0.3384936912974444E-06
  240   0.5965020462104514E-06
  241   0.3416347545050253E-06
  242   0.5923461964536015E-06
  243   0.3253880890382256E-06
  244   0.5652695912837578E-06
  245   0.3395081758746626E-06
  246   0.6181094313150663E-06
  247   0.3483232918123074E-06
  248   0.6037965268507889E-06
  249   0.3447876995920110E-06
  250   0.5986756730943858E-06
  251   0.3343622406537827E-06
  252   0.5827813446734075E-06
  253   0.3523623511790016E-06
  254   0.6392432026423362E-06
  255   0.3574485100593175E-06
  256   0.6127242169835116E-06
  257   0.3497444362677814E-06
  258   0.6071868307097569E-06
  259   0.3449701337504619E-06
  260   0.6089277964365493E-06
  261   0.3672189620164986E-06
  262   0.6574664569992972E-06
  263   0.3663654971864555E-06
  264   0.6209085808043528E-06
  265   0.3570604230175855E-06
  266   0.6247083491785852E-06
  267   0.3615881825350415E-06
  268   0.6367674291494983E-06
  269   0.3818390452543609E-06
  270   0.6751659017908082E-06
  271   0.3770847910030858E-06
  272   0.6332045181199436E-06
  273   0.3666648711200597E-06
  274   0.6477162648255429E-06
  275   0.3823211041172201E-06
  276   0.6671647879576133E-06
  277   0.3989209238989432E-06
  278   0.6918986461390418E-06
  279   0.3879268945906229E-06
  280   0.6494761579756119E-06
  281   0.3831889360612230E-06
  282   0.6771984892027340E-06
  283   0.4054793935501813E-06
  284   0.6979679186058108E-06
  285   0.4147162635582376E-06
  286   0.7106718799059665E-06
  287   0.4020550202266367E-06
  288   0.6731951681288174E-06
  289   0.4030569316940582E-06
  290   0.7151641860485163E-06
  291   0.4325304473271711E-06
  292   0.7313093299937364E-06
  293   0.4321648965326746E-06
  294   0.7307215715581693E-06
  295   0.4206653522545134E-06
  296   0.7073574805264152E-06
  297   0.4314579009588214E-06
  298   0.7547276270933093E-06
  299   0.4608870789573794E-06
  300   0.7674864038301096E-06
  301   0.4532160877072867E-06
  302   0.7548963989619645E-06
  303   0.4445655997555314E-06
  304   0.7500115895158511E-06
  305   0.4657280776708400E-06
  306   0.8005499523264365E-06
  307   0.4922131825468061E-06
  308   0.8048102555688313E-06
  309   0.4761120902555048E-06
  310   0.7889426651997971E-06
  311   0.4773026505535739E-06
  312   0.8038620820223485E-06
  313   0.5066682885483374E-06
  314   0.8527855024560549E-06
  315   0.5259592752329041E-06
  316   0.8458008925315964E-06
  317   0.5054631858430859E-06
  318   0.8364069930195680E-06
  319   0.5181300399451869E-06
  320   0.8655780756717041E-06
  321   0.5555549324586385E-06
  322   0.9099139346762438E-06
  323   0.5636575128711665E-06
  324   0.8939769699572804E-06
  325   0.5440457233302050E-06
  326   0.8957759377364348E-06
  327   0.5725572210541637E-06
  328   0.9395701534207630E-06
  329   0.6102825304210967E-06
  330   0.9730708896307643E-06
  331   0.6069980713093345E-06
  332   0.9536014086078705E-06
  333   0.5956716577088745E-06
  334   0.9735767780691547E-06
  335   0.6388186662177873E-06
  336   0.1022921925598626E-05
  337   0.6728371396072733E-06
  338   0.1047956737987825E-05
  339   0.6603725901585835E-06
  340   0.1029090297186776E-05
  341   0.6628995212783724E-06
  342   0.1069136198724365E-05
  343   0.7213726531975479E-06
  344   0.1120890663229152E-05
  345   0.7439873825061064E-06
  346   0.1134076372691023E-05
  347   0.7300552571215678E-06
  348   0.1127076097984367E-05
  349   0.7508301359232648E-06
  350   0.1184237900532306E-05
  351   0.8212719605824414E-06
  352   0.1236058063934912E-05
  353   0.8288629533595099E-06
  354   0.1240009184859708E-05
  355   0.8212218000542675E-06
  356   0.1252143979263873E-05
  357   0.8659605681551051E-06
  358   0.1326554575581939E-05
  359   0.9388157177673616E-06
  360   0.1369896588005865E-05
  361   0.9350160626282455E-06
  362   0.1375036714403908E-05
  363   0.9421921246502629E-06
  364   0.1412538228940972E-05
  365   0.1014269665527056E-05
  366   0.1497912820387773E-05
  367   0.1083190990445488E-05
  368   0.1536302511261504E-05
  369   0.1071750468278204E-05
  370   0.1549924363244700E-05
  371   0.1107555791738014E-05
  372   0.1616877210938153E-05
  373   0.1202517841297527E-05
  374   0.1710612805401056E-05
  375   0.1263078968873816E-05
  376   0.1746031164331071E-05
  377   0.1256993389048385E-05
  378   0.1781388185616282E-05
  379   0.1328481359407875E-05
  380   0.1881224204804394E-05
  381   0.1447117891339577E-05
  382   0.1980797664488640E-05
  383   0.1497185285450343E-05
