# nlmax, ncor, nside =         383           1         128
    0   0.9293710692996578E+02
    1  -0.1007207141329305E+02
    2   0.5696725009092064E+03
    3   0.1577562723440741E+03
    4   0.1443585907235303E+03
    5   0.1035781521539207E+03
    6   0.1786421867903022E+03
    7   0.1139787631896925E+03
    8   0.7839911862395830E+02
    9   0.8836158498381454E+02
   10   0.3019040880452669E+02
   11   0.6041699261549456E+02
   12   0.2370224229753757E+02
   13   0.2187571826069674E+02
   14   0.2433358500759335E+02
   15   0.1927801612900930E+02
   16   0.2439166512877921E+02
   17   0.2467221003850705E+02
   18   0.1213293027828900E+02
   19   0.6262519665541142E+01
   20   0.7691228034859813E+01
   21   0.1322584434849226E+02
   22   0.1339565534715865E+02
   23   0.1318948762410706E+02
   24   0.8226485450997112E+01
   25   0.7183843910826651E+01
   26   0.6804907157318201E+01
   27   0.6348929221829067E+01
   28   0.8225864326849315E+01
   29   0.6205565609244928E+01
   30   0.5202513944481092E+01
   31   0.5085506934324028E+01
   32   0.5695544297814148E+01
   33   0.5639480793519097E+01
   34   0.4009306786443559E+01
   35   0.4511981499028568E+01
   36   0.4344864926008783E+01
   37   0.3975482831712553E+01
   38   0.5782944583035706E+01
   39   0.3995891700562637E+01
   40   0.4312750027896119E+01
   41   0.4217363243914409E+01
   42   0.5828041126622376E+01
   43   0.4235664936273508E+01
   44   0.4055031000889743E+01
   45   0.3106957122911190E+01
   46   0.2614570865819971E+01
   47   0.2928688303896982E+01
   48   0.2896912972055414E+01
   49   0.3894161361515054E+01
   50   0.2404329632600499E+01
   51   0.2304512126659745E+01
   52   0.2878460438785897E+01
   53   0.2137644570757794E+01
   54   0.3236842342910310E+01
   55   0.2238516031726686E+01
   56   0.1396782925433948E+01
   57   0.2522458688950545E+01
   58   0.1962824560650039E+01
   59   0.1708329882802141E+01
   60   0.1905523341793039E+01
   61   0.1605523860144479E+01
   62   0.1825985647414481E+01
   63   0.1685833351147413E+01
   64   0.1807537385919460E+01
   65   0.1016551876927049E+01
   66   0.1448706316000091E+01
   67   0.1402533151953806E+01
   68   0.1638816088708203E+01
   69   0.1465565514073954E+01
   70   0.1251450835953701E+01
   71   0.1516036891387180E+01
   72   0.1536483495387965E+01
   73   0.1316046747066733E+01
   74   0.1483863709441291E+01
   75   0.1299398482266197E+01
   76   0.1366457432487135E+01
   77   0.1211759417425320E+01
   78   0.1182697148416441E+01
   79   0.1169128906007968E+01
   80   0.1267351120567588E+01
   81   0.1015652656853067E+01
   82   0.8518394693325408E+00
   83   0.7546725217239136E+00
   84   0.9340071813729081E+00
   85   0.9388306653530587E+00
   86   0.8710626433586997E+00
   87   0.5598299354502352E+00
   88   0.8855438545164329E+00
   89   0.8802247330996720E+00
   90   0.7068431111631015E+00
   91   0.8011324554122379E+00
   92   0.7477831437806191E+00
   93   0.5184821960272963E+00
   94   0.6866378071244807E+00
   95   0.7345011237698709E+00
   96   0.6076094715789200E+00
   97   0.7218492824768834E+00
   98   0.5796211620854450E+00
   99   0.5659928009904629E+00
  100   0.6392961785502317E+00
  101   0.5893198134274660E+00
  102   0.5500668446402238E+00
  103   0.4205777631816466E+00
  104   0.5546564989943116E+00
  105   0.3709364556843413E+00
  106   0.5243932694165188E+00
  107   0.4705390108204587E+00
  108   0.4331072389548063E+00
  109   0.4755048714836334E+00
  110   0.4214198908887657E+00
  111   0.4977778716010886E+00
  112   0.4213826369045690E+00
  113   0.3852400700278169E+00
  114   0.4014262681335614E+00
  115   0.3878304753284879E+00
  116   0.5404318173862652E+00
  117   0.3848950986396349E+00
  118   0.3117863247424018E+00
  119   0.3111555743627755E+00
  120   0.2656292072940113E+00
  121   0.2471362634336183E+00
  122   0.3194024122269946E+00
  123   0.2507155184236584E+00
  124   0.2667343575244847E+00
  125   0.2563092786472454E+00
  126   0.2460993544146031E+00
  127   0.3126281679683784E+00
  128   0.2252999304161158E+00
  129   0.2195238012925289E+00
  130   0.2027279797425505E+00
  131   0.2148990367021323E+00
  132   0.2825256438966665E+00
  133   0.2067991163886960E+00
  134   0.1903163258565018E+00
  135   0.1625762340022201E+00
  136   0.1764932183720285E+00
  137   0.1922689546441272E+00
  138   0.2252990268631002E+00
  139   0.2037154152236009E+00
  140   0.1631065062658164E+00
  141   0.1549057891173583E+00
  142   0.1457425415527102E+00
  143   0.1310744626037764E+00
  144   0.1343457313129891E+00
  145   0.1628519994498290E+00
  146   0.1387677639210856E+00
  147   0.1533828504014543E+00
  148   0.1057563218243489E+00
  149   0.1065114846463973E+00
  150   0.1177989166202292E+00
  151   0.1244985358408374E+00
  152   0.1219685434038192E+00
  153   0.1019484110583212E+00
  154   0.1068523083734032E+00
  155   0.9541275887380063E-01
  156   0.9006541622531006E-01
  157   0.8377365144217241E-01
  158   0.8724977843000392E-01
  159   0.6527843349671625E-01
  160   0.8840237341615709E-01
  161   0.6235411759091192E-01
  162   0.8435433515864232E-01
  163   0.6562783345393253E-01
  164   0.7284621797329061E-01
  165   0.7247425789050010E-01
  166   0.5861571565863799E-01
  167   0.6199052150006212E-01
  168   0.5616064308177204E-01
  169   0.4431966070972249E-01
  170   0.5843129944486725E-01
  171   0.4434862860645539E-01
  172   0.4620155179994090E-01
  173   0.5623337614482848E-01
  174   0.4635701444090889E-01
  175   0.4630973511664427E-01
  176   0.3891976735438096E-01
  177   0.4122263265683046E-01
  178   0.4227194852874117E-01
  179   0.2663156752237128E-01
  180   0.3361596358907915E-01
  181   0.3241272085913105E-01
  182   0.3321581493331527E-01
  183   0.3248725583756784E-01
  184   0.2739766320439352E-01
  185   0.2339568378485934E-01
  186   0.2975068324430441E-01
  187   0.2642314870787110E-01
  188   0.2055335026620764E-01
  189   0.2051784121273381E-01
  190   0.2170212290623563E-01
  191   0.1481994303532319E-01
  192   0.1988293970789445E-01
  193   0.2383589061395952E-01
  194   0.1445499449162824E-01
  195   0.1376136149974805E-01
  196   0.1126811612382606E-01
  197   0.1341745643558900E-01
  198   0.1334345013968197E-01
  199   0.1233344639365375E-01
  200   0.1563909815686337E-01
  201   0.9346285550955180E-03
  202  -0.4117179331706300E-03
  203   0.5475548080609016E-03
  204   0.1556489653454562E-02
  205   0.2312535633923751E-03
  206  -0.1950960109230238E-02
  207  -0.6173775285317484E-03
  208  -0.3744116200058434E-03
  209  -0.4013839688870036E-03
  210  -0.3012105335119530E-03
  211   0.6562163339194349E-03
  212  -0.4467618783429161E-03
  213  -0.3667396503286291E-03
  214   0.4157265347312089E-03
  215  -0.9273760610030157E-03
  216  -0.5874011360910147E-03
  217  -0.9452799940512513E-03
  218  -0.4695332122192086E-03
  219   0.5469793220258534E-04
  220  -0.4632909680384323E-03
  221  -0.3865803514866428E-03
  222  -0.4112107650133812E-04
  223  -0.6993167992042082E-03
  224  -0.6474727680220171E-03
  225  -0.4574786951618837E-03
  226  -0.1090988171888574E-02
  227  -0.2667309698470843E-03
  228  -0.1137021464919563E-02
  229  -0.2791474842440689E-03
  230  -0.2952300433909372E-03
  231  -0.7876106995544641E-03
  232  -0.2343719023027990E-03
  233  -0.5746037638749701E-03
  234   0.1343808417997305E-03
  235  -0.4438058890767760E-03
  236  -0.1758084365364176E-03
  237  -0.4382574167843822E-03
  238  -0.3456269913016952E-03
  239  -0.5576908778681666E-04
  240  -0.3886380995071770E-03
  241  -0.5644908146459349E-03
  242  -0.3243124487309901E-03
  243   0.3299215258000254E-03
  244  -0.5748876145247328E-03
  245  -0.7608435385746404E-03
  246  -0.1657494480830080E-03
  247  -0.1698858639359591E-03
  248  -0.1007794990992572E-04
  249   0.2514305412570916E-04
  250   0.2319238012127300E-04
  251  -0.4175366336316433E-03
  252  -0.5827498453765401E-03
  253  -0.3742515148066339E-03
  254  -0.2927022118169864E-03
  255   0.1042382315987744E-03
  256  -0.3260927574127992E-03
  257  -0.3155878829181891E-03
  258  -0.2722249167441682E-03
  259  -0.1559191285730455E-03
  260  -0.2667116736753128E-03
  261  -0.1203772286211824E-03
  262  -0.1582110817087146E-03
  263  -0.2273773629819509E-03
  264  -0.1588600858605793E-03
  265  -0.1559236979081779E-03
  266  -0.6665802844441071E-04
  267   0.2245917761847238E-03
  268  -0.1510620899931592E-03
  269   0.2775690221307192E-04
  270  -0.5184415498871164E-04
  271  -0.1900509927622029E-03
  272  -0.3483182744930535E-03
  273  -0.1706631226857103E-03
  274   0.3765000143412522E-03
  275  -0.1806955386285392E-04
  276   0.1548211780952324E-03
  277  -0.1564873049951232E-03
  278  -0.1444384255375186E-03
  279   0.2469499484081261E-04
  280  -0.1713239457041271E-03
  281  -0.8022194651802206E-04
  282   0.1830436313948747E-03
  283   0.4310194768319953E-05
  284   0.3819565433846317E-03
  285   0.4354199979089701E-04
  286   0.2950663594813996E-04
  287   0.2654576904072559E-03
  288   0.2385141124602863E-03
  289   0.1555501425828942E-03
  290   0.3024158183913550E-03
  291  -0.1611626525640508E-03
  292   0.6151446533542160E-04
  293  -0.2011472358924848E-03
  294  -0.1252263472521498E-03
  295  -0.5591214563677172E-04
  296   0.1744181772533326E-03
  297   0.9992922632162671E-04
  298  -0.6320788367647490E-04
  299  -0.5973418689353416E-04
  300   0.9362736263179849E-04
  301   0.2577320101158076E-03
  302   0.4605235329691038E-03
  303   0.2789419785349523E-03
  304   0.4445361791616254E-04
  305  -0.1505185522887587E-05
  306   0.9638282216367644E-04
  307   0.5193925091344087E-03
  308   0.1351865337186342E-03
  309   0.2253867539175336E-03
  310   0.1979438077051032E-03
  311   0.3728338829011579E-03
  312  -0.4610377339547833E-04
  313  -0.1267404782239745E-03
  314   0.1985399684011901E-03
  315  -0.1326193568231826E-03
  316   0.2507665406487614E-03
  317   0.4769611415478825E-03
  318   0.2747077096310613E-03
  319   0.1078759527370354E-03
  320   0.1741723063972134E-03
  321   0.4036233602671691E-03
  322   0.2607270452792965E-03
  323   0.2599620584197437E-03
  324   0.2799922883047756E-03
  325   0.5507982508305698E-03
  326   0.2243928258204297E-03
  327   0.2915979120440004E-03
  328   0.1234673768943650E-03
  329   0.2066124283283122E-03
  330   0.4126976843054353E-03
  331   0.5082171171192640E-03
  332   0.2687098283560285E-03
  333   0.3268373594749185E-03
  334   0.1457741591782136E-03
  335   0.1860591692401381E-03
  336   0.1853405458525637E-03
  337   0.2876948347093344E-03
  338   0.3373308691147214E-03
  339   0.3782043357568043E-03
  340   0.5625113033702611E-04
  341   0.3650193826068571E-03
  342   0.1839960080079472E-03
  343   0.7826919015108125E-04
  344   0.3862474546487138E-03
  345   0.3138172376855319E-03
  346   0.3028019340414190E-03
  347   0.1184795760947599E-03
  348   0.1735651623013812E-03
  349   0.4808288357263102E-03
  350   0.3334831312220288E-03
  351   0.2599220302617472E-03
  352   0.5934955095212163E-03
  353   0.3900663050460107E-03
  354   0.3418639728892392E-03
  355   0.5123581463643279E-03
  356   0.2859018613781128E-03
  357   0.6099795536378821E-03
  358   0.4558022957190655E-03
  359   0.7105616126978909E-03
  360   0.5010423342367426E-03
  361   0.8383797683090694E-03
  362   0.8234740830282972E-03
  363   0.6898697677336502E-03
  364   0.6789888267751676E-03
  365   0.7993292835125620E-03
  366   0.9063136810570499E-03
  367   0.7013444458473100E-03
  368   0.7160713950564793E-03
  369   0.8208707548666566E-03
  370   0.9664332842446652E-03
  371   0.9127083190118360E-03
  372   0.9291006451209102E-03
  373   0.9901525980294187E-03
  374   0.9271201548568600E-03
  375   0.9871122990216183E-03
  376   0.1074114179023922E-02
  377   0.1332401847323420E-02
  378   0.1272377608640133E-02
  379   0.1286811952448862E-02
  380   0.1366928729561782E-02
  381   0.1784702017651085E-02
  382   0.1834407130811009E-02
  383   0.1945951456258835E-02
