# nlmax, ncor, nside =         383           1         128
    0   0.1496938686658213E+06
    1   0.7335632609309513E+03
    2   0.2998984319884160E+05
    3   0.1346074363570142E+03
    4   0.8189357750185844E+04
    5   0.2198701945084809E+03
    6   0.5102121189158765E+04
    7   0.3111801651802320E+03
    8   0.2610370229727808E+04
    9   0.2728814232239516E+03
   10   0.1546120980236491E+04
   11   0.1665593217299478E+03
   12   0.1001185438047848E+04
   13   0.1447061139303956E+03
   14   0.5909713483176810E+03
   15   0.1120446754559527E+03
   16   0.5518579242025919E+03
   17   0.9752542065434078E+02
   18   0.3892176169823214E+03
   19   0.6586987914755611E+02
   20   0.3145997023482728E+03
   21   0.5455986895605439E+02
   22   0.1993257500530570E+03
   23   0.4268998808457727E+02
   24   0.1597534593350527E+03
   25   0.4655533349691916E+02
   26   0.1273484557153686E+03
   27   0.3386781827906735E+02
   28   0.1031059009633352E+03
   29   0.3571315836925343E+02
   30   0.9340243896743185E+02
   31   0.2471296483534319E+02
   32   0.5459526992508026E+02
   33   0.1967044620476553E+02
   34   0.5661436967308755E+02
   35   0.1671991073736001E+02
   36   0.5047589602937242E+02
   37   0.1643092481888048E+02
   38   0.3672317503740858E+02
   39   0.1728927495322088E+02
   40   0.2842350054713071E+02
   41   0.1667957203657751E+02
   42   0.2754887765148724E+02
   43   0.1413995778937742E+02
   44   0.2178442419375187E+02
   45   0.1178319043467977E+02
   46   0.1874713287465636E+02
   47   0.1562603352085582E+02
   48   0.1486988121746014E+02
   49   0.1207697814273046E+02
   50   0.1373407600655247E+02
   51   0.9967924247571595E+01
   52   0.1181707967550691E+02
   53   0.1291049117218417E+02
   54   0.1267653988572046E+02
   55   0.1134638496633646E+02
   56   0.1025541365861203E+02
   57   0.1049825721096023E+02
   58   0.1143622421859424E+02
   59   0.9468520081351002E+01
   60   0.1025337099117590E+02
   61   0.9179247941151605E+01
   62   0.1075123087947089E+02
   63   0.7327122761629290E+01
   64   0.9263086320073583E+01
   65   0.8674837304824987E+01
   66   0.1159591798150418E+02
   67   0.9691972064385197E+01
   68   0.9016136074823258E+01
   69   0.1048219861585358E+02
   70   0.1081214023712548E+02
   71   0.1045994895083264E+02
   72   0.1077631526525713E+02
   73   0.8559262133813085E+01
   74   0.8535626920811602E+01
   75   0.1042630418674545E+02
   76   0.9277759344449677E+01
   77   0.9000204959737257E+01
   78   0.8955568797921767E+01
   79   0.7624592300143366E+01
   80   0.6540007521753289E+01
   81   0.8581885628224626E+01
   82   0.6382615739300142E+01
   83   0.8234271989599453E+01
   84   0.6987785373669542E+01
   85   0.9381741629664635E+01
   86   0.7350179262003429E+01
   87   0.8419475363994092E+01
   88   0.6546602790018319E+01
   89   0.7503839659052971E+01
   90   0.6275464747135956E+01
   91   0.7160508355841781E+01
   92   0.6094951723661023E+01
   93   0.6741513103694345E+01
   94   0.6250780404277950E+01
   95   0.7548568905907054E+01
   96   0.5432166206127711E+01
   97   0.6410671024191704E+01
   98   0.5936922865758181E+01
   99   0.5973542646000116E+01
  100   0.5844716068531149E+01
  101   0.6231565788385026E+01
  102   0.5529813319335275E+01
  103   0.5561778608494528E+01
  104   0.5135642250781693E+01
  105   0.5447715361660638E+01
  106   0.5108031025553707E+01
  107   0.5239829567119500E+01
  108   0.4374680926963126E+01
  109   0.5467197015782027E+01
  110   0.5236659847329808E+01
  111   0.5980480019915809E+01
  112   0.5006628504105930E+01
  113   0.5379981667657962E+01
  114   0.5152228754000078E+01
  115   0.4794137871393733E+01
  116   0.5068680228301478E+01
  117   0.4756521512272521E+01
  118   0.4241319741906814E+01
  119   0.4690719664485162E+01
  120   0.3971204384503988E+01
  121   0.4297837708977767E+01
  122   0.4176411094247010E+01
  123   0.4771940629084972E+01
  124   0.4034054240037403E+01
  125   0.4489861178827962E+01
  126   0.4098675865480175E+01
  127   0.4166725545267813E+01
  128   0.3789873446765176E+01
  129   0.3626565378368493E+01
  130   0.3527867914331518E+01
  131   0.3847079596340212E+01
  132   0.3330530157127187E+01
  133   0.3414308720157067E+01
  134   0.3142294976850259E+01
  135   0.3218644286633756E+01
  136   0.3288544842489898E+01
  137   0.3132679853555155E+01
  138   0.3980631902854121E+01
  139   0.3549061956017665E+01
  140   0.3277788507031222E+01
  141   0.3716702822283835E+01
  142   0.3217875508787481E+01
  143   0.3078341804923966E+01
  144   0.2930396729527942E+01
  145   0.2944000045031881E+01
  146   0.3258178539287702E+01
  147   0.3034649950311092E+01
  148   0.2923397788989611E+01
  149   0.3008750315996538E+01
  150   0.2776120542136127E+01
  151   0.2931683119851353E+01
  152   0.2842893831662028E+01
  153   0.2912905896118989E+01
  154   0.2674688654139791E+01
  155   0.2555227070606763E+01
  156   0.2655379424226300E+01
  157   0.2602713765721182E+01
  158   0.2576903404173720E+01
  159   0.2547781317332714E+01
  160   0.2653453660619654E+01
  161   0.2496258034402789E+01
  162   0.2750872614176251E+01
  163   0.2334323569148403E+01
  164   0.2750105129602142E+01
  165   0.2624396590083981E+01
  166   0.2513079170080365E+01
  167   0.2479607544100340E+01
  168   0.2531392015591576E+01
  169   0.2463741747597176E+01
  170   0.2611384920783815E+01
  171   0.2290069231905751E+01
  172   0.2530924353004854E+01
  173   0.2280400684805784E+01
  174   0.2446080501402569E+01
  175   0.2262372141298737E+01
  176   0.2325557062561481E+01
  177   0.2211727710378620E+01
  178   0.2777932976872480E+01
  179   0.2363936789499448E+01
  180   0.2420976774344060E+01
  181   0.2207506130362795E+01
  182   0.2214607914837513E+01
  183   0.1992683637599718E+01
  184   0.2262603573375992E+01
  185   0.2361205328067323E+01
  186   0.2155541709551798E+01
  187   0.2042529513199240E+01
  188   0.2007409427404525E+01
  189   0.1839930176597385E+01
  190   0.1817306808593209E+01
  191   0.1790269266469181E+01
  192   0.1881449258182842E+01
  193   0.1669346967230279E+01
  194   0.1890146546368818E+01
  195   0.1746427155763671E+01
  196   0.1720515654461536E+01
  197   0.1573122619999182E+01
  198   0.1677734776832468E+01
  199   0.1685480650341914E+01
  200   0.1676799086350298E+01
  201   0.1530263958316990E+01
  202   0.1603575936083304E+01
  203   0.1604487939077098E+01
  204   0.1609090973409836E+01
  205   0.1520979039098076E+01
  206   0.1577614688889071E+01
  207   0.1474965533510481E+01
  208   0.1515204593595715E+01
  209   0.1450754022485482E+01
  210   0.1603793446553905E+01
  211   0.1414601229627408E+01
  212   0.1645413486236379E+01
  213   0.1609956445487995E+01
  214   0.1520718325287689E+01
  215   0.1461823477839316E+01
  216   0.1488453435080507E+01
  217   0.1398483771369468E+01
  218   0.1456137378226625E+01
  219   0.1527931390345920E+01
  220   0.1576715659347446E+01
  221   0.1484871763747254E+01
  222   0.1417985865682713E+01
  223   0.1372907400613563E+01
  224   0.1436383958362525E+01
  225   0.1469092527790082E+01
  226   0.1343233786871288E+01
  227   0.1367312742951674E+01
  228   0.1251632808898941E+01
  229   0.1298647686869602E+01
  230   0.1220494891530031E+01
  231   0.1269818571187427E+01
  232   0.1226957414443113E+01
  233   0.1289978840620373E+01
  234   0.1164881857296905E+01
  235   0.1323387266504515E+01
  236   0.1195138849387156E+01
  237   0.1186687849720029E+01
  238   0.1162734700819458E+01
  239   0.1157737528543256E+01
  240   0.1191253013473174E+01
  241   0.1350168493662794E+01
  242   0.1267371685925312E+01
  243   0.1209075848963282E+01
  244   0.1177558511937317E+01
  245   0.1214788224094942E+01
  246   0.1124223180321852E+01
  247   0.1136403708349528E+01
  248   0.1085722906433428E+01
  249   0.1091827992641981E+01
  250   0.1064075987064024E+01
  251   0.1093272241840033E+01
  252   0.1034858550448881E+01
  253   0.1115307969825844E+01
  254   0.1078291648394941E+01
  255   0.1077003786499745E+01
  256   0.1094322553853349E+01
  257   0.1218064150416257E+01
  258   0.1201042650326217E+01
  259   0.1168116616573780E+01
  260   0.1125181407282430E+01
  261   0.1119616459791770E+01
  262   0.1021772451391723E+01
  263   0.1061197351661029E+01
  264   0.1081273747853800E+01
  265   0.1077990718463310E+01
  266   0.1006378348000677E+01
  267   0.9875834131771697E+00
  268   0.9432086340688723E+00
  269   0.9366129593374879E+00
  270   0.9497193903577941E+00
  271   0.9880366587226916E+00
  272   0.9393835176325247E+00
  273   0.1026031991297634E+01
  274   0.1017748602438434E+01
  275   0.9184355694411277E+00
  276   0.9259713415568012E+00
  277   0.9912142428429878E+00
  278   0.9591084886876828E+00
  279   0.9351589725281890E+00
  280   0.9012662031435781E+00
  281   0.8596276535359753E+00
  282   0.9712971898455427E+00
  283   0.9012137431803851E+00
  284   0.8747330994017384E+00
  285   0.8584097168012574E+00
  286   0.8464593756669503E+00
  287   0.9327217985310581E+00
  288   0.8229384819906880E+00
  289   0.8716875271351299E+00
  290   0.8039017283880021E+00
  291   0.8591485542634834E+00
  292   0.8482120402454445E+00
  293   0.8702018534288696E+00
  294   0.9408598913677455E+00
  295   0.9791825180274367E+00
  296   0.8489171185833833E+00
  297   0.8811545585931091E+00
  298   0.8685162546494167E+00
  299   0.8834399923569469E+00
  300   0.8360211502926509E+00
  301   0.8810801382578877E+00
  302   0.8451585702236510E+00
  303   0.8509423497832653E+00
  304   0.8657342033825177E+00
  305   0.8717783034491653E+00
  306   0.8035595356771381E+00
  307   0.8799016266919679E+00
  308   0.8442812914566034E+00
  309   0.8733501256045839E+00
  310   0.8870305783230332E+00
  311   0.9190967801471714E+00
  312   0.9470025648720171E+00
  313   0.9011621710346329E+00
  314   0.9154512591519364E+00
  315   0.8367522214194310E+00
  316   0.8093773773427309E+00
  317   0.7999883352709931E+00
  318   0.7638242973857849E+00
  319   0.8005881870580875E+00
  320   0.7929219934224117E+00
  321   0.8124363088464666E+00
  322   0.7695170280807364E+00
  323   0.7477713051163040E+00
  324   0.7022545853179585E+00
  325   0.7210948483578079E+00
  326   0.6855047683357380E+00
  327   0.7264450733557100E+00
  328   0.6898394226054076E+00
  329   0.6941165865622780E+00
  330   0.6623741928978149E+00
  331   0.6575384637471213E+00
  332   0.6724633903674015E+00
  333   0.6499422046918402E+00
  334   0.6604819528217645E+00
  335   0.6534797190954165E+00
  336   0.6473895504123366E+00
  337   0.6405980271752933E+00
  338   0.6487375215883482E+00
  339   0.6699669263400558E+00
  340   0.6889841811585828E+00
  341   0.6924690534364601E+00
  342   0.6670355944943416E+00
  343   0.6663081830920925E+00
  344   0.6674804309467386E+00
  345   0.6726186368935396E+00
  346   0.6668365201854969E+00
  347   0.6955243706613348E+00
  348   0.6599807045177752E+00
  349   0.6524985914689694E+00
  350   0.6757679280044115E+00
  351   0.6765683105734244E+00
  352   0.6449288587014950E+00
  353   0.6574454108162202E+00
  354   0.6794532114357481E+00
  355   0.6626107787883520E+00
  356   0.6859631489196967E+00
  357   0.6883188961725129E+00
  358   0.6518130190627880E+00
  359   0.6347377521696227E+00
  360   0.6267030249706858E+00
  361   0.6285557433942905E+00
  362   0.6796083950177458E+00
  363   0.7107874429486776E+00
  364   0.6848995486769220E+00
  365   0.6484146345686159E+00
  366   0.6298131017952722E+00
  367   0.6169250766660639E+00
  368   0.6049155937202300E+00
  369   0.6032463007924393E+00
  370   0.6106669479899429E+00
  371   0.6211087685136398E+00
  372   0.5850737130894268E+00
  373   0.6163961159970790E+00
  374   0.5959259714311870E+00
  375   0.6255896539542820E+00
  376   0.6174933477657100E+00
  377   0.7107553719889909E+00
  378   0.6342909219685061E+00
  379   0.6447028817580271E+00
  380   0.6282964865755167E+00
  381   0.6145898994125664E+00
  382   0.5976599747887191E+00
  383   0.5884301275507613E+00
