# nlmax, ncor, nside =         383           1         128
    0   0.8551001935860088E+04
    1  -0.3823381713849763E+02
    2   0.1082009663315705E+04
    3   0.2875793066357624E+03
    4   0.3361418315148871E+03
    5   0.1235048971807736E+03
    6   0.1463270859352255E+03
    7   0.1137083349350105E+03
    8   0.1602088831736264E+03
    9   0.7390463552652977E+02
   10   0.5688063072115976E+02
   11   0.7893771753347207E+02
   12   0.5121762522153840E+02
   13   0.3622908715931410E+02
   14   0.5398144132116232E+02
   15   0.1493246278448159E+02
   16   0.2946494934440248E+02
   17   0.3053600297598665E+02
   18   0.1212174927708013E+02
   19   0.8438265931228155E+01
   20   0.8909238769954875E+01
   21   0.1580298215553622E+02
   22   0.1627156602273651E+02
   23   0.1541583453919073E+02
   24   0.9095434595561864E+01
   25   0.9794745075753365E+01
   26   0.1090313210862178E+02
   27   0.7002333613804257E+01
   28   0.1068246937749633E+02
   29   0.7152739939436965E+01
   30   0.6553006132662653E+01
   31   0.5295836885280213E+01
   32   0.5395236281974977E+01
   33   0.6839673881361389E+01
   34   0.6203675525565785E+01
   35   0.5200715644699921E+01
   36   0.4182249468738825E+01
   37   0.4448934505031049E+01
   38   0.6762850997393160E+01
   39   0.4930129216938671E+01
   40   0.4092772166770858E+01
   41   0.4760647404120024E+01
   42   0.6149804542358749E+01
   43   0.6012707126631060E+01
   44   0.5341824475637305E+01
   45   0.3512354699598737E+01
   46   0.3311775678968870E+01
   47   0.3041125321534339E+01
   48   0.2904153800719485E+01
   49   0.4941146687334868E+01
   50   0.3098618615273407E+01
   51   0.2493417083353719E+01
   52   0.3157302874809448E+01
   53   0.2550156024698173E+01
   54   0.3730817005779251E+01
   55   0.2475699337841758E+01
   56   0.1438156824663460E+01
   57   0.3162138848277061E+01
   58   0.2466511746109393E+01
   59   0.1828654450473109E+01
   60   0.2266150283762599E+01
   61   0.2115337488695628E+01
   62   0.2175036384921838E+01
   63   0.2135120180723842E+01
   64   0.1934878350491808E+01
   65   0.1287743688633652E+01
   66   0.1970196025224628E+01
   67   0.1229969681017383E+01
   68   0.1895110101187959E+01
   69   0.1746112661625262E+01
   70   0.1549866242378992E+01
   71   0.1484330949844880E+01
   72   0.1636201128640724E+01
   73   0.1563924774484312E+01
   74   0.1659370052299260E+01
   75   0.1680577430599535E+01
   76   0.1712387342953239E+01
   77   0.1401123219214475E+01
   78   0.1345451680385996E+01
   79   0.1272825079738846E+01
   80   0.1329825047722145E+01
   81   0.1261917342130232E+01
   82   0.1019110446939103E+01
   83   0.9303364820449642E+00
   84   0.9900068385621119E+00
   85   0.1116171875278615E+01
   86   0.9198890048882626E+00
   87   0.8227365633518429E+00
   88   0.1011289241824278E+01
   89   0.1113697393214846E+01
   90   0.8304931027264313E+00
   91   0.8744369748911234E+00
   92   0.8381552579315106E+00
   93   0.5775793818492247E+00
   94   0.8032543438505806E+00
   95   0.8270134329939198E+00
   96   0.7269709045235275E+00
   97   0.7299448817947907E+00
   98   0.5994708723009969E+00
   99   0.6982165280330814E+00
  100   0.7162183304011427E+00
  101   0.6881184171840755E+00
  102   0.6606640943215916E+00
  103   0.5219601964025629E+00
  104   0.6230990061632000E+00
  105   0.4559520784105886E+00
  106   0.5952125512471342E+00
  107   0.5299872942515258E+00
  108   0.4554481529743051E+00
  109   0.5407364436716495E+00
  110   0.4689868745988546E+00
  111   0.5564816553964940E+00
  112   0.4627854121596244E+00
  113   0.4637310324589439E+00
  114   0.4300961501951563E+00
  115   0.4036935818995453E+00
  116   0.5792268346144795E+00
  117   0.4352787390719690E+00
  118   0.3792902218966308E+00
  119   0.3561182977253465E+00
  120   0.3300467440014225E+00
  121   0.3081290601125595E+00
  122   0.3492974283268382E+00
  123   0.2679170413376855E+00
  124   0.3103265656551890E+00
  125   0.2765821280052867E+00
  126   0.3067234950799971E+00
  127   0.3612823874797078E+00
  128   0.2769518689794461E+00
  129   0.2441655229289077E+00
  130   0.2273147734013445E+00
  131   0.2421797864534678E+00
  132   0.3079090080330036E+00
  133   0.2180422296327664E+00
  134   0.2109886504705354E+00
  135   0.1781551808347883E+00
  136   0.2239364801048447E+00
  137   0.2622745159798370E+00
  138   0.2539739475029636E+00
  139   0.2310852486327908E+00
  140   0.1786463840568142E+00
  141   0.1745767629953667E+00
  142   0.1669211652142721E+00
  143   0.1686827426681550E+00
  144   0.1735242424124064E+00
  145   0.1707113214385896E+00
  146   0.1532521075895490E+00
  147   0.1796304989128894E+00
  148   0.1403465140448903E+00
  149   0.1329714073026649E+00
  150   0.1361607882452918E+00
  151   0.1369966266969496E+00
  152   0.1541932793253897E+00
  153   0.1309039212629790E+00
  154   0.1356168332200809E+00
  155   0.1140237054607036E+00
  156   0.1102487770040272E+00
  157   0.9966039626865131E-01
  158   0.1099996469323794E+00
  159   0.8049919206534795E-01
  160   0.1111068935840407E+00
  161   0.8228777707948987E-01
  162   0.9960216793492993E-01
  163   0.8197757126619765E-01
  164   0.9570544247854085E-01
  165   0.7198205725977735E-01
  166   0.6276814435685596E-01
  167   0.7520087248049689E-01
  168   0.7499746001127217E-01
  169   0.6444274744598033E-01
  170   0.7313791284789950E-01
  171   0.6078742510759771E-01
  172   0.6413146525277091E-01
  173   0.6540941186508009E-01
  174   0.6381541219066533E-01
  175   0.7151419936486314E-01
  176   0.6126412804287407E-01
  177   0.5877528268078080E-01
  178   0.5939377290531489E-01
  179   0.3508750176062980E-01
  180   0.4823624188610798E-01
  181   0.4848289933254279E-01
  182   0.3935264735524813E-01
  183   0.4898653454457391E-01
  184   0.3736659033880163E-01
  185   0.3688558721873103E-01
  186   0.4382166412129607E-01
  187   0.3739802966629702E-01
  188   0.3415730704449382E-01
  189   0.3545108357925852E-01
  190   0.3690969333501837E-01
  191   0.2366849694766748E-01
  192   0.3207465775956186E-01
  193   0.3253906702156684E-01
  194   0.2911566780753172E-01
  195   0.2433894920173629E-01
  196   0.2255733839656737E-01
  197   0.2076686568166752E-01
  198   0.2277506059990775E-01
  199   0.1965996967625339E-01
  200   0.2201939240535045E-01
  201   0.1026315871734873E-01
  202   0.8280940762480204E-02
  203   0.7280294640514828E-02
  204   0.1048689684139759E-01
  205   0.8249445689982648E-02
  206   0.8167193287508701E-02
  207   0.8620155164821730E-02
  208   0.7529169460280372E-02
  209   0.7529309340241763E-02
  210   0.7322494229883514E-02
  211   0.1028767187644863E-01
  212   0.9079370272732645E-02
  213   0.7685998129147942E-02
  214   0.7687968247722776E-02
  215   0.6574670502247359E-02
  216   0.7896843052040858E-02
  217   0.7870695917631787E-02
  218   0.8482449640127010E-02
  219   0.9257031503955071E-02
  220   0.7090695986277318E-02
  221   0.7265207442224586E-02
  222   0.6737810436660219E-02
  223   0.7008712210517021E-02
  224   0.7129564466840432E-02
  225   0.7056333392588710E-02
  226   0.4445053596264348E-02
  227   0.7383794940528432E-02
  228   0.5776712157251507E-02
  229   0.6936294430498591E-02
  230   0.7944855488077107E-02
  231   0.6798925371580666E-02
  232   0.5697354577768876E-02
  233   0.5403266400706874E-02
  234   0.6774386401364962E-02
  235   0.7084664234107585E-02
  236   0.5311155113416843E-02
  237   0.6637520974346667E-02
  238   0.4640063731609967E-02
  239   0.7427890615517074E-02
  240   0.6463091863900594E-02
  241   0.5113590002876034E-02
  242   0.6255362586895075E-02
  243   0.6077853444099945E-02
  244   0.5775744190399945E-02
  245   0.5039731757893295E-02
  246   0.4141883225879939E-02
  247   0.6290352649186648E-02
  248   0.7384840574095719E-02
  249   0.4974650865590458E-02
  250   0.6184506509985477E-02
  251   0.5325113543803606E-02
  252   0.4936375041604490E-02
  253   0.5490779823753789E-02
  254   0.6599462190103211E-02
  255   0.6108092419297773E-02
  256   0.5378342228271604E-02
  257   0.5432837223876330E-02
  258   0.5490695248655086E-02
  259   0.5863447825561363E-02
  260   0.3694755558699025E-02
  261   0.4677115792541819E-02
  262   0.5298528733244212E-02
  263   0.4704111257049948E-02
  264   0.4607987628671539E-02
  265   0.5406227554096033E-02
  266   0.5681800830817374E-02
  267   0.6797735787650971E-02
  268   0.4851476061048743E-02
  269   0.5566904422145469E-02
  270   0.4605773646495059E-02
  271   0.3837824880737584E-02
  272   0.4225661528873270E-02
  273   0.3562198695189922E-02
  274   0.4881783904690962E-02
  275   0.4826424749504010E-02
  276   0.4085882422550369E-02
  277   0.4264126457898088E-02
  278   0.4423436223732424E-02
  279   0.4004458111955378E-02
  280   0.3434207307193127E-02
  281   0.4058170292348451E-02
  282   0.4541939486698565E-02
  283   0.4189416785044586E-02
  284   0.4572165759345825E-02
  285   0.4758461362307731E-02
  286   0.4133505788289304E-02
  287   0.3969569738129008E-02
  288   0.5118451399321988E-02
  289   0.3864396656569902E-02
  290   0.4851694248145466E-02
  291   0.3764627971124535E-02
  292   0.4539071860141797E-02
  293   0.4035749094810526E-02
  294   0.3839753652023825E-02
  295   0.3587404169433039E-02
  296   0.4265209136662174E-02
  297   0.4766209850191272E-02
  298   0.3650695939835247E-02
  299   0.4286204059813059E-02
  300   0.4666382631227928E-02
  301   0.4880361548971535E-02
  302   0.4678691865051321E-02
  303   0.4210395350701168E-02
  304   0.4266089330288214E-02
  305   0.3954188676428827E-02
  306   0.3703151943942939E-02
  307   0.3707408010264757E-02
  308   0.4282664904863731E-02
  309   0.4276906903411648E-02
  310   0.3436845562560187E-02
  311   0.4472019793370308E-02
  312   0.3951197695218345E-02
  313   0.3938363613369023E-02
  314   0.4377890177741151E-02
  315   0.4322438080431201E-02
  316   0.3705184710667830E-02
  317   0.5131013066485557E-02
  318   0.4219567361383236E-02
  319   0.4471729056995111E-02
  320   0.3314340904308155E-02
  321   0.3848997629844586E-02
  322   0.4055989084546296E-02
  323   0.4453022410576268E-02
  324   0.4362766821093822E-02
  325   0.4149802455484686E-02
  326   0.3857704534958650E-02
  327   0.3763222661977206E-02
  328   0.2699216174477770E-02
  329   0.3947623322731519E-02
  330   0.4050084754237238E-02
  331   0.4844751506851708E-02
  332   0.3829838332151836E-02
  333   0.3502398274892182E-02
  334   0.4148111467311644E-02
  335   0.3497566359106863E-02
  336   0.3962690746888431E-02
  337   0.3552310977394391E-02
  338   0.3486642902102322E-02
  339   0.3606434876727904E-02
  340   0.3640534296871112E-02
  341   0.3862713103300858E-02
  342   0.3976270459575548E-02
  343   0.3521051643606138E-02
  344   0.4707271484339776E-02
  345   0.3636286910634390E-02
  346   0.3564785136498383E-02
  347   0.4094346829881773E-02
  348   0.2669543141899239E-02
  349   0.4149478403660950E-02
  350   0.3973678102304645E-02
  351   0.3029893568111314E-02
  352   0.3955296775060013E-02
  353   0.4000272971095953E-02
  354   0.3570968124478269E-02
  355   0.3011134243936009E-02
  356   0.3778653831731066E-02
  357   0.4072976908686465E-02
  358   0.4215598114875985E-02
  359   0.3712365585572447E-02
  360   0.3751858140509712E-02
  361   0.4392301000999799E-02
  362   0.3894214461205095E-02
  363   0.3997649212814175E-02
  364   0.3318574493401796E-02
  365   0.3831350201408082E-02
  366   0.4275564525655029E-02
  367   0.4133131021381187E-02
  368   0.3677068764032745E-02
  369   0.3798420485415094E-02
  370   0.3782505645064355E-02
  371   0.4144053906012676E-02
  372   0.4847219207927522E-02
  373   0.4171404414912809E-02
  374   0.4351061411862589E-02
  375   0.3845756590808332E-02
  376   0.4343424732872123E-02
  377   0.4881963346667559E-02
  378   0.4349992659946053E-02
  379   0.4679518910920610E-02
  380   0.5639343114423948E-02
  381   0.5451016685905530E-02
  382   0.6226435704405483E-02
  383   0.6296109807530910E-02
