# nlmax, ncor, nside =         383           1         128
    0   0.2807258977034518E+03
    1  -0.6982564301147440E+00
    2   0.1274246285858722E+04
    3   0.4922220842313848E+03
    4   0.2004053144914017E+03
    5   0.1182242131723706E+03
    6   0.2832330930485118E+03
    7   0.2206867262476595E+03
    8   0.1415815902606841E+03
    9   0.4020168010083261E+02
   10   0.4231730750013241E+02
   11   0.4680083674982257E+02
   12   0.2472482380063440E+02
   13   0.2765558393743857E+02
   14   0.2643567256788651E+02
   15   0.2083917590356236E+02
   16   0.2378527026861857E+02
   17   0.2407340689607381E+02
   18   0.1001408044615780E+02
   19   0.1224494940067665E+02
   20   0.1001766998955618E+02
   21   0.1312411184396653E+02
   22   0.8480165146915342E+01
   23   0.6765106650425738E+01
   24   0.9538547368636344E+01
   25   0.1004187126119949E+02
   26   0.6726122925512938E+01
   27   0.5115762065787025E+01
   28   0.6542855746356941E+01
   29   0.4561938435003850E+01
   30   0.7506115153692008E+01
   31   0.7499707655271809E+01
   32   0.8124148641426569E+01
   33   0.6272367379403645E+01
   34   0.2963079335768504E+01
   35   0.5578566809769853E+01
   36   0.7778126263938772E+01
   37   0.7684290081809921E+01
   38   0.3856178064223872E+01
   39   0.5829044588715512E+01
   40   0.4588319871756777E+01
   41   0.3043172893561709E+01
   42   0.3226014903670074E+01
   43   0.3036528388475102E+01
   44   0.3203369034793405E+01
   45   0.3887083978950108E+01
   46   0.2769013278488169E+01
   47   0.2380582066919803E+01
   48   0.3789577452164675E+01
   49   0.3074180042472396E+01
   50   0.2742762986602282E+01
   51   0.2499921596970545E+01
   52   0.1878580981869921E+01
   53   0.2567138958240025E+01
   54   0.2025725139569863E+01
   55   0.2253300877339701E+01
   56   0.1009311010034587E+01
   57   0.2180450439858901E+01
   58   0.2118589930387867E+01
   59   0.2528443330964968E+01
   60   0.1848481812505235E+01
   61   0.1732242994177748E+01
   62   0.1979246817033043E+01
   63   0.1586226888692335E+01
   64   0.1408364566662515E+01
   65   0.1796759393352445E+01
   66   0.2254737366991596E+01
   67   0.1177614881386447E+01
   68   0.1091913330177195E+01
   69   0.1370943989919460E+01
   70   0.1252322553387958E+01
   71   0.1393427950400765E+01
   72   0.1000314551496803E+01
   73   0.1505071547886064E+01
   74   0.1251092206269414E+01
   75   0.1504712687395816E+01
   76   0.8791459926109180E+00
   77   0.1408639302586980E+01
   78   0.1121479240147533E+01
   79   0.9787549669461939E+00
   80   0.9392311481860054E+00
   81   0.9242838775740936E+00
   82   0.8077011294374226E+00
   83   0.9338546930248011E+00
   84   0.1093604000076343E+01
   85   0.8874761821991719E+00
   86   0.5896015582524865E+00
   87   0.8221743042768710E+00
   88   0.7930930241218981E+00
   89   0.8216455834069967E+00
   90   0.6378134827573045E+00
   91   0.8782857287076906E+00
   92   0.8464368007826195E+00
   93   0.7112698263657877E+00
   94   0.6449942580166710E+00
   95   0.6108513337853732E+00
   96   0.6911860926832525E+00
   97   0.7185549820553074E+00
   98   0.4364482824861919E+00
   99   0.6500844850569751E+00
  100   0.5623173596649196E+00
  101   0.4685650303309348E+00
  102   0.4976736283613987E+00
  103   0.5468394163334274E+00
  104   0.6017641683265589E+00
  105   0.5383134464677413E+00
  106   0.4651296749956844E+00
  107   0.4394722362798704E+00
  108   0.4490344103033042E+00
  109   0.4110504627036076E+00
  110   0.5156751046648438E+00
  111   0.4272176311627689E+00
  112   0.3911978382468486E+00
  113   0.3996506090294090E+00
  114   0.4037678784202954E+00
  115   0.3517179402744903E+00
  116   0.3796684459328425E+00
  117   0.3706745123695550E+00
  118   0.3485116459549991E+00
  119   0.3281879744022245E+00
  120   0.3484689447393168E+00
  121   0.3248352230725331E+00
  122   0.3616536246154285E+00
  123   0.2340639846016759E+00
  124   0.2915467284784026E+00
  125   0.3485030685535685E+00
  126   0.2352976265566622E+00
  127   0.2556630510140266E+00
  128   0.2775539187921849E+00
  129   0.2845943182122012E+00
  130   0.2351293860042005E+00
  131   0.2146976988015940E+00
  132   0.1555075590230356E+00
  133   0.2185221255758466E+00
  134   0.2507219985142648E+00
  135   0.1928507676453108E+00
  136   0.1633426615738216E+00
  137   0.2100245155032464E+00
  138   0.1797060427390336E+00
  139   0.1358970263180357E+00
  140   0.1878835144481373E+00
  141   0.1440187332446180E+00
  142   0.1741982796090406E+00
  143   0.1588193637650733E+00
  144   0.1389086072881059E+00
  145   0.1331730692095406E+00
  146   0.1477920847973135E+00
  147   0.1434870948164085E+00
  148   0.1141302632526993E+00
  149   0.1370702618280830E+00
  150   0.1005846654914810E+00
  151   0.1119953269164023E+00
  152   0.1109555476896789E+00
  153   0.9365516698281473E-01
  154   0.9705894826651840E-01
  155   0.9491730768475515E-01
  156   0.1085369559081866E+00
  157   0.8686704121806077E-01
  158   0.8107286002762149E-01
  159   0.9167305277052018E-01
  160   0.7338340248592745E-01
  161   0.8423590861534125E-01
  162   0.7634016336441030E-01
  163   0.7087936469957157E-01
  164   0.6148470794070127E-01
  165   0.6274331587429527E-01
  166   0.5787672404396182E-01
  167   0.4950524154920988E-01
  168   0.5044231419353118E-01
  169   0.4404489581589666E-01
  170   0.5593409754164758E-01
  171   0.5104103438366270E-01
  172   0.4441796566897382E-01
  173   0.4795652224632307E-01
  174   0.4598483346373405E-01
  175   0.4983287894250976E-01
  176   0.4074955772377686E-01
  177   0.3422138119152673E-01
  178   0.4153016182205438E-01
  179   0.4737700561033154E-01
  180   0.3819980799258482E-01
  181   0.3004422396773687E-01
  182   0.3444863615460680E-01
  183   0.3176170646937360E-01
  184   0.2056922777613690E-01
  185   0.2508527608034972E-01
  186   0.2204901420264149E-01
  187   0.2361015660306498E-01
  188   0.2895468879167229E-01
  189   0.2407198252272713E-01
  190   0.1962107273590485E-01
  191   0.2163445222685534E-01
  192   0.2611543265815175E-01
  193   0.1537735745657698E-01
  194   0.1932646064128296E-01
  195   0.1592614329225228E-01
  196   0.1591417378705529E-01
  197   0.1273070185606040E-01
  198   0.1556288551442087E-01
  199   0.1363101913161491E-01
  200   0.1450532647945213E-01
  201  -0.1237231852997400E-03
  202   0.4126684619676357E-04
  203   0.6271799839819847E-03
  204  -0.7693927916350152E-03
  205   0.1703135114529131E-03
  206  -0.4829753004311765E-03
  207   0.2002126555665784E-03
  208  -0.1511764409778404E-03
  209  -0.1045948855201151E-02
  210   0.1125308075612397E-03
  211   0.1279446221258418E-04
  212   0.9632810265879366E-03
  213  -0.5905694519999782E-03
  214   0.2522505204972658E-03
  215  -0.1380119899597743E-03
  216  -0.6032796544068741E-03
  217  -0.3565985749759415E-03
  218   0.9530486814196548E-03
  219   0.5425678981690885E-03
  220  -0.2495032657405805E-03
  221  -0.1421991365199160E-03
  222   0.7353069536744083E-03
  223  -0.2772651739985088E-03
  224   0.3559464452660421E-03
  225  -0.3263645334686816E-03
  226  -0.7868202708459782E-03
  227  -0.2776162803006521E-03
  228  -0.9144640076119703E-04
  229   0.1341041613776017E-03
  230   0.4680777892323018E-03
  231   0.4763056000339772E-03
  232   0.1482559875187750E-04
  233   0.4049726875912096E-03
  234   0.2895674439007401E-04
  235  -0.1222453833245041E-03
  236   0.4102420818999919E-03
  237   0.2585312758687230E-03
  238   0.4469806022601164E-03
  239   0.2690205355623254E-03
  240   0.2409214424735628E-03
  241   0.4951040299351339E-03
  242   0.4940420539949475E-03
  243   0.2036252700410301E-03
  244   0.6801619566302319E-03
  245   0.4622909650491280E-03
  246   0.3122032606772684E-05
  247   0.4614822676065611E-03
  248   0.5623378768428999E-03
  249   0.6569862400532811E-03
  250   0.1277435917839798E-02
  251   0.3168642442091807E-03
  252  -0.4609258197232347E-03
  253   0.7120865072307581E-04
  254   0.7013675653645413E-03
  255   0.2300238481384165E-03
  256   0.2280395299206761E-03
  257  -0.1697122615107460E-05
  258  -0.1355046260662629E-03
  259  -0.8900279366796937E-04
  260   0.8475800647222975E-04
  261   0.1587661714330668E-04
  262   0.6869839041323544E-04
  263   0.3334347218045819E-03
  264   0.5771272887333811E-03
  265   0.6417484750171898E-03
  266   0.4939254914804181E-04
  267  -0.4037948632438226E-03
  268   0.6931733876566204E-03
  269  -0.7673898656679334E-04
  270   0.7961126708778687E-03
  271   0.2780100282409048E-03
  272   0.3687725572767420E-03
  273   0.2775502220321302E-03
  274   0.6664844747945597E-03
  275  -0.7878825045926074E-04
  276   0.3918196736865109E-03
  277  -0.1466874805486906E-03
  278   0.1142229404388351E-03
  279   0.4212347475732736E-03
  280   0.4125230977700678E-03
  281   0.4294927770084334E-03
  282   0.4516350836720195E-03
  283   0.2756819903200758E-03
  284   0.2455998399962800E-03
  285   0.3196573191266427E-04
  286  -0.2088855836059333E-03
  287   0.3469927163139985E-03
  288  -0.1693886661830457E-03
  289   0.4733386048699773E-04
  290   0.1704309283675487E-03
  291   0.2499387096738803E-03
  292   0.2035704237705604E-03
  293   0.2535503998658539E-03
  294   0.5354963109579503E-03
  295   0.3559108897699392E-03
  296  -0.4618000366857777E-03
  297   0.2215592245885523E-04
  298   0.9517555045357451E-05
  299   0.1449214349831252E-03
  300   0.1994066305773812E-03
  301   0.4703700235016428E-03
  302  -0.1409999402377515E-03
  303  -0.1100027629170053E-03
  304  -0.1374656618868819E-04
  305  -0.2971078166300600E-03
  306   0.2480866473558718E-03
  307   0.2276935959668047E-03
  308  -0.1458397662039701E-03
  309   0.4751284556036572E-03
  310   0.5398209177777669E-03
  311   0.3795276877808784E-03
  312  -0.1006066991104948E-04
  313   0.2824658772046518E-03
  314  -0.4217919281784832E-04
  315   0.3128363271132084E-04
  316   0.1010775242440975E-03
  317   0.1877833459017486E-03
  318   0.4167530963877786E-03
  319   0.1915265822343137E-03
  320   0.2945563361296810E-03
  321   0.5176120466244827E-03
  322   0.4114135357375370E-03
  323   0.2736788543835078E-03
  324   0.2616294528516305E-03
  325   0.3742722696294942E-03
  326   0.3983781797640140E-03
  327   0.6391612583866446E-03
  328   0.1469374685277858E-03
  329   0.3099851273535847E-03
  330   0.1608020482410932E-03
  331   0.3347241801897050E-03
  332   0.5804704301519692E-03
  333   0.1489856170072135E-03
  334   0.1473939654299539E-03
  335   0.5179968325532969E-03
  336   0.4098690306501562E-03
  337   0.2143784895357881E-03
  338   0.4011958710523900E-03
  339   0.3552645810800115E-03
  340   0.1280964990039712E-03
  341   0.3855255776290534E-03
  342   0.3189299606377871E-03
  343   0.4790976258068347E-03
  344   0.7332857192977049E-03
  345   0.8913924323368239E-03
  346   0.4488844955387594E-03
  347   0.5233035161413824E-03
  348   0.4705484788054271E-03
  349   0.4225780099605392E-03
  350   0.4884889392339498E-03
  351   0.1984127975786232E-03
  352   0.3714607291022132E-03
  353   0.3601790708748775E-03
  354   0.2854477257427934E-03
  355   0.5417490230585909E-03
  356   0.9849468654129223E-03
  357   0.4577213162375304E-03
  358   0.6593389172363379E-03
  359   0.6670683963909962E-03
  360   0.4316613555472304E-03
  361   0.5737171097299071E-03
  362   0.7361051655220274E-03
  363   0.9629546649004561E-03
  364   0.8205481764936989E-03
  365   0.4997910268696448E-03
  366   0.9289927546968779E-03
  367   0.1126084785902412E-02
  368   0.8426059783756545E-03
  369   0.9489001524232293E-03
  370   0.7549172366948381E-03
  371   0.1298737565636254E-02
  372   0.1074612897425817E-02
  373   0.1101966841692663E-02
  374   0.1034596797805210E-02
  375   0.1040671117353349E-02
  376   0.1199753166316257E-02
  377   0.1296742428209856E-02
  378   0.1237119804114506E-02
  379   0.1645482687461942E-02
  380   0.1567858315067724E-02
  381   0.1867597050485705E-02
  382   0.2430826271945104E-02
  383   0.2749910234008921E-02
