# nlmax, ncor, nside =         383           1         128
    0  -0.2809467641672216E+00
    1  -0.2445190803462767E+00
    2   0.2156008213477677E+03
    3   0.1038953175868834E+04
    4   0.2612396017722775E+03
    5   0.2994287509481422E+03
    6   0.2732746775647103E+03
    7   0.9963186946576144E+02
    8   0.6785543177231821E+02
    9   0.6503322631021125E+02
   10   0.3016883045807327E+02
   11   0.6300375034662501E+02
   12   0.3978765702001797E+02
   13   0.2451049786274724E+02
   14   0.3504547609958964E+02
   15   0.2890613408397788E+02
   16   0.1576593120535007E+02
   17   0.1695294314417326E+02
   18   0.1621578961717864E+02
   19   0.1242270969121235E+02
   20   0.2132107156152602E+02
   21   0.1124487780835015E+02
   22   0.1109754213200688E+02
   23   0.1045547006212037E+02
   24   0.1065126370717451E+02
   25   0.8657433294049198E+01
   26   0.6988707013083134E+01
   27   0.7157256528804347E+01
   28   0.6857146844322941E+01
   29   0.5497293831801615E+01
   30   0.7821627788788752E+01
   31   0.6105786143094328E+01
   32   0.5317397366553728E+01
   33   0.5575200774149225E+01
   34   0.4833728884808236E+01
   35   0.5028850535523360E+01
   36   0.3378108802967928E+01
   37   0.3413606006619677E+01
   38   0.4336865205279433E+01
   39   0.4619951821475815E+01
   40   0.4293330674379084E+01
   41   0.3215622852450999E+01
   42   0.3937068437225747E+01
   43   0.3488529289973529E+01
   44   0.3543099591333373E+01
   45   0.2298905173244940E+01
   46   0.2384300808205576E+01
   47   0.2556759293398616E+01
   48   0.2953287648679682E+01
   49   0.3248501380939432E+01
   50   0.2827294748678842E+01
   51   0.3253192853537116E+01
   52   0.3053788360621751E+01
   53   0.2401729062644220E+01
   54   0.2544407622947729E+01
   55   0.2247546143288327E+01
   56   0.2366821550341474E+01
   57   0.1931132985010199E+01
   58   0.2544863942845108E+01
   59   0.2055547604001509E+01
   60   0.1690883270379096E+01
   61   0.2380294696277325E+01
   62   0.1546045567566736E+01
   63   0.1781556770057980E+01
   64   0.1381557523288487E+01
   65   0.1466270018714698E+01
   66   0.1583509891158116E+01
   67   0.1552955991295822E+01
   68   0.1550232817861085E+01
   69   0.1442134416607304E+01
   70   0.1313344038991462E+01
   71   0.1386819623422149E+01
   72   0.1140947079631919E+01
   73   0.1117118009002857E+01
   74   0.1225746837461391E+01
   75   0.1149775849614517E+01
   76   0.1278094104631105E+01
   77   0.1141175770996072E+01
   78   0.1092099968020305E+01
   79   0.1148432990579932E+01
   80   0.8814265274376387E+00
   81   0.9814973413658030E+00
   82   0.9523507078774134E+00
   83   0.9787577442789690E+00
   84   0.7860461842594402E+00
   85   0.9071275205012879E+00
   86   0.1143567896948977E+01
   87   0.8786837871156483E+00
   88   0.8639773184405679E+00
   89   0.9039889826050296E+00
   90   0.7330612315737663E+00
   91   0.6853765542405237E+00
   92   0.7640603537440718E+00
   93   0.6825233850697361E+00
   94   0.7887061685476180E+00
   95   0.7881188070578937E+00
   96   0.6359377131300950E+00
   97   0.6637444164999262E+00
   98   0.6578818847117074E+00
   99   0.7288884573649452E+00
  100   0.6236736837838344E+00
  101   0.5788983566517976E+00
  102   0.4828921408196307E+00
  103   0.4870246072379421E+00
  104   0.6168080062838226E+00
  105   0.4436626016425260E+00
  106   0.5308701119736368E+00
  107   0.4459646548283056E+00
  108   0.4260796313149759E+00
  109   0.3381343352450417E+00
  110   0.4191462247067641E+00
  111   0.4791974000133965E+00
  112   0.4449934159400482E+00
  113   0.3504157541591941E+00
  114   0.4553523525116037E+00
  115   0.3334615647881636E+00
  116   0.3724389186222097E+00
  117   0.3677399597610731E+00
  118   0.4029125648045031E+00
  119   0.3069740799467526E+00
  120   0.3064784369057920E+00
  121   0.3181488796377385E+00
  122   0.3250466428003687E+00
  123   0.3222338629133212E+00
  124   0.2733309835059882E+00
  125   0.2775227746133142E+00
  126   0.3065500466924687E+00
  127   0.2186236161786773E+00
  128   0.2423759686119418E+00
  129   0.2439869555881951E+00
  130   0.2512632198509387E+00
  131   0.2246975880573783E+00
  132   0.1958234950773495E+00
  133   0.1729486846760487E+00
  134   0.1995754916318395E+00
  135   0.1911750736889303E+00
  136   0.1786770463195243E+00
  137   0.1998767502117483E+00
  138   0.1456304031920204E+00
  139   0.1879515115120731E+00
  140   0.1607603760321444E+00
  141   0.1586913626037824E+00
  142   0.1561888419572157E+00
  143   0.1483404158176882E+00
  144   0.1360278548298163E+00
  145   0.1718851562808834E+00
  146   0.1357116634906836E+00
  147   0.1132201487106526E+00
  148   0.1097185678547135E+00
  149   0.1269286600313175E+00
  150   0.1151723197348458E+00
  151   0.1015022144915002E+00
  152   0.1094983794880159E+00
  153   0.1201285548239337E+00
  154   0.8708791543183292E-01
  155   0.8581634133058913E-01
  156   0.8836527307455011E-01
  157   0.8500140284661573E-01
  158   0.9598840577546308E-01
  159   0.7859605148237347E-01
  160   0.8020101835374582E-01
  161   0.7081426570343852E-01
  162   0.7849527884345531E-01
  163   0.7135193211302604E-01
  164   0.7195660339126830E-01
  165   0.6526843442464692E-01
  166   0.6354729133873338E-01
  167   0.6037172473644636E-01
  168   0.5658263557456122E-01
  169   0.5041507878530382E-01
  170   0.6012014797712451E-01
  171   0.4818364304981571E-01
  172   0.4661838790012740E-01
  173   0.4104340366384140E-01
  174   0.4491099399717446E-01
  175   0.3648888155538887E-01
  176   0.3992325552860432E-01
  177   0.3503268430097062E-01
  178   0.3774490187482760E-01
  179   0.3586254488883600E-01
  180   0.3110615109735559E-01
  181   0.3271386123997089E-01
  182   0.3317764337144391E-01
  183   0.2962576220281998E-01
  184   0.2692866664136773E-01
  185   0.2870625888870681E-01
  186   0.2668819781872078E-01
  187   0.2612251224404472E-01
  188   0.2330184414961711E-01
  189   0.2464153776729094E-01
  190   0.2193222659797456E-01
  191   0.2152461452744403E-01
  192   0.1576974259682162E-01
  193   0.1865818080647186E-01
  194   0.1723307797244811E-01
  195   0.1883383303403530E-01
  196   0.1914272076119172E-01
  197   0.1552947808970673E-01
  198   0.1442402758577599E-01
  199   0.1490394257827921E-01
  200   0.1467202855482952E-01
  201  -0.4128557349332151E-03
  202  -0.5646523651171576E-03
  203  -0.4177136160466999E-03
  204  -0.4838243281951593E-03
  205  -0.4190824996409548E-03
  206  -0.5472034436748707E-03
  207  -0.5266960052447978E-03
  208  -0.5048640415016292E-03
  209  -0.5055489373412270E-03
  210  -0.5144488732424790E-03
  211  -0.4522453787049185E-03
  212  -0.5015054381927175E-03
  213  -0.3545765520748256E-03
  214  -0.5093176084316475E-03
  215  -0.3860112354644452E-03
  216  -0.4601024777292073E-03
  217  -0.4253690279082400E-03
  218  -0.4386857096736474E-03
  219  -0.3889926899286467E-03
  220  -0.5362653067607637E-03
  221  -0.5082550605388647E-03
  222  -0.4078929592875591E-03
  223  -0.4699758740035476E-03
  224  -0.4468870805142133E-03
  225  -0.4079120950352122E-03
  226  -0.3855201790419205E-03
  227  -0.3635120942125925E-03
  228  -0.4835224987800313E-03
  229  -0.4157885573571329E-03
  230  -0.4589957699900893E-03
  231  -0.3651028574985782E-03
  232  -0.3283332957637608E-03
  233  -0.2995740326590113E-03
  234  -0.3033129311456051E-03
  235  -0.2037022803386135E-03
  236  -0.3666939570208250E-03
  237  -0.2809046741873988E-03
  238  -0.2483516078988224E-03
  239  -0.3050601265376374E-03
  240  -0.3396430226467739E-03
  241  -0.3034092136156019E-03
  242  -0.3069129596423581E-03
  243  -0.2542377116675487E-03
  244  -0.3449721185743160E-03
  245  -0.2394825255952471E-03
  246  -0.3715789196943042E-03
  247  -0.2291157400174937E-03
  248  -0.3499479451685161E-03
  249  -0.2087631229290565E-03
  250  -0.3325522223953659E-03
  251  -0.2350190368729521E-03
  252  -0.2983291842649782E-03
  253  -0.2239807367391267E-03
  254  -0.2866004271507849E-03
  255  -0.2105798576789164E-03
  256  -0.2140581550227338E-03
  257  -0.2800102138570404E-03
  258  -0.2429556440519676E-03
  259  -0.2418968652777576E-03
  260  -0.2195962712304711E-03
  261  -0.2368006951176671E-03
  262  -0.2390570133558034E-03
  263  -0.2291863024425078E-03
  264  -0.2218611092240641E-03
  265  -0.2091272631412622E-03
  266  -0.2501169870299247E-03
  267  -0.2165461487223519E-03
  268  -0.2459255697564444E-03
  269  -0.1781018191904238E-03
  270  -0.2518748131139503E-03
  271  -0.1899929342712436E-03
  272  -0.2034870071340178E-03
  273  -0.1757886716823309E-03
  274  -0.2090674377376311E-03
  275  -0.2186026208663705E-03
  276  -0.1899981421251695E-03
  277  -0.2038124537480090E-03
  278  -0.1908277449222950E-03
  279  -0.2172732842422032E-03
  280  -0.2424208251578519E-03
  281  -0.1877303575126277E-03
  282  -0.2308768097122882E-03
  283  -0.1716747310765432E-03
  284  -0.2050421289347959E-03
  285  -0.1535518620035536E-03
  286  -0.1986362425277499E-03
  287  -0.1571884717415650E-03
  288  -0.1925208942108458E-03
  289  -0.1469881796430372E-03
  290  -0.1559698955195254E-03
  291  -0.1840282412834959E-03
  292  -0.1620121106024608E-03
  293  -0.1568577766677959E-03
  294  -0.1943099673339388E-03
  295  -0.1275840942257522E-03
  296  -0.1663606965509046E-03
  297  -0.1517234484068597E-03
  298  -0.1650876548353608E-03
  299  -0.1654079692521293E-03
  300  -0.1552929780090362E-03
  301  -0.1718262802987147E-03
  302  -0.1409086548771477E-03
  303  -0.1548875531534599E-03
  304  -0.1114955737770984E-03
  305  -0.1082460074426916E-03
  306  -0.9614142554442706E-04
  307  -0.1360004820424865E-03
  308  -0.1396464654503382E-03
  309  -0.9270462558147452E-04
  310  -0.1082360697752249E-03
  311  -0.1108487361565214E-03
  312  -0.1276295674941808E-03
  313  -0.1128084072712365E-03
  314  -0.1176126447171577E-03
  315  -0.1142687090512906E-03
  316  -0.1245250792419328E-03
  317  -0.1333350431803049E-03
  318  -0.1081263398026722E-03
  319  -0.1159437277183928E-03
  320  -0.1271965200841385E-03
  321  -0.9841604712168550E-04
  322  -0.1249113946980018E-03
  323  -0.8325264849740055E-04
  324  -0.1012393814410206E-03
  325  -0.7708341485385128E-04
  326  -0.1034983757209895E-03
  327  -0.7165964362304544E-04
  328  -0.8686390160672630E-04
  329  -0.5935300078824257E-04
  330  -0.8535738239359714E-04
  331  -0.9563493023442837E-04
  332  -0.5225037965300716E-04
  333  -0.5893427945302676E-04
  334  -0.6906465281514285E-04
  335  -0.4976235557194175E-04
  336  -0.5160256511146932E-04
  337  -0.5217528301185159E-04
  338  -0.4037418951294280E-04
  339  -0.1437637279302906E-04
  340  -0.7227786986735429E-04
  341  -0.1219114165612600E-04
  342  -0.6729671496399914E-04
  343  -0.2063269507729393E-04
  344  -0.3168756246282878E-04
  345   0.2007474395882003E-05
  346   0.1782059728872021E-04
  347   0.1110443742699530E-04
  348   0.2087693905999943E-04
  349  -0.1944466874045925E-04
  350   0.3830885804342876E-04
  351   0.1167101576379781E-04
  352   0.3580810048017802E-04
  353   0.1515454633294055E-04
  354   0.9071956199674380E-05
  355   0.4519606394101650E-04
  356   0.5255363345474384E-05
  357   0.2440358420043032E-04
  358  -0.1271568495643527E-04
  359   0.1060705165867315E-04
  360   0.1019827292697562E-05
  361  -0.3252392175009944E-05
  362   0.2461580076525138E-04
  363   0.1531513237977566E-04
  364   0.3027580030005861E-04
  365   0.1630075239293649E-04
  366   0.4079014559565941E-04
  367   0.6399163180829948E-04
  368   0.2253951704397905E-04
  369   0.8987484322810213E-04
  370   0.6289996351457883E-04
  371   0.5879275571332720E-04
  372   0.7685729851335948E-04
  373   0.7200346828274695E-04
  374   0.6850186350514098E-04
  375   0.1395272103376644E-03
  376   0.7699536735157608E-04
  377   0.1422562556169203E-03
  378   0.1256047106331926E-03
  379   0.1790712803453574E-03
  380   0.1985223540844176E-03
  381   0.2530562843593119E-03
  382   0.2858855813508022E-03
  383   0.3445134607502854E-03
