# nlmax, ncor, nside =         383           1         128
    0  -0.1297625830713424E+03
    1   0.6126220321043737E+02
    2   0.1152403114834500E+04
    3   0.3456780382482470E+03
    4   0.9225347751160241E+02
    5   0.1270687622442634E+03
    6   0.1645226327883486E+03
    7   0.1035950748491702E+03
    8   0.2601050621318965E+02
    9   0.6580668446473824E+02
   10   0.2573503828095001E+02
   11   0.1537427675206552E+02
   12   0.6645974004396226E+02
   13   0.1123175267482715E+02
   14   0.3111645444356269E+02
   15   0.1651286460692485E+02
   16   0.1270179808380302E+02
   17   0.1770401832611275E+02
   18   0.1147209800230162E+02
   19   0.1147152249318706E+02
   20   0.1624000808207946E+02
   21   0.1684400102349608E+02
   22   0.7275202814961044E+01
   23   0.8424021783169193E+01
   24   0.5478705013482291E+01
   25   0.9049063057473148E+01
   26   0.7935441979394566E+01
   27   0.1112470104755818E+02
   28   0.6462643228638862E+01
   29   0.6477782870240684E+01
   30   0.4468360678278894E+01
   31   0.5606896718794085E+01
   32   0.6694529666739970E+01
   33   0.6149605348809278E+01
   34   0.6348632093798741E+01
   35   0.4344714434464024E+01
   36   0.3198931900014778E+01
   37   0.4142395533044398E+01
   38   0.2628129182095789E+01
   39   0.4148936842376466E+01
   40   0.3463423070572584E+01
   41   0.4051386841991661E+01
   42   0.4206592026623852E+01
   43   0.3528037272290883E+01
   44   0.2861691963195348E+01
   45   0.2334409527538196E+01
   46   0.4090061888804881E+01
   47   0.4163690646486063E+01
   48   0.2442559756262366E+01
   49   0.2804737416987033E+01
   50   0.2850300845880303E+01
   51   0.2640339946520768E+01
   52   0.1889126429080478E+01
   53   0.2345690240567876E+01
   54   0.2092368028726109E+01
   55   0.2324765128057996E+01
   56   0.1841577177556613E+01
   57   0.2530519205247638E+01
   58   0.2653769197890298E+01
   59   0.1967866146496989E+01
   60   0.1354690796799974E+01
   61   0.2342927336701671E+01
   62   0.2182657023805219E+01
   63   0.1506722405922244E+01
   64   0.1251661652826745E+01
   65   0.1809421708910523E+01
   66   0.1850188060353315E+01
   67   0.1681246392868172E+01
   68   0.1543822154875109E+01
   69   0.1180192786791513E+01
   70   0.1692779102456490E+01
   71   0.1416974783960405E+01
   72   0.1087105602294987E+01
   73   0.1166584610752746E+01
   74   0.1490573315496856E+01
   75   0.1081340040709800E+01
   76   0.1020234304471790E+01
   77   0.1189025718468008E+01
   78   0.1242291586814059E+01
   79   0.8521852750052932E+00
   80   0.1102384161820204E+01
   81   0.1085380701857109E+01
   82   0.9719325974798674E+00
   83   0.1035851616152847E+01
   84   0.1276341027413959E+01
   85   0.7989625231298911E+00
   86   0.7531979994484277E+00
   87   0.1016739755611634E+01
   88   0.7954518227934260E+00
   89   0.8914444745438717E+00
   90   0.8043283058573558E+00
   91   0.7295812515666773E+00
   92   0.9225569429067575E+00
   93   0.6974262994605687E+00
   94   0.6494144044211416E+00
   95   0.7316871204486366E+00
   96   0.5221041119081540E+00
   97   0.6072928478220054E+00
   98   0.6145275675588380E+00
   99   0.7071268540584574E+00
  100   0.6424712974446765E+00
  101   0.4213590954208011E+00
  102   0.5147447355253147E+00
  103   0.4910997221543940E+00
  104   0.7321028221806809E+00
  105   0.5676053949117081E+00
  106   0.6124505850954125E+00
  107   0.5413212355951502E+00
  108   0.5190625480116258E+00
  109   0.5281743577186735E+00
  110   0.5270805734413206E+00
  111   0.4417556593360557E+00
  112   0.5051636152774530E+00
  113   0.3079126321379249E+00
  114   0.4317451756648938E+00
  115   0.3272007327288353E+00
  116   0.4034917517152388E+00
  117   0.3863207588819922E+00
  118   0.3518620654335888E+00
  119   0.2283501185451451E+00
  120   0.4035392100643488E+00
  121   0.2778406456829985E+00
  122   0.2944381041884813E+00
  123   0.2778548473116214E+00
  124   0.2993223965678067E+00
  125   0.2592575703005413E+00
  126   0.2390393208139376E+00
  127   0.1906701497930525E+00
  128   0.2575719258520195E+00
  129   0.2353460258111011E+00
  130   0.2475403047578414E+00
  131   0.2372894193092482E+00
  132   0.2524258642667406E+00
  133   0.2452461445945602E+00
  134   0.1859016972706478E+00
  135   0.1789595928825157E+00
  136   0.1783775407068398E+00
  137   0.1931477628718574E+00
  138   0.1544910126457234E+00
  139   0.1600526041347183E+00
  140   0.1917203729949617E+00
  141   0.1767675727235682E+00
  142   0.1506171428668264E+00
  143   0.1482917864031619E+00
  144   0.1460059232256589E+00
  145   0.1330741189810609E+00
  146   0.1197109012543162E+00
  147   0.1272568186833425E+00
  148   0.1073556229271857E+00
  149   0.1489727182589471E+00
  150   0.1267565623790474E+00
  151   0.7488536775719346E-01
  152   0.9928919312622608E-01
  153   0.1173603191390983E+00
  154   0.9069420664119987E-01
  155   0.1055583956239546E+00
  156   0.7616501967524836E-01
  157   0.8774027759539504E-01
  158   0.7660085450499166E-01
  159   0.7613744468578676E-01
  160   0.9012323934607236E-01
  161   0.8898703524748319E-01
  162   0.7963503055260601E-01
  163   0.6714670437911763E-01
  164   0.7333045724457332E-01
  165   0.6137853449174602E-01
  166   0.6474171167734033E-01
  167   0.6813538919576989E-01
  168   0.6711100597075603E-01
  169   0.6144745893178594E-01
  170   0.6323498752102463E-01
  171   0.5472259692899073E-01
  172   0.4076636886450646E-01
  173   0.3683977995422549E-01
  174   0.5106785089422894E-01
  175   0.4193167974940371E-01
  176   0.3741213296380985E-01
  177   0.3419724555210579E-01
  178   0.4160213462315510E-01
  179   0.3241720598104669E-01
  180   0.2867460692502410E-01
  181   0.3772818152965118E-01
  182   0.3323091023199864E-01
  183   0.3159711658394304E-01
  184   0.3380537425614982E-01
  185   0.2638948070460501E-01
  186   0.2853434052105852E-01
  187   0.2709946177009304E-01
  188   0.2498022434718339E-01
  189   0.2775571474452854E-01
  190   0.1746949441641932E-01
  191   0.2124523374838505E-01
  192   0.1781242523519777E-01
  193   0.2177089480701078E-01
  194   0.1717210159424065E-01
  195   0.1913275677916282E-01
  196   0.1853480725395928E-01
  197   0.1374487704279415E-01
  198   0.1723671509588642E-01
  199   0.1456616603779870E-01
  200   0.1276198230126191E-01
  201   0.1056082709409045E-02
  202  -0.4813172752027306E-03
  203   0.1521421778850507E-02
  204   0.6522212223859514E-03
  205  -0.1247379158075490E-02
  206   0.8628241267371051E-03
  207  -0.1795561201024531E-03
  208  -0.8810269928259951E-03
  209   0.4446952954196837E-03
  210   0.7941531520010425E-03
  211   0.2436106014768180E-03
  212   0.1211177378292128E-02
  213   0.2139909616255542E-03
  214   0.5640423244570592E-03
  215   0.1178939597758055E-02
  216   0.2223886372400008E-03
  217   0.1350471819564047E-02
  218   0.9872985114088850E-03
  219   0.8856804343216895E-03
  220  -0.3637869266769345E-03
  221   0.9264510122775071E-04
  222   0.7294604238896607E-03
  223  -0.4858798364770767E-04
  224  -0.1594739245932564E-03
  225   0.1198140924422719E-02
  226   0.1422176103570427E-03
  227   0.5238987959277353E-03
  228   0.1266358715915961E-02
  229   0.4157285819332834E-03
  230   0.1061999732498542E-02
  231   0.1444450866622260E-03
  232   0.7892481903445381E-03
  233  -0.1892480248533168E-04
  234   0.2793216001198973E-03
  235   0.2741993958564892E-03
  236   0.1021993285064582E-02
  237   0.1108971400746506E-02
  238   0.8061549587992101E-03
  239   0.3865473519406581E-03
  240  -0.1144904926420054E-07
  241   0.3614839255923208E-03
  242   0.1219712046367061E-02
  243   0.9476488385053994E-03
  244   0.3381743414184735E-03
  245   0.3658833072748280E-03
  246   0.6335779049891910E-03
  247   0.7566218222060384E-03
  248   0.2669297753405964E-03
  249   0.6020078691770792E-04
  250   0.4992805295037650E-03
  251   0.6049779178057824E-03
  252   0.5699702786182703E-03
  253   0.3334820651748061E-03
  254   0.2063031417808281E-03
  255   0.2875804836444118E-03
  256   0.5562318333552918E-03
  257   0.7390493872464488E-03
  258   0.4246457599239584E-03
  259   0.7910850757730792E-03
  260   0.7743797006238839E-03
  261   0.1106878933804178E-02
  262   0.3646386949163194E-03
  263   0.3598278079018913E-03
  264   0.5507148025586939E-03
  265   0.7689975653098480E-03
  266  -0.1797283786211246E-03
  267   0.7125561616517784E-03
  268   0.8117703790224695E-03
  269  -0.1084213719810823E-03
  270   0.2989079668595518E-03
  271   0.1585964516923055E-03
  272   0.4908048365775408E-03
  273   0.1050855324417455E-02
  274   0.2873608772553937E-03
  275   0.5151703307190170E-03
  276   0.6768332381128506E-03
  277   0.2663883226671215E-03
  278   0.3683546440216290E-03
  279   0.3149110781122122E-03
  280   0.2723500420229175E-03
  281   0.3220807043602392E-04
  282   0.7345424437155690E-03
  283   0.3589791655662644E-03
  284   0.2359915742028429E-04
  285   0.3191467687110316E-03
  286   0.4205698955388470E-03
  287   0.2920089606371357E-03
  288   0.3540317394002956E-03
  289   0.1681677744659882E-03
  290  -0.9208970319757315E-04
  291   0.1192439781462218E-03
  292   0.2243366323368967E-03
  293   0.1304988964132558E-03
  294   0.2419813365415191E-03
  295   0.1369403603832531E-03
  296   0.8271391220560087E-04
  297   0.5716119429629019E-03
  298   0.3330367329357209E-05
  299   0.1448381622790595E-03
  300   0.1148817188434403E-04
  301   0.6254144476347534E-04
  302   0.2102582365057781E-03
  303   0.1933644617127528E-03
  304   0.2006413721653555E-03
  305   0.2928350862934082E-03
  306   0.4373229469088469E-03
  307   0.4163530915689551E-03
  308   0.6963540757999875E-03
  309   0.5295003232221318E-03
  310   0.3819086910242242E-03
  311   0.3423877194436153E-03
  312  -0.7111576724572188E-04
  313   0.5671430854882198E-03
  314   0.2405561456343963E-03
  315   0.5336519653749705E-03
  316   0.5589077342998960E-04
  317   0.2234581136000835E-03
  318   0.1240283203846615E-03
  319   0.3192643962871555E-03
  320   0.4207756664094675E-03
  321   0.3993768634103223E-03
  322   0.2704697078597107E-03
  323   0.4372699446099915E-03
  324   0.4432134873151305E-03
  325   0.2838991457884410E-03
  326   0.3940678670255326E-03
  327   0.3526444152203712E-03
  328   0.3096015542655428E-03
  329   0.6415744103247800E-03
  330   0.3182362912161618E-03
  331   0.5514340283500618E-03
  332   0.4360293360815837E-03
  333   0.6555109333127029E-03
  334   0.5605920635148587E-03
  335   0.5378858682381360E-03
  336   0.6577813338660699E-03
  337   0.8186780145884587E-03
  338   0.3278251585118741E-03
  339   0.7059984444489631E-03
  340   0.5567631332350775E-03
  341   0.5991102395555281E-03
  342   0.5697746407433979E-03
  343   0.7225443196645087E-03
  344   0.1923331189474520E-03
  345   0.7351519533023154E-03
  346   0.7293108779390933E-03
  347   0.7885197399710164E-03
  348   0.7015582504472928E-03
  349   0.8315263695533315E-03
  350   0.6561817548753623E-03
  351   0.8293677463690752E-03
  352   0.6403101386377730E-03
  353   0.6956687394327893E-03
  354   0.8532885588440342E-03
  355   0.1062606556626683E-02
  356   0.7391571388957185E-03
  357   0.8394869480114614E-03
  358   0.8334545288334605E-03
  359   0.9768229377932064E-03
  360   0.6523312788243307E-03
  361   0.1135823418394688E-02
  362   0.8188522538151305E-03
  363   0.8677299640545422E-03
  364   0.1169064162607147E-02
  365   0.8826285054258226E-03
  366   0.8761243340983521E-03
  367   0.9595852406050348E-03
  368   0.1244868039600847E-02
  369   0.8510595902344528E-03
  370   0.9879805111001200E-03
  371   0.1068535197861237E-02
  372   0.1186386166282624E-02
  373   0.1040073048387678E-02
  374   0.1270520035860950E-02
  375   0.1261506469630032E-02
  376   0.1507766502232943E-02
  377   0.1497762960814414E-02
  378   0.1461806356581372E-02
  379   0.1466883738829156E-02
  380   0.1865157435183186E-02
  381   0.1993360785047867E-02
  382   0.2329340401230217E-02
  383   0.2258168898599839E-02
