# nlmax, ncor, nside =         383           1         128
    0   0.2761600069810701E+03
    1  -0.6986315138806711E+00
    2   0.1274836350652654E+04
    3   0.4923420637911755E+03
    4   0.2006429109064077E+03
    5   0.1182564128795383E+03
    6   0.2834419324534340E+03
    7   0.2207055554443190E+03
    8   0.1415437192655272E+03
    9   0.4019822905027697E+02
   10   0.4232934051717641E+02
   11   0.4679175224145771E+02
   12   0.2471942467653853E+02
   13   0.2765376090111637E+02
   14   0.2643328488886154E+02
   15   0.2083869555110014E+02
   16   0.2378565954207242E+02
   17   0.2407125369878971E+02
   18   0.1001618999307526E+02
   19   0.1224413934610488E+02
   20   0.1001813630900469E+02
   21   0.1312653054732811E+02
   22   0.8483626518977239E+01
   23   0.6765372239275981E+01
   24   0.9538044159077735E+01
   25   0.1004594193986714E+02
   26   0.6724062147966962E+01
   27   0.5114831671667489E+01
   28   0.6543835851385102E+01
   29   0.4560892991215900E+01
   30   0.7506616155864791E+01
   31   0.7500756732812843E+01
   32   0.8123178101301374E+01
   33   0.6271686189830111E+01
   34   0.2963381703161994E+01
   35   0.5578744100575390E+01
   36   0.7778688304959939E+01
   37   0.7685082095995628E+01
   38   0.3855881161116716E+01
   39   0.5829333727992868E+01
   40   0.4588619076961196E+01
   41   0.3043352788211843E+01
   42   0.3226834512405654E+01
   43   0.3037253437052576E+01
   44   0.3203556580355732E+01
   45   0.3887897168977482E+01
   46   0.2768836912984715E+01
   47   0.2380667675136075E+01
   48   0.3789424558492607E+01
   49   0.3074108279080463E+01
   50   0.2743111779963639E+01
   51   0.2500202588845988E+01
   52   0.1878306584989883E+01
   53   0.2566891633482938E+01
   54   0.2025873816042837E+01
   55   0.2253602536399736E+01
   56   0.1009334877988157E+01
   57   0.2180412172236389E+01
   58   0.2118561902954440E+01
   59   0.2528323648559944E+01
   60   0.1848860552961793E+01
   61   0.1732155600912122E+01
   62   0.1979066826485683E+01
   63   0.1586285725460629E+01
   64   0.1408292908445429E+01
   65   0.1796701639421723E+01
   66   0.2255050157620029E+01
   67   0.1177626701001083E+01
   68   0.1091947225684911E+01
   69   0.1371003963103923E+01
   70   0.1252348021755327E+01
   71   0.1393532219316432E+01
   72   0.1000280414377352E+01
   73   0.1505023223701874E+01
   74   0.1251186859007289E+01
   75   0.1504799084920393E+01
   76   0.8791345511258886E+00
   77   0.1408562307353819E+01
   78   0.1121474267172492E+01
   79   0.9786804637086157E+00
   80   0.9391644143292568E+00
   81   0.9242959576587111E+00
   82   0.8077053768557776E+00
   83   0.9339400699038969E+00
   84   0.1093703023414097E+01
   85   0.8875062168293049E+00
   86   0.5896893983767022E+00
   87   0.8222267526889826E+00
   88   0.7931346289088155E+00
   89   0.8216984161712779E+00
   90   0.6377961130877572E+00
   91   0.8783471850166482E+00
   92   0.8466349381772611E+00
   93   0.7112585215480536E+00
   94   0.6450031911318608E+00
   95   0.6109532589301283E+00
   96   0.6910781491753799E+00
   97   0.7185013026058080E+00
   98   0.4363396570537572E+00
   99   0.6501678635305670E+00
  100   0.5623705710922693E+00
  101   0.4686072903241492E+00
  102   0.4977325914260033E+00
  103   0.5468867840281217E+00
  104   0.6017538107722926E+00
  105   0.5383453785975199E+00
  106   0.4651095146585189E+00
  107   0.4394529002726786E+00
  108   0.4490612448365261E+00
  109   0.4110535327456446E+00
  110   0.5157084254895525E+00
  111   0.4272766044179896E+00
  112   0.3912145931219455E+00
  113   0.3996387811809532E+00
  114   0.4037289385028657E+00
  115   0.3517269608998344E+00
  116   0.3796631363417309E+00
  117   0.3706607111706586E+00
  118   0.3485221248648642E+00
  119   0.3281952160470485E+00
  120   0.3484739964154879E+00
  121   0.3248405137371997E+00
  122   0.3616692779734787E+00
  123   0.2341054349938405E+00
  124   0.2915301288325184E+00
  125   0.3485153133620884E+00
  126   0.2353041783984815E+00
  127   0.2556732518561748E+00
  128   0.2775485233678340E+00
  129   0.2845771129996765E+00
  130   0.2351296657392385E+00
  131   0.2147134388499075E+00
  132   0.1555154651000356E+00
  133   0.2185247806606313E+00
  134   0.2507182176276442E+00
  135   0.1928797944976818E+00
  136   0.1633433168036724E+00
  137   0.2100150017908843E+00
  138   0.1797237300924647E+00
  139   0.1359111117276961E+00
  140   0.1878877047527092E+00
  141   0.1440206144858703E+00
  142   0.1742062857313208E+00
  143   0.1588174691556290E+00
  144   0.1389245265445731E+00
  145   0.1331860295404617E+00
  146   0.1477808430502915E+00
  147   0.1434952231859805E+00
  148   0.1141401452284689E+00
  149   0.1370777865049402E+00
  150   0.1005942195916416E+00
  151   0.1119923051688508E+00
  152   0.1109680092564688E+00
  153   0.9364926757459480E-01
  154   0.9706314996789178E-01
  155   0.9492506042231019E-01
  156   0.1085507622952528E+00
  157   0.8687065525245374E-01
  158   0.8106399807426246E-01
  159   0.9166555746574367E-01
  160   0.7339002504962755E-01
  161   0.8424527494799339E-01
  162   0.7634690148382006E-01
  163   0.7089023307402098E-01
  164   0.6148192986358680E-01
  165   0.6274660931524878E-01
  166   0.5788277631010197E-01
  167   0.4951328853956249E-01
  168   0.5043796458788496E-01
  169   0.4404695404491799E-01
  170   0.5594280682506247E-01
  171   0.5103633940259511E-01
  172   0.4442592637762832E-01
  173   0.4797207107758517E-01
  174   0.4598309909455067E-01
  175   0.4983640009892998E-01
  176   0.4075683726272128E-01
  177   0.3422370314414247E-01
  178   0.4153266871024530E-01
  179   0.4737195189571741E-01
  180   0.3820519533768330E-01
  181   0.3004801059458384E-01
  182   0.3445478986243877E-01
  183   0.3176858217024836E-01
  184   0.2056780632078259E-01
  185   0.2508950750781735E-01
  186   0.2205462760614829E-01
  187   0.2361353391724341E-01
  188   0.2895754062856759E-01
  189   0.2407111938530215E-01
  190   0.1962552008374940E-01
  191   0.2164079990153789E-01
  192   0.2611289923403781E-01
  193   0.1537616198125569E-01
  194   0.1933126722501355E-01
  195   0.1592398609026313E-01
  196   0.1591664587598807E-01
  197   0.1272903566863837E-01
  198   0.1556795695353730E-01
  199   0.1363205331808204E-01
  200   0.1450733609426225E-01
  201  -0.1203834236224166E-03
  202   0.4171618219939166E-04
  203   0.6282868245534035E-03
  204  -0.7682453184997273E-03
  205   0.1725817431427190E-03
  206  -0.4830417335469628E-03
  207   0.2005369427161563E-03
  208  -0.1491163400094697E-03
  209  -0.1042947940013805E-02
  210   0.1143635132364595E-03
  211   0.1643778448312538E-04
  212   0.9649229753871946E-03
  213  -0.5896282547294129E-03
  214   0.2542183030295186E-03
  215  -0.1357967601494092E-03
  216  -0.6006726058813694E-03
  217  -0.3537736995499197E-03
  218   0.9568410540199412E-03
  219   0.5447601506599620E-03
  220  -0.2493542046896335E-03
  221  -0.1421900905380635E-03
  222   0.7365834524373227E-03
  223  -0.2749962857397925E-03
  224   0.3581714932446856E-03
  225  -0.3257367335401939E-03
  226  -0.7859838756365534E-03
  227  -0.2758083621434704E-03
  228  -0.9020814031068802E-04
  229   0.1346832001231091E-03
  230   0.4702714127922114E-03
  231   0.4770871223787054E-03
  232   0.1703170818379007E-04
  233   0.4051771470582333E-03
  234   0.3078140574319654E-04
  235  -0.1213206893696528E-03
  236   0.4113455329206595E-03
  237   0.2598107619097290E-03
  238   0.4480645262550098E-03
  239   0.2707411213912492E-03
  240   0.2421943152648431E-03
  241   0.4971831379272373E-03
  242   0.4954617573166287E-03
  243   0.2042728098187174E-03
  244   0.6822640219179554E-03
  245   0.4643232324869073E-03
  246   0.3099235216241780E-05
  247   0.4637489553838137E-03
  248   0.5640213514447323E-03
  249   0.6568806761001467E-03
  250   0.1279025294234182E-02
  251   0.3178806745848251E-03
  252  -0.4605987766942432E-03
  253   0.7213315027287948E-04
  254   0.7024920288162262E-03
  255   0.2313426065360114E-03
  256   0.2281929389023052E-03
  257  -0.1047320276281738E-05
  258  -0.1345060980391111E-03
  259  -0.8702092442991471E-04
  260   0.8588518074637008E-04
  261   0.1666959161839010E-04
  262   0.6865649482956648E-04
  263   0.3348353392214065E-03
  264   0.5775534068490629E-03
  265   0.6429454030589810E-03
  266   0.5101792546013950E-04
  267  -0.4023216980650890E-03
  268   0.6941240270152971E-03
  269  -0.7585761577277861E-04
  270   0.7973879125404704E-03
  271   0.2789360550600195E-03
  272   0.3696845359371093E-03
  273   0.2784232923642715E-03
  274   0.6675205203241497E-03
  275  -0.7794796028581796E-04
  276   0.3930772783157233E-03
  277  -0.1456722645868380E-03
  278   0.1160760415656048E-03
  279   0.4221874994293495E-03
  280   0.4138372268914781E-03
  281   0.4307390797579913E-03
  282   0.4524529271227040E-03
  283   0.2761276464289253E-03
  284   0.2465776996124491E-03
  285   0.3340206673874135E-04
  286  -0.2079251050454700E-03
  287   0.3473620386440501E-03
  288  -0.1694045173123437E-03
  289   0.4805812754055117E-04
  290   0.1716988127595243E-03
  291   0.2504548858366928E-03
  292   0.2043396611746684E-03
  293   0.2547012300215812E-03
  294   0.5373464563567243E-03
  295   0.3567591718207641E-03
  296  -0.4609534522828085E-03
  297   0.2311692649026309E-04
  298   0.1054210960266255E-04
  299   0.1456926961739824E-03
  300   0.2013651678871020E-03
  301   0.4711632166203295E-03
  302  -0.1399362860828868E-03
  303  -0.1091272664093812E-03
  304  -0.1223676727596379E-04
  305  -0.2964366487370751E-03
  306   0.2482637689062983E-03
  307   0.2283167018946042E-03
  308  -0.1454542768162814E-03
  309   0.4759009995712327E-03
  310   0.5409888629089310E-03
  311   0.3801662523765792E-03
  312  -0.9119297745829869E-05
  313   0.2836062082064439E-03
  314  -0.4068733142720271E-04
  315   0.3316007474624127E-04
  316   0.1019082636922186E-03
  317   0.1885522353753943E-03
  318   0.4175387622109006E-03
  319   0.1919559181349784E-03
  320   0.2961716663745229E-03
  321   0.5187505698966977E-03
  322   0.4125971929913597E-03
  323   0.2748022603161204E-03
  324   0.2628652254260677E-03
  325   0.3748705261032437E-03
  326   0.3999243384882889E-03
  327   0.6400443387178378E-03
  328   0.1470813281881367E-03
  329   0.3105923170983460E-03
  330   0.1620456971561657E-03
  331   0.3349178100299499E-03
  332   0.5817173157611488E-03
  333   0.1494296581187049E-03
  334   0.1479380304676703E-03
  335   0.5193562542685770E-03
  336   0.4104602947225255E-03
  337   0.2147673990374466E-03
  338   0.4021545067371679E-03
  339   0.3561713575389869E-03
  340   0.1289158633145382E-03
  341   0.3861213565158339E-03
  342   0.3197730220216299E-03
  343   0.4795873788518146E-03
  344   0.7347331043139615E-03
  345   0.8928404000404511E-03
  346   0.4499610672039633E-03
  347   0.5238283586218861E-03
  348   0.4713628905022027E-03
  349   0.4231793020696983E-03
  350   0.4893954322600369E-03
  351   0.1992852333231043E-03
  352   0.3727091256052750E-03
  353   0.3611208216814377E-03
  354   0.2861730208783553E-03
  355   0.5421744835810982E-03
  356   0.9860294438222839E-03
  357   0.4586609176915196E-03
  358   0.6603356891482781E-03
  359   0.6678369335697404E-03
  360   0.4323999438495263E-03
  361   0.5743633570455403E-03
  362   0.7373154897823003E-03
  363   0.9643698341731122E-03
  364   0.8212869285549457E-03
  365   0.5004574292724467E-03
  366   0.9300672594098197E-03
  367   0.1126643629599897E-02
  368   0.8432355779283834E-03
  369   0.9498573995169873E-03
  370   0.7552253546830728E-03
  371   0.1299785271173505E-02
  372   0.1075332957088927E-02
  373   0.1102160501012479E-02
  374   0.1035415984356143E-02
  375   0.1041619422274903E-02
  376   0.1200255663925398E-02
  377   0.1297632841586124E-02
  378   0.1237325952976209E-02
  379   0.1646544424357427E-02
  380   0.1568850194262790E-02
  381   0.1868522751895184E-02
  382   0.2431820457393355E-02
  383   0.2751483219820706E-02
