# nlmax, ncor, nside =         383           1         128
    0   0.1505252955826236E+06
    1   0.7709171142781443E+03
    2   0.1561721895880527E+05
    3   0.1062670832692771E+04
    4   0.9252137294875985E+04
    5   0.6762300874742780E+03
    6   0.4606726348962138E+04
    7   0.3238985024319871E+03
    8   0.2560627548016652E+04
    9   0.1534144410263663E+03
   10   0.1766973456246009E+04
   11   0.1259384047559422E+03
   12   0.9921471670329969E+03
   13   0.1647080112013771E+03
   14   0.8498421014814390E+03
   15   0.1080172706707391E+03
   16   0.5244728934291190E+03
   17   0.1024112276038769E+03
   18   0.4333918969076024E+03
   19   0.5670315327258426E+02
   20   0.2741660505456960E+03
   21   0.5144591193791381E+02
   22   0.2257993971851366E+03
   23   0.4725002706933290E+02
   24   0.1762695001724039E+03
   25   0.4336069890324900E+02
   26   0.1291608176299094E+03
   27   0.3338264833485700E+02
   28   0.1069583986991559E+03
   29   0.2874731485775074E+02
   30   0.8526967219222570E+02
   31   0.2033387867677071E+02
   32   0.6790300535747215E+02
   33   0.2063154539908179E+02
   34   0.5382459766436786E+02
   35   0.1856166634037491E+02
   36   0.5499362600291008E+02
   37   0.1484410092209166E+02
   38   0.3360705669768926E+02
   39   0.1182080747940496E+02
   40   0.3158962505021195E+02
   41   0.1324016995805151E+02
   42   0.2731001157190637E+02
   43   0.1082648779919840E+02
   44   0.2187290315676156E+02
   45   0.1092382793505505E+02
   46   0.1693546454243454E+02
   47   0.1321711404611824E+02
   48   0.1629076810360705E+02
   49   0.1219606752416132E+02
   50   0.1100000503983723E+02
   51   0.1164385714181360E+02
   52   0.1235691546709416E+02
   53   0.1359064470457264E+02
   54   0.1222154651830806E+02
   55   0.1241997479493243E+02
   56   0.1026937764174750E+02
   57   0.1100416748511264E+02
   58   0.9655811452541112E+01
   59   0.8633184795535811E+01
   60   0.1053776023165241E+02
   61   0.8498316850375140E+01
   62   0.9877250553673598E+01
   63   0.7422769867928181E+01
   64   0.8934700838729686E+01
   65   0.9998602341745549E+01
   66   0.1110341098600680E+02
   67   0.1000512274827144E+02
   68   0.8797663652737747E+01
   69   0.9569287787166221E+01
   70   0.1160345828882730E+02
   71   0.9287431812398850E+01
   72   0.9913363051764975E+01
   73   0.8573132917381283E+01
   74   0.9144881323579014E+01
   75   0.1029379539057431E+02
   76   0.7874654289187333E+01
   77   0.9711258750671373E+01
   78   0.7987759344954124E+01
   79   0.8440436654225149E+01
   80   0.6177129499545831E+01
   81   0.6639314876261988E+01
   82   0.8130965751102462E+01
   83   0.7502382487382960E+01
   84   0.7120711133508642E+01
   85   0.8531263089761207E+01
   86   0.7547922696073162E+01
   87   0.7802051199759308E+01
   88   0.6882583835322951E+01
   89   0.7717830866852278E+01
   90   0.5530055885090810E+01
   91   0.7294754403594283E+01
   92   0.5416476144152085E+01
   93   0.6143180280338637E+01
   94   0.6225012364094624E+01
   95   0.6530043428621244E+01
   96   0.5831315298760916E+01
   97   0.6260997993318213E+01
   98   0.5706588410514026E+01
   99   0.5634584153512833E+01
  100   0.6289391601871742E+01
  101   0.6098792659129089E+01
  102   0.5402783339787398E+01
  103   0.5558861458987732E+01
  104   0.4857557679569947E+01
  105   0.5320044777382783E+01
  106   0.4452643346603811E+01
  107   0.5329796123727849E+01
  108   0.4533951728648518E+01
  109   0.5315749673835988E+01
  110   0.5315651822911274E+01
  111   0.5949913159829414E+01
  112   0.5377672966986299E+01
  113   0.5118052091434194E+01
  114   0.4959797761596203E+01
  115   0.4843433411247013E+01
  116   0.4549607545765312E+01
  117   0.4251154181093558E+01
  118   0.4467434069960255E+01
  119   0.4388542951082140E+01
  120   0.4164048962040601E+01
  121   0.4307187040431925E+01
  122   0.4220379200003162E+01
  123   0.4746327076253547E+01
  124   0.4082818587687221E+01
  125   0.4402511122370578E+01
  126   0.4168487103555789E+01
  127   0.4213857724542622E+01
  128   0.3518838272304464E+01
  129   0.3658471216327911E+01
  130   0.3363560812678413E+01
  131   0.3956717111625803E+01
  132   0.3243958529189459E+01
  133   0.3511854160993607E+01
  134   0.2996301071206474E+01
  135   0.3178753030190476E+01
  136   0.3317290403927425E+01
  137   0.3257929035816845E+01
  138   0.3809545844418091E+01
  139   0.3441378695158820E+01
  140   0.3121651609531474E+01
  141   0.3602465051755695E+01
  142   0.3188488229701791E+01
  143   0.3180424064686875E+01
  144   0.2706131810677851E+01
  145   0.2889490436105405E+01
  146   0.3090758077352120E+01
  147   0.3034681116673463E+01
  148   0.2757490282488554E+01
  149   0.2849638679285796E+01
  150   0.2679538622634249E+01
  151   0.2792067659655665E+01
  152   0.2731612819901544E+01
  153   0.2696120521327700E+01
  154   0.2688692511853384E+01
  155   0.2547585417113073E+01
  156   0.2488597401618552E+01
  157   0.2620050241855772E+01
  158   0.2621450617388849E+01
  159   0.2397546215297695E+01
  160   0.2671169323177562E+01
  161   0.2438114018348422E+01
  162   0.2536671577379733E+01
  163   0.2322787345416762E+01
  164   0.2671365541292415E+01
  165   0.2557712110530519E+01
  166   0.2474340545795847E+01
  167   0.2398836058675647E+01
  168   0.2487709670106604E+01
  169   0.2434326031968732E+01
  170   0.2375193936058311E+01
  171   0.2311312953998165E+01
  172   0.2432787787233737E+01
  173   0.2167454851850257E+01
  174   0.2404828766020676E+01
  175   0.2237315913949363E+01
  176   0.2281789493742723E+01
  177   0.2135038093712232E+01
  178   0.2715613668816948E+01
  179   0.2318588465558154E+01
  180   0.2379028308865696E+01
  181   0.2228122687126113E+01
  182   0.2204977653045063E+01
  183   0.1948519848227702E+01
  184   0.2223658273166187E+01
  185   0.2281072195676941E+01
  186   0.2096323170837191E+01
  187   0.2035880676058033E+01
  188   0.1972874821013036E+01
  189   0.1800953791866629E+01
  190   0.1821188111425244E+01
  191   0.1739572562515571E+01
  192   0.1798778024983134E+01
  193   0.1640084237006732E+01
  194   0.1850666973704888E+01
  195   0.1680432113927264E+01
  196   0.1667663760457700E+01
  197   0.1505591384489433E+01
  198   0.1630292836127870E+01
  199   0.1655679258462690E+01
  200   0.1623906067350212E+01
  201   0.1503243594547008E+01
  202   0.1571466553438281E+01
  203   0.1575989181959141E+01
  204   0.1570752551580275E+01
  205   0.1489762507238613E+01
  206   0.1548629269084170E+01
  207   0.1442578883777815E+01
  208   0.1481072537089823E+01
  209   0.1419304109888762E+01
  210   0.1562461696532424E+01
  211   0.1386799206874091E+01
  212   0.1610282449271775E+01
  213   0.1585601302311282E+01
  214   0.1490639698493311E+01
  215   0.1434116650040911E+01
  216   0.1460101614986518E+01
  217   0.1373654755745111E+01
  218   0.1429645832224489E+01
  219   0.1486814758546336E+01
  220   0.1539405898091067E+01
  221   0.1451102877242661E+01
  222   0.1393789368420823E+01
  223   0.1342495056705703E+01
  224   0.1414577697010859E+01
  225   0.1432795532789855E+01
  226   0.1310216932742554E+01
  227   0.1336805451412930E+01
  228   0.1226927134706083E+01
  229   0.1270888472478608E+01
  230   0.1197019581511892E+01
  231   0.1247439967598496E+01
  232   0.1208207417264751E+01
  233   0.1266260179604215E+01
  234   0.1146032989462274E+01
  235   0.1301488933429102E+01
  236   0.1177339920382405E+01
  237   0.1168388635657301E+01
  238   0.1142050130153279E+01
  239   0.1137543152290924E+01
  240   0.1171933958313573E+01
  241   0.1331223867132994E+01
  242   0.1249909916335975E+01
  243   0.1199462797041406E+01
  244   0.1163051666138488E+01
  245   0.1205130830945063E+01
  246   0.1109610993766653E+01
  247   0.1121551767244611E+01
  248   0.1068227341462769E+01
  249   0.1075039562866285E+01
  250   0.1044958623754979E+01
  251   0.1074699060281574E+01
  252   0.1017919377420162E+01
  253   0.1095885443916766E+01
  254   0.1061534882905038E+01
  255   0.1059796673801092E+01
  256   0.1082937295332171E+01
  257   0.1198590986311558E+01
  258   0.1170563750984741E+01
  259   0.1150616653220675E+01
  260   0.1104311382995389E+01
  261   0.1104736659814304E+01
  262   0.1005137266644468E+01
  263   0.1041951493150204E+01
  264   0.1064753227974203E+01
  265   0.1058259330712318E+01
  266   0.9916484148200269E+00
  267   0.9679011581896653E+00
  268   0.9266752836127488E+00
  269   0.9186634035102053E+00
  270   0.9302722324989343E+00
  271   0.9701991754907535E+00
  272   0.9208188380112858E+00
  273   0.1012299395303533E+01
  274   0.1006312797082670E+01
  275   0.9038383518842146E+00
  276   0.9118127689391757E+00
  277   0.9769999399085707E+00
  278   0.9419148581537824E+00
  279   0.9181932875451873E+00
  280   0.8830449997137029E+00
  281   0.8435273856271284E+00
  282   0.9502408241436351E+00
  283   0.8806598635085852E+00
  284   0.8574809566890398E+00
  285   0.8389590253592250E+00
  286   0.8283995962138819E+00
  287   0.9164850066199497E+00
  288   0.8096551229807902E+00
  289   0.8542673728484091E+00
  290   0.7922761766608124E+00
  291   0.8404009591408093E+00
  292   0.8318242173986024E+00
  293   0.8539769225060763E+00
  294   0.9202492472088641E+00
  295   0.9512521177712303E+00
  296   0.8305888621041273E+00
  297   0.8616445361290266E+00
  298   0.8509741093565850E+00
  299   0.8655544993555111E+00
  300   0.8220898519132476E+00
  301   0.8675571507039974E+00
  302   0.8301083399647204E+00
  303   0.8354699394761980E+00
  304   0.8473108337917665E+00
  305   0.8526706235399377E+00
  306   0.7882861759759390E+00
  307   0.8623843498994352E+00
  308   0.8267439807492476E+00
  309   0.8573336073630973E+00
  310   0.8686945937829345E+00
  311   0.9075876531990721E+00
  312   0.9309459096504158E+00
  313   0.8831294893076667E+00
  314   0.8985147084047949E+00
  315   0.8208106631548526E+00
  316   0.7957334392769573E+00
  317   0.7857633889352806E+00
  318   0.7497099395997644E+00
  319   0.7870758104264066E+00
  320   0.7765883420037873E+00
  321   0.7987452017053531E+00
  322   0.7615209232455564E+00
  323   0.7338224996607439E+00
  324   0.6915619704755880E+00
  325   0.7077852937702751E+00
  326   0.6714569907269690E+00
  327   0.7132325259801577E+00
  328   0.6764432539481584E+00
  329   0.6815119535309666E+00
  330   0.6496583806960516E+00
  331   0.6462880976522940E+00
  332   0.6585485731476823E+00
  333   0.6388950881358038E+00
  334   0.6477013531126592E+00
  335   0.6443097399682078E+00
  336   0.6353840204407866E+00
  337   0.6293755452170164E+00
  338   0.6386231832907492E+00
  339   0.6559401646709202E+00
  340   0.6771746365188509E+00
  341   0.6797194583744965E+00
  342   0.6571822923348036E+00
  343   0.6548882619835297E+00
  344   0.6578360137844599E+00
  345   0.6598260325327092E+00
  346   0.6575022134507389E+00
  347   0.6836817973011793E+00
  348   0.6496993247240237E+00
  349   0.6415688811191460E+00
  350   0.6644218978516272E+00
  351   0.6633437980050445E+00
  352   0.6321756958345204E+00
  353   0.6461246480543275E+00
  354   0.6659755280748278E+00
  355   0.6483649743196600E+00
  356   0.6695422685650916E+00
  357   0.6733631669032445E+00
  358   0.6383975055484890E+00
  359   0.6204241022928461E+00
  360   0.6145839716354500E+00
  361   0.6158777907194499E+00
  362   0.6683730748174008E+00
  363   0.6986904247337300E+00
  364   0.6718162547905679E+00
  365   0.6372920134176452E+00
  366   0.6153573420782132E+00
  367   0.6043838394210110E+00
  368   0.5924679648770015E+00
  369   0.5905012171819966E+00
  370   0.5978448089561107E+00
  371   0.6092330413339664E+00
  372   0.5735222185652570E+00
  373   0.6049666739842950E+00
  374   0.5835188709673381E+00
  375   0.6125875214661447E+00
  376   0.6021768019302931E+00
  377   0.6911629502955101E+00
  378   0.6171743132734862E+00
  379   0.6284967329158487E+00
  380   0.6122724899859748E+00
  381   0.6008046688267599E+00
  382   0.5830807769968578E+00
  383   0.5755336737974067E+00
