# nlmax, ncor, nside =         383           1         128
    0   0.2415697682707203E-06
    1   0.1082564422038063E-05
    2   0.7028149255739079E+03
    3   0.1527155877942284E+03
    4   0.8496776508927593E+02
    5   0.1305484251631056E+03
    6   0.1572774205281539E+03
    7   0.9622006209384115E+02
    8   0.9171280139231790E+02
    9   0.8019078858794229E+02
   10   0.4360541421833199E+02
   11   0.5801754733122473E+02
   12   0.2201161112589880E+02
   13   0.2417455083074063E+02
   14   0.2147499484390359E+02
   15   0.1638046296955112E+02
   16   0.1911828448401997E+02
   17   0.2662386735294056E+02
   18   0.1153261616910635E+02
   19   0.1213747143213795E+02
   20   0.1184317264194912E+02
   21   0.1356969480970715E+02
   22   0.1326431198353553E+02
   23   0.1156955845923237E+02
   24   0.9409068612121942E+01
   25   0.8374996252061717E+01
   26   0.6652679956269813E+01
   27   0.7199080583449796E+01
   28   0.7447192283442130E+01
   29   0.7108826015706670E+01
   30   0.5692317835082402E+01
   31   0.5925725161162572E+01
   32   0.5697799615095887E+01
   33   0.6131900651669730E+01
   34   0.5303314512073985E+01
   35   0.3871230065004593E+01
   36   0.5187133205507719E+01
   37   0.3799439888491314E+01
   38   0.4802581197189176E+01
   39   0.3968632508681171E+01
   40   0.4251248776070058E+01
   41   0.3347021861164013E+01
   42   0.4933729344742242E+01
   43   0.3709165170929146E+01
   44   0.4007734814236189E+01
   45   0.2878335670197171E+01
   46   0.2490478786278409E+01
   47   0.3078013948975630E+01
   48   0.2744496683154303E+01
   49   0.3944108154378210E+01
   50   0.2344555051923163E+01
   51   0.2327836094127032E+01
   52   0.2726343606115819E+01
   53   0.2239515959878730E+01
   54   0.2818487815457285E+01
   55   0.2355410754960620E+01
   56   0.1470409265478157E+01
   57   0.2116199370975208E+01
   58   0.2094349796675242E+01
   59   0.2035152235920686E+01
   60   0.2029306422535945E+01
   61   0.1637898526828766E+01
   62   0.1934281716738687E+01
   63   0.1650328756535467E+01
   64   0.1513365424702645E+01
   65   0.1232102135115425E+01
   66   0.1451072515591645E+01
   67   0.1291121087009893E+01
   68   0.1568595050454799E+01
   69   0.1702106252487269E+01
   70   0.1341967911802115E+01
   71   0.1499537369402471E+01
   72   0.1313431436659426E+01
   73   0.1292702649346783E+01
   74   0.1525584885651134E+01
   75   0.1274583431269764E+01
   76   0.1256725939233689E+01
   77   0.1094057563701617E+01
   78   0.1279598715511286E+01
   79   0.1257367410177243E+01
   80   0.1110158869952224E+01
   81   0.1132105510871245E+01
   82   0.9946442205041919E+00
   83   0.9284853405177295E+00
   84   0.9171565756733454E+00
   85   0.8534504503880009E+00
   86   0.8866037295269743E+00
   87   0.7243291188853282E+00
   88   0.8180556842295176E+00
   89   0.7428900181233090E+00
   90   0.8874576455671525E+00
   91   0.8264927289670450E+00
   92   0.7956480289719529E+00
   93   0.6527644814801624E+00
   94   0.7429108105764655E+00
   95   0.7741187028753959E+00
   96   0.5804107907960157E+00
   97   0.6790160248257359E+00
   98   0.6356507639062720E+00
   99   0.5441469471112669E+00
  100   0.6469490741642878E+00
  101   0.5821969367687100E+00
  102   0.6121266281740372E+00
  103   0.5112228138202408E+00
  104   0.4608314842467265E+00
  105   0.4594823033261625E+00
  106   0.5958751574425697E+00
  107   0.4393675585854092E+00
  108   0.3814401803840177E+00
  109   0.4759182624389613E+00
  110   0.4108113117925231E+00
  111   0.4912152313847946E+00
  112   0.4353063314641237E+00
  113   0.3988452516545343E+00
  114   0.4188408413986392E+00
  115   0.3878858053658430E+00
  116   0.4177548692083971E+00
  117   0.3808745618365980E+00
  118   0.3696825756941884E+00
  119   0.3029446535081750E+00
  120   0.2804137127732402E+00
  121   0.2910263610923172E+00
  122   0.3067104491913034E+00
  123   0.2718586655148201E+00
  124   0.2916463380800299E+00
  125   0.2407644266450202E+00
  126   0.2627212602487877E+00
  127   0.2928604033273283E+00
  128   0.2521538104071210E+00
  129   0.2115141494961096E+00
  130   0.2302686746181178E+00
  131   0.2266689364212752E+00
  132   0.2452040354605350E+00
  133   0.2226850466097081E+00
  134   0.1837691003324424E+00
  135   0.1767920711505578E+00
  136   0.2034898980477909E+00
  137   0.1997632489993971E+00
  138   0.2157569479041066E+00
  139   0.2017983256127967E+00
  140   0.1565105183277293E+00
  141   0.1616289026979977E+00
  142   0.1562264415434834E+00
  143   0.1589992521378683E+00
  144   0.1359341131968112E+00
  145   0.1488644423457497E+00
  146   0.1306779098744650E+00
  147   0.1360601215007592E+00
  148   0.1168216751449437E+00
  149   0.1227200890108782E+00
  150   0.1081516803180042E+00
  151   0.1166139022280253E+00
  152   0.1127061337196786E+00
  153   0.9571352819822641E-01
  154   0.9926862499899823E-01
  155   0.9777262285487877E-01
  156   0.9875340915302130E-01
  157   0.8491189901661601E-01
  158   0.9035433967324556E-01
  159   0.7365383461293851E-01
  160   0.8907670794344553E-01
  161   0.7241175917079637E-01
  162   0.8919820189494963E-01
  163   0.6803731474076474E-01
  164   0.6768056705623582E-01
  165   0.6074795871146910E-01
  166   0.5637096651620869E-01
  167   0.6131047626050769E-01
  168   0.5909840532045704E-01
  169   0.4931042885000864E-01
  170   0.5426344017741763E-01
  171   0.5253436590062490E-01
  172   0.4161160086413446E-01
  173   0.4149197159407664E-01
  174   0.4193236340071995E-01
  175   0.4532578348302658E-01
  176   0.4322640423388880E-01
  177   0.4400898941930653E-01
  178   0.4038030163554365E-01
  179   0.3012433846884308E-01
  180   0.3723998909153572E-01
  181   0.3097480510893401E-01
  182   0.3184185356698377E-01
  183   0.3007122949322887E-01
  184   0.2999596634962506E-01
  185   0.2514066689871427E-01
  186   0.2801269294275338E-01
  187   0.2677978766364619E-01
  188   0.2472701467238128E-01
  189   0.2347039467365966E-01
  190   0.2189731440322552E-01
  191   0.1800618167151771E-01
  192   0.2147380847077744E-01
  193   0.1920924327178078E-01
  194   0.1714168049655671E-01
  195   0.1714316078281722E-01
  196   0.1381828973745781E-01
  197   0.1669782975950778E-01
  198   0.1446540171565910E-01
  199   0.1477621913300749E-01
  200   0.1375854945719990E-01
  201   0.2148001877678867E-06
  202   0.2543125208172452E-06
  203   0.1957913553360970E-06
  204   0.2335473820608145E-06
  205   0.2096484534902955E-06
  206   0.2480772985168264E-06
  207   0.1936511940347793E-06
  208   0.2328032452592511E-06
  209   0.2130770524026812E-06
  210   0.2579279214434050E-06
  211   0.1980549518209901E-06
  212   0.2343428114622240E-06
  213   0.2098552248166248E-06
  214   0.2505922254862934E-06
  215   0.1967863661681991E-06
  216   0.2389268942155808E-06
  217   0.2143301333353768E-06
  218   0.2609462839738096E-06
  219   0.1994429383686993E-06
  220   0.2372472715345790E-06
  221   0.2091242549555243E-06
  222   0.2553137015858278E-06
  223   0.2002894880993304E-06
  224   0.2443261859038125E-06
  225   0.2153358699079190E-06
  226   0.2648014460169345E-06
  227   0.2010645344002200E-06
  228   0.2395917420456673E-06
  229   0.2096222564514764E-06
  230   0.2616123260420707E-06
  231   0.2060753393163507E-06
  232   0.2528753998075540E-06
  233   0.2146786058187796E-06
  234   0.2678697818724650E-06
  235   0.2064910012971352E-06
  236   0.2485801190869151E-06
  237   0.2117332754613918E-06
  238   0.2662765273687330E-06
  239   0.2104693963295724E-06
  240   0.2619062025304607E-06
  241   0.2157725836940185E-06
  242   0.2691304807096274E-06
  243   0.2084508324241976E-06
  244   0.2554536817017784E-06
  245   0.2146179445203265E-06
  246   0.2744053016477966E-06
  247   0.2140143751174995E-06
  248   0.2691984777735242E-06
  249   0.2168286666467463E-06
  250   0.2745148616534572E-06
  251   0.2122839047291128E-06
  252   0.2633875488406971E-06
  253   0.2184831246531050E-06
  254   0.2856944692688507E-06
  255   0.2174001533076307E-06
  256   0.2774001209761776E-06
  257   0.2194164220284195E-06
  258   0.2799721040043962E-06
  259   0.2153017080528963E-06
  260   0.2759153726917594E-06
  261   0.2237145441856390E-06
  262   0.2967448889675864E-06
  263   0.2204574849764012E-06
  264   0.2859672873756974E-06
  265   0.2230722389954939E-06
  266   0.2899320849099604E-06
  267   0.2211874092168256E-06
  268   0.2896113283304458E-06
  269   0.2278322799237877E-06
  270   0.3094181932955273E-06
  271   0.2259977371931527E-06
  272   0.2956741291717129E-06
  273   0.2265263027792094E-06
  274   0.3020109108292557E-06
  275   0.2285489720727236E-06
  276   0.3061454063331930E-06
  277   0.2331894106727898E-06
  278   0.3220200066873909E-06
  279   0.2310891782347841E-06
  280   0.3068857687704574E-06
  281   0.2338470189115168E-06
  282   0.3170696480469071E-06
  283   0.2349216652758994E-06
  284   0.3240037346577198E-06
  285   0.2385012699059093E-06
  286   0.3363574726240110E-06
  287   0.2379955322970942E-06
  288   0.3205285250492605E-06
  289   0.2400262647890632E-06
  290   0.3372221905794629E-06
  291   0.2434298909269734E-06
  292   0.3446631614179847E-06
  293   0.2446276950824454E-06
  294   0.3515696398992019E-06
  295   0.2468471479593175E-06
  296   0.3396353375716177E-06
  297   0.2490544270265798E-06
  298   0.3589432706241092E-06
  299   0.2518595472354685E-06
  300   0.3679749766728442E-06
  301   0.2538566252406959E-06
  302   0.3674649945120638E-06
  303   0.2564335500882148E-06
  304   0.3623881698397145E-06
  305   0.2589534802008655E-06
  306   0.3848225226275584E-06
  307   0.2620112909252988E-06
  308   0.3927264398711403E-06
  309   0.2641381466187278E-06
  310   0.3873058923234888E-06
  311   0.2682017900591958E-06
  312   0.3921061340120700E-06
  313   0.2703548070948763E-06
  314   0.4154079130848249E-06
  315   0.2731426419593934E-06
  316   0.4195551702345782E-06
  317   0.2769261629160616E-06
  318   0.4139273927767767E-06
  319   0.2805764617612591E-06
  320   0.4254187691573694E-06
  321   0.2838437597678546E-06
  322   0.4504212623572342E-06
  323   0.2870957721288264E-06
  324   0.4484709013589000E-06
  325   0.2921568286371837E-06
  326   0.4460305764728223E-06
  327   0.2968772609744456E-06
  328   0.4663538471099403E-06
  329   0.2988733498907889E-06
  330   0.4879781598033562E-06
  331   0.3041712288225670E-06
  332   0.4831100634923350E-06
  333   0.3108792700215417E-06
  334   0.4864744439692993E-06
  335   0.3140068326330490E-06
  336   0.5138555602706644E-06
  337   0.3176688360895151E-06
  338   0.5323138517813651E-06
  339   0.3252498200230368E-06
  340   0.5233959209427581E-06
  341   0.3323108694947219E-06
  342   0.5374874962570467E-06
  343   0.3359179079654784E-06
  344   0.5690405978423755E-06
  345   0.3399541335068587E-06
  346   0.5808017170974589E-06
  347   0.3516101008736782E-06
  348   0.5741349204509967E-06
  349   0.3576395310676275E-06
  350   0.5979189063317322E-06
  351   0.3619067025120734E-06
  352   0.6334620229472050E-06
  353   0.3686029830285904E-06
  354   0.6367084014824175E-06
  355   0.3832143272151853E-06
  356   0.6374190308060339E-06
  357   0.3886592604000899E-06
  358   0.6726741432938470E-06
  359   0.3933844175157002E-06
  360   0.7053907504134034E-06
  361   0.4055057191508059E-06
  362   0.7058016464588351E-06
  363   0.4213354760094966E-06
  364   0.7167097490054722E-06
  365   0.4270768452678475E-06
  366   0.7625033686267293E-06
  367   0.4337293254010706E-06
  368   0.7917638767066590E-06
  369   0.4529335490451121E-06
  370   0.7900746482897546E-06
  371   0.4699666097317022E-06
  372   0.8175413384209220E-06
  373   0.4749248283387691E-06
  374   0.8714996556859646E-06
  375   0.4883760548029698E-06
  376   0.8955672832577540E-06
  377   0.5151810817617230E-06
  378   0.8998496577134573E-06
  379   0.5320232155162132E-06
  380   0.9458894682118197E-06
  381   0.5411005340602321E-06
  382   0.1005788739516360E-05
  383   0.5653633316151877E-06
