# nlmax, ncor, nside =         383           1         128
    0   0.3028818189897805E-07
    1   0.7314569782871138E-06
    2   0.5669370707820593E+03
    3   0.5342566568055034E+03
    4   0.5404431404059973E+03
    5   0.1614961950308428E+03
    6   0.1266679589530693E+03
    7   0.1353734857032524E+03
    8   0.6677630975953036E+02
    9   0.4967247907772914E+02
   10   0.7344455082250541E+02
   11   0.3997199300820331E+02
   12   0.2411921345456965E+02
   13   0.3017896323638526E+02
   14   0.3331096387938398E+02
   15   0.1344297626101637E+02
   16   0.1873462008022955E+02
   17   0.1490314672760905E+02
   18   0.1759126292421253E+02
   19   0.1345735875317083E+02
   20   0.8046667857776670E+01
   21   0.1151534683031052E+02
   22   0.8291185019277544E+01
   23   0.1226404784986013E+02
   24   0.9793182684871645E+01
   25   0.1191806669454297E+02
   26   0.7673452924321101E+01
   27   0.8657741912104070E+01
   28   0.7345920228876731E+01
   29   0.5049211599924058E+01
   30   0.6873103848070409E+01
   31   0.4923648016317384E+01
   32   0.4138669233923723E+01
   33   0.6281207724500940E+01
   34   0.5422778625182037E+01
   35   0.4593548903933984E+01
   36   0.6028933428445249E+01
   37   0.4041761223661070E+01
   38   0.3174895010734303E+01
   39   0.3830359083087389E+01
   40   0.4072693130099863E+01
   41   0.3998412269625161E+01
   42   0.3252274064190674E+01
   43   0.3709920525248261E+01
   44   0.2240532574651083E+01
   45   0.2901294171492462E+01
   46   0.2935831252121948E+01
   47   0.2563072694747451E+01
   48   0.2566118963750061E+01
   49   0.2956039226107948E+01
   50   0.2215062495665808E+01
   51   0.2041955226669026E+01
   52   0.2935474007946091E+01
   53   0.2338805189751381E+01
   54   0.2688866478988983E+01
   55   0.2772813600092783E+01
   56   0.2180762732184498E+01
   57   0.2267178690362550E+01
   58   0.1870347553536795E+01
   59   0.2170592719540398E+01
   60   0.1660323389258495E+01
   61   0.1723830588960968E+01
   62   0.2206547776738138E+01
   63   0.2062215941306953E+01
   64   0.1337027504709178E+01
   65   0.1762111691092327E+01
   66   0.1381143303900033E+01
   67   0.1595605925518065E+01
   68   0.1570383053127026E+01
   69   0.1629280985550225E+01
   70   0.1266313290226992E+01
   71   0.1429958375269999E+01
   72   0.1495721937481164E+01
   73   0.1194204232357295E+01
   74   0.1218616005000933E+01
   75   0.1297726211503809E+01
   76   0.1147010862604486E+01
   77   0.1211912662589146E+01
   78   0.9943624904740628E+00
   79   0.9481424451482311E+00
   80   0.1127838165716783E+01
   81   0.1100403264600519E+01
   82   0.9722248482317378E+00
   83   0.1131036933136256E+01
   84   0.8441807772014978E+00
   85   0.9383101250868976E+00
   86   0.1069628026455320E+01
   87   0.6697452312157651E+00
   88   0.8497771346179306E+00
   89   0.8303659256574747E+00
   90   0.7792673356365056E+00
   91   0.8215193790593026E+00
   92   0.6818638287978027E+00
   93   0.6742175672619748E+00
   94   0.6217966966030855E+00
   95   0.6437910754166768E+00
   96   0.6778786818810902E+00
   97   0.7106061036160130E+00
   98   0.6396426032191111E+00
   99   0.5906447592489151E+00
  100   0.5700971618115013E+00
  101   0.6299293574189764E+00
  102   0.5087621824780754E+00
  103   0.5824720159003951E+00
  104   0.5015492881071323E+00
  105   0.5940589972144452E+00
  106   0.4689292960121051E+00
  107   0.4656773514869483E+00
  108   0.4846158748055673E+00
  109   0.3922594207903685E+00
  110   0.3725618512208309E+00
  111   0.4290780826955317E+00
  112   0.3695302167876414E+00
  113   0.4442340402302057E+00
  114   0.3474739871214557E+00
  115   0.3823890732728928E+00
  116   0.4026602205598996E+00
  117   0.3619553657353756E+00
  118   0.4098197395621808E+00
  119   0.3300749129108153E+00
  120   0.3318956317596387E+00
  121   0.2875112129162581E+00
  122   0.2921722862475620E+00
  123   0.3141698265947778E+00
  124   0.2504529841678984E+00
  125   0.2734813071552363E+00
  126   0.3038779795523664E+00
  127   0.2956237224968140E+00
  128   0.2492718976649500E+00
  129   0.2353749353262606E+00
  130   0.2233954603896882E+00
  131   0.1890366113360503E+00
  132   0.2050057383363324E+00
  133   0.2144373971966395E+00
  134   0.1800951002183452E+00
  135   0.1788347843116312E+00
  136   0.1495613300194192E+00
  137   0.1778695598527494E+00
  138   0.1817628020765949E+00
  139   0.1576028115368288E+00
  140   0.1648394384155991E+00
  141   0.1791695429139871E+00
  142   0.1825615509589647E+00
  143   0.1503275924047000E+00
  144   0.1584508245809934E+00
  145   0.1220850547464188E+00
  146   0.1133959423903520E+00
  147   0.1366204351329090E+00
  148   0.1232340622159888E+00
  149   0.1112482213401470E+00
  150   0.1012459688584527E+00
  151   0.1153598225205414E+00
  152   0.1219605249423656E+00
  153   0.1179231105721283E+00
  154   0.1054517478654629E+00
  155   0.8827368525189327E-01
  156   0.9317620459435731E-01
  157   0.8356294340814600E-01
  158   0.8399851179963221E-01
  159   0.7580454460824888E-01
  160   0.6584911083594576E-01
  161   0.7727408645529103E-01
  162   0.8502265899713740E-01
  163   0.8662207091056733E-01
  164   0.7310738524168556E-01
  165   0.6632135279154704E-01
  166   0.6112860807080964E-01
  167   0.5589200828895628E-01
  168   0.5585199761592088E-01
  169   0.5626566833754774E-01
  170   0.5824542949969525E-01
  171   0.5326330955851168E-01
  172   0.4463694353331408E-01
  173   0.4842548015015595E-01
  174   0.3660383040516457E-01
  175   0.4436685177758801E-01
  176   0.4400064667962376E-01
  177   0.4385552099144524E-01
  178   0.3871785901175798E-01
  179   0.3816869343480439E-01
  180   0.3373203471816217E-01
  181   0.3417156116321284E-01
  182   0.3425639126572142E-01
  183   0.3300882023373418E-01
  184   0.2724525382110457E-01
  185   0.2429610834567973E-01
  186   0.2713645865801054E-01
  187   0.2532620798555970E-01
  188   0.2310090098975904E-01
  189   0.2270234136503423E-01
  190   0.1948710903285893E-01
  191   0.2031113429250331E-01
  192   0.2183280672068739E-01
  193   0.1953724886044069E-01
  194   0.1871841628352149E-01
  195   0.1703959142122325E-01
  196   0.1790011012216937E-01
  197   0.1525093630328599E-01
  198   0.1577226865482786E-01
  199   0.1338985521795624E-01
  200   0.1410667441748454E-01
  201   0.2403636526830493E-07
  202   0.1156115580343998E-06
  203   0.2456156806351792E-07
  204   0.1356631264036127E-06
  205   0.2640206118456933E-07
  206   0.1272800669725894E-06
  207   0.2808128390418624E-07
  208   0.1338208233284252E-06
  209   0.2264273188731416E-07
  210   0.1156604600305269E-06
  211   0.2543686256874397E-07
  212   0.1401125650442612E-06
  213   0.2803976461030019E-07
  214   0.1275195255560394E-06
  215   0.2859501266147028E-07
  216   0.1325513859631946E-06
  217   0.2339132949917437E-07
  218   0.1193654591568529E-06
  219   0.2765219496289093E-07
  220   0.1432427121879393E-06
  221   0.2938376105439023E-07
  222   0.1278751116851343E-06
  223   0.2805231830402260E-07
  224   0.1335309552458130E-06
  225   0.2499080270276666E-07
  226   0.1250240614122596E-06
  227   0.2905583879660441E-07
  228   0.1477383902944820E-06
  229   0.3007643301781770E-07
  230   0.1291158643765512E-06
  231   0.2662356803173712E-07
  232   0.1360827746460319E-06
  233   0.2779110548829390E-07
  234   0.1326272882395099E-06
  235   0.3139456148002244E-07
  236   0.1499145569024529E-06
  237   0.3232497546250660E-07
  238   0.1319174279559426E-06
  239   0.2795172015746282E-07
  240   0.1378659067958649E-06
  241   0.3071471903601776E-07
  242   0.1390314380776684E-06
  243   0.3421402472460030E-07
  244   0.1505933980226652E-06
  245   0.3267323394278465E-07
  246   0.1327699851160863E-06
  247   0.3003921349433887E-07
  248   0.1446036018431819E-06
  249   0.3455397023851062E-07
  250   0.1446403809400525E-06
  251   0.3671466634891996E-07
  252   0.1534663092862077E-06
  253   0.3457847714693377E-07
  254   0.1363135159803115E-06
  255   0.3268639492129984E-07
  256   0.1515021133863990E-06
  257   0.3779760417710033E-07
  258   0.1516161570756675E-06
  259   0.3924930548606003E-07
  260   0.1549465801027827E-06
  261   0.3601652532090522E-07
  262   0.1423643031486645E-06
  263   0.3787048691766482E-07
  264   0.1614135094345266E-06
  265   0.4204695314943412E-07
  266   0.1570253428664829E-06
  267   0.4254488440771925E-07
  268   0.1588043973449578E-06
  269   0.3976838752639215E-07
  270   0.1505641215126591E-06
  271   0.4330940648050427E-07
  272   0.1711714496584946E-06
  273   0.4784762728007468E-07
  274   0.1630118092032805E-06
  275   0.4576165910070708E-07
  276   0.1645111214941263E-06
  277   0.4591688040268822E-07
  278   0.1615383177974840E-06
  279   0.5013090877743634E-07
  280   0.1809188615437087E-06
  281   0.5231722418252719E-07
  282   0.1699944698955265E-06
  283   0.5063880484553840E-07
  284   0.1731044270272281E-06
  285   0.5212752149775632E-07
  286   0.1741772553386429E-06
  287   0.5744552465959102E-07
  288   0.1909692965005074E-06
  289   0.5839241614256345E-07
  290   0.1774258236929173E-06
  291   0.5689892710494196E-07
  292   0.1841825618109958E-06
  293   0.6132268275237480E-07
  294   0.1898477598619003E-06
  295   0.6584584654087459E-07
  296   0.2006343212270379E-06
  297   0.6583066241935825E-07
  298   0.1887515860506869E-06
  299   0.6563693040698343E-07
  300   0.1981484228290363E-06
  301   0.7188284042447846E-07
  302   0.2073118859678850E-06
  303   0.7519950035617292E-07
  304   0.2120023593820958E-06
  305   0.7464726333187194E-07
  306   0.2034262202369731E-06
  307   0.7675920577640543E-07
  308   0.2160452806236967E-06
  309   0.8395132063171970E-07
  310   0.2259851357731878E-06
  311   0.8553019229068352E-07
  312   0.2251720354916426E-06
  313   0.8632136740135166E-07
  314   0.2215810295781873E-06
  315   0.9124801786387571E-07
  316   0.2382001319358406E-06
  317   0.9795554897950167E-07
  318   0.2450161052084405E-06
  319   0.9885693477982642E-07
  320   0.2431409136372323E-06
  321   0.1014139117220135E-06
  322   0.2446279447292573E-06
  323   0.1085235890539267E-06
  324   0.2646749354675602E-06
  325   0.1147147297646673E-06
  326   0.2671555234607944E-06
  327   0.1148938269257265E-06
  328   0.2651833324774010E-06
  329   0.1210228391718871E-06
  330   0.2740291614973639E-06
  331   0.1298092627476540E-06
  332   0.2943003456276945E-06
  333   0.1337794880800020E-06
  334   0.2926590113419792E-06
  335   0.1366724578049772E-06
  336   0.2947691738005911E-06
  337   0.1456463377881911E-06
  338   0.3098448008856631E-06
  339   0.1554512494654279E-06
  340   0.3289446182748432E-06
  341   0.1585896028790798E-06
  342   0.3245259017020433E-06
  343   0.1640722454954454E-06
  344   0.3331604432963972E-06
  345   0.1776737068604281E-06
  346   0.3541587374573369E-06
  347   0.1864233876764695E-06
  348   0.3693542716238489E-06
  349   0.1903349743103408E-06
  350   0.3660854266889069E-06
  351   0.2008042829763193E-06
  352   0.3817862701469612E-06
  353   0.2172636195598626E-06
  354   0.4079749625578037E-06
  355   0.2255660674025908E-06
  356   0.4186673352803608E-06
  357   0.2323865227457627E-06
  358   0.4190404135806023E-06
  359   0.2489282490421417E-06
  360   0.4460140168379796E-06
  361   0.2679870670593104E-06
  362   0.4735200894204637E-06
  363   0.2760811256595568E-06
  364   0.4811274960038015E-06
  365   0.2891672904081514E-06
  366   0.4911456359592371E-06
  367   0.3133808475755567E-06
  368   0.5282445890954432E-06
  369   0.3326018515841636E-06
  370   0.5569573384723519E-06
  371   0.3453032003121367E-06
  372   0.5652673457208429E-06
  373   0.3668160108605286E-06
  374   0.5893031753927233E-06
  375   0.3992323983403767E-06
  376   0.6375275116968429E-06
  377   0.4203573666572401E-06
  378   0.6675086882130630E-06
  379   0.4408133523193223E-06
  380   0.6832995320285808E-06
  381   0.4763072646727993E-06
  382   0.7282119293754743E-06
  383   0.5170985218286166E-06
