# nlmax, ncor, nside =         383           1         128
    0   0.2310168045623883E+02
    1   0.8589025936884758E+00
    2   0.1442794228210378E+04
    3   0.7580408867601192E+03
    4   0.2592569545431251E+03
    5   0.2206428603857251E+03
    6   0.1099022126566444E+03
    7   0.1264539760150108E+03
    8   0.5183486185726059E+02
    9   0.5388779365382415E+02
   10   0.5193015935216191E+02
   11   0.5599902043117272E+02
   12   0.2361282301534703E+02
   13   0.2755980045634017E+02
   14   0.2383721768538169E+02
   15   0.2435194614293684E+02
   16   0.2404949608968433E+02
   17   0.2250302214660510E+02
   18   0.8980875522742537E+01
   19   0.1483752332258092E+02
   20   0.1676441214814299E+02
   21   0.8238021855482934E+01
   22   0.8953023461548041E+01
   23   0.1103397802844394E+02
   24   0.6116018183484713E+01
   25   0.1363967510038185E+02
   26   0.7506511074774726E+01
   27   0.7586961888462556E+01
   28   0.4562327297077195E+01
   29   0.5557553146547404E+01
   30   0.6071859034582297E+01
   31   0.5792484528497578E+01
   32   0.4379990135748797E+01
   33   0.4406211586939656E+01
   34   0.4456152946651587E+01
   35   0.3920693794836939E+01
   36   0.4268820565156555E+01
   37   0.5698859630575343E+01
   38   0.4545011077236897E+01
   39   0.3466352003549326E+01
   40   0.3044344277500228E+01
   41   0.4036933023451754E+01
   42   0.4155945240973040E+01
   43   0.3101275625248003E+01
   44   0.2811538166926043E+01
   45   0.3394597216544005E+01
   46   0.3721237792853851E+01
   47   0.3035968455940583E+01
   48   0.2886397158908440E+01
   49   0.2201788043029929E+01
   50   0.2968665238153786E+01
   51   0.2205888963980769E+01
   52   0.2523845633423282E+01
   53   0.1941206345575894E+01
   54   0.2915020764873843E+01
   55   0.2339281950383987E+01
   56   0.2066397805173265E+01
   57   0.2968723056493011E+01
   58   0.2707918126553815E+01
   59   0.1799825104867604E+01
   60   0.1887726205446874E+01
   61   0.1782812638706524E+01
   62   0.1823994339525157E+01
   63   0.1794063374825040E+01
   64   0.1903383877607686E+01
   65   0.1702201587923979E+01
   66   0.1639362735282187E+01
   67   0.1847809796408226E+01
   68   0.1628004229580842E+01
   69   0.1369333462446767E+01
   70   0.1297321182605103E+01
   71   0.1217350004581447E+01
   72   0.1154659824179932E+01
   73   0.1275460271418224E+01
   74   0.1367648329800703E+01
   75   0.9724894290914092E+00
   76   0.1053044142191689E+01
   77   0.1185357472577690E+01
   78   0.1178082838496012E+01
   79   0.1131585315797470E+01
   80   0.1125052512917601E+01
   81   0.1105117296353759E+01
   82   0.1194419904054761E+01
   83   0.9619032082708390E+00
   84   0.9641776079141378E+00
   85   0.8984069782991817E+00
   86   0.9364315648978071E+00
   87   0.8200916273612545E+00
   88   0.6613732255857938E+00
   89   0.6999848541931658E+00
   90   0.9628728586469413E+00
   91   0.7681577242943332E+00
   92   0.8563331279102232E+00
   93   0.6839876602072339E+00
   94   0.8217418293903183E+00
   95   0.5991777772739225E+00
   96   0.6842859234522073E+00
   97   0.6294022850197032E+00
   98   0.7310724093487424E+00
   99   0.6392197904429948E+00
  100   0.4801667479433358E+00
  101   0.6302493209024436E+00
  102   0.5175468707420160E+00
  103   0.5583127498037515E+00
  104   0.6173829456589941E+00
  105   0.4785584325231166E+00
  106   0.4486536653253018E+00
  107   0.4111094479239369E+00
  108   0.5298695363720015E+00
  109   0.4153991675751182E+00
  110   0.4847355860493850E+00
  111   0.3549474184315363E+00
  112   0.4176459503731127E+00
  113   0.4241196841312490E+00
  114   0.4326345234789572E+00
  115   0.3458112183485456E+00
  116   0.3649103585939342E+00
  117   0.3679113203040430E+00
  118   0.3576383675649679E+00
  119   0.3554155279272194E+00
  120   0.3177052711180037E+00
  121   0.3159785449359608E+00
  122   0.3048433872655994E+00
  123   0.2969263529613196E+00
  124   0.2552116898098979E+00
  125   0.2906314911744971E+00
  126   0.2629197184324878E+00
  127   0.2403078383857938E+00
  128   0.2785916113655631E+00
  129   0.2630148102585969E+00
  130   0.2005426553332720E+00
  131   0.2233143636044967E+00
  132   0.2316597454148445E+00
  133   0.2047720990703321E+00
  134   0.2103763295096649E+00
  135   0.1950594959045122E+00
  136   0.1635057633722242E+00
  137   0.1958676855414619E+00
  138   0.1920743325659755E+00
  139   0.1674049610270325E+00
  140   0.1824090628266017E+00
  141   0.1582851052339339E+00
  142   0.1317574424283923E+00
  143   0.1630553831764206E+00
  144   0.1596273433634858E+00
  145   0.1349348303316945E+00
  146   0.1351227449801939E+00
  147   0.1243273819453587E+00
  148   0.1313104422635018E+00
  149   0.1154231455860128E+00
  150   0.1186748559858361E+00
  151   0.1089218396356642E+00
  152   0.9810584985810818E-01
  153   0.1130684810772861E+00
  154   0.9501493128794311E-01
  155   0.9860085349808421E-01
  156   0.9792306267133365E-01
  157   0.9597920992492449E-01
  158   0.8676293316657568E-01
  159   0.8166804047886826E-01
  160   0.7308192984182664E-01
  161   0.8290030308475203E-01
  162   0.8199058331547479E-01
  163   0.7536120263837190E-01
  164   0.7114714055557829E-01
  165   0.7116633202520078E-01
  166   0.6751379211266281E-01
  167   0.6586476328381001E-01
  168   0.5454774815510351E-01
  169   0.5930195898929872E-01
  170   0.5712308580677419E-01
  171   0.4511577838743348E-01
  172   0.5074699045850054E-01
  173   0.4323164280049591E-01
  174   0.4422898636964795E-01
  175   0.5051283176823278E-01
  176   0.4590923884472643E-01
  177   0.4342739550953070E-01
  178   0.3771460286755791E-01
  179   0.3288199633338018E-01
  180   0.3004617761603735E-01
  181   0.3276056886715570E-01
  182   0.3195829221068592E-01
  183   0.2748111192358548E-01
  184   0.3335973478153215E-01
  185   0.2849738437951254E-01
  186   0.2517875500543914E-01
  187   0.2460272365320432E-01
  188   0.2958224416427232E-01
  189   0.2344075271440529E-01
  190   0.2326758241916876E-01
  191   0.2129730967063934E-01
  192   0.2134646373887382E-01
  193   0.1967413242241151E-01
  194   0.1723750472917990E-01
  195   0.1766934449692954E-01
  196   0.1709824907749986E-01
  197   0.1470598415600891E-01
  198   0.1707709070585105E-01
  199   0.1667030034470915E-01
  200   0.1380442940313346E-01
  201   0.3391869403637021E-04
  202   0.3007179544494348E-04
  203   0.2907459139271706E-04
  204   0.3389026682466213E-04
  205   0.2968940699458540E-04
  206   0.2460484116998605E-04
  207   0.2606421134382682E-04
  208   0.2802205399235385E-04
  209   0.2622613850063472E-04
  210   0.2090609536588609E-04
  211   0.2276173155664971E-04
  212   0.2417713191247696E-04
  213   0.2395140806176474E-04
  214   0.1781628143318222E-04
  215   0.2002512540573892E-04
  216   0.2217824857137840E-04
  217   0.1893876770069166E-04
  218   0.1669745871787349E-04
  219   0.1627363417075674E-04
  220   0.1983543882647868E-04
  221   0.1601649802309203E-04
  222   0.1419487027524739E-04
  223   0.1392550461454195E-04
  224   0.1691466062396728E-04
  225   0.1445675088849486E-04
  226   0.1129991189121650E-04
  227   0.1268550572300681E-04
  228   0.1343636790895482E-04
  229   0.1261511560136257E-04
  230   0.9417874300974519E-05
  231   0.1137141902563975E-04
  232   0.1242482123060849E-04
  233   0.1097775200037168E-04
  234   0.8273092270249819E-05
  235   0.9100512398804260E-05
  236   0.1080732613401960E-04
  237   0.8979565467365169E-05
  238   0.7413517079320767E-05
  239   0.7335953158836068E-05
  240   0.9892449311103959E-05
  241   0.7483295815150059E-05
  242   0.6677257213676620E-05
  243   0.6578511695338568E-05
  244   0.8377649722289387E-05
  245   0.6764999961508573E-05
  246   0.5362800003040706E-05
  247   0.5541777070693232E-05
  248   0.6927291492605365E-05
  249   0.6091698616877541E-05
  250   0.4499595063903608E-05
  251   0.5139237205449626E-05
  252   0.6209753018314569E-05
  253   0.5127018313129484E-05
  254   0.4140155417644419E-05
  255   0.4261975631667816E-05
  256   0.5823441179903876E-05
  257   0.4362541368753157E-05
  258   0.3863152169477413E-05
  259   0.3622600942066862E-05
  260   0.5246291985028313E-05
  261   0.3808079144955954E-05
  262   0.3302115287559230E-05
  263   0.3240790560528243E-05
  264   0.4422536321596205E-05
  265   0.3516327462956728E-05
  266   0.2698859182409932E-05
  267   0.2826570611986278E-05
  268   0.3766857368437519E-05
  269   0.3097252532747137E-05
  270   0.2623708195890159E-05
  271   0.2526905018303105E-05
  272   0.3570692936224977E-05
  273   0.2764828003423458E-05
  274   0.2386244721969901E-05
  275   0.2356597319285044E-05
  276   0.3233408396681059E-05
  277   0.2451040224665844E-05
  278   0.2032684011042037E-05
  279   0.2022422916402034E-05
  280   0.2874801947332147E-05
  281   0.2081696884197802E-05
  282   0.1817429539665500E-05
  283   0.1727435118429296E-05
  284   0.2636125079514534E-05
  285   0.1888380270704971E-05
  286   0.1641444032683410E-05
  287   0.1594934595406355E-05
  288   0.2288221200934223E-05
  289   0.1698245593518694E-05
  290   0.1469711722582351E-05
  291   0.1449937978184399E-05
  292   0.2204255749240541E-05
  293   0.1490729635208387E-05
  294   0.1410891277647339E-05
  295   0.1250090216584914E-05
  296   0.2094066290463022E-05
  297   0.1339590668166885E-05
  298   0.1291243307175778E-05
  299   0.1147638606084126E-05
  300   0.1966099705937310E-05
  301   0.1254096907544159E-05
  302   0.1189268675691107E-05
  303   0.1091193843750381E-05
  304   0.1739720911229851E-05
  305   0.1199657185893705E-05
  306   0.1131510735472361E-05
  307   0.1063897459043789E-05
  308   0.1666773333681114E-05
  309   0.1145499424582786E-05
  310   0.1099825562313346E-05
  311   0.9728243442987308E-06
  312   0.1593274978714893E-05
  313   0.1076709117671047E-05
  314   0.1073864665539697E-05
  315   0.9306610472802942E-06
  316   0.1562036252741584E-05
  317   0.1002436035814615E-05
  318   0.1015212037829611E-05
  319   0.8336892719802586E-06
  320   0.1492557877967139E-05
  321   0.9871048327579139E-06
  322   0.1026715615859303E-05
  323   0.8375277097356056E-06
  324   0.1420614584672403E-05
  325   0.9136428271259325E-06
  326   0.9803744998032870E-06
  327   0.7944404881771788E-06
  328   0.1398883308809064E-05
  329   0.9354882838599483E-06
  330   0.1042216340040703E-05
  331   0.7956678858544555E-06
  332   0.1350893474824967E-05
  333   0.8925420367904102E-06
  334   0.1026287932210657E-05
  335   0.7749874062919413E-06
  336   0.1373602038452274E-05
  337   0.9235187831773073E-06
  338   0.1070680942003646E-05
  339   0.7792896821273075E-06
  340   0.1340556927565127E-05
  341   0.8752226695815387E-06
  342   0.1070749500312095E-05
  343   0.8253000483191270E-06
  344   0.1408731188096291E-05
  345   0.9196867156018600E-06
  346   0.1143655223483942E-05
  347   0.8405701781133323E-06
  348   0.1391118302430064E-05
  349   0.9073396384869088E-06
  350   0.1180306049496202E-05
  351   0.9089398995914810E-06
  352   0.1477724522166097E-05
  353   0.9545308120716430E-06
  354   0.1228908784174674E-05
  355   0.8907001900900948E-06
  356   0.1463115983178045E-05
  357   0.9790871006230489E-06
  358   0.1310912872611976E-05
  359   0.1003972050040891E-05
  360   0.1559365459350761E-05
  361   0.1042348628729333E-05
  362   0.1343640747840358E-05
  363   0.1004181935249950E-05
  364   0.1595504400167105E-05
  365   0.1108854551224625E-05
  366   0.1459769731474821E-05
  367   0.1141546333668928E-05
  368   0.1703298970650733E-05
  369   0.1151420693927897E-05
  370   0.1511128780553740E-05
  371   0.1152753876071051E-05
  372   0.1769569135997894E-05
  373   0.1282943770382931E-05
  374   0.1676467056407629E-05
  375   0.1293952575582155E-05
  376   0.1892777494005402E-05
  377   0.1341671418126219E-05
  378   0.1747208943321692E-05
  379   0.1350512199278321E-05
  380   0.2012212332019500E-05
  381   0.1535575998962360E-05
  382   0.1959856967541186E-05
  383   0.1521007439059820E-05
