# nlmax, ncor, nside =         383           1         128
    0   0.2309315027867008E+06
    1   0.8590242959200394E+04
    2   0.3565908646338915E+05
    3   0.4986663012045125E+04
    4   0.1899394858725514E+05
    5   0.2788790684662667E+04
    6   0.8111775610125229E+04
    7   0.1443345946613190E+04
    8   0.5515548252199092E+04
    9   0.1270142612399796E+04
   10   0.3682441537845843E+04
   11   0.1173348449608948E+04
   12   0.2741710039236859E+04
   13   0.9721851868599203E+03
   14   0.2041492524105180E+04
   15   0.7920158506514664E+03
   16   0.1723406777411026E+04
   17   0.6554577096375500E+03
   18   0.1290055001090662E+04
   19   0.5402213636134859E+03
   20   0.9586003903235936E+03
   21   0.4662368145836633E+03
   22   0.8424485384810537E+03
   23   0.4314642439532527E+03
   24   0.7515415093819563E+03
   25   0.3763897243123980E+03
   26   0.5877113564381747E+03
   27   0.3090916445022296E+03
   28   0.5385895615349824E+03
   29   0.2754078964607655E+03
   30   0.4183150374482885E+03
   31   0.2394300354934022E+03
   32   0.3496912521560441E+03
   33   0.2074662984919523E+03
   34   0.3098034445433754E+03
   35   0.1889532454202530E+03
   36   0.2887504347996749E+03
   37   0.1818899936526649E+03
   38   0.2498094140795403E+03
   39   0.1594725952361193E+03
   40   0.2105507828395521E+03
   41   0.1492779509272266E+03
   42   0.1901092356874532E+03
   43   0.1393519674760314E+03
   44   0.1561541833217448E+03
   45   0.1387943024497001E+03
   46   0.1489544424941541E+03
   47   0.1206294839989720E+03
   48   0.1224037347604826E+03
   49   0.1091023811196492E+03
   50   0.1165794414095891E+03
   51   0.9540636843697888E+02
   52   0.9775685212346468E+02
   53   0.8527042859702695E+02
   54   0.9316772961525764E+02
   55   0.7838285430626594E+02
   56   0.8299549685050829E+02
   57   0.7586407174474711E+02
   58   0.7356302089381803E+02
   59   0.6921546521274104E+02
   60   0.6610277035726978E+02
   61   0.6023910112784656E+02
   62   0.6044805063899805E+02
   63   0.5762641418185692E+02
   64   0.5487806071789474E+02
   65   0.5306293826670917E+02
   66   0.5266174704218038E+02
   67   0.4685002368600194E+02
   68   0.4595439570829445E+02
   69   0.4283461535845832E+02
   70   0.4217391447886214E+02
   71   0.3579971368852834E+02
   72   0.3998810113117759E+02
   73   0.3541254777519042E+02
   74   0.3668640326554514E+02
   75   0.3200928350455651E+02
   76   0.3164319212713080E+02
   77   0.3128759993023341E+02
   78   0.2989611214829733E+02
   79   0.3063203617979801E+02
   80   0.2749068982336668E+02
   81   0.2747583178699052E+02
   82   0.2529819770271509E+02
   83   0.2630128616695202E+02
   84   0.2515844201649438E+02
   85   0.2277159584769409E+02
   86   0.2155977174757154E+02
   87   0.2270382111974670E+02
   88   0.2129197070042915E+02
   89   0.1847882544723871E+02
   90   0.2001965878256037E+02
   91   0.1762373141793346E+02
   92   0.1867406234318354E+02
   93   0.1756438606130911E+02
   94   0.1770262532965340E+02
   95   0.1704282426329528E+02
   96   0.1496126747484345E+02
   97   0.1503145847668193E+02
   98   0.1402128499622798E+02
   99   0.1530586558498113E+02
  100   0.1328788196408317E+02
  101   0.1392367863462194E+02
  102   0.1184479035390123E+02
  103   0.1260111089651345E+02
  104   0.1075587447857550E+02
  105   0.1212617281259744E+02
  106   0.1067878957250005E+02
  107   0.1053766338960992E+02
  108   0.1072963174414066E+02
  109   0.9394035901103187E+01
  110   0.9697921212436464E+01
  111   0.8771431851526092E+01
  112   0.8849010718418990E+01
  113   0.7913824057581365E+01
  114   0.8171893277717640E+01
  115   0.7442502931777027E+01
  116   0.7530666786364997E+01
  117   0.7367888671839098E+01
  118   0.6930213662874737E+01
  119   0.7421455022096127E+01
  120   0.6043117566463526E+01
  121   0.6714676785551430E+01
  122   0.5692893695279722E+01
  123   0.6085081303322094E+01
  124   0.5639543154394482E+01
  125   0.5360624526182939E+01
  126   0.5158450355205327E+01
  127   0.5093234821741039E+01
  128   0.4754666240895234E+01
  129   0.4238271902632556E+01
  130   0.4966796904556885E+01
  131   0.4036499066279072E+01
  132   0.4239955571918069E+01
  133   0.4110165570414894E+01
  134   0.3826722252172161E+01
  135   0.3815827091204481E+01
  136   0.3462560175493195E+01
  137   0.3621938236440877E+01
  138   0.3121262761505383E+01
  139   0.3423179728398127E+01
  140   0.2846970714762846E+01
  141   0.3186041462332172E+01
  142   0.2592252421535520E+01
  143   0.2884400517125906E+01
  144   0.2659767145228240E+01
  145   0.2627318235737631E+01
  146   0.2658323942824712E+01
  147   0.2462998848802911E+01
  148   0.2560172074721386E+01
  149   0.2141456397230481E+01
  150   0.2296583676591319E+01
  151   0.2036464536838019E+01
  152   0.2113946851478286E+01
  153   0.1993883691632008E+01
  154   0.1847129032017493E+01
  155   0.1863928589200869E+01
  156   0.1806766659130861E+01
  157   0.1846741116774210E+01
  158   0.1631075551728493E+01
  159   0.1569857609774243E+01
  160   0.1538296269974340E+01
  161   0.1488029301869353E+01
  162   0.1441614464894999E+01
  163   0.1353855851604459E+01
  164   0.1449358956843524E+01
  165   0.1252407861320021E+01
  166   0.1296603381704265E+01
  167   0.1128122772384438E+01
  168   0.1177591455847262E+01
  169   0.1087839251090049E+01
  170   0.1084040821599853E+01
  171   0.9741386523393264E+00
  172   0.1021328321881262E+01
  173   0.9811273662632355E+00
  174   0.9381871539605144E+00
  175   0.8989553574839892E+00
  176   0.8396292226299017E+00
  177   0.8325067069876755E+00
  178   0.8365732062500109E+00
  179   0.7353458548626010E+00
  180   0.8057806162443295E+00
  181   0.7170441944554919E+00
  182   0.7942063299594088E+00
  183   0.6279368273568110E+00
  184   0.6904933934746392E+00
  185   0.6205397842453100E+00
  186   0.6268605812905420E+00
  187   0.5710247808778873E+00
  188   0.5335408575974777E+00
  189   0.5730573561652847E+00
  190   0.4922143996917110E+00
  191   0.5203180764726084E+00
  192   0.4681819042160089E+00
  193   0.4753145864848028E+00
  194   0.4131526079544134E+00
  195   0.4298129731659291E+00
  196   0.4009579771231597E+00
  197   0.3981272996568359E+00
  198   0.3904151460838942E+00
  199   0.4093758694393330E+00
  200   0.3829675212276998E+00
  201   0.3268212941545471E+00
  202   0.3286089787043847E+00
  203   0.2962079849368665E+00
  204   0.3023778334486441E+00
  205   0.2850672825671621E+00
  206   0.2699062006416378E+00
  207   0.2674178930571132E+00
  208   0.2471756975548200E+00
  209   0.2499714289519679E+00
  210   0.2290866447771371E+00
  211   0.2319073749405107E+00
  212   0.2125634140398003E+00
  213   0.2298490559467320E+00
  214   0.1958088045723022E+00
  215   0.2037050252966718E+00
  216   0.1932707655047163E+00
  217   0.1806768528990683E+00
  218   0.1832919118433429E+00
  219   0.1644869919178776E+00
  220   0.1721914012796531E+00
  221   0.1515762214734271E+00
  222   0.1563993931762870E+00
  223   0.1420179188070419E+00
  224   0.1443228996354546E+00
  225   0.1361590703742897E+00
  226   0.1247459589356738E+00
  227   0.1286003247177220E+00
  228   0.1126691031571383E+00
  229   0.1179245147982763E+00
  230   0.1041414402542105E+00
  231   0.1149913967648709E+00
  232   0.1032124580179219E+00
  233   0.1030967572286012E+00
  234   0.9165172304523631E-01
  235   0.9068492992782248E-01
  236   0.8784370543595237E-01
  237   0.8334039015035016E-01
  238   0.8308042698300518E-01
  239   0.7313651441758516E-01
  240   0.7864202347591616E-01
  241   0.6852717429637516E-01
  242   0.7406167545241062E-01
  243   0.6603054318974304E-01
  244   0.6580318640270101E-01
  245   0.6048381670525479E-01
  246   0.5901527235243335E-01
  247   0.5520641742405251E-01
  248   0.5277966659303319E-01
  249   0.5474543528725322E-01
  250   0.4901951536870360E-01
  251   0.5096956115651926E-01
  252   0.4667567253025387E-01
  253   0.4509564824879755E-01
  254   0.4450223231962053E-01
  255   0.4114209770077487E-01
  256   0.4298438672015109E-01
  257   0.3825728484783607E-01
  258   0.4145912664278716E-01
  259   0.3509323877262681E-01
  260   0.3769135819455544E-01
  261   0.3199733878716901E-01
  262   0.3468135044309994E-01
  263   0.3096210426306221E-01
  264   0.3067306608466648E-01
  265   0.2939216905589224E-01
  266   0.2738641050998150E-01
  267   0.2702445254247609E-01
  268   0.2523748793262076E-01
  269   0.2515399044679882E-01
  270   0.2526938065093576E-01
  271   0.2309682402740702E-01
  272   0.2382190565421587E-01
  273   0.2243554635310240E-01
  274   0.2295755177333000E-01
  275   0.2129160920608635E-01
  276   0.2016497780907919E-01
  277   0.1938031579792998E-01
  278   0.1871700936245251E-01
  279   0.1743382692091225E-01
  280   0.1729421220241327E-01
  281   0.1577201182367615E-01
  282   0.1626083219009433E-01
  283   0.1445496624898976E-01
  284   0.1491972248337097E-01
  285   0.1383733665079323E-01
  286   0.1341090184062828E-01
  287   0.1279511327106636E-01
  288   0.1227126771030162E-01
  289   0.1204075016324017E-01
  290   0.1146744663805454E-01
  291   0.1095560311814659E-01
  292   0.1083505775313476E-01
  293   0.1004614358114496E-01
  294   0.1072554788548080E-01
  295   0.8932896767533007E-02
  296   0.1004074467129211E-01
  297   0.8277565880300342E-02
  298   0.9139135759580410E-02
  299   0.7612728176129574E-02
  300   0.8417359743035830E-02
  301   0.7381019745226490E-02
  302   0.7783866796643124E-02
  303   0.7126009614282163E-02
  304   0.6739159288156061E-02
  305   0.6686300117258107E-02
  306   0.6349912231449990E-02
  307   0.6226318978074366E-02
  308   0.5795332626419510E-02
  309   0.6318061091589941E-02
  310   0.5899280734241288E-02
  311   0.5448270881765082E-02
  312   0.5114520481597351E-02
  313   0.5124516782748435E-02
  314   0.5014915090114324E-02
  315   0.4670136525047195E-02
  316   0.4495215427471170E-02
  317   0.4337405915527616E-02
  318   0.4333661720921215E-02
  319   0.3954519158928902E-02
  320   0.3835697305164323E-02
  321   0.3575468914008605E-02
  322   0.3499756826715256E-02
  323   0.3347475532611979E-02
  324   0.3122487639868895E-02
  325   0.3105743925262521E-02
  326   0.2919246211223073E-02
  327   0.2893862725863301E-02
  328   0.2673146326129807E-02
  329   0.2624909339626894E-02
  330   0.2543882615096442E-02
  331   0.2482741582901616E-02
  332   0.2313002210077937E-02
  333   0.2334632676526965E-02
  334   0.2170227957495699E-02
  335   0.2058030922421697E-02
  336   0.1926520757305334E-02
  337   0.1915367529495466E-02
  338   0.1752810872433087E-02
  339   0.1736836543340184E-02
  340   0.1610728232813901E-02
  341   0.1608938744183172E-02
  342   0.1514861921601019E-02
  343   0.1488134909314595E-02
  344   0.1435751682936127E-02
  345   0.1410174708356231E-02
  346   0.1504111440767507E-02
  347   0.1364365303227340E-02
  348   0.1338208519747927E-02
  349   0.1287342077597115E-02
  350   0.1280344416841928E-02
  351   0.1113279959038513E-02
  352   0.1160189195693501E-02
  353   0.1021337812932410E-02
  354   0.1119920191615033E-02
  355   0.9151959772307311E-03
  356   0.1006086610938362E-02
  357   0.8787984881558626E-03
  358   0.9666741602203183E-03
  359   0.9035958186276595E-03
  360   0.8831625971905218E-03
  361   0.8862301719311331E-03
  362   0.7920623248517972E-03
  363   0.8251224819186759E-03
  364   0.7797099723116719E-03
  365   0.7678663770987537E-03
  366   0.6977233144525080E-03
  367   0.7271155505459263E-03
  368   0.6767210993403361E-03
  369   0.6632135124366566E-03
  370   0.6136518646894079E-03
  371   0.6266553811062029E-03
  372   0.6150325022083612E-03
  373   0.5875053826243005E-03
  374   0.5771158562503220E-03
  375   0.5565829964784182E-03
  376   0.5907041670051116E-03
  377   0.5822676964135690E-03
  378   0.5465650197972238E-03
  379   0.5366752163853279E-03
  380   0.5386696982028664E-03
  381   0.5502945468919374E-03
  382   0.4984709444585751E-03
  383   0.5256965098784416E-03
