# nlmax, ncor, nside =         383           1         128
    0   0.1490401449484540E+06
    1   0.7006120765284874E+03
    2   0.3550170376913657E+05
    3   0.1311057622885262E+04
    4   0.7060033858795549E+04
    5   0.4602463450156425E+03
    6   0.4088728295021230E+04
    7   0.4430437274171158E+03
    8   0.2419016962019376E+04
    9   0.1386085674418055E+03
   10   0.1491092368226636E+04
   11   0.2007890987399586E+03
   12   0.9717789595668930E+03
   13   0.1662090730268449E+03
   14   0.6737604449795070E+03
   15   0.1298777886163736E+03
   16   0.4930176341164882E+03
   17   0.9963351469451644E+02
   18   0.3904587733755843E+03
   19   0.6426580835582561E+02
   20   0.2768319533190093E+03
   21   0.4268535101789135E+02
   22   0.2030144550535624E+03
   23   0.3712377003664380E+02
   24   0.1499536973851105E+03
   25   0.4138922649499621E+02
   26   0.1398125999451509E+03
   27   0.3175869623649512E+02
   28   0.9315626032669783E+02
   29   0.3052332005707731E+02
   30   0.1000790976651104E+03
   31   0.3073341641125768E+02
   32   0.7072878967562119E+02
   33   0.2110637366155801E+02
   34   0.5131032524405639E+02
   35   0.1804280508472943E+02
   36   0.4726250382573386E+02
   37   0.1719732182270813E+02
   38   0.3923736550653987E+02
   39   0.1222224589018738E+02
   40   0.3010526781303818E+02
   41   0.1221102143436349E+02
   42   0.2753171722742002E+02
   43   0.1422482758642926E+02
   44   0.2078088302065086E+02
   45   0.1416971116678662E+02
   46   0.1949408851072819E+02
   47   0.1270912879405616E+02
   48   0.1589553222354353E+02
   49   0.1163220273989789E+02
   50   0.1389194017692149E+02
   51   0.1113730996093417E+02
   52   0.1190195202028291E+02
   53   0.1212372285740812E+02
   54   0.1089313151142337E+02
   55   0.1233894679355178E+02
   56   0.9891149973671460E+01
   57   0.1082295358179525E+02
   58   0.1041401762791075E+02
   59   0.1050517954733809E+02
   60   0.1126136282707505E+02
   61   0.8010753038895889E+01
   62   0.1049491681672562E+02
   63   0.9354462440935237E+01
   64   0.8484458157425500E+01
   65   0.9562995515685373E+01
   66   0.1361460968253561E+02
   67   0.9949454946940953E+01
   68   0.9214573381730464E+01
   69   0.9949611051954864E+01
   70   0.1099914094746006E+02
   71   0.1057887921265045E+02
   72   0.1065893984811293E+02
   73   0.8324897699515414E+01
   74   0.8635287198864241E+01
   75   0.1012657906367587E+02
   76   0.9021422614387973E+01
   77   0.8841589154668924E+01
   78   0.8835559362849580E+01
   79   0.8198563907725852E+01
   80   0.6307293992124631E+01
   81   0.8019121960952464E+01
   82   0.8370319528888285E+01
   83   0.8283956269243713E+01
   84   0.8262058327312015E+01
   85   0.8323901687043698E+01
   86   0.7854073596998191E+01
   87   0.8351978176372484E+01
   88   0.6104773317520511E+01
   89   0.7637827866703844E+01
   90   0.6068339878854609E+01
   91   0.6938290435888828E+01
   92   0.5693277051931837E+01
   93   0.7012860859571774E+01
   94   0.6140712064090867E+01
   95   0.7127409350631154E+01
   96   0.5743825808905697E+01
   97   0.6056539621601761E+01
   98   0.5938810589958464E+01
   99   0.6097247720638673E+01
  100   0.5952384032603121E+01
  101   0.6173571432726732E+01
  102   0.5720913426482525E+01
  103   0.5911918617053487E+01
  104   0.5058597338580171E+01
  105   0.5149520116114264E+01
  106   0.5052585106936256E+01
  107   0.5327219745173313E+01
  108   0.4595013285313982E+01
  109   0.5446298946738978E+01
  110   0.5721560955445113E+01
  111   0.6326857784169551E+01
  112   0.5386596949103168E+01
  113   0.5171050503570456E+01
  114   0.4701153538243627E+01
  115   0.4741376273316952E+01
  116   0.4785943205687317E+01
  117   0.4381626881839981E+01
  118   0.4688923801870505E+01
  119   0.4871337521777082E+01
  120   0.4277661769206411E+01
  121   0.4792457551278620E+01
  122   0.4396459691141754E+01
  123   0.4829580264860953E+01
  124   0.4378287026287044E+01
  125   0.4647312783333179E+01
  126   0.4243269623005812E+01
  127   0.4245999514340008E+01
  128   0.3914415202339619E+01
  129   0.3783824055694334E+01
  130   0.3524124879119592E+01
  131   0.3876519301619313E+01
  132   0.3307498713708775E+01
  133   0.3434040693969919E+01
  134   0.3119319100565397E+01
  135   0.3306574121416194E+01
  136   0.3274157877310047E+01
  137   0.3228656362667127E+01
  138   0.3835326709257142E+01
  139   0.3604384153799632E+01
  140   0.3369719637903259E+01
  141   0.3606402508833067E+01
  142   0.3256035240434286E+01
  143   0.3212918419751604E+01
  144   0.2857025043119648E+01
  145   0.3044196466778756E+01
  146   0.3122121540090394E+01
  147   0.3091673604143136E+01
  148   0.2866539417039579E+01
  149   0.3069601991417581E+01
  150   0.2820052167520810E+01
  151   0.2954134501065575E+01
  152   0.2822487268851857E+01
  153   0.2759927700336590E+01
  154   0.2794157217653098E+01
  155   0.2514487261990693E+01
  156   0.2665852873869888E+01
  157   0.2623092661731265E+01
  158   0.2760094610859715E+01
  159   0.2570792769814002E+01
  160   0.2734135073006717E+01
  161   0.2367498092304663E+01
  162   0.2627101533777502E+01
  163   0.2332252907778040E+01
  164   0.2674675984286722E+01
  165   0.2624053795224448E+01
  166   0.2565275006881633E+01
  167   0.2501894635849377E+01
  168   0.2481750294691196E+01
  169   0.2430018178825986E+01
  170   0.2496755572371818E+01
  171   0.2301894960646004E+01
  172   0.2535956964555826E+01
  173   0.2271992933122975E+01
  174   0.2512875627415127E+01
  175   0.2235413390538710E+01
  176   0.2275952640267883E+01
  177   0.2188447562750888E+01
  178   0.2813436692702316E+01
  179   0.2352635102376942E+01
  180   0.2450076628560065E+01
  181   0.2277334559577833E+01
  182   0.2257200136981051E+01
  183   0.2057161674551535E+01
  184   0.2306456700415428E+01
  185   0.2398889466728225E+01
  186   0.2160103800785048E+01
  187   0.2044609568784871E+01
  188   0.2011303892702987E+01
  189   0.1898697652209801E+01
  190   0.1854805717014331E+01
  191   0.1742818435369060E+01
  192   0.1849981783845561E+01
  193   0.1674056941286464E+01
  194   0.1886832012233624E+01
  195   0.1732993644073719E+01
  196   0.1755921146562248E+01
  197   0.1570226788505387E+01
  198   0.1682822617326330E+01
  199   0.1685196280574464E+01
  200   0.1664537165508836E+01
  201   0.1546187844127527E+01
  202   0.1606940003704729E+01
  203   0.1619510727375900E+01
  204   0.1608618277370802E+01
  205   0.1533727716374747E+01
  206   0.1579073089714331E+01
  207   0.1480862970580599E+01
  208   0.1512142309400113E+01
  209   0.1454883623546655E+01
  210   0.1607818098870938E+01
  211   0.1423976611129724E+01
  212   0.1639694003675364E+01
  213   0.1607112170923811E+01
  214   0.1526135309101916E+01
  215   0.1460829411473007E+01
  216   0.1497046418273047E+01
  217   0.1395562635852057E+01
  218   0.1462887969819066E+01
  219   0.1516711703599999E+01
  220   0.1574654016930568E+01
  221   0.1479469048450134E+01
  222   0.1421837321691680E+01
  223   0.1368492063240870E+01
  224   0.1439781180252355E+01
  225   0.1458062790566968E+01
  226   0.1342933547200605E+01
  227   0.1361284454622643E+01
  228   0.1256357451081948E+01
  229   0.1300086842269025E+01
  230   0.1226895974067428E+01
  231   0.1271776262100117E+01
  232   0.1232384612105394E+01
  233   0.1285111508483107E+01
  234   0.1171504093888084E+01
  235   0.1323313690798914E+01
  236   0.1205984652386610E+01
  237   0.1188635932350108E+01
  238   0.1170840604639254E+01
  239   0.1157180485849798E+01
  240   0.1201732076078038E+01
  241   0.1350347356737226E+01
  242   0.1274866488411217E+01
  243   0.1216186284148838E+01
  244   0.1188652005145673E+01
  245   0.1224115359061932E+01
  246   0.1135958698783551E+01
  247   0.1145298117163852E+01
  248   0.1094502250317525E+01
  249   0.1097384740597956E+01
  250   0.1070726678440920E+01
  251   0.1099923920096781E+01
  252   0.1041501135496274E+01
  253   0.1121478162900148E+01
  254   0.1086039084782453E+01
  255   0.1084635478583088E+01
  256   0.1100305880480358E+01
  257   0.1227661270697810E+01
  258   0.1208927306308736E+01
  259   0.1177256857317571E+01
  260   0.1133286029576869E+01
  261   0.1127366984569713E+01
  262   0.1031816938476394E+01
  263   0.1068651506475446E+01
  264   0.1089683043129726E+01
  265   0.1086689767535233E+01
  266   0.1019884513788234E+01
  267   0.9911240305455387E+00
  268   0.9528327873198865E+00
  269   0.9405882221956041E+00
  270   0.9571356001632161E+00
  271   0.9941641185204428E+00
  272   0.9492923377103857E+00
  273   0.1037232646395625E+01
  274   0.1028060054667741E+01
  275   0.9278730200341254E+00
  276   0.9340737495048916E+00
  277   0.9999642847851611E+00
  278   0.9652645191893257E+00
  279   0.9444746357952258E+00
  280   0.9074809390616743E+00
  281   0.8704949021289270E+00
  282   0.9709866017045972E+00
  283   0.9081000446931151E+00
  284   0.8803929432364388E+00
  285   0.8671115334952129E+00
  286   0.8543897370255458E+00
  287   0.9387608164391539E+00
  288   0.8311553309501454E+00
  289   0.8792077596360901E+00
  290   0.8123113953889556E+00
  291   0.8630061722445523E+00
  292   0.8548749966058713E+00
  293   0.8764403145318758E+00
  294   0.9471854580867545E+00
  295   0.9823163171570544E+00
  296   0.8590362710835224E+00
  297   0.8892832574149914E+00
  298   0.8776150103368714E+00
  299   0.8881484037448564E+00
  300   0.8424068849162580E+00
  301   0.8903964468616747E+00
  302   0.8511700532187634E+00
  303   0.8596669762480991E+00
  304   0.8728315324076261E+00
  305   0.8777361465355806E+00
  306   0.8113656928651425E+00
  307   0.8867021800693653E+00
  308   0.8530382266188052E+00
  309   0.8849026714626955E+00
  310   0.8974848154104000E+00
  311   0.9306762866090059E+00
  312   0.9544441133308448E+00
  313   0.9098739552038166E+00
  314   0.9287514809580699E+00
  315   0.8471168771986566E+00
  316   0.8213310219357339E+00
  317   0.8087037485943096E+00
  318   0.7739665885876894E+00
  319   0.8082845908692855E+00
  320   0.8026362106839402E+00
  321   0.8227435334532078E+00
  322   0.7795311828375597E+00
  323   0.7549222976571102E+00
  324   0.7097919610260481E+00
  325   0.7276939757480916E+00
  326   0.6916207570514352E+00
  327   0.7324097323163654E+00
  328   0.6961500073108722E+00
  329   0.6993034572864891E+00
  330   0.6693332738993085E+00
  331   0.6658746589953379E+00
  332   0.6800200131674554E+00
  333   0.6568209867569381E+00
  334   0.6696711758994738E+00
  335   0.6627403979850115E+00
  336   0.6540076579561460E+00
  337   0.6494609100804545E+00
  338   0.6567650794210165E+00
  339   0.6782794211187353E+00
  340   0.6983273000118713E+00
  341   0.7034012546511947E+00
  342   0.6756277744973671E+00
  343   0.6753374769487008E+00
  344   0.6768982505868477E+00
  345   0.6794723021301179E+00
  346   0.6774590827082907E+00
  347   0.7017066540248877E+00
  348   0.6684100817460976E+00
  349   0.6593300300832095E+00
  350   0.6838566161986721E+00
  351   0.6816235130330441E+00
  352   0.6516782965734507E+00
  353   0.6616979342900526E+00
  354   0.6866335488525546E+00
  355   0.6687134420295227E+00
  356   0.6919840173662304E+00
  357   0.6927209742049705E+00
  358   0.6569052895304257E+00
  359   0.6390010403512509E+00
  360   0.6308241609976226E+00
  361   0.6327825935820386E+00
  362   0.6833566893838383E+00
  363   0.7161410280257394E+00
  364   0.6865507308030108E+00
  365   0.6545059480086242E+00
  366   0.6335955573367622E+00
  367   0.6212732363786504E+00
  368   0.6109714709713154E+00
  369   0.6077134848667789E+00
  370   0.6165937221839737E+00
  371   0.6235965724796511E+00
  372   0.5919239781958603E+00
  373   0.6199183457887379E+00
  374   0.6024495474682315E+00
  375   0.6292127685038034E+00
  376   0.6234108681585764E+00
  377   0.7140966211628792E+00
  378   0.6382052193583863E+00
  379   0.6451801161207209E+00
  380   0.6289452584069803E+00
  381   0.6179169331669193E+00
  382   0.5997109976660810E+00
  383   0.5921592126491189E+00
