# nlmax, ncor, nside =         383           1         128
    0  -0.4026464939630674E+02
    1   0.1942428883632740E+03
    2   0.2045580396843997E+03
    3   0.8134759254387660E+03
    4   0.3180039744293277E+03
    5   0.3411680375546700E+03
    6   0.2159222819135085E+03
    7   0.9050830516093323E+02
    8   0.9483981788734752E+02
    9   0.9741177322212079E+02
   10   0.2744864048345686E+02
   11   0.5589402294808077E+02
   12   0.3712669413902424E+02
   13   0.2063245066126145E+02
   14   0.3492744541563762E+02
   15   0.2238741919002318E+02
   16   0.1711005360953901E+02
   17   0.2251166963474438E+02
   18   0.1723871630007443E+02
   19   0.1691679869427441E+02
   20   0.2710455528634832E+02
   21   0.9500686042260284E+01
   22   0.1287648020243743E+02
   23   0.9862494676098873E+01
   24   0.8508769682586966E+01
   25   0.1002228251129915E+02
   26   0.6092874694617677E+01
   27   0.5633157421007276E+01
   28   0.9178147673195785E+01
   29   0.7226650825007287E+01
   30   0.6577314436940092E+01
   31   0.6514926241245972E+01
   32   0.6152412253397598E+01
   33   0.4469217060304343E+01
   34   0.4375325762053821E+01
   35   0.5130817490766466E+01
   36   0.2826581522382479E+01
   37   0.3486877825492785E+01
   38   0.4984539583909478E+01
   39   0.4577266519872937E+01
   40   0.4445111391380438E+01
   41   0.2037728608932023E+01
   42   0.3835403388959115E+01
   43   0.3418383069959629E+01
   44   0.3610393746139327E+01
   45   0.2369090410398672E+01
   46   0.2390045060587964E+01
   47   0.2567771351863401E+01
   48   0.2862870138693200E+01
   49   0.3309730271376443E+01
   50   0.3602745126741131E+01
   51   0.3540184486820807E+01
   52   0.3005336817974848E+01
   53   0.2817863317964258E+01
   54   0.1689098364992808E+01
   55   0.2144763989680827E+01
   56   0.2355385792330754E+01
   57   0.2376732037977056E+01
   58   0.3648823691271430E+01
   59   0.1749673712401929E+01
   60   0.1218814305312690E+01
   61   0.3119169791379943E+01
   62   0.1507080256259527E+01
   63   0.1551207377834928E+01
   64   0.1438862279302433E+01
   65   0.1481617431048518E+01
   66   0.1394427152901418E+01
   67   0.1607060905233205E+01
   68   0.1668910244036085E+01
   69   0.1535563809431082E+01
   70   0.1203031302009600E+01
   71   0.1466310009717856E+01
   72   0.1043960098511024E+01
   73   0.1102936322317293E+01
   74   0.1290615190661927E+01
   75   0.1144774581226084E+01
   76   0.1208659508502541E+01
   77   0.1082009167883240E+01
   78   0.1006258413037445E+01
   79   0.1178141836446938E+01
   80   0.9985916933462158E+00
   81   0.8631655339418887E+00
   82   0.8231861385321493E+00
   83   0.9454614070264178E+00
   84   0.7064240132546626E+00
   85   0.8625948861040724E+00
   86   0.1000451850372419E+01
   87   0.1082808983764292E+01
   88   0.8756553490784584E+00
   89   0.8990536875645654E+00
   90   0.6824785630890473E+00
   91   0.6311008384331300E+00
   92   0.8254649138409140E+00
   93   0.7786156708887646E+00
   94   0.8267211550189006E+00
   95   0.8804160905398348E+00
   96   0.5919459527859012E+00
   97   0.5266485256894258E+00
   98   0.6703011186991132E+00
   99   0.7104502660371808E+00
  100   0.5658552677851039E+00
  101   0.6964817435208879E+00
  102   0.4694002896929974E+00
  103   0.5702131506114356E+00
  104   0.6610474441673562E+00
  105   0.4554765766882864E+00
  106   0.5349225041182264E+00
  107   0.3915431824899762E+00
  108   0.3908026046636777E+00
  109   0.3790562691241621E+00
  110   0.4512143036458183E+00
  111   0.4630792036280797E+00
  112   0.4782251126058294E+00
  113   0.4040905208295340E+00
  114   0.4555754634471221E+00
  115   0.3150199690559605E+00
  116   0.3466855108360987E+00
  117   0.3776139239015917E+00
  118   0.3503633933173411E+00
  119   0.2900142978971922E+00
  120   0.2917311110797700E+00
  121   0.3031126829888471E+00
  122   0.3208913831831361E+00
  123   0.3231438638455228E+00
  124   0.3031881843574096E+00
  125   0.2700001186756806E+00
  126   0.2990726110770233E+00
  127   0.1966968445262116E+00
  128   0.2054405251309109E+00
  129   0.2464955409778967E+00
  130   0.2841258469130712E+00
  131   0.1997135284286118E+00
  132   0.1902774181899018E+00
  133   0.1896516209006787E+00
  134   0.1865720791795334E+00
  135   0.1859634859733158E+00
  136   0.1622717115199599E+00
  137   0.2283198629499364E+00
  138   0.1638715476899173E+00
  139   0.1653492145597697E+00
  140   0.1639356489288990E+00
  141   0.1611752674976801E+00
  142   0.1525754075191847E+00
  143   0.1702774196474217E+00
  144   0.1102487222005790E+00
  145   0.1664699280702870E+00
  146   0.1325385253725533E+00
  147   0.9138591819085917E-01
  148   0.1084560670254845E+00
  149   0.1288490230006990E+00
  150   0.1242811814321503E+00
  151   0.9057954588739103E-01
  152   0.1229065033618111E+00
  153   0.1170009673918211E+00
  154   0.9489328925672424E-01
  155   0.7593926855502575E-01
  156   0.8679677457018797E-01
  157   0.8594557297074279E-01
  158   0.9011653348439064E-01
  159   0.7651022756694070E-01
  160   0.8094799843861422E-01
  161   0.7789240861896796E-01
  162   0.8156928542573771E-01
  163   0.7414044245662643E-01
  164   0.6361338130508021E-01
  165   0.7074538200427516E-01
  166   0.5987835479753056E-01
  167   0.6667092334984515E-01
  168   0.4866026568522530E-01
  169   0.5159077519182043E-01
  170   0.5740732292539141E-01
  171   0.4359297490596115E-01
  172   0.5387107136956104E-01
  173   0.3622499998823014E-01
  174   0.5214081567759055E-01
  175   0.3213378125073163E-01
  176   0.3696459381676620E-01
  177   0.3682500035438230E-01
  178   0.4150626526326673E-01
  179   0.3506164124816202E-01
  180   0.3100655322485535E-01
  181   0.3423984000374491E-01
  182   0.3263531908548500E-01
  183   0.3005424567288451E-01
  184   0.2873410333543958E-01
  185   0.3338314800722053E-01
  186   0.2196981025695866E-01
  187   0.2602449692858744E-01
  188   0.2313963524651419E-01
  189   0.1854500755522348E-01
  190   0.2617739860602497E-01
  191   0.2656646927767969E-01
  192   0.1517478282665030E-01
  193   0.1888597038034312E-01
  194   0.2259696347679496E-01
  195   0.2073476374228422E-01
  196   0.1753342984577944E-01
  197   0.1805139168700198E-01
  198   0.1771478567402374E-01
  199   0.1373799325286984E-01
  200   0.1469686297166772E-01
  201   0.7937129579719260E-03
  202   0.8594793473537532E-03
  203   0.2028186084113814E-02
  204   0.9057409912798242E-03
  205   0.8912541727016388E-03
  206   0.1099813275817763E-02
  207   0.1984069225410057E-02
  208   0.1334549817690989E-02
  209  -0.6391493082182897E-03
  210   0.8976647585511310E-03
  211  -0.8651625836247900E-03
  212   0.1467570274632068E-02
  213  -0.1094083276819147E-03
  214   0.3290094638853658E-03
  215  -0.6687123123960692E-04
  216   0.5773476942234623E-03
  217   0.1053715851647707E-02
  218   0.8888961533826123E-04
  219   0.8381573372040485E-03
  220  -0.1434028319429181E-03
  221   0.1950062376578909E-03
  222   0.4171507947833275E-03
  223  -0.2331950272849159E-03
  224   0.1731914585009209E-03
  225   0.1523726247274482E-03
  226   0.5932506020979167E-03
  227   0.7201832330561153E-04
  228  -0.2651436837377563E-03
  229   0.8763904394936128E-03
  230   0.2943624528818356E-03
  231   0.4508403071663558E-03
  232   0.1674833448208624E-03
  233  -0.5538171928985980E-03
  234  -0.3057386374316629E-04
  235  -0.2581119560288725E-03
  236   0.3796046601234337E-03
  237   0.9965693259701425E-03
  238   0.3024253060905924E-03
  239  -0.3160775832830032E-03
  240  -0.5632581960591798E-03
  241   0.7917659241174491E-04
  242  -0.3793681447107344E-03
  243  -0.3609942536355604E-03
  244   0.2769720563858824E-03
  245   0.6662209446239853E-04
  246   0.8553177924487398E-03
  247  -0.2123815223820102E-04
  248  -0.2385655628600603E-07
  249   0.1780180408141874E-03
  250   0.4213935751585796E-03
  251  -0.3232567703471689E-03
  252  -0.6092756353692774E-03
  253   0.3642770041778487E-03
  254   0.1203042940357557E-03
  255  -0.2171744125547548E-03
  256   0.8201528297391292E-04
  257  -0.5206191467910237E-04
  258   0.3402482603025447E-03
  259  -0.2137288085735101E-03
  260  -0.2364162597648933E-03
  261  -0.1819968941254579E-03
  262   0.2357888662328778E-03
  263   0.1448581025049744E-03
  264  -0.9007212191125546E-04
  265   0.5009216229079350E-03
  266   0.1515885686771412E-03
  267   0.4258932401685067E-03
  268   0.2678732012272311E-03
  269  -0.1100880946202087E-03
  270   0.6409378534826260E-03
  271   0.1082404499168632E-03
  272   0.4199367406483301E-03
  273   0.2051407578863573E-03
  274   0.7119525833831908E-04
  275   0.3860448970973707E-03
  276   0.3434743983024013E-03
  277   0.3429307646940494E-04
  278   0.6999108932609355E-04
  279  -0.2550389735779257E-03
  280   0.4553582289268387E-04
  281  -0.4971564714550958E-04
  282   0.4012252627098034E-03
  283  -0.2274349094019690E-03
  284   0.3406287944988096E-03
  285   0.2290487640832506E-04
  286   0.1457002466931923E-03
  287  -0.2607191190613367E-03
  288   0.1760726278926539E-03
  289   0.1125629507778281E-03
  290   0.2496824796716646E-03
  291   0.2032330193262322E-03
  292   0.5150552932833286E-03
  293   0.4209961959283914E-03
  294  -0.2415881906495110E-03
  295  -0.3032798538578074E-03
  296  -0.1179876670053814E-03
  297   0.1850612352127801E-03
  298   0.1126961011466698E-03
  299   0.2730671823575892E-03
  300   0.2306846201872159E-03
  301   0.1761178485990555E-03
  302  -0.2524746442935655E-03
  303  -0.5510464635666290E-04
  304   0.7290334745158056E-04
  305   0.4587676843704758E-03
  306   0.4522891022473718E-04
  307   0.3169105124550819E-03
  308   0.8892832703960574E-04
  309   0.2152722819783182E-03
  310   0.2999315516160617E-03
  311   0.1958237909088778E-03
  312   0.3321718874343960E-04
  313   0.3247564859798491E-03
  314   0.2636350662775233E-03
  315   0.5167628326884777E-03
  316   0.5052845299957642E-04
  317   0.4021089115470167E-03
  318   0.3951339730693393E-03
  319   0.3293680845915525E-03
  320   0.2344001097291937E-03
  321   0.3110329946875989E-04
  322   0.3779687150859967E-03
  323   0.1075353565571646E-03
  324   0.1721714340316982E-03
  325   0.3891786715335410E-03
  326   0.1193030237435222E-03
  327   0.9739733571584308E-04
  328   0.8050055141839429E-04
  329   0.3233973526014511E-03
  330   0.4225823311292121E-03
  331   0.4578878144735066E-03
  332   0.2971874776628025E-03
  333   0.1207509576540700E-03
  334   0.2116189192687135E-03
  335   0.3050289223180402E-03
  336   0.5645249778946093E-04
  337   0.3751038853840316E-03
  338   0.5902376483789273E-03
  339   0.3545368418580719E-03
  340   0.5089307044321423E-03
  341   0.2591654123131892E-03
  342   0.1969091361970210E-03
  343   0.2370050428488202E-03
  344   0.5301458015650462E-03
  345   0.7230881585934268E-03
  346   0.3141652865713551E-03
  347   0.7986777025330571E-03
  348   0.5634500750031912E-03
  349   0.4559743293376384E-03
  350   0.4645192486977257E-03
  351   0.5585855391637973E-03
  352   0.5387754801984834E-03
  353   0.5521056096141064E-03
  354   0.8868309399475138E-03
  355   0.6611278207748206E-03
  356   0.8606697949513631E-03
  357   0.3667147130909099E-03
  358   0.5881274077048082E-03
  359   0.8213950761010308E-03
  360   0.6430781617257908E-03
  361   0.8093830657028983E-03
  362   0.8095100849184605E-03
  363   0.6636895797159093E-03
  364   0.7989231815980213E-03
  365   0.8663683995172727E-03
  366   0.9749095762627558E-03
  367   0.9491740475076893E-03
  368   0.8076804138173743E-03
  369   0.9006915156409834E-03
  370   0.9557592871026685E-03
  371   0.7917593423194050E-03
  372   0.1046909634444732E-02
  373   0.9812071264312799E-03
  374   0.9866099557378841E-03
  375   0.1072500378705724E-02
  376   0.1185615391917513E-02
  377   0.1191083024253397E-02
  378   0.1191288691533836E-02
  379   0.1323876836496995E-02
  380   0.1614193397782921E-02
  381   0.1941814034018996E-02
  382   0.2301994575354491E-02
  383   0.2556108157561843E-02
