# nlmax, ncor, nside =         383           1         128
    0   0.2309153595298720E+02
    1   0.8589607650901884E+00
    2   0.5651860706388477E+03
    3   0.5495534069415684E+03
    4   0.5076254026828162E+03
    5   0.1562338058781259E+03
    6   0.1228493683170942E+03
    7   0.1375290313684245E+03
    8   0.7263160502440589E+02
    9   0.4947819594933600E+02
   10   0.6979829008948502E+02
   11   0.4018043182849674E+02
   12   0.2413770907512312E+02
   13   0.3045149741107279E+02
   14   0.3370215532643219E+02
   15   0.1305398391628306E+02
   16   0.1888721211986425E+02
   17   0.1458829577526607E+02
   18   0.1737010300753291E+02
   19   0.1388197595977616E+02
   20   0.8233160521293620E+01
   21   0.1181666683125373E+02
   22   0.8733910057417452E+01
   23   0.1204886658528688E+02
   24   0.1014931410446321E+02
   25   0.1175862457997113E+02
   26   0.7343128503816382E+01
   27   0.8678699173096634E+01
   28   0.7352135820203771E+01
   29   0.5014333461233681E+01
   30   0.6965960236379527E+01
   31   0.4834611726538002E+01
   32   0.4250799500390501E+01
   33   0.6348865060775785E+01
   34   0.5465888384861834E+01
   35   0.4645939909253777E+01
   36   0.5943744522320286E+01
   37   0.3937522504281992E+01
   38   0.3187940276432104E+01
   39   0.3830098692343092E+01
   40   0.4214351250845580E+01
   41   0.4063571144531143E+01
   42   0.3344609996731469E+01
   43   0.3725580651976827E+01
   44   0.2243323458664957E+01
   45   0.2882497665014404E+01
   46   0.2900990289235245E+01
   47   0.2525903639912447E+01
   48   0.2532757676912937E+01
   49   0.3008265179632946E+01
   50   0.2220667299269424E+01
   51   0.2063541763769040E+01
   52   0.2934375943537817E+01
   53   0.2340578611504501E+01
   54   0.2699722852242456E+01
   55   0.2773586497829251E+01
   56   0.2211750152752336E+01
   57   0.2231752908204898E+01
   58   0.1853487141505884E+01
   59   0.2208337100351708E+01
   60   0.1671667054936612E+01
   61   0.1752077640583751E+01
   62   0.2208664078017668E+01
   63   0.2062905582652882E+01
   64   0.1347327454111029E+01
   65   0.1742237674376851E+01
   66   0.1372732077018165E+01
   67   0.1607684306129826E+01
   68   0.1554203386518752E+01
   69   0.1644210302550991E+01
   70   0.1265546736479235E+01
   71   0.1446465811378224E+01
   72   0.1520419469380331E+01
   73   0.1187593662092711E+01
   74   0.1233119054403470E+01
   75   0.1300837490495370E+01
   76   0.1157946893039523E+01
   77   0.1204519072125245E+01
   78   0.9905482176838306E+00
   79   0.9490917490899654E+00
   80   0.1141177723914560E+01
   81   0.1100955476706476E+01
   82   0.9866184799796702E+00
   83   0.1137815227536938E+01
   84   0.8489166629641736E+00
   85   0.9428228202104115E+00
   86   0.1066993796004237E+01
   87   0.6765721443489140E+00
   88   0.8555073141989075E+00
   89   0.8227502318870877E+00
   90   0.7789746621897274E+00
   91   0.8151318695953650E+00
   92   0.6787509512482193E+00
   93   0.6858155743298113E+00
   94   0.6211926762111013E+00
   95   0.6454932528709317E+00
   96   0.6843868095815014E+00
   97   0.7135665591761488E+00
   98   0.6382808491252756E+00
   99   0.5960299068015272E+00
  100   0.5635291483507644E+00
  101   0.6211377529911841E+00
  102   0.5069138451294476E+00
  103   0.5842099921662021E+00
  104   0.4992369365088689E+00
  105   0.5936449087339040E+00
  106   0.4701281262394906E+00
  107   0.4696967712956477E+00
  108   0.4805575284128746E+00
  109   0.3961333528582743E+00
  110   0.3730251736223474E+00
  111   0.4298567289023625E+00
  112   0.3700138662954709E+00
  113   0.4459146315485115E+00
  114   0.3460752550570594E+00
  115   0.3853665753310526E+00
  116   0.4077197854736912E+00
  117   0.3595330183858447E+00
  118   0.4124745465401886E+00
  119   0.3314545693965740E+00
  120   0.3316915384739674E+00
  121   0.2855199613450267E+00
  122   0.2937539558138477E+00
  123   0.3171161376699050E+00
  124   0.2498389451787425E+00
  125   0.2735698251031032E+00
  126   0.3055834767794021E+00
  127   0.2945421354365910E+00
  128   0.2499245281681019E+00
  129   0.2371218598467505E+00
  130   0.2235454431246613E+00
  131   0.1892327791269808E+00
  132   0.2056464300423749E+00
  133   0.2144930909461256E+00
  134   0.1800458832243876E+00
  135   0.1810286800080818E+00
  136   0.1489876312664219E+00
  137   0.1780754925476303E+00
  138   0.1822299177344782E+00
  139   0.1570487454283478E+00
  140   0.1661065450779904E+00
  141   0.1805883828656734E+00
  142   0.1851415875696546E+00
  143   0.1503794513688356E+00
  144   0.1584700920862619E+00
  145   0.1225165749071232E+00
  146   0.1136014811060091E+00
  147   0.1374722451265129E+00
  148   0.1239134252906587E+00
  149   0.1118891846449371E+00
  150   0.1023430078624307E+00
  151   0.1144593415688514E+00
  152   0.1225614973312046E+00
  153   0.1189422214598391E+00
  154   0.1057162306549660E+00
  155   0.8909227285876321E-01
  156   0.9300525073060964E-01
  157   0.8388477841615838E-01
  158   0.8351420912051920E-01
  159   0.7591616724047018E-01
  160   0.6598499177180504E-01
  161   0.7702156837568351E-01
  162   0.8538961107904207E-01
  163   0.8733532762322994E-01
  164   0.7332257666705551E-01
  165   0.6674652792128510E-01
  166   0.6104699144107095E-01
  167   0.5629091344805961E-01
  168   0.5635982463411498E-01
  169   0.5650105425845708E-01
  170   0.5825605092276225E-01
  171   0.5385093928680878E-01
  172   0.4477314556917968E-01
  173   0.4837482452697212E-01
  174   0.3673852919222031E-01
  175   0.4491771977381683E-01
  176   0.4395520922030464E-01
  177   0.4397118161906206E-01
  178   0.3862655515964494E-01
  179   0.3809244986813085E-01
  180   0.3385669434878536E-01
  181   0.3405056781572942E-01
  182   0.3409389238541209E-01
  183   0.3310604895338214E-01
  184   0.2732355947917181E-01
  185   0.2440615615262838E-01
  186   0.2692128100901138E-01
  187   0.2533430521909850E-01
  188   0.2296553556001602E-01
  189   0.2270088486435322E-01
  190   0.1953882286808068E-01
  191   0.2035003084580267E-01
  192   0.2174921279968249E-01
  193   0.1956954249972650E-01
  194   0.1883451130010672E-01
  195   0.1698302959284374E-01
  196   0.1790516354601811E-01
  197   0.1541009514166537E-01
  198   0.1569781616303101E-01
  199   0.1347262869873581E-01
  200   0.1417237652138747E-01
  201   0.3242453683106502E-04
  202   0.3450234599644234E-04
  203   0.2995734657782386E-04
  204   0.2890044894678772E-04
  205   0.2820816889310619E-04
  206   0.2854019125213060E-04
  207   0.2704300234529945E-04
  208   0.2353434903770272E-04
  209   0.2474300480267219E-04
  210   0.2418579432605564E-04
  211   0.2348723448123944E-04
  212   0.2029875204772247E-04
  213   0.2277424325735742E-04
  214   0.2079662427665896E-04
  215   0.2058972078928172E-04
  216   0.1839512709062038E-04
  217   0.1786573354105397E-04
  218   0.1944682122528887E-04
  219   0.1668897865785947E-04
  220   0.1635278173067872E-04
  221   0.1498271723686727E-04
  222   0.1674221833291820E-04
  223   0.1443676623421206E-04
  224   0.1366183112582346E-04
  225   0.1340892592148947E-04
  226   0.1342950517268348E-04
  227   0.1309857268002262E-04
  228   0.1061368431275295E-04
  229   0.1164162543860714E-04
  230   0.1128948495935507E-04
  231   0.1167806104089056E-04
  232   0.9758375622062355E-05
  233   0.1016821060147543E-04
  234   0.9968369746848099E-05
  235   0.9232146940871774E-05
  236   0.8221542902496345E-05
  237   0.8236478234768300E-05
  238   0.9135883853503207E-05
  239   0.7486969386820770E-05
  240   0.7337842389888193E-05
  241   0.6715237801743702E-05
  242   0.8177117904068587E-05
  243   0.6787589680375383E-05
  244   0.6128366279050060E-05
  245   0.5936555363775350E-05
  246   0.6567587734345546E-05
  247   0.5684194020208094E-05
  248   0.4943826026546123E-05
  249   0.5373897797463156E-05
  250   0.5502690729871486E-05
  251   0.5244371679079901E-05
  252   0.4371058376086326E-05
  253   0.4425544354687226E-05
  254   0.5008579485327200E-05
  255   0.4274848537155062E-05
  256   0.4034659176202930E-05
  257   0.3737226085792827E-05
  258   0.4723316160428027E-05
  259   0.3663707070432430E-05
  260   0.3506533000067217E-05
  261   0.3105308961726992E-05
  262   0.3981401767438817E-05
  263   0.3260406830450649E-05
  264   0.2885267127167765E-05
  265   0.2864227090612587E-05
  266   0.3207414642218325E-05
  267   0.2843109009023898E-05
  268   0.2401719603402427E-05
  269   0.2454507682124923E-05
  270   0.2923491372851726E-05
  271   0.2445447832090229E-05
  272   0.2306433124057771E-05
  273   0.2209199333815785E-05
  274   0.2715218692056082E-05
  275   0.2259806605670498E-05
  276   0.1928965850232662E-05
  277   0.1881211312303376E-05
  278   0.2269840735015765E-05
  279   0.1890458903878016E-05
  280   0.1666086381014757E-05
  281   0.1542177679133163E-05
  282   0.2029652358081693E-05
  283   0.1576290488383608E-05
  284   0.1458553732379471E-05
  285   0.1351631792433773E-05
  286   0.1697327851723834E-05
  287   0.1406909782366774E-05
  288   0.1233186028976976E-05
  289   0.1202192927010637E-05
  290   0.1508416249407477E-05
  291   0.1212382814325350E-05
  292   0.1090911485419931E-05
  293   0.1000570435303223E-05
  294   0.1439395873174171E-05
  295   0.1015329382193825E-05
  296   0.1018305511414132E-05
  297   0.8381663985160535E-06
  298   0.1277478174985574E-05
  299   0.8882990644259420E-06
  300   0.8750006630919111E-06
  301   0.7452290243392183E-06
  302   0.1147843647560209E-05
  303   0.8415637430036896E-06
  304   0.7293395121738432E-06
  305   0.6907656098126178E-06
  306   0.9826266299856995E-06
  307   0.7507057315557503E-06
  308   0.6587303278844154E-06
  309   0.6632388898276358E-06
  310   0.9554832973891812E-06
  311   0.6745560978841070E-06
  312   0.5912480926729888E-06
  313   0.5484235820024541E-06
  314   0.8638627095936049E-06
  315   0.6097204747179646E-06
  316   0.5520500847886583E-06
  317   0.4811869550499015E-06
  318   0.8060741953852130E-06
  319   0.5392709221729671E-06
  320   0.5052421338897579E-06
  321   0.4146621199286867E-06
  322   0.7029186843368731E-06
  323   0.4864573673135377E-06
  324   0.4767156705727035E-06
  325   0.3868503894738862E-06
  326   0.6559660542041614E-06
  327   0.4382303309593622E-06
  328   0.4391921648479899E-06
  329   0.3421919937140653E-06
  330   0.6150018093745674E-06
  331   0.4173221152928678E-06
  332   0.4391660546409600E-06
  333   0.3279355765488744E-06
  334   0.5971978551797293E-06
  335   0.3762627091882181E-06
  336   0.4016612675079621E-06
  337   0.3049651634991962E-06
  338   0.5621628858584049E-06
  339   0.3608004495651466E-06
  340   0.4128454448497629E-06
  341   0.2908891709770557E-06
  342   0.5503980221049080E-06
  343   0.3352833288025727E-06
  344   0.4066523648251293E-06
  345   0.2957537299307886E-06
  346   0.5705884169510936E-06
  347   0.3446915916156387E-06
  348   0.4351708415886848E-06
  349   0.2978013667067854E-06
  350   0.5653700656349222E-06
  351   0.3304339488895216E-06
  352   0.4264766895333349E-06
  353   0.2999722952694858E-06
  354   0.5901171984053391E-06
  355   0.3344762206195741E-06
  356   0.4499863709918185E-06
  357   0.3032431578587048E-06
  358   0.5832234433350755E-06
  359   0.3518768323346655E-06
  360   0.4718212911331941E-06
  361   0.3431806359333855E-06
  362   0.6158480159838415E-06
  363   0.3707714891064598E-06
  364   0.4954922571590494E-06
  365   0.3516497206940918E-06
  366   0.6232497756506681E-06
  367   0.4011986161529312E-06
  368   0.5375007886324361E-06
  369   0.3816824140199315E-06
  370   0.6802479537286747E-06
  371   0.4227148897460719E-06
  372   0.5680384888279838E-06
  373   0.4115823031891823E-06
  374   0.7030637349737013E-06
  375   0.4676755167609766E-06
  376   0.6405943794414460E-06
  377   0.4634113935810775E-06
  378   0.7749325245861074E-06
  379   0.5060507970591494E-06
  380   0.6855893129758351E-06
  381   0.5186076427947667E-06
  382   0.8213667831742723E-06
  383   0.5816176297852934E-06
