# nlmax, ncor, nside =         383           1         128
    0   0.5672559826199888E-06
    1   0.5390084758223564E-06
    2   0.2081438834320896E+03
    3   0.1035679165250354E+04
    4   0.2541976029760624E+03
    5   0.2944979472012203E+03
    6   0.2754760014927449E+03
    7   0.9887735936816098E+02
    8   0.6807813632685428E+02
    9   0.6417302272370924E+02
   10   0.3055141722093290E+02
   11   0.6182996613072019E+02
   12   0.3878973036289287E+02
   13   0.2402405041502201E+02
   14   0.3474177088427055E+02
   15   0.2844385281422736E+02
   16   0.1609512406462420E+02
   17   0.1632917878781295E+02
   18   0.1607290636261496E+02
   19   0.1284264487629529E+02
   20   0.2137972059357314E+02
   21   0.1136973116523133E+02
   22   0.1099183102154812E+02
   23   0.1029952494400520E+02
   24   0.1075297336422339E+02
   25   0.8579668600082234E+01
   26   0.6898161730996900E+01
   27   0.7229057053645409E+01
   28   0.7106425666979676E+01
   29   0.5397202188232698E+01
   30   0.7741158580385795E+01
   31   0.5954622676665966E+01
   32   0.5457986835322828E+01
   33   0.5631407403500657E+01
   34   0.4708334149195300E+01
   35   0.4855556890819689E+01
   36   0.3359697142764460E+01
   37   0.3521841342470223E+01
   38   0.4382653286448102E+01
   39   0.4515772931616335E+01
   40   0.4329354863586433E+01
   41   0.3146451305307331E+01
   42   0.4036425531110929E+01
   43   0.3365833542788468E+01
   44   0.3596738938234089E+01
   45   0.2225211242661647E+01
   46   0.2388447208209524E+01
   47   0.2555197586834356E+01
   48   0.2882116721836747E+01
   49   0.3214723907025073E+01
   50   0.2832379757981053E+01
   51   0.3286223734397774E+01
   52   0.3099741931934965E+01
   53   0.2459833913913914E+01
   54   0.2589809780891764E+01
   55   0.2334288116107086E+01
   56   0.2430336504677654E+01
   57   0.1939310936862901E+01
   58   0.2541740190169377E+01
   59   0.2058286675673023E+01
   60   0.1743293992239763E+01
   61   0.2407248691178455E+01
   62   0.1580233467884794E+01
   63   0.1787413448401756E+01
   64   0.1390621713773796E+01
   65   0.1469652801160498E+01
   66   0.1596305496800438E+01
   67   0.1547413362038826E+01
   68   0.1564703090240333E+01
   69   0.1459449309074820E+01
   70   0.1318546098575520E+01
   71   0.1389248882026127E+01
   72   0.1146496053646511E+01
   73   0.1162674157183316E+01
   74   0.1207010161903060E+01
   75   0.1193409200549018E+01
   76   0.1291965775965628E+01
   77   0.1115663629352363E+01
   78   0.1072910534643702E+01
   79   0.1146513332034911E+01
   80   0.8992818770869864E+00
   81   0.9692966328525022E+00
   82   0.9638930175591721E+00
   83   0.9939531355618225E+00
   84   0.7867364811065448E+00
   85   0.9065735893980137E+00
   86   0.1135288324361264E+01
   87   0.8737245818695877E+00
   88   0.8727571801631506E+00
   89   0.9057395133834334E+00
   90   0.7384144536657782E+00
   91   0.6935564838535347E+00
   92   0.7680956206766789E+00
   93   0.7105119253280199E+00
   94   0.7983696095694374E+00
   95   0.8070017006670642E+00
   96   0.6242680487976234E+00
   97   0.6688094762122767E+00
   98   0.6600797171365218E+00
   99   0.7183289749664834E+00
  100   0.6253138950665621E+00
  101   0.5703534060956575E+00
  102   0.4899899376835666E+00
  103   0.4863681782671354E+00
  104   0.6038696990720350E+00
  105   0.4427542706831553E+00
  106   0.5301381657123818E+00
  107   0.4450128564412048E+00
  108   0.4253595337471468E+00
  109   0.3378452385689046E+00
  110   0.4233390956775220E+00
  111   0.4846825169260681E+00
  112   0.4418147274148840E+00
  113   0.3488294902611850E+00
  114   0.4492837228634942E+00
  115   0.3303715450388287E+00
  116   0.3730932869884834E+00
  117   0.3571287803627778E+00
  118   0.4016485783471587E+00
  119   0.3060631878741387E+00
  120   0.3020961185688842E+00
  121   0.3216428077082522E+00
  122   0.3129450958259551E+00
  123   0.3179055425229712E+00
  124   0.2774772029101748E+00
  125   0.2764307333360471E+00
  126   0.3074016378413748E+00
  127   0.2245678680368161E+00
  128   0.2410595188580188E+00
  129   0.2491202496284526E+00
  130   0.2561759450198542E+00
  131   0.2279869163214120E+00
  132   0.1950354052763086E+00
  133   0.1793524645725963E+00
  134   0.2055228940624505E+00
  135   0.1977643302527992E+00
  136   0.1761044731681953E+00
  137   0.1970266308788414E+00
  138   0.1530444074714256E+00
  139   0.1873757353755420E+00
  140   0.1594288425173524E+00
  141   0.1624645727698446E+00
  142   0.1518240033581515E+00
  143   0.1513863359556696E+00
  144   0.1331098997524456E+00
  145   0.1707521489273662E+00
  146   0.1340066771542273E+00
  147   0.1146284210897590E+00
  148   0.1115243096645180E+00
  149   0.1263258902963308E+00
  150   0.1167329182914611E+00
  151   0.1017865039780185E+00
  152   0.1094085036211146E+00
  153   0.1166772052372721E+00
  154   0.8932460662886468E-01
  155   0.8422467949366121E-01
  156   0.8673022312099109E-01
  157   0.8604430646534586E-01
  158   0.9740841232546771E-01
  159   0.7950578341964643E-01
  160   0.8058722092701162E-01
  161   0.7401504263595995E-01
  162   0.8105879309354047E-01
  163   0.7019039578085640E-01
  164   0.7219635722342747E-01
  165   0.6625126714757734E-01
  166   0.6534750531207631E-01
  167   0.6338160628926555E-01
  168   0.5741155665608479E-01
  169   0.5115166903237332E-01
  170   0.5983171665253732E-01
  171   0.4823036773690098E-01
  172   0.4792108490849546E-01
  173   0.4186119688596186E-01
  174   0.4800038962206303E-01
  175   0.3836731655850521E-01
  176   0.4160024520894254E-01
  177   0.3528901746429267E-01
  178   0.3861986357379379E-01
  179   0.3551485057754555E-01
  180   0.3163817917397308E-01
  181   0.3279103997882905E-01
  182   0.3320268218895325E-01
  183   0.3084144597735064E-01
  184   0.2874555141089064E-01
  185   0.2856446750509258E-01
  186   0.2681147455830130E-01
  187   0.2694971797976078E-01
  188   0.2379562308996153E-01
  189   0.2499954735004677E-01
  190   0.2369039655871573E-01
  191   0.2179450167517050E-01
  192   0.1714476491689956E-01
  193   0.1918948292467806E-01
  194   0.1749827239366450E-01
  195   0.1916686939135175E-01
  196   0.1927559974632219E-01
  197   0.1673939819256384E-01
  198   0.1507139881807421E-01
  199   0.1509773947204971E-01
  200   0.1546109273890434E-01
  201   0.4883883363343235E-06
  202   0.6157919741279845E-06
  203   0.5196829674906199E-06
  204   0.6214511937259090E-06
  205   0.4653893534102727E-06
  206   0.6107554030212512E-06
  207   0.4966760134242057E-06
  208   0.6275026296578871E-06
  209   0.5003488124870077E-06
  210   0.6173280645805510E-06
  211   0.5174769701430427E-06
  212   0.6316584386441592E-06
  213   0.4711498859622398E-06
  214   0.6135922760655318E-06
  215   0.5114635235167669E-06
  216   0.6378031376110457E-06
  217   0.5167499141752257E-06
  218   0.6224862909394319E-06
  219   0.5144457437805822E-06
  220   0.6350993047296543E-06
  221   0.4830830294224163E-06
  222   0.6242210245156734E-06
  223   0.5298110863252244E-06
  224   0.6460176030922647E-06
  225   0.5232350641397919E-06
  226   0.6315745054404025E-06
  227   0.5142324188942534E-06
  228   0.6478048687602407E-06
  229   0.4964820551049016E-06
  230   0.6359019625111368E-06
  231   0.5412506424551669E-06
  232   0.6568583827633404E-06
  233   0.5335411754257240E-06
  234   0.6417549861247532E-06
  235   0.5121783550118824E-06
  236   0.6556202870155844E-06
  237   0.5189734968027563E-06
  238   0.6533161475470477E-06
  239   0.5580633901566328E-06
  240   0.6621444152422866E-06
  241   0.5388365299790039E-06
  242   0.6534717834131991E-06
  243   0.5247247066143619E-06
  244   0.6668280456118567E-06
  245   0.5409893185471471E-06
  246   0.6640854767226384E-06
  247   0.5743283612067718E-06
  248   0.6765377216825004E-06
  249   0.5475185760023175E-06
  250   0.6632775952577003E-06
  251   0.5392117426526666E-06
  252   0.6856871532248153E-06
  253   0.5690482169179281E-06
  254   0.6792519389419080E-06
  255   0.5860441887899203E-06
  256   0.6888528152001982E-06
  257   0.5536243547429072E-06
  258   0.6829773590115232E-06
  259   0.5641469857995466E-06
  260   0.7004605024709598E-06
  261   0.5928649502050499E-06
  262   0.6959583006947171E-06
  263   0.6020864860683641E-06
  264   0.7068640756877260E-06
  265   0.5667348213021712E-06
  266   0.6992300536264390E-06
  267   0.5943123172431779E-06
  268   0.7226329447283743E-06
  269   0.6217095694268738E-06
  270   0.7128796563753420E-06
  271   0.6138880783547135E-06
  272   0.7266959150762727E-06
  273   0.5913933047715802E-06
  274   0.7229423379104682E-06
  275   0.6284090712644704E-06
  276   0.7435712204984293E-06
  277   0.6499495457489156E-06
  278   0.7364534150622688E-06
  279   0.6315391351411388E-06
  280   0.7503466844313366E-06
  281   0.6194074457984862E-06
  282   0.7515645189602315E-06
  283   0.6674872873222770E-06
  284   0.7715327720975368E-06
  285   0.6775466134438885E-06
  286   0.7605990537085476E-06
  287   0.6510173655140162E-06
  288   0.7794685049937475E-06
  289   0.6633790587852994E-06
  290   0.7812470511896019E-06
  291   0.7081428627930640E-06
  292   0.7989200844032380E-06
  293   0.7081793941444237E-06
  294   0.7929839657976383E-06
  295   0.6813211083326693E-06
  296   0.8107498968737331E-06
  297   0.7119456568507400E-06
  298   0.8197264691650962E-06
  299   0.7544653001658329E-06
  300   0.8305817131543838E-06
  301   0.7381163779563432E-06
  302   0.8311752236247357E-06
  303   0.7248316739942232E-06
  304   0.8510787395299465E-06
  305   0.7697807033503422E-06
  306   0.8617825432104576E-06
  307   0.8006446270055972E-06
  308   0.8684831275708360E-06
  309   0.7763338818420066E-06
  310   0.8756721641804529E-06
  311   0.7793417605682137E-06
  312   0.8956247470306010E-06
  313   0.8359233729332619E-06
  314   0.9075651785483452E-06
  315   0.8522692005227015E-06
  316   0.9134531665480615E-06
  317   0.8240544523473137E-06
  318   0.9260721692554547E-06
  319   0.8514690463701667E-06
  320   0.9517602587651051E-06
  321   0.9073973776509572E-06
  322   0.9589912177933843E-06
  323   0.9073615132540704E-06
  324   0.9694490597266530E-06
  325   0.8874482870049717E-06
  326   0.9879518382533045E-06
  327   0.9344890292581506E-06
  328   0.1012864213701080E-05
  329   0.9876988599227101E-06
  330   0.1021703278598264E-05
  331   0.9734178781803656E-06
  332   0.1033710971782076E-05
  333   0.9673010358444273E-06
  334   0.1060829861289509E-05
  335   0.1036489941977573E-05
  336   0.1084383667037435E-05
  337   0.1074310934515375E-05
  338   0.1091086324640022E-05
  339   0.1052216490324265E-05
  340   0.1113601989059442E-05
  341   0.1072983476043707E-05
  342   0.1144107652494509E-05
  343   0.1151180189075689E-05
  344   0.1167026856509139E-05
  345   0.1174508330914958E-05
  346   0.1177004158495398E-05
  347   0.1152250048207154E-05
  348   0.1207858707210830E-05
  349   0.1204187558682737E-05
  350   0.1245123685671462E-05
  351   0.1282076619899765E-05
  352   0.1261799323909962E-05
  353   0.1291511219170044E-05
  354   0.1281770768433488E-05
  355   0.1280634554368455E-05
  356   0.1321023029024088E-05
  357   0.1364807086559714E-05
  358   0.1359174925577293E-05
  359   0.1436195964610749E-05
  360   0.1378955994555909E-05
  361   0.1434323928150660E-05
  362   0.1406339496088923E-05
  363   0.1449868139066745E-05
  364   0.1456891477961556E-05
  365   0.1557803402789472E-05
  366   0.1495835113481148E-05
  367   0.1619755961996044E-05
  368   0.1518127141886137E-05
  369   0.1613388489911865E-05
  370   0.1561683013621415E-05
  371   0.1667519923945973E-05
  372   0.1621472670458423E-05
  373   0.1795434789523859E-05
  374   0.1660967411307011E-05
  375   0.1842103717380997E-05
  376   0.1692338635211700E-05
  377   0.1850423347619027E-05
  378   0.1755274367211851E-05
  379   0.1950087973146981E-05
  380   0.1823353926484721E-05
  381   0.2089306617357395E-05
  382   0.1868316925963408E-05
  383   0.2128777980029214E-05
