# nlmax, ncor, nside =         383           1         128
    0  -0.3655864876551734E+02
    1   0.1944625924118106E+03
    2   0.2055594418140128E+03
    3   0.8142215603331448E+03
    4   0.3139348647356185E+03
    5   0.3423138070801190E+03
    6   0.2168218546025613E+03
    7   0.9124753215090600E+02
    8   0.9485661023308688E+02
    9   0.9774114262289767E+02
   10   0.2763724060775091E+02
   11   0.5609287253293655E+02
   12   0.3711262851664139E+02
   13   0.2055205892790505E+02
   14   0.3490140197870421E+02
   15   0.2226717846017188E+02
   16   0.1722314327624343E+02
   17   0.2272578441648642E+02
   18   0.1715983564866581E+02
   19   0.1695502953492721E+02
   20   0.2706083401473436E+02
   21   0.9492530944627354E+01
   22   0.1289430547206666E+02
   23   0.9910414159757954E+01
   24   0.8504196009422957E+01
   25   0.1005489710253114E+02
   26   0.6112482672231817E+01
   27   0.5698033394162406E+01
   28   0.9184856770865297E+01
   29   0.7251193825854071E+01
   30   0.6600350018812820E+01
   31   0.6506956596291039E+01
   32   0.6174342814441412E+01
   33   0.4448746259859058E+01
   34   0.4349749992236723E+01
   35   0.5128411642208623E+01
   36   0.2852407603910658E+01
   37   0.3495262243050277E+01
   38   0.5008857156270529E+01
   39   0.4571487364780577E+01
   40   0.4459153465702295E+01
   41   0.2034341294293948E+01
   42   0.3817360081206230E+01
   43   0.3420746738963969E+01
   44   0.3609588634616408E+01
   45   0.2368199349399397E+01
   46   0.2389665723580904E+01
   47   0.2582053276342402E+01
   48   0.2853239622944896E+01
   49   0.3320018582267947E+01
   50   0.3611305622119708E+01
   51   0.3527101005690678E+01
   52   0.3013214869910039E+01
   53   0.2817754047779184E+01
   54   0.1689570575041642E+01
   55   0.2149781329932983E+01
   56   0.2357294378426231E+01
   57   0.2383692975402500E+01
   58   0.3645702242175395E+01
   59   0.1747211546066477E+01
   60   0.1225318056237149E+01
   61   0.3123766947956824E+01
   62   0.1501011163025138E+01
   63   0.1561481791766903E+01
   64   0.1435057028109997E+01
   65   0.1482289034678268E+01
   66   0.1399257385552319E+01
   67   0.1605796370624696E+01
   68   0.1666440556202498E+01
   69   0.1536705855181416E+01
   70   0.1203515802154950E+01
   71   0.1469601262459188E+01
   72   0.1040107917073567E+01
   73   0.1100531462168626E+01
   74   0.1288489906886054E+01
   75   0.1147663954060484E+01
   76   0.1208663233924113E+01
   77   0.1088612576191999E+01
   78   0.1012021934735632E+01
   79   0.1178116716254370E+01
   80   0.9954347620484350E+00
   81   0.8665098887624481E+00
   82   0.8285568243134562E+00
   83   0.9500683212940055E+00
   84   0.7018442521264925E+00
   85   0.8653996322797246E+00
   86   0.1002335459675181E+01
   87   0.1079102437302631E+01
   88   0.8786170475076638E+00
   89   0.8996489928617382E+00
   90   0.6852430532465819E+00
   91   0.6346777439632576E+00
   92   0.8285030734151861E+00
   93   0.7797489163967868E+00
   94   0.8267253319053500E+00
   95   0.8809550192387414E+00
   96   0.5963822415853757E+00
   97   0.5281251182378774E+00
   98   0.6681436618887371E+00
   99   0.7110032937516360E+00
  100   0.5636802456474537E+00
  101   0.6941311817939952E+00
  102   0.4695461134072050E+00
  103   0.5711673583988621E+00
  104   0.6636285291045338E+00
  105   0.4551061468140953E+00
  106   0.5344257361827831E+00
  107   0.3912038119387080E+00
  108   0.3895101161663437E+00
  109   0.3773411173549910E+00
  110   0.4527728312086841E+00
  111   0.4655847125296724E+00
  112   0.4760171355851908E+00
  113   0.4042841891701758E+00
  114   0.4543652968094507E+00
  115   0.3142000837633614E+00
  116   0.3475673015077207E+00
  117   0.3776295750723839E+00
  118   0.3507678625755475E+00
  119   0.2881484971249593E+00
  120   0.2920585478557547E+00
  121   0.3040087575296562E+00
  122   0.3214706711716842E+00
  123   0.3235184493700136E+00
  124   0.3038493504133705E+00
  125   0.2691407224432100E+00
  126   0.2990825939594491E+00
  127   0.1957276970358768E+00
  128   0.2074840341587847E+00
  129   0.2472605194718356E+00
  130   0.2836583035346183E+00
  131   0.2006946484652117E+00
  132   0.1902590390162475E+00
  133   0.1890566763787859E+00
  134   0.1862812409241534E+00
  135   0.1853198422041429E+00
  136   0.1625019825736224E+00
  137   0.2288649429316681E+00
  138   0.1647285546913930E+00
  139   0.1647425491041277E+00
  140   0.1641628099176344E+00
  141   0.1607924656806135E+00
  142   0.1523841888072104E+00
  143   0.1704565243032427E+00
  144   0.1104815909400784E+00
  145   0.1668560717520431E+00
  146   0.1323938432309002E+00
  147   0.9184240855851167E-01
  148   0.1079455362959828E+00
  149   0.1297067187176359E+00
  150   0.1244129724773206E+00
  151   0.9067680905742581E-01
  152   0.1223428109129296E+00
  153   0.1171134928670930E+00
  154   0.9479497981810614E-01
  155   0.7558049590474236E-01
  156   0.8677889423067930E-01
  157   0.8559435342819788E-01
  158   0.8963466618749805E-01
  159   0.7664074026795931E-01
  160   0.8077870303657542E-01
  161   0.7759085043777691E-01
  162   0.8106495191104923E-01
  163   0.7436268474371410E-01
  164   0.6371242647382602E-01
  165   0.7111835281052270E-01
  166   0.5961299113851637E-01
  167   0.6635768941556441E-01
  168   0.4874333400168185E-01
  169   0.5102044152503316E-01
  170   0.5732200708445490E-01
  171   0.4351638004425085E-01
  172   0.5430309379023468E-01
  173   0.3663742759390165E-01
  174   0.5195083099192199E-01
  175   0.3222864159582994E-01
  176   0.3698808905129325E-01
  177   0.3644897892208776E-01
  178   0.4127280192003091E-01
  179   0.3508034768765356E-01
  180   0.3110784948290279E-01
  181   0.3449665853515183E-01
  182   0.3263617966587973E-01
  183   0.3013295221091161E-01
  184   0.2854511964442408E-01
  185   0.3333473788810615E-01
  186   0.2182655721834803E-01
  187   0.2600839871932403E-01
  188   0.2318608153950896E-01
  189   0.1874801521661140E-01
  190   0.2592033135635574E-01
  191   0.2677184602391913E-01
  192   0.1535550295153876E-01
  193   0.1905945847690860E-01
  194   0.2252022804835396E-01
  195   0.2062436059398076E-01
  196   0.1743865357601149E-01
  197   0.1789263158678633E-01
  198   0.1777601884708924E-01
  199   0.1355350870076089E-01
  200   0.1469668418051384E-01
  201   0.7188272115531413E-03
  202   0.8079627868504691E-03
  203   0.2031215328585412E-02
  204   0.8254780756458135E-03
  205   0.7932165101777189E-03
  206   0.1121093808785001E-02
  207   0.1938712364676687E-02
  208   0.1322317955320784E-02
  209  -0.6598288523793627E-03
  210   0.8038873361223553E-03
  211  -0.9458960987066556E-03
  212   0.1454369945870670E-02
  213  -0.4680974309045904E-04
  214   0.3483819371580266E-03
  215  -0.6846204804822342E-04
  216   0.6003397494117602E-03
  217   0.9463317233838753E-03
  218   0.6654034671582654E-04
  219   0.8200671036819873E-03
  220  -0.1661195759692369E-03
  221   0.2086035877640890E-03
  222   0.3678735438580327E-03
  223  -0.2195012297536714E-03
  224   0.2191801819054762E-03
  225   0.1488516653279648E-03
  226   0.5002498652285636E-03
  227   0.8899238437776180E-04
  228  -0.3162464613407634E-03
  229   0.8048912290957722E-03
  230   0.2642223451052583E-03
  231   0.3637492107272378E-03
  232   0.2365965884819632E-03
  233  -0.6149350246107410E-03
  234  -0.9872868152172032E-04
  235  -0.2204584111182850E-03
  236   0.3563729605221555E-03
  237   0.9655838143669548E-03
  238   0.3181135989842598E-03
  239  -0.3271630600697462E-03
  240  -0.5538631422045137E-03
  241   0.7135943680569579E-04
  242  -0.3828836683419379E-03
  243  -0.3855039408864336E-03
  244   0.2568289702741255E-03
  245   0.9253328804792460E-04
  246   0.8581868405012072E-03
  247  -0.3172675568163807E-04
  248   0.3206639648722920E-04
  249   0.1094496383864385E-03
  250   0.3672390541823445E-03
  251  -0.2859068918841245E-03
  252  -0.6219004386970317E-03
  253   0.3227322089118800E-03
  254   0.1171801250640092E-03
  255  -0.2437880981083218E-03
  256   0.3228335153759865E-04
  257  -0.1291616458709566E-04
  258   0.3764090618219029E-03
  259  -0.2465781575904380E-03
  260  -0.2359685236936748E-03
  261  -0.2263710597552038E-03
  262   0.2392417739794928E-03
  263   0.1653831721144527E-03
  264  -0.1064342676566632E-03
  265   0.4956530906718992E-03
  266   0.1110642098358650E-03
  267   0.3892561465610456E-03
  268   0.2458200529115162E-03
  269  -0.1034642088955096E-03
  270   0.6188454945549315E-03
  271   0.1213084344748872E-03
  272   0.4432914902406937E-03
  273   0.1583861087866012E-03
  274   0.4301045589250041E-04
  275   0.3609212801591877E-03
  276   0.3348180015171343E-03
  277   0.5275957948303045E-06
  278   0.4196677615775357E-04
  279  -0.2427671950629429E-03
  280   0.1166186873158281E-04
  281  -0.8139706065279917E-04
  282   0.3853947136898128E-03
  283  -0.2553636298818773E-03
  284   0.2962781894524369E-03
  285   0.2603445074167432E-04
  286   0.1044135559077897E-03
  287  -0.3300941616296016E-03
  288   0.1302708339572245E-03
  289   0.9859300665732151E-04
  290   0.2205835866361250E-03
  291   0.1927053934344669E-03
  292   0.5052637222750511E-03
  293   0.4110733236128428E-03
  294  -0.2531747218980085E-03
  295  -0.3008423870518584E-03
  296  -0.1221820551332020E-03
  297   0.1732399621742764E-03
  298   0.9980671276815789E-04
  299   0.2844901413304735E-03
  300   0.2110021713374599E-03
  301   0.1485061390997244E-03
  302  -0.2825961599057236E-03
  303  -0.5655378526653321E-04
  304   0.4866531684000197E-04
  305   0.4652639029229522E-03
  306   0.3860169423697268E-04
  307   0.2987013089209012E-03
  308   0.9803423872140060E-04
  309   0.2180606181310663E-03
  310   0.3015702355544936E-03
  311   0.1975193264084352E-03
  312   0.4801007828741932E-04
  313   0.3352786817085174E-03
  314   0.2486674467402361E-03
  315   0.5280813932622141E-03
  316   0.3062491408295509E-04
  317   0.3976335168056067E-03
  318   0.3984010177319197E-03
  319   0.3326335267180291E-03
  320   0.2529860638146308E-03
  321   0.3145856814212866E-04
  322   0.3657123611920388E-03
  323   0.1025068451867006E-03
  324   0.1302981788510182E-03
  325   0.3682877029331233E-03
  326   0.1220699387523561E-03
  327   0.1007010983080647E-03
  328   0.8218518441704958E-04
  329   0.3055604255302047E-03
  330   0.4126686486100040E-03
  331   0.4471159025052351E-03
  332   0.2819384159784000E-03
  333   0.1101480251970988E-03
  334   0.2154304729403145E-03
  335   0.2924856862546732E-03
  336   0.3188645268989432E-04
  337   0.3809446667857597E-03
  338   0.5823070543880260E-03
  339   0.3666060069747457E-03
  340   0.5238220394850612E-03
  341   0.2262293670388660E-03
  342   0.1807177401011995E-03
  343   0.2504478214271355E-03
  344   0.5227067478108527E-03
  345   0.7355228101801892E-03
  346   0.2810692157777794E-03
  347   0.7896164907207348E-03
  348   0.5542869696096298E-03
  349   0.4453628159404310E-03
  350   0.4421614179493660E-03
  351   0.5534473114991167E-03
  352   0.5303300031326841E-03
  353   0.5488975798370599E-03
  354   0.8746843472643984E-03
  355   0.6448174605372947E-03
  356   0.8604447231744528E-03
  357   0.3595424213311549E-03
  358   0.5994502585782296E-03
  359   0.8327709624812024E-03
  360   0.6470319148755288E-03
  361   0.8104101581090928E-03
  362   0.8220392403241877E-03
  363   0.6422743298636069E-03
  364   0.7889590916228262E-03
  365   0.8582423149481738E-03
  366   0.9709973786312942E-03
  367   0.9433974298374975E-03
  368   0.8025610191181171E-03
  369   0.9015011455812405E-03
  370   0.9575155354244122E-03
  371   0.8055613226954292E-03
  372   0.1014965344056991E-02
  373   0.9588647978461123E-03
  374   0.9835939045380326E-03
  375   0.1059576471492046E-02
  376   0.1177633936934590E-02
  377   0.1196036118015775E-02
  378   0.1178797049437623E-02
  379   0.1297057229326073E-02
  380   0.1603789275785472E-02
  381   0.1963005893011256E-02
  382   0.2291652900022922E-02
  383   0.2550762814406937E-02
