# nlmax, ncor, nside =         383           1         128
    0   0.4983004202150893E+04
    1   0.7796331702631302E+03
    2   0.2752226666189732E+04
    3   0.4221307350452076E+03
    4   0.6062254925657895E+03
    5   0.3146328857556804E+03
    6   0.4095239084959812E+03
    7   0.3257093063898084E+03
    8   0.3458685834816579E+03
    9   0.1998021546308392E+03
   10   0.2334669914137292E+03
   11   0.1334160731435226E+03
   12   0.2123027719517503E+03
   13   0.1311605365111130E+03
   14   0.1429426285816596E+03
   15   0.1319571519797644E+03
   16   0.1315255678599240E+03
   17   0.9189779819260085E+02
   18   0.1050395253317704E+03
   19   0.9343877220829685E+02
   20   0.1281972140939014E+03
   21   0.5476865706954691E+02
   22   0.7896281802276800E+02
   23   0.5884625952363694E+02
   24   0.6852319017415668E+02
   25   0.5638917498159656E+02
   26   0.5273414864600681E+02
   27   0.4595345506397228E+02
   28   0.5243863438937635E+02
   29   0.3971953915980500E+02
   30   0.4640916747218996E+02
   31   0.3971634114609142E+02
   32   0.3423709303063136E+02
   33   0.3951397548898093E+02
   34   0.4544514205806916E+02
   35   0.3533669378876104E+02
   36   0.3515808477360235E+02
   37   0.3287929701614069E+02
   38   0.3219851798065957E+02
   39   0.3101880084047661E+02
   40   0.3207131406321712E+02
   41   0.3162480748337800E+02
   42   0.2759436070700568E+02
   43   0.2593735361743038E+02
   44   0.2436385707506465E+02
   45   0.2476689236111215E+02
   46   0.2345445724653886E+02
   47   0.2186721507878672E+02
   48   0.2148273510492987E+02
   49   0.2175359912743910E+02
   50   0.1629964796579618E+02
   51   0.1870771219738124E+02
   52   0.1995109295139863E+02
   53   0.1773762453206199E+02
   54   0.1741969678190411E+02
   55   0.1824169021300322E+02
   56   0.1433787298505526E+02
   57   0.1692742017008868E+02
   58   0.1308260158769380E+02
   59   0.1544988252490858E+02
   60   0.1283228166628710E+02
   61   0.1375989274480886E+02
   62   0.1352994106515498E+02
   63   0.1310275178170996E+02
   64   0.1167838294172243E+02
   65   0.1243606761839454E+02
   66   0.1320434975844879E+02
   67   0.1111490572534766E+02
   68   0.1062055970213523E+02
   69   0.1026135557646391E+02
   70   0.9603418818767263E+01
   71   0.1023146880037157E+02
   72   0.9554987001057327E+01
   73   0.8623862049312779E+01
   74   0.8279240055912631E+01
   75   0.8474680489436228E+01
   76   0.7116562830477664E+01
   77   0.8071310957771029E+01
   78   0.7259440225263564E+01
   79   0.6929915579943704E+01
   80   0.7043354728429289E+01
   81   0.7416042372812937E+01
   82   0.7043610510176672E+01
   83   0.6598725823606081E+01
   84   0.6420454669953234E+01
   85   0.6145702708577234E+01
   86   0.6452473417307228E+01
   87   0.5257376032634207E+01
   88   0.6095154313771154E+01
   89   0.5377199123086744E+01
   90   0.5134071707324943E+01
   91   0.4777086047277389E+01
   92   0.5078031233079689E+01
   93   0.4902731701808281E+01
   94   0.4579329012217608E+01
   95   0.4594365013361051E+01
   96   0.4402418764412364E+01
   97   0.4359226092721376E+01
   98   0.4024416479797841E+01
   99   0.3680272203260238E+01
  100   0.3557572623692442E+01
  101   0.3763470130359139E+01
  102   0.3029496223009426E+01
  103   0.3609403433416533E+01
  104   0.3395462836011863E+01
  105   0.3583025044162254E+01
  106   0.3010763993968306E+01
  107   0.3201196791260940E+01
  108   0.3047262014451074E+01
  109   0.2895991080020047E+01
  110   0.2815692904615945E+01
  111   0.2449893810691042E+01
  112   0.2773511836433776E+01
  113   0.2266199137044220E+01
  114   0.2309503013447283E+01
  115   0.2227613925591736E+01
  116   0.2276908202867282E+01
  117   0.2308255707941828E+01
  118   0.2065087285168806E+01
  119   0.1967718239785457E+01
  120   0.1840934517140461E+01
  121   0.1842964641490903E+01
  122   0.1723785061051543E+01
  123   0.1767268737173193E+01
  124   0.1619254478571702E+01
  125   0.1593853118456194E+01
  126   0.1615163029105389E+01
  127   0.1472508411718128E+01
  128   0.1579215322480681E+01
  129   0.1372451498372088E+01
  130   0.1371442407060567E+01
  131   0.1311839638726499E+01
  132   0.1278832902989659E+01
  133   0.1173448521938171E+01
  134   0.1096026716948178E+01
  135   0.1120890901228286E+01
  136   0.1049464389888009E+01
  137   0.1130196514101669E+01
  138   0.1001892996109478E+01
  139   0.1015046199679489E+01
  140   0.9579989407305152E+00
  141   0.1021428649313705E+01
  142   0.8676451727111261E+00
  143   0.8307584865790127E+00
  144   0.8421673349727407E+00
  145   0.8534683507223261E+00
  146   0.7816380839086000E+00
  147   0.7992805767106286E+00
  148   0.7520525343893554E+00
  149   0.7790429859095496E+00
  150   0.7240018473605644E+00
  151   0.6960234673952044E+00
  152   0.6262227035947173E+00
  153   0.6926693441065727E+00
  154   0.5872705922602662E+00
  155   0.6067904369887281E+00
  156   0.5405060188331915E+00
  157   0.5636604034692611E+00
  158   0.5223268045359736E+00
  159   0.4939999622334187E+00
  160   0.5670535996993337E+00
  161   0.4929647648913411E+00
  162   0.4759192422556688E+00
  163   0.4534819536362553E+00
  164   0.4777142722540312E+00
  165   0.4510260375782006E+00
  166   0.4472009491579763E+00
  167   0.4089749232561278E+00
  168   0.4184224862802200E+00
  169   0.4172599096400839E+00
  170   0.3828082238865784E+00
  171   0.3500414556610166E+00
  172   0.3443085481009625E+00
  173   0.3397205810183802E+00
  174   0.3301582722401269E+00
  175   0.3183448157272823E+00
  176   0.3083128659930628E+00
  177   0.2911020073853307E+00
  178   0.2811267713248080E+00
  179   0.2732016292390517E+00
  180   0.2734153201298353E+00
  181   0.2514995803796672E+00
  182   0.2552478931484683E+00
  183   0.2382416866040011E+00
  184   0.2455913075379134E+00
  185   0.2499570049279859E+00
  186   0.2282338672123525E+00
  187   0.2099525256087910E+00
  188   0.2079572985623599E+00
  189   0.2019132055745307E+00
  190   0.1793203259372839E+00
  191   0.1832382927941106E+00
  192   0.1637712898558616E+00
  193   0.1753558352889893E+00
  194   0.1598008391290613E+00
  195   0.1580767591195619E+00
  196   0.1347335346983756E+00
  197   0.1345710763145157E+00
  198   0.1287425385207416E+00
  199   0.1336333113671533E+00
  200   0.1253163676146748E+00
  201   0.1052613420232496E+00
  202   0.9966491501684477E-01
  203   0.9808088097450086E-01
  204   0.9271604864484953E-01
  205   0.9258925407760421E-01
  206   0.8382790358525925E-01
  207   0.8645406252361117E-01
  208   0.7785704277614676E-01
  209   0.7808445103520219E-01
  210   0.7048706246787835E-01
  211   0.7288064649407633E-01
  212   0.6429853277054387E-01
  213   0.6664580133046102E-01
  214   0.5954166359167432E-01
  215   0.6193225283141873E-01
  216   0.5655044252380693E-01
  217   0.5709186834473753E-01
  218   0.5325206439349947E-01
  219   0.5145661159972987E-01
  220   0.4931183668812271E-01
  221   0.4732620065348031E-01
  222   0.4477732706962981E-01
  223   0.4437210938454334E-01
  224   0.4201189125633313E-01
  225   0.4170818964831145E-01
  226   0.3792007313957101E-01
  227   0.3824172941162602E-01
  228   0.3417773465337486E-01
  229   0.3510488228056333E-01
  230   0.3131285886588103E-01
  231   0.3260427408240104E-01
  232   0.2877034303888154E-01
  233   0.2978825952873328E-01
  234   0.2641804300800274E-01
  235   0.2708390869846209E-01
  236   0.2471983482198301E-01
  237   0.2470331404401196E-01
  238   0.2309831297452272E-01
  239   0.2230844365247130E-01
  240   0.2129925360764018E-01
  241   0.2032489153489790E-01
  242   0.1971238308227937E-01
  243   0.1871595581307816E-01
  244   0.1812872451886397E-01
  245   0.1723475389393715E-01
  246   0.1658837773245847E-01
  247   0.1556046500563563E-01
  248   0.1519991926686524E-01
  249   0.1437411987536554E-01
  250   0.1411993742240089E-01
  251   0.1331415761699725E-01
  252   0.1309902159259251E-01
  253   0.1239878221809648E-01
  254   0.1208139607827601E-01
  255   0.1134832840660998E-01
  256   0.1115163959521629E-01
  257   0.1038045089939761E-01
  258   0.1014648923931624E-01
  259   0.9789094935168869E-02
  260   0.9299149949694227E-02
  261   0.8618894374006513E-02
  262   0.8389813632331771E-02
  263   0.7824003226107804E-02
  264   0.7667522836476768E-02
  265   0.7111481709669782E-02
  266   0.7010972154239283E-02
  267   0.6580638740750231E-02
  268   0.6462621578603845E-02
  269   0.6075781924473478E-02
  270   0.5922865213677786E-02
  271   0.5415814017285781E-02
  272   0.5437334477173894E-02
  273   0.4927215144256783E-02
  274   0.5036481339573855E-02
  275   0.4440712542748245E-02
  276   0.4556836598477471E-02
  277   0.4068670713460953E-02
  278   0.4153358894658917E-02
  279   0.3799743742283677E-02
  280   0.3836989885113226E-02
  281   0.3576446209468803E-02
  282   0.3609385618655863E-02
  283   0.3250332259860818E-02
  284   0.3222344068515446E-02
  285   0.2949559772563439E-02
  286   0.2914884942586814E-02
  287   0.2711557001661748E-02
  288   0.2599996219711196E-02
  289   0.2471239865582793E-02
  290   0.2387128462741536E-02
  291   0.2251731364439616E-02
  292   0.2150472192547231E-02
  293   0.2052564492865710E-02
  294   0.1981486217239112E-02
  295   0.1898278750553850E-02
  296   0.1814471540128252E-02
  297   0.1744253526420232E-02
  298   0.1669404171503318E-02
  299   0.1607913531129684E-02
  300   0.1551504496885995E-02
  301   0.1495748342402933E-02
  302   0.1414251654234508E-02
  303   0.1372673252683849E-02
  304   0.1266374579762463E-02
  305   0.1222274109621261E-02
  306   0.1129600829188267E-02
  307   0.1105119094941868E-02
  308   0.1009471084003974E-02
  309   0.9992446417592645E-03
  310   0.9334534120746207E-03
  311   0.8967420989471778E-03
  312   0.8408716220964544E-03
  313   0.8082295642331780E-03
  314   0.7748718931832286E-03
  315   0.7459911281430955E-03
  316   0.7024841221701791E-03
  317   0.6883900977848312E-03
  318   0.6484496424660478E-03
  319   0.6288303772263338E-03
  320   0.5900868576679686E-03
  321   0.5700364228746915E-03
  322   0.5373441988345833E-03
  323   0.5106473479261169E-03
  324   0.4803196207007063E-03
  325   0.4660815422224309E-03
  326   0.4498481442777815E-03
  327   0.4312540347601822E-03
  328   0.3977780430516694E-03
  329   0.3860237815063764E-03
  330   0.3770907076725989E-03
  331   0.3461498673137635E-03
  332   0.3374049445037379E-03
  333   0.3120580290121780E-03
  334   0.3051463519040296E-03
  335   0.2766144684456913E-03
  336   0.2731261753657721E-03
  337   0.2526101640351768E-03
  338   0.2570270824485183E-03
  339   0.2353532345544245E-03
  340   0.2308355777738650E-03
  341   0.2189756506676232E-03
  342   0.2112258947041305E-03
  343   0.1977159430934117E-03
  344   0.1908703844982456E-03
  345   0.1878070574990615E-03
  346   0.1782594104065658E-03
  347   0.1625054712562524E-03
  348   0.1530243127088961E-03
  349   0.1496720812830672E-03
  350   0.1455279848206390E-03
  351   0.1293923400603803E-03
  352   0.1223518479414575E-03
  353   0.1185596071412600E-03
  354   0.1164347889496962E-03
  355   0.1079914129120321E-03
  356   0.9891967645495208E-04
  357   0.9698562524279957E-04
  358   0.9346919921031778E-04
  359   0.8729738851906284E-04
  360   0.8196169292902709E-04
  361   0.8112624175550073E-04
  362   0.7699217999452788E-04
  363   0.6896342218553302E-04
  364   0.6438543292897602E-04
  365   0.6250596545245333E-04
  366   0.6183692315665352E-04
  367   0.5511795003960963E-04
  368   0.5107738818786057E-04
  369   0.5230536169395800E-04
  370   0.5253363986719155E-04
  371   0.4657099797431721E-04
  372   0.4411192163203534E-04
  373   0.4307824154308703E-04
  374   0.4302172650811203E-04
  375   0.3848695768129296E-04
  376   0.3391621430842620E-04
  377   0.3587618533610253E-04
  378   0.3602491309468815E-04
  379   0.3154803668007931E-04
  380   0.2657419018001991E-04
  381   0.2908870645789407E-04
  382   0.2882992298048019E-04
  383   0.2378668889174563E-04
