# nlmax, ncor, nside =         383           1         128
    0  -0.2871158829258099E+02
    1   0.1968701354309501E+03
    2   0.2023442549262762E+03
    3   0.8207800163695796E+03
    4   0.3188134275889034E+03
    5   0.3383914681019834E+03
    6   0.2162704738284932E+03
    7   0.8999294246783481E+02
    8   0.9404080090505724E+02
    9   0.9744455759028442E+02
   10   0.2716406759821910E+02
   11   0.5574129303842300E+02
   12   0.3711530710448651E+02
   13   0.2050445689810692E+02
   14   0.3486125440364959E+02
   15   0.2230672985555386E+02
   16   0.1674799726432647E+02
   17   0.2252371817570860E+02
   18   0.1740364146558230E+02
   19   0.1663372164297368E+02
   20   0.2691543850951851E+02
   21   0.9465720948144495E+01
   22   0.1276517940734716E+02
   23   0.9928160315019481E+01
   24   0.8607473840564710E+01
   25   0.1007878922961155E+02
   26   0.6156138753725858E+01
   27   0.5563666191973185E+01
   28   0.9060159568421401E+01
   29   0.7117382579022430E+01
   30   0.6579275674848809E+01
   31   0.6499470185853293E+01
   32   0.6127805560679311E+01
   33   0.4405032038910862E+01
   34   0.4353948687158040E+01
   35   0.5131419109044540E+01
   36   0.2832682532661549E+01
   37   0.3529418402832077E+01
   38   0.4959259122358093E+01
   39   0.4591688570624265E+01
   40   0.4397697093592720E+01
   41   0.1985014423401227E+01
   42   0.3837962882272909E+01
   43   0.3408477843832043E+01
   44   0.3578419734675968E+01
   45   0.2349037571801027E+01
   46   0.2353518381475732E+01
   47   0.2585506024101849E+01
   48   0.2846894293072423E+01
   49   0.3334011622377588E+01
   50   0.3585923801164964E+01
   51   0.3500696077674709E+01
   52   0.2987949817411302E+01
   53   0.2788864578122566E+01
   54   0.1691229775326225E+01
   55   0.2146923217410099E+01
   56   0.2350775741895425E+01
   57   0.2386651474877886E+01
   58   0.3636398468417489E+01
   59   0.1725697115948568E+01
   60   0.1220684315031037E+01
   61   0.3120999759597882E+01
   62   0.1506541942796645E+01
   63   0.1541822855517911E+01
   64   0.1440816514390029E+01
   65   0.1483863761827909E+01
   66   0.1380259157864421E+01
   67   0.1595699195305295E+01
   68   0.1665301347599159E+01
   69   0.1539781812910180E+01
   70   0.1201470552102259E+01
   71   0.1486129109133120E+01
   72   0.1040938696396750E+01
   73   0.1081548373450603E+01
   74   0.1283260773898857E+01
   75   0.1140572826696136E+01
   76   0.1200649152337991E+01
   77   0.1088014053869370E+01
   78   0.1016020179722512E+01
   79   0.1185186004190873E+01
   80   0.9815037498919781E+00
   81   0.8436831986990285E+00
   82   0.8212908453115333E+00
   83   0.9483003675927113E+00
   84   0.7118511665458787E+00
   85   0.8722402220297092E+00
   86   0.1001472949440956E+01
   87   0.1079929257767069E+01
   88   0.8664312505579308E+00
   89   0.9002868428633486E+00
   90   0.6833106558964133E+00
   91   0.6189745406470981E+00
   92   0.8312849454940263E+00
   93   0.7873800615980224E+00
   94   0.8286890773335893E+00
   95   0.8792878200547354E+00
   96   0.5919376826138751E+00
   97   0.5301606337961888E+00
   98   0.6703081275448495E+00
   99   0.7089700577733207E+00
  100   0.5678843148595374E+00
  101   0.6985501793062125E+00
  102   0.4695877000149169E+00
  103   0.5687915406078883E+00
  104   0.6631558415683318E+00
  105   0.4474921205025477E+00
  106   0.5350169486120069E+00
  107   0.3883269957086168E+00
  108   0.3847148534990761E+00
  109   0.3825059456128581E+00
  110   0.4490046861954660E+00
  111   0.4590288126458999E+00
  112   0.4811347664479524E+00
  113   0.4008526804303596E+00
  114   0.4556687800368369E+00
  115   0.3158132547890726E+00
  116   0.3467287611806391E+00
  117   0.3723530012094600E+00
  118   0.3504847906517405E+00
  119   0.2910298829126863E+00
  120   0.2929719356943101E+00
  121   0.3010963962104087E+00
  122   0.3175617781320283E+00
  123   0.3220394007219924E+00
  124   0.3000608984525805E+00
  125   0.2660148360402592E+00
  126   0.2995402827779501E+00
  127   0.1950856285217543E+00
  128   0.2033943496404838E+00
  129   0.2443507195986110E+00
  130   0.2869053218322228E+00
  131   0.2010244811286470E+00
  132   0.1890580731903542E+00
  133   0.1883563256423441E+00
  134   0.1838472540837388E+00
  135   0.1855724015656074E+00
  136   0.1586335137832250E+00
  137   0.2288624034526274E+00
  138   0.1645520172020237E+00
  139   0.1637230516067267E+00
  140   0.1651254870386301E+00
  141   0.1604425185008785E+00
  142   0.1510445269563090E+00
  143   0.1665772753604190E+00
  144   0.1103877494850067E+00
  145   0.1673738101189606E+00
  146   0.1308962012244816E+00
  147   0.9261872523150760E-01
  148   0.1068535229514799E+00
  149   0.1285999880606068E+00
  150   0.1249005774918763E+00
  151   0.9120671405816749E-01
  152   0.1221400513107601E+00
  153   0.1164358063216441E+00
  154   0.9468129171479389E-01
  155   0.7539227376069246E-01
  156   0.8491092745318474E-01
  157   0.8635826474115949E-01
  158   0.8818615849846045E-01
  159   0.7560531940003357E-01
  160   0.8068980489311772E-01
  161   0.7856570023649934E-01
  162   0.7916822576339755E-01
  163   0.7336586901943021E-01
  164   0.6306243783115129E-01
  165   0.7149072358170383E-01
  166   0.5955644756901002E-01
  167   0.6631947298364960E-01
  168   0.4940496909524072E-01
  169   0.5126551180441696E-01
  170   0.5541053967652754E-01
  171   0.4273886531024385E-01
  172   0.5253137822697784E-01
  173   0.3555473364411132E-01
  174   0.5236159921628936E-01
  175   0.3117494892092854E-01
  176   0.3714134456237606E-01
  177   0.3584775253141215E-01
  178   0.4080535422352438E-01
  179   0.3647816372432422E-01
  180   0.3018319987284790E-01
  181   0.3345308299079486E-01
  182   0.3180061451135496E-01
  183   0.2944631666282416E-01
  184   0.2776606984519836E-01
  185   0.3306480283573832E-01
  186   0.2138717940577495E-01
  187   0.2541518421254507E-01
  188   0.2265160942942290E-01
  189   0.1863888067462760E-01
  190   0.2525893161096660E-01
  191   0.2628800595511027E-01
  192   0.1509217194302248E-01
  193   0.1886776487524267E-01
  194   0.2159014822057159E-01
  195   0.1963978538168176E-01
  196   0.1721466879715117E-01
  197   0.1751679999409017E-01
  198   0.1803720361715355E-01
  199   0.1368086554718095E-01
  200   0.1424802366211841E-01
  201   0.3054294507238708E-03
  202   0.3442324472477942E-03
  203   0.1579725278932131E-02
  204   0.7488942777137408E-03
  205   0.4330738882765139E-03
  206   0.6433095630912211E-03
  207   0.1675079963193271E-02
  208   0.1009208540583617E-02
  209  -0.7465018542820445E-03
  210   0.5576099498743048E-03
  211  -0.1495914661347797E-02
  212   0.1130513414058898E-02
  213  -0.2552260586056176E-03
  214   0.1267727964895382E-03
  215  -0.2820240314220790E-03
  216   0.5022651794945876E-03
  217   0.5315918944681641E-03
  218   0.1270891935949425E-03
  219   0.5967070841761402E-03
  220  -0.3583859549016744E-03
  221  -0.7238349571037084E-04
  222   0.7027912946289128E-04
  223  -0.3434764462362239E-03
  224   0.7117984912918818E-04
  225  -0.1320830406328355E-03
  226   0.3469137963153512E-03
  227  -0.2786472935107920E-03
  228  -0.4472275436080420E-03
  229   0.7566347855034739E-03
  230   0.2527481991354552E-04
  231  -0.9934545692202867E-05
  232   0.3434397067181294E-04
  233  -0.6652625136278623E-03
  234  -0.2039621571408023E-03
  235  -0.4599133071593320E-03
  236   0.2211321653046161E-03
  237   0.7599238934370423E-03
  238   0.1033704027595395E-03
  239  -0.5801180070270640E-03
  240  -0.5253734317639536E-03
  241  -0.6921398857295813E-04
  242  -0.4998694102726908E-03
  243  -0.5635276893827257E-03
  244  -0.4243958736238618E-04
  245   0.1094840461377533E-03
  246   0.6291979730133068E-03
  247  -0.1241028664609178E-03
  248  -0.2092577863246348E-03
  249   0.1268870694192126E-03
  250   0.3591466217469641E-03
  251  -0.4161199634258317E-03
  252  -0.8042649135429070E-03
  253   0.1244961253307197E-03
  254   0.1058532336332130E-03
  255  -0.3506297745372589E-03
  256  -0.1418482507312691E-03
  257  -0.1516478423161383E-03
  258   0.1163877860557161E-03
  259  -0.3387861056021180E-03
  260  -0.3828881594681866E-03
  261  -0.4508681073421839E-03
  262   0.4239771531278080E-04
  263   0.9019881589289458E-04
  264  -0.1316730168406943E-03
  265   0.4410638951488632E-03
  266   0.2038179118701855E-05
  267   0.1726661008905062E-03
  268   0.7098634046220909E-04
  269  -0.2333454548616443E-03
  270   0.5587892701305330E-03
  271  -0.1311590918573469E-04
  272   0.3244742070528384E-03
  273  -0.6533784390461150E-04
  274  -0.9489706804777231E-04
  275   0.2687593912525932E-03
  276   0.2351408584067016E-03
  277  -0.1158526573793450E-03
  278  -0.4505399147503031E-04
  279  -0.2962833048086311E-03
  280  -0.5968809033218836E-04
  281  -0.1608162068053587E-03
  282   0.3011605685691032E-03
  283  -0.3282656301265563E-03
  284   0.2267282100607559E-03
  285  -0.6147879556051006E-05
  286   0.1185672100056934E-05
  287  -0.3851439207034346E-03
  288  -0.3536490798172753E-04
  289   0.1105615299568097E-04
  290   0.8296194014234537E-04
  291   0.1647501724896250E-03
  292   0.3903659815622240E-03
  293   0.3151599422333562E-03
  294  -0.3150686665933655E-03
  295  -0.3808342121167096E-03
  296  -0.2181919999739157E-03
  297   0.1011556162583416E-03
  298   0.1988571751487811E-05
  299   0.1709608422951203E-03
  300   0.1267790044122696E-03
  301   0.7725480480680336E-04
  302  -0.3545099671657947E-03
  303  -0.1419070748544526E-03
  304  -0.5554399503537866E-04
  305   0.4135625746469751E-03
  306  -0.8346755656435390E-04
  307   0.2158933635504900E-03
  308   0.2082891657934072E-04
  309   0.6384147048837940E-04
  310   0.3176565965353761E-03
  311   0.1186988269407108E-03
  312  -0.6639213820880396E-05
  313   0.2409625899366108E-03
  314   0.1661002888456720E-03
  315   0.4475113066926828E-03
  316  -0.1606102234524842E-04
  317   0.3387038206936199E-03
  318   0.3951883680917145E-03
  319   0.2999907228685705E-03
  320   0.1847583573810763E-03
  321   0.8271153404182385E-05
  322   0.2838001046735483E-03
  323   0.6225846213780972E-04
  324   0.5059986547556461E-04
  325   0.3222387187136189E-03
  326   0.3725246983765640E-04
  327   0.2605507780367722E-04
  328   0.2722209323852143E-04
  329   0.2233622851726680E-03
  330   0.3381884315593608E-03
  331   0.3548176958870775E-03
  332   0.2123562306705074E-03
  333   0.8247716368733893E-04
  334   0.1916061273371517E-03
  335   0.2479498292694560E-03
  336  -0.3014754155789001E-04
  337   0.2760001754511521E-03
  338   0.5336025181190973E-03
  339   0.3629568154453755E-03
  340   0.4888841073970029E-03
  341   0.1660779547343061E-03
  342   0.1168280389559906E-03
  343   0.2310907764240533E-03
  344   0.4519621616838054E-03
  345   0.6690408847266072E-03
  346   0.2161689112543663E-03
  347   0.6963523371185942E-03
  348   0.4988756281887052E-03
  349   0.3736461019822057E-03
  350   0.3934942035318800E-03
  351   0.5348148667286556E-03
  352   0.5035324650295436E-03
  353   0.5258186388533426E-03
  354   0.8220402930297632E-03
  355   0.6144372240714513E-03
  356   0.8244721874050842E-03
  357   0.2738260716349805E-03
  358   0.5761221924790727E-03
  359   0.7839016298425427E-03
  360   0.6158262117236385E-03
  361   0.7820085505407248E-03
  362   0.7959766247939981E-03
  363   0.5995875254874716E-03
  364   0.7276712412702946E-03
  365   0.8260727167778009E-03
  366   0.9528591716930768E-03
  367   0.8968228854485116E-03
  368   0.7703518180940255E-03
  369   0.8633287770462156E-03
  370   0.9292334083344372E-03
  371   0.7832106809643954E-03
  372   0.9592343180802390E-03
  373   0.9130026803926480E-03
  374   0.9451205079735736E-03
  375   0.1030637323144554E-02
  376   0.1144453829376536E-02
  377   0.1158183878967090E-02
  378   0.1120564487570981E-02
  379   0.1233096033051256E-02
  380   0.1557828388225501E-02
  381   0.1920419035895035E-02
  382   0.2247821303580443E-02
  383   0.2496276900589625E-02
