# nlmax, ncor, nside =         383           1         128
    0   0.1901540390371295E+10
    1   0.5674825325867634E+08
    2   0.4157957702535761E+09
    3   0.2704006498081524E+08
    4   0.1867453617545906E+09
    5   0.2034065926074953E+08
    6   0.1039437670485391E+09
    7   0.1831577800301191E+08
    8   0.6055019829404830E+08
    9   0.1472896310662023E+08
   10   0.3863483463529155E+08
   11   0.1202855685385525E+08
   12   0.2717121362855394E+08
   13   0.9638659398929683E+07
   14   0.1920494641581510E+08
   15   0.8461681850675792E+07
   16   0.1536513192737514E+08
   17   0.7829656050326123E+07
   18   0.1262015879960346E+08
   19   0.5955178085164800E+07
   20   0.9973906829992425E+07
   21   0.4223875825770536E+07
   22   0.8795110954875642E+07
   23   0.3384148116255967E+07
   24   0.6574559856994121E+07
   25   0.2583317756828348E+07
   26   0.5195545452799268E+07
   27   0.2121675418337290E+07
   28   0.4400322813805616E+07
   29   0.2362279700935381E+07
   30   0.4374651577208705E+07
   31   0.1854752785268260E+07
   32   0.3898628641096942E+07
   33   0.1547668285347589E+07
   34   0.2912193754159860E+07
   35   0.1427649573239170E+07
   36   0.2706643562019615E+07
   37   0.1267154690635449E+07
   38   0.2270883061793491E+07
   39   0.1185427655833876E+07
   40   0.2007152850609498E+07
   41   0.1039758881484808E+07
   42   0.1554333198072631E+07
   43   0.1002273062968944E+07
   44   0.1289285005867713E+07
   45   0.9657673015863915E+06
   46   0.1126027142120023E+07
   47   0.1025206708703902E+07
   48   0.9937733492408992E+06
   49   0.8783407379284456E+06
   50   0.7128988163227537E+06
   51   0.7821319152316123E+06
   52   0.7042226928617940E+06
   53   0.8196386807924074E+06
   54   0.5834608645280631E+06
   55   0.7237445187422987E+06
   56   0.5937328731964551E+06
   57   0.6470665411642243E+06
   58   0.6466967648405638E+06
   59   0.6194029414683648E+06
   60   0.6907422447154266E+06
   61   0.5380859287626246E+06
   62   0.6750399844272941E+06
   63   0.5397536838509477E+06
   64   0.5267258018855308E+06
   65   0.5380564732957333E+06
   66   0.7832706953878177E+06
   67   0.6515450290164623E+06
   68   0.5071794325242323E+06
   69   0.5991434503903409E+06
   70   0.5369875676764196E+06
   71   0.5323577311519065E+06
   72   0.5266900057762088E+06
   73   0.4217330970207890E+06
   74   0.5250119597483505E+06
   75   0.4673709372129010E+06
   76   0.5272341112327564E+06
   77   0.4611055462433553E+06
   78   0.4481525360852800E+06
   79   0.4133270523610294E+06
   80   0.3905153945454260E+06
   81   0.4131129279692692E+06
   82   0.4265882013994571E+06
   83   0.5347062988365100E+06
   84   0.4311677445765033E+06
   85   0.5158893782354785E+06
   86   0.4067382479217906E+06
   87   0.5022694331947595E+06
   88   0.3579897828720493E+06
   89   0.4387275409422887E+06
   90   0.3637183224060542E+06
   91   0.4124042993551366E+06
   92   0.3444197363292128E+06
   93   0.3744214522531591E+06
   94   0.3755676181201766E+06
   95   0.3929814143083413E+06
   96   0.3426192994973230E+06
   97   0.3425322044672712E+06
   98   0.3209420341450495E+06
   99   0.3185997602707590E+06
  100   0.3233169773879078E+06
  101   0.3360905252978361E+06
  102   0.3044044705142420E+06
  103   0.3145441097229024E+06
  104   0.2652176167454369E+06
  105   0.2913688916609264E+06
  106   0.2892754751338194E+06
  107   0.2844076217043034E+06
  108   0.2729692490830895E+06
  109   0.2980404947281827E+06
  110   0.3231071164177363E+06
  111   0.3464745716704486E+06
  112   0.3089918943514343E+06
  113   0.3050583348407432E+06
  114   0.2878828722684381E+06
  115   0.2938808536069514E+06
  116   0.2655513025420510E+06
  117   0.2704365165808400E+06
  118   0.2544589013892387E+06
  119   0.2705785088195556E+06
  120   0.2501696856301900E+06
  121   0.2691669256324682E+06
  122   0.2328516614802259E+06
  123   0.2827572962479666E+06
  124   0.2365904280523214E+06
  125   0.2817819971107634E+06
  126   0.2346966488710730E+06
  127   0.2635472424825971E+06
  128   0.2236427307047563E+06
  129   0.2241766712253156E+06
  130   0.2189529995611067E+06
  131   0.2222262447660769E+06
  132   0.2184781668844541E+06
  133   0.2069117948580448E+06
  134   0.2071777477912380E+06
  135   0.1967199693188206E+06
  136   0.2044270803031078E+06
  137   0.1974130653802813E+06
  138   0.2163386288253212E+06
  139   0.2190542669359163E+06
  140   0.1967280163957012E+06
  141   0.2108096424352108E+06
  142   0.1864849291158917E+06
  143   0.1907760537958472E+06
  144   0.1734606502186275E+06
  145   0.1867039777821980E+06
  146   0.1798537616649072E+06
  147   0.1854882644806475E+06
  148   0.1772158938430129E+06
  149   0.1820826983602310E+06
  150   0.1640484732693746E+06
  151   0.1832630836159727E+06
  152   0.1656881700132233E+06
  153   0.1832971696380198E+06
  154   0.1630276512075638E+06
  155   0.1652604757635474E+06
  156   0.1640406836623082E+06
  157   0.1587219182114025E+06
  158   0.1656122533249779E+06
  159   0.1526371511591635E+06
  160   0.1660647869624548E+06
  161   0.1536797797406781E+06
  162   0.1561701102967854E+06
  163   0.1497715593331447E+06
  164   0.1616148922053735E+06
  165   0.1669585324691603E+06
  166   0.1537409419102457E+06
  167   0.1603037315243197E+06
  168   0.1538739692457262E+06
  169   0.1535020521285675E+06
  170   0.1536480712671459E+06
  171   0.1433033469737316E+06
  172   0.1525082376497514E+06
  173   0.1443745977932141E+06
  174   0.1465765680626406E+06
  175   0.1496376215862331E+06
  176   0.1467268141512387E+06
  177   0.1472567795384952E+06
  178   0.1572320659056033E+06
  179   0.1510620658867436E+06
  180   0.1473943558203009E+06
  181   0.1401142132626351E+06
  182   0.1383761561741583E+06
  183   0.1368192748432629E+06
  184   0.1365572149959005E+06
  185   0.1365835974960548E+06
  186   0.1247346156005790E+06
  187   0.1239407642577236E+06
  188   0.1224758403692890E+06
  189   0.1185620730597727E+06
  190   0.1106515894684959E+06
  191   0.1114489649519823E+06
  192   0.1055895989249819E+06
  193   0.1050098909877968E+06
  194   0.1032254174426563E+06
  195   0.1033249917108190E+06
  196   0.1030738084317624E+06
  197   0.9602194547450921E+05
  198   0.1022046649344754E+06
  199   0.1011934287532675E+06
  200   0.1040596504156545E+06
  201   0.9801571996034257E+05
  202   0.1000587368049344E+06
  203   0.1001737217133123E+06
  204   0.9796632167450275E+05
  205   0.9525842526269727E+05
  206   0.9654958211374888E+05
  207   0.9332193267657654E+05
  208   0.9239386306332110E+05
  209   0.9163464436452108E+05
  210   0.9134402709840907E+05
  211   0.9029204302627663E+05
  212   0.9710361554681358E+05
  213   0.9677354093260795E+05
  214   0.9083186660154292E+05
  215   0.8939731383464666E+05
  216   0.8862594965706847E+05
  217   0.8486725062240858E+05
  218   0.8800738045742479E+05
  219   0.8879545689665468E+05
  220   0.9146742411753419E+05
  221   0.8774562963460461E+05
  222   0.8500107113377069E+05
  223   0.8219276587205968E+05
  224   0.8561360730845283E+05
  225   0.8481438831286458E+05
  226   0.8126137899754022E+05
  227   0.8135069126792788E+05
  228   0.7560973249214492E+05
  229   0.7872373064257455E+05
  230   0.7551463877892465E+05
  231   0.7698544318163744E+05
  232   0.7485750749616977E+05
  233   0.7597490796798497E+05
  234   0.6980839021770656E+05
  235   0.7588121402124374E+05
  236   0.7207189818161580E+05
  237   0.6994157972054539E+05
  238   0.7033100987779011E+05
  239   0.6944895913620677E+05
  240   0.7096622552994627E+05
  241   0.7781203091500746E+05
  242   0.7842950652867364E+05
  243   0.7423677838953800E+05
  244   0.7385210995895055E+05
  245   0.7457645532062388E+05
  246   0.6897514735666977E+05
  247   0.6999830565020192E+05
  248   0.6535814725243015E+05
  249   0.6772336651864660E+05
  250   0.6442761912200268E+05
  251   0.6801089153205272E+05
  252   0.6176652350422175E+05
  253   0.6655195664311131E+05
  254   0.6337210465491301E+05
  255   0.6210984352620417E+05
  256   0.6133110310017428E+05
  257   0.6445485831526181E+05
  258   0.6644562870415594E+05
  259   0.6785439561961606E+05
  260   0.6764385109959039E+05
  261   0.6875294960431673E+05
  262   0.6568248917179456E+05
  263   0.6772675055021051E+05
  264   0.6800428071983173E+05
  265   0.6698493880504105E+05
  266   0.6284904151573041E+05
  267   0.5985232222924262E+05
  268   0.5790899820356324E+05
  269   0.5605156775660175E+05
  270   0.5707812098505409E+05
  271   0.5822284674339395E+05
  272   0.5820719129115622E+05
  273   0.6275125458061241E+05
  274   0.6368129720964772E+05
  275   0.5619690061611327E+05
  276   0.5780152773185377E+05
  277   0.5953455886841909E+05
  278   0.5736402976564690E+05
  279   0.5668013452481505E+05
  280   0.5460765347093163E+05
  281   0.5490092587573099E+05
  282   0.5743929674170047E+05
  283   0.5662022094037203E+05
  284   0.5422861722592291E+05
  285   0.5431246235141272E+05
  286   0.5548367941269954E+05
  287   0.5751801818290175E+05
  288   0.5385339792283208E+05
  289   0.5496173311164876E+05
  290   0.5250120467731456E+05
  291   0.5367673195588854E+05
  292   0.5315157901970332E+05
  293   0.5381593128661660E+05
  294   0.5622525234261178E+05
  295   0.5761030717467677E+05
  296   0.5495859562687750E+05
  297   0.5561261650640593E+05
  298   0.5528579081522112E+05
  299   0.5398500406733621E+05
  300   0.5326392764974854E+05
  301   0.5603073055605325E+05
  302   0.5443920560225748E+05
  303   0.5486631607620211E+05
  304   0.5499006304501602E+05
  305   0.5452674740791507E+05
  306   0.5168624457735813E+05
  307   0.5553041760831460E+05
  308   0.5358218393543654E+05
  309   0.5736494661685932E+05
  310   0.5783910147912556E+05
  311   0.6075161062953365E+05
  312   0.6128579449906145E+05
  313   0.6035348200736390E+05
  314   0.6049287214244914E+05
  315   0.5505360783241229E+05
  316   0.5293489429815984E+05
  317   0.5201691457196805E+05
  318   0.5078375982328126E+05
  319   0.5262886073967151E+05
  320   0.5208056077840933E+05
  321   0.5347337922559155E+05
  322   0.5061783999767221E+05
  323   0.5070998822955761E+05
  324   0.4710440595564031E+05
  325   0.4894126983225674E+05
  326   0.4705743475137485E+05
  327   0.4948119687273144E+05
  328   0.4871684613474028E+05
  329   0.4821454681349962E+05
  330   0.4702203123247603E+05
  331   0.4574727322290603E+05
  332   0.4700973640107301E+05
  333   0.4494570432943455E+05
  334   0.4709936057750789E+05
  335   0.4558100218067280E+05
  336   0.4589821859084592E+05
  337   0.4565920563638510E+05
  338   0.4693764024660853E+05
  339   0.4766676226571946E+05
  340   0.4694883011805449E+05
  341   0.4912398268969296E+05
  342   0.4600962107765915E+05
  343   0.4706689334297214E+05
  344   0.4666103898827657E+05
  345   0.4648625968163305E+05
  346   0.4531740026879117E+05
  347   0.4559089294226922E+05
  348   0.4365645302558383E+05
  349   0.4227830655092595E+05
  350   0.4309404353789610E+05
  351   0.4347780870081209E+05
  352   0.4229980369687176E+05
  353   0.4321049193955993E+05
  354   0.4526580706076037E+05
  355   0.4439836271344250E+05
  356   0.4577343047127980E+05
  357   0.4703505150151757E+05
  358   0.4444611293264550E+05
  359   0.4232211513515494E+05
  360   0.4108954762782090E+05
  361   0.4194594794395947E+05
  362   0.4405080649560443E+05
  363   0.4561103421662183E+05
  364   0.4429693037768908E+05
  365   0.4234116144433492E+05
  366   0.4152712844370169E+05
  367   0.4051267253373074E+05
  368   0.4083744274682138E+05
  369   0.4024362474451950E+05
  370   0.4131986416755893E+05
  371   0.4057865551057841E+05
  372   0.4059670875209004E+05
  373   0.4050949534747789E+05
  374   0.3969010733675418E+05
  375   0.4075911955661390E+05
  376   0.4291173801844908E+05
  377   0.4648182923095083E+05
  378   0.4261887858655550E+05
  379   0.4154102396339979E+05
  380   0.3987314078286256E+05
  381   0.3924191966375746E+05
  382   0.3796613961474947E+05
  383   0.3761851982793186E+05
