# nlmax, ncor, nside =         383           1         128
    0   0.1654632271882437E+02
    1  -0.1486587563829600E+00
    2   0.4191660082093616E+03
    3   0.7473239154897432E+03
    4   0.3792766543558092E+03
    5   0.8106124092792430E+02
    6   0.1305222390306949E+03
    7   0.8924636366182433E+02
    8   0.5843633048435547E+02
    9   0.3623983209689003E+02
   10   0.3711399456563866E+02
   11   0.3408247917601297E+02
   12   0.3837066991913328E+02
   13   0.3502981072943302E+02
   14   0.2530535888011025E+02
   15   0.2524126446108323E+02
   16   0.1768830258876116E+02
   17   0.1260472701314715E+02
   18   0.1517660348066628E+02
   19   0.1630049142557462E+02
   20   0.7336776631702624E+01
   21   0.8584581730267990E+01
   22   0.6602093660811041E+01
   23   0.7994063959609604E+01
   24   0.8454351735351205E+01
   25   0.7795748195957542E+01
   26   0.8491799762912901E+01
   27   0.7983773873217823E+01
   28   0.7261431671000332E+01
   29   0.7049432621258431E+01
   30   0.6223049648974190E+01
   31   0.5131943071250128E+01
   32   0.5045472747521202E+01
   33   0.5297112091915141E+01
   34   0.4800884372517503E+01
   35   0.4975449402183176E+01
   36   0.4083482264763795E+01
   37   0.5266387680663604E+01
   38   0.3358743802662603E+01
   39   0.4193002597898492E+01
   40   0.3402022567074711E+01
   41   0.2853506801926945E+01
   42   0.3194815696742358E+01
   43   0.4365542370117760E+01
   44   0.4079571346280518E+01
   45   0.3171323645261773E+01
   46   0.3632393318969439E+01
   47   0.3099148470365810E+01
   48   0.2640474500336586E+01
   49   0.2873784598138854E+01
   50   0.2096569730350928E+01
   51   0.2023918070163407E+01
   52   0.2357654582560484E+01
   53   0.2208004198358066E+01
   54   0.2011024571603018E+01
   55   0.2354580460729984E+01
   56   0.2087256114879604E+01
   57   0.2636052574033872E+01
   58   0.2134023557926009E+01
   59   0.1932805695538170E+01
   60   0.1748560170963026E+01
   61   0.2371468039854351E+01
   62   0.1794441444142564E+01
   63   0.2146865813879799E+01
   64   0.1747590200395926E+01
   65   0.1732816102931276E+01
   66   0.1438955659672118E+01
   67   0.1626450951927980E+01
   68   0.1300026363080364E+01
   69   0.1631496867517694E+01
   70   0.1262922485579452E+01
   71   0.1330745327483609E+01
   72   0.1406955792349138E+01
   73   0.1200833348187925E+01
   74   0.1214034548298643E+01
   75   0.1268652870629989E+01
   76   0.1138145098035728E+01
   77   0.9926809676176842E+00
   78   0.9733483359749231E+00
   79   0.9759329692444847E+00
   80   0.1224789003244560E+01
   81   0.1098788954618917E+01
   82   0.1037900505378364E+01
   83   0.8678309022812241E+00
   84   0.9314721155226124E+00
   85   0.9351767224296179E+00
   86   0.9591286228911975E+00
   87   0.9294806727511886E+00
   88   0.7186122542881943E+00
   89   0.9201999218536243E+00
   90   0.8035706059395891E+00
   91   0.7615403908728260E+00
   92   0.9164752240370178E+00
   93   0.6244539164326597E+00
   94   0.7343027013631631E+00
   95   0.7125757539756190E+00
   96   0.7174574250132364E+00
   97   0.7306261258271483E+00
   98   0.6947985677925308E+00
   99   0.5888704180509943E+00
  100   0.5705329695417858E+00
  101   0.5192824836284560E+00
  102   0.5765957889766393E+00
  103   0.4650800893110099E+00
  104   0.4622971584932865E+00
  105   0.5995007572016866E+00
  106   0.4509964567011435E+00
  107   0.4554367272640212E+00
  108   0.4833015174826663E+00
  109   0.4364686989193780E+00
  110   0.4221384028469750E+00
  111   0.3800060350053351E+00
  112   0.4128915045519792E+00
  113   0.3935476124032888E+00
  114   0.4147881708725702E+00
  115   0.4056895246252499E+00
  116   0.3407214838257457E+00
  117   0.3894078514114452E+00
  118   0.4142123663574314E+00
  119   0.3409165423593575E+00
  120   0.2756465227568303E+00
  121   0.2738448501388416E+00
  122   0.3277182295017654E+00
  123   0.3052109745382424E+00
  124   0.2395504864310609E+00
  125   0.2881785777789717E+00
  126   0.2922827379318826E+00
  127   0.2844550473612886E+00
  128   0.2437032704335759E+00
  129   0.2335977388329208E+00
  130   0.2444567708421065E+00
  131   0.2021008206786226E+00
  132   0.1904729667592867E+00
  133   0.2534852410139797E+00
  134   0.2174766043479948E+00
  135   0.1890854532813900E+00
  136   0.1845717790404843E+00
  137   0.2080674273583782E+00
  138   0.1379775628732627E+00
  139   0.1739497631789843E+00
  140   0.1868560840063521E+00
  141   0.1420165536682098E+00
  142   0.1277129013930606E+00
  143   0.1630674254870166E+00
  144   0.1546271024288560E+00
  145   0.1371509916945221E+00
  146   0.1257136243579566E+00
  147   0.1333523697478928E+00
  148   0.1203009039311823E+00
  149   0.1220977761592126E+00
  150   0.1027405309553024E+00
  151   0.1229749887840131E+00
  152   0.9319993146651184E-01
  153   0.1114135185953476E+00
  154   0.9653392185365528E-01
  155   0.1006799780521785E+00
  156   0.9789958482535532E-01
  157   0.9757623747068178E-01
  158   0.7433814191280874E-01
  159   0.8339092961578076E-01
  160   0.7540677504144222E-01
  161   0.7640736354290945E-01
  162   0.7427137818577723E-01
  163   0.7359946304738774E-01
  164   0.5904988883348716E-01
  165   0.6639578368797205E-01
  166   0.6298252811211480E-01
  167   0.6134646532628762E-01
  168   0.5787056493656328E-01
  169   0.5819886046856704E-01
  170   0.4906152269709230E-01
  171   0.4824684745772778E-01
  172   0.5070042970885058E-01
  173   0.4974313045897782E-01
  174   0.3823922613961317E-01
  175   0.4839502797035622E-01
  176   0.4316403315145256E-01
  177   0.3822627248476018E-01
  178   0.3694910926909656E-01
  179   0.3168844406840254E-01
  180   0.3073362062798901E-01
  181   0.3327768931192676E-01
  182   0.3251221683857686E-01
  183   0.2681064342772632E-01
  184   0.3580395595708974E-01
  185   0.3161605771976872E-01
  186   0.2531186130188212E-01
  187   0.2569305774376685E-01
  188   0.2182787352313675E-01
  189   0.2146007039690756E-01
  190   0.2239883287694167E-01
  191   0.2098818508090061E-01
  192   0.2131991975002367E-01
  193   0.1764581006425181E-01
  194   0.1995852813264498E-01
  195   0.1833287538132289E-01
  196   0.1637844381389630E-01
  197   0.1625816734834407E-01
  198   0.1563887983781009E-01
  199   0.1595947346829596E-01
  200   0.1230361720849482E-01
  201  -0.1533463256684353E-03
  202  -0.8975036368263911E-04
  203  -0.1115728432016239E-03
  204  -0.3397246525582709E-04
  205  -0.4209987244907509E-04
  206   0.1022317684760132E-03
  207  -0.3570345005865505E-04
  208   0.3693515760594401E-04
  209   0.4112502567099607E-04
  210   0.8581050402489687E-04
  211  -0.9721670763152002E-04
  212   0.2303696256089616E-04
  213  -0.9124228894319408E-04
  214  -0.1290778666396264E-04
  215  -0.1208746280432216E-03
  216  -0.7317297333953032E-04
  217  -0.8048421706363662E-04
  218  -0.9549928628849180E-04
  219  -0.6569406904111119E-04
  220   0.3983635892657045E-04
  221  -0.8351196552891516E-04
  222   0.6053264964833716E-05
  223  -0.1121530425386430E-03
  224   0.1303742289245902E-03
  225  -0.8719429485071206E-04
  226  -0.5722467088631333E-05
  227  -0.6656178000041812E-04
  228   0.2854977229849176E-05
  229  -0.5081949419949439E-04
  230  -0.8513355443717785E-05
  231   0.2223292081116046E-04
  232   0.9118292285759111E-04
  233  -0.2754581237407461E-04
  234  -0.2304865473068407E-04
  235   0.1254518199100829E-04
  236   0.4127119512131738E-04
  237   0.2695057699009240E-04
  238  -0.5144742087792586E-04
  239   0.5609429124875387E-04
  240  -0.5273374411118859E-04
  241  -0.3118407816304902E-04
  242   0.1341637587459754E-04
  243  -0.2841851286927710E-04
  244   0.1384923992758802E-03
  245   0.6829347524583973E-04
  246   0.1163980584598656E-03
  247   0.5155809534196365E-04
  248   0.8060590940284218E-04
  249  -0.1851827689103303E-04
  250   0.8577563913148012E-04
  251  -0.7027224475519844E-04
  252   0.6587772091271038E-04
  253  -0.1255791539463980E-03
  254   0.1127760734043193E-04
  255  -0.1055089536242670E-03
  256   0.1120175933529977E-03
  257  -0.5573318570439856E-04
  258   0.8506811311703721E-04
  259   0.3587011801808870E-04
  260   0.8917525666107817E-04
  261  -0.4551670322261447E-04
  262  -0.3939699825261656E-06
  263  -0.7752963419299652E-04
  264  -0.3690819883611640E-04
  265  -0.6936600425727635E-04
  266  -0.5124019591851159E-04
  267  -0.2439336461351749E-04
  268  -0.4917231695372726E-04
  269  -0.4719569697758663E-04
  270  -0.9360239156058769E-04
  271  -0.4598107187081535E-04
  272  -0.6235428149381494E-04
  273  -0.9442918300528458E-04
  274  -0.3647897191993987E-04
  275  -0.8664062933683159E-04
  276  -0.2840725449759773E-05
  277  -0.3831265682396889E-04
  278  -0.2801934780166659E-04
  279   0.1664647874327629E-04
  280  -0.5272829683933278E-05
  281   0.1291658020874387E-05
  282  -0.5240027852071449E-05
  283   0.5980239739739046E-04
  284   0.1513169326317065E-04
  285  -0.3654260664287534E-05
  286   0.6589731929018683E-05
  287  -0.1514604354801996E-04
  288   0.2459029353973907E-05
  289  -0.1662681488934226E-05
  290  -0.1036832047401903E-04
  291  -0.7979487744558256E-05
  292   0.3688269368473662E-05
  293  -0.3026449600374015E-06
  294   0.3160922384948250E-06
  295   0.6682916112077386E-04
  296   0.2911657835524828E-04
  297  -0.2899828255520376E-04
  298   0.2041544109482318E-04
  299   0.3861218702139180E-04
  300   0.3348571267253186E-04
  301  -0.1517273851370238E-04
  302  -0.5757098457848109E-05
  303  -0.7644114016658321E-05
  304  -0.1283218355685456E-05
  305  -0.1677100670016696E-04
  306   0.8066274596929546E-05
  307  -0.1887681193890600E-04
  308  -0.8329565657827498E-05
  309  -0.4127565894218588E-04
  310   0.1770569146375411E-04
  311  -0.2459620843670018E-04
  312   0.2477402712075527E-04
  313  -0.2741836220093719E-04
  314  -0.4268110099625577E-05
  315  -0.2835428933128936E-04
  316   0.5217380137256811E-05
  317  -0.1586949855847397E-04
  318  -0.3327429041882768E-04
  319  -0.2950087361014431E-04
  320  -0.5666210846755337E-04
  321  -0.2445718925375706E-04
  322  -0.3882627342588485E-04
  323  -0.2550048160779306E-04
  324  -0.1041476533703012E-04
  325   0.1248922347218961E-04
  326  -0.1848172806939719E-04
  327   0.2430334507599885E-04
  328   0.4736727686799336E-04
  329   0.2119458174409949E-04
  330   0.8405755923479585E-05
  331  -0.2372595388105969E-04
  332   0.1881666640726753E-04
  333  -0.1674192973105670E-04
  334   0.3611476849035844E-04
  335   0.2745775199708422E-06
  336   0.2093528601568306E-04
  337   0.1265819934204160E-05
  338   0.2068507704097722E-04
  339   0.5552440096029398E-04
  340   0.8284216234011321E-04
  341   0.5817276809921834E-04
  342   0.5313504172099748E-04
  343   0.5959560808416198E-04
  344   0.5584343359568700E-04
  345   0.5609993376601285E-04
  346   0.8018742348758767E-04
  347   0.9640984260556040E-04
  348   0.9372611564079092E-04
  349   0.7868268771565878E-04
  350   0.1090306989660894E-03
  351   0.8372147371232819E-04
  352   0.1418942144358615E-03
  353   0.9452859867564722E-04
  354   0.1149669962530603E-03
  355   0.7331991892707557E-04
  356   0.9885806630025029E-04
  357   0.9027893991349345E-04
  358   0.1147806502286020E-03
  359   0.1192019798559041E-03
  360   0.1390275318305240E-03
  361   0.1478566759647304E-03
  362   0.1654289895662853E-03
  363   0.1338513996643476E-03
  364   0.1501693230865631E-03
  365   0.1439775610651006E-03
  366   0.1427352572331425E-03
  367   0.1849886912713705E-03
  368   0.1733811712983369E-03
  369   0.1437078829446131E-03
  370   0.1627547519105557E-03
  371   0.1712111596425606E-03
  372   0.2021609283793524E-03
  373   0.1946276886682918E-03
  374   0.2138700961823656E-03
  375   0.2200698098837120E-03
  376   0.2156048559151177E-03
  377   0.2639773370805044E-03
  378   0.2405796614475160E-03
  379   0.2609131816215110E-03
  380   0.2827971846509989E-03
  381   0.3007444033941414E-03
  382   0.3277439119869670E-03
  383   0.3945585344713397E-03
