# nlmax, ncor, nside =         383           1         128
    0  -0.1366204310930505E+03
    1   0.6079638267536249E+02
    2   0.1148626370293302E+04
    3   0.3460232140858458E+03
    4   0.9382343179971132E+02
    5   0.1269744073664875E+03
    6   0.1653152501944413E+03
    7   0.1038568890908422E+03
    8   0.2579953223825171E+02
    9   0.6574109480107184E+02
   10   0.2565631685411641E+02
   11   0.1543821561115904E+02
   12   0.6629052281227823E+02
   13   0.1119732205656122E+02
   14   0.3119333013261455E+02
   15   0.1656151702268856E+02
   16   0.1269952223517096E+02
   17   0.1773134385981530E+02
   18   0.1148005543251452E+02
   19   0.1146187793423701E+02
   20   0.1622302273427482E+02
   21   0.1683915398789831E+02
   22   0.7282118261494217E+01
   23   0.8418377908013110E+01
   24   0.5466973208043799E+01
   25   0.9059239345602325E+01
   26   0.7897644658063775E+01
   27   0.1111702416258017E+02
   28   0.6464334697714207E+01
   29   0.6479581723735338E+01
   30   0.4469795707529018E+01
   31   0.5603628207234742E+01
   32   0.6696031888474582E+01
   33   0.6153085286815509E+01
   34   0.6357461337543439E+01
   35   0.4352359547617207E+01
   36   0.3192141784665521E+01
   37   0.4150440751110867E+01
   38   0.2618617929175747E+01
   39   0.4150231652104587E+01
   40   0.3460446202507021E+01
   41   0.4060346745292276E+01
   42   0.4199936801857302E+01
   43   0.3529329408128639E+01
   44   0.2869101359069552E+01
   45   0.2331217612608336E+01
   46   0.4084649436746025E+01
   47   0.4167952784090624E+01
   48   0.2441065392277293E+01
   49   0.2807104361261908E+01
   50   0.2844144156951435E+01
   51   0.2638724130551544E+01
   52   0.1889541827269172E+01
   53   0.2344277022329913E+01
   54   0.2090534456927360E+01
   55   0.2324656834414361E+01
   56   0.1844575432362941E+01
   57   0.2529218320219029E+01
   58   0.2654794000445634E+01
   59   0.1971295100235513E+01
   60   0.1353152473548604E+01
   61   0.2344841553518046E+01
   62   0.2180720809329349E+01
   63   0.1509045388339910E+01
   64   0.1252118239096940E+01
   65   0.1809128772170133E+01
   66   0.1851661743759760E+01
   67   0.1684280810790900E+01
   68   0.1543720832669455E+01
   69   0.1181511761074643E+01
   70   0.1694107880403120E+01
   71   0.1415231604537562E+01
   72   0.1085687445802483E+01
   73   0.1167369448903836E+01
   74   0.1490501381465992E+01
   75   0.1081673023392601E+01
   76   0.1021943997923846E+01
   77   0.1190368975972641E+01
   78   0.1242023206335312E+01
   79   0.8510674712440096E+00
   80   0.1102806642666539E+01
   81   0.1087203005619374E+01
   82   0.9714764326272007E+00
   83   0.1036953373140335E+01
   84   0.1275866717155838E+01
   85   0.7993112496133656E+00
   86   0.7524829127393584E+00
   87   0.1017242144380695E+01
   88   0.7953934047363711E+00
   89   0.8912197047366290E+00
   90   0.8050812560978173E+00
   91   0.7291351241452861E+00
   92   0.9225761170023461E+00
   93   0.6978032160580285E+00
   94   0.6489971362491671E+00
   95   0.7317223262046739E+00
   96   0.5220745146848893E+00
   97   0.6070240130318747E+00
   98   0.6139612539462831E+00
   99   0.7080740873347027E+00
  100   0.6426015943851433E+00
  101   0.4214972566382362E+00
  102   0.5153823804623481E+00
  103   0.4913391559440146E+00
  104   0.7318826781042602E+00
  105   0.5671503351466756E+00
  106   0.6130553247812403E+00
  107   0.5417186740435116E+00
  108   0.5188042151546139E+00
  109   0.5284627653129963E+00
  110   0.5269954646798221E+00
  111   0.4422653251557489E+00
  112   0.5048531849439430E+00
  113   0.3079456013437130E+00
  114   0.4322913097972307E+00
  115   0.3270485389864140E+00
  116   0.4036384899803467E+00
  117   0.3861429269943801E+00
  118   0.3524262721170689E+00
  119   0.2281058085898264E+00
  120   0.4037471241937622E+00
  121   0.2782486391541596E+00
  122   0.2945777274997153E+00
  123   0.2778645977332440E+00
  124   0.2995056901035689E+00
  125   0.2593672735013017E+00
  126   0.2389465847845769E+00
  127   0.1906735360127244E+00
  128   0.2578144985241799E+00
  129   0.2355514615456914E+00
  130   0.2475955592531406E+00
  131   0.2369823278925007E+00
  132   0.2525522862024954E+00
  133   0.2455689469310187E+00
  134   0.1859985007500072E+00
  135   0.1787599512750886E+00
  136   0.1785876424054234E+00
  137   0.1933314822206053E+00
  138   0.1545236143732728E+00
  139   0.1599248342186428E+00
  140   0.1918659720526081E+00
  141   0.1770325693331471E+00
  142   0.1507913168330370E+00
  143   0.1483217402077065E+00
  144   0.1459378869055522E+00
  145   0.1333482987000848E+00
  146   0.1197130152479761E+00
  147   0.1271142963928699E+00
  148   0.1074973611607244E+00
  149   0.1492871485103081E+00
  150   0.1266732287745628E+00
  151   0.7487133204681695E-01
  152   0.9947111503813411E-01
  153   0.1174249676609526E+00
  154   0.9066676353756808E-01
  155   0.1054653870489773E+00
  156   0.7617057347031941E-01
  157   0.8781856796754428E-01
  158   0.7663037067263556E-01
  159   0.7622736367973260E-01
  160   0.9010953701131941E-01
  161   0.8902003713008144E-01
  162   0.7959088404665793E-01
  163   0.6711350129187676E-01
  164   0.7340186648521019E-01
  165   0.6136152194607469E-01
  166   0.6477624188637643E-01
  167   0.6818872721945812E-01
  168   0.6710118214922245E-01
  169   0.6146759854648465E-01
  170   0.6333657671256376E-01
  171   0.5472800650112575E-01
  172   0.4075104815175612E-01
  173   0.3685766007562619E-01
  174   0.5119141505924296E-01
  175   0.4187879253683058E-01
  176   0.3744048893839702E-01
  177   0.3417860686168839E-01
  178   0.4167854185615349E-01
  179   0.3239071251795589E-01
  180   0.2872557653809205E-01
  181   0.3775570430342101E-01
  182   0.3324651809697166E-01
  183   0.3161732945175677E-01
  184   0.3383322869777172E-01
  185   0.2643066090841717E-01
  186   0.2854106820552116E-01
  187   0.2712021678480026E-01
  188   0.2508892538532204E-01
  189   0.2783940786321426E-01
  190   0.1750683572664624E-01
  191   0.2132214478297600E-01
  192   0.1783816409773187E-01
  193   0.2177984252935938E-01
  194   0.1720527608121314E-01
  195   0.1911230507859529E-01
  196   0.1852579051607606E-01
  197   0.1377918156834312E-01
  198   0.1722174984267610E-01
  199   0.1462515390761643E-01
  200   0.1278160433213527E-01
  201   0.1088291997047630E-02
  202  -0.4779542259344405E-03
  203   0.1522458417396844E-02
  204   0.6749403350464478E-03
  205  -0.1243695479280382E-02
  206   0.8529187519368264E-03
  207  -0.1696337741470266E-03
  208  -0.8707286702065442E-03
  209   0.4769007544231929E-03
  210   0.8037878050278779E-03
  211   0.2545450918697290E-03
  212   0.1225291337534240E-02
  213   0.2279195299998982E-03
  214   0.5780155691633704E-03
  215   0.1189696833367448E-02
  216   0.2074994452284651E-03
  217   0.1368508049042649E-02
  218   0.9786254075879741E-03
  219   0.9003374251059792E-03
  220  -0.3434228505800885E-03
  221   0.1021782869542465E-03
  222   0.7393014112846430E-03
  223  -0.3781406247826968E-04
  224  -0.1500450711720003E-03
  225   0.1220078832660065E-02
  226   0.1500665745555185E-03
  227   0.5259890176620985E-03
  228   0.1281383731651764E-02
  229   0.4353397035682383E-03
  230   0.1087749216696521E-02
  231   0.1416666817594114E-03
  232   0.8001215914383852E-03
  233  -0.1371232031577296E-04
  234   0.3009175097792305E-03
  235   0.2830635995739739E-03
  236   0.1040843040045702E-02
  237   0.1112956179216806E-02
  238   0.8208144240245963E-03
  239   0.4031568265631114E-03
  240   0.8299003893319501E-05
  241   0.3748447343223660E-03
  242   0.1223558054655460E-02
  243   0.9519571116581860E-03
  244   0.3518617015529912E-03
  245   0.3754967790633446E-03
  246   0.6501487428067776E-03
  247   0.7834915673138321E-03
  248   0.2810633277426922E-03
  249   0.7413511988474397E-04
  250   0.5067359730478449E-03
  251   0.5990960489565822E-03
  252   0.5773750809228151E-03
  253   0.3391186751762199E-03
  254   0.2197537356569690E-03
  255   0.2934965082754815E-03
  256   0.5774652664034541E-03
  257   0.7566486145095253E-03
  258   0.4305665031739681E-03
  259   0.8156483587601349E-03
  260   0.7802932775876625E-03
  261   0.1115503887580416E-02
  262   0.3785548993013310E-03
  263   0.3568308125377895E-03
  264   0.5598422569977335E-03
  265   0.7692940762806244E-03
  266  -0.1629307901109267E-03
  267   0.7208377712738523E-03
  268   0.8210512124179892E-03
  269  -0.1052413905289207E-03
  270   0.3048231199184737E-03
  271   0.1686819636668169E-03
  272   0.5005440365304370E-03
  273   0.1072921190690079E-02
  274   0.2943793683603535E-03
  275   0.5212406904585576E-03
  276   0.6816851318706685E-03
  277   0.2748568720335465E-03
  278   0.3752692661877499E-03
  279   0.3123448771708004E-03
  280   0.2848686254044441E-03
  281   0.3808030045016064E-04
  282   0.7452154256266108E-03
  283   0.3690719790081509E-03
  284   0.3478964946768137E-04
  285   0.3287018922717433E-03
  286   0.4264680703801593E-03
  287   0.2963888667083525E-03
  288   0.3601610201376948E-03
  289   0.1739103651019480E-03
  290  -0.8296598906160080E-04
  291   0.1197792247206730E-03
  292   0.2236939498553303E-03
  293   0.1410203985635627E-03
  294   0.2407380902096912E-03
  295   0.1382437803925662E-03
  296   0.8398085431299274E-04
  297   0.5717011491684354E-03
  298   0.4664996800685106E-05
  299   0.1561711245951503E-03
  300   0.2060554569244255E-04
  301   0.6751942131555388E-04
  302   0.2220668319063979E-03
  303   0.2003880101967281E-03
  304   0.2063016295960618E-03
  305   0.2949390148512809E-03
  306   0.4480912404081772E-03
  307   0.4191062777105237E-03
  308   0.7114634253650998E-03
  309   0.5371164843649967E-03
  310   0.3855475443220180E-03
  311   0.3521958065480502E-03
  312  -0.6971454144588662E-04
  313   0.5678282665497747E-03
  314   0.2459297870431310E-03
  315   0.5414998657131687E-03
  316   0.6038645924288932E-04
  317   0.2290316986393592E-03
  318   0.1295307663632395E-03
  319   0.3289093214862149E-03
  320   0.4253687523784189E-03
  321   0.4086268151813621E-03
  322   0.2824806920576073E-03
  323   0.4417454729893078E-03
  324   0.4551805814683452E-03
  325   0.2909228994892044E-03
  326   0.4054292595414843E-03
  327   0.3515526264168956E-03
  328   0.3121642819224058E-03
  329   0.6536912448102672E-03
  330   0.3232609516066465E-03
  331   0.5540935918726675E-03
  332   0.4415351131872303E-03
  333   0.6667400753792296E-03
  334   0.5649965943561042E-03
  335   0.5493886625199951E-03
  336   0.6659314430108587E-03
  337   0.8204888696837775E-03
  338   0.3410080931556814E-03
  339   0.7133271028657573E-03
  340   0.5616975064242080E-03
  341   0.6076107524782270E-03
  342   0.5728491497729860E-03
  343   0.7301649243975639E-03
  344   0.1999298536334293E-03
  345   0.7370739727720899E-03
  346   0.7378983420322227E-03
  347   0.7943017808427488E-03
  348   0.7081567251264187E-03
  349   0.8369602141932442E-03
  350   0.6655845611828748E-03
  351   0.8350038102489798E-03
  352   0.6408040790155112E-03
  353   0.7003939584668689E-03
  354   0.8620450686341180E-03
  355   0.1072098793415299E-02
  356   0.7421322748316778E-03
  357   0.8462198753001610E-03
  358   0.8403931349409005E-03
  359   0.9810812415395886E-03
  360   0.6576265220198385E-03
  361   0.1137176729025441E-02
  362   0.8258084974955976E-03
  363   0.8742203482031835E-03
  364   0.1180490059538436E-02
  365   0.8881925154625853E-03
  366   0.8809443143697887E-03
  367   0.9643348188492495E-03
  368   0.1247443940677835E-02
  369   0.8590611621958205E-03
  370   0.9874632965655439E-03
  371   0.1071074366484508E-02
  372   0.1191752433137828E-02
  373   0.1047928424019497E-02
  374   0.1276427526401266E-02
  375   0.1263458027082408E-02
  376   0.1515471072458179E-02
  377   0.1506655801983923E-02
  378   0.1465062532113908E-02
  379   0.1472394579309332E-02
  380   0.1876359712865499E-02
  381   0.2000033209364085E-02
  382   0.2338072355783916E-02
  383   0.2267812567156599E-02
