# nlmax, ncor, nside =         383           1         128
    0  -0.4858412434988873E+02
    1   0.2032750458873940E+03
    2   0.1941237442856894E+03
    3   0.8165541715360378E+03
    4   0.3210547418522506E+03
    5   0.3367774811488615E+03
    6   0.2179871960197534E+03
    7   0.9042060396039372E+02
    8   0.9299805959602381E+02
    9   0.9882422414938165E+02
   10   0.2865788563332740E+02
   11   0.5525295190607785E+02
   12   0.3707384208490111E+02
   13   0.2091076633304197E+02
   14   0.3485708072505695E+02
   15   0.2206190453085922E+02
   16   0.1665685675121576E+02
   17   0.2228216528747644E+02
   18   0.1744186533760872E+02
   19   0.1656424282857094E+02
   20   0.2691801415948612E+02
   21   0.9500005463776974E+01
   22   0.1279106922245891E+02
   23   0.9908134858995751E+01
   24   0.8624647473815140E+01
   25   0.1015824064266426E+02
   26   0.5977010163556241E+01
   27   0.5530354079725072E+01
   28   0.9145414444030710E+01
   29   0.6980002790105448E+01
   30   0.6546504442550872E+01
   31   0.6535769508577830E+01
   32   0.6078882568942530E+01
   33   0.4425955700371387E+01
   34   0.4337332324841303E+01
   35   0.5064202805205173E+01
   36   0.2842515297836411E+01
   37   0.3564607296768097E+01
   38   0.4931851820104283E+01
   39   0.4536487940978444E+01
   40   0.4387775631312769E+01
   41   0.1970808505900631E+01
   42   0.3850532170853406E+01
   43   0.3416551121563321E+01
   44   0.3520497229427515E+01
   45   0.2342289795420706E+01
   46   0.2319913470452357E+01
   47   0.2590634236173625E+01
   48   0.2882264068311411E+01
   49   0.3337431176308449E+01
   50   0.3577153829886580E+01
   51   0.3515393543678733E+01
   52   0.3025861039378584E+01
   53   0.2794019653118796E+01
   54   0.1690114561783644E+01
   55   0.2185481552358111E+01
   56   0.2318857410093349E+01
   57   0.2369290957835667E+01
   58   0.3637645384959306E+01
   59   0.1746527977812828E+01
   60   0.1217005031023803E+01
   61   0.3107809556881265E+01
   62   0.1496129210294514E+01
   63   0.1553969234074847E+01
   64   0.1445339294168710E+01
   65   0.1491853383440237E+01
   66   0.1391432257763073E+01
   67   0.1608447382849540E+01
   68   0.1676334395145879E+01
   69   0.1537737616997976E+01
   70   0.1204076091848946E+01
   71   0.1489855701859379E+01
   72   0.1046739454863285E+01
   73   0.1078869065464979E+01
   74   0.1284778595257613E+01
   75   0.1136079470531276E+01
   76   0.1205808154726095E+01
   77   0.1081483887926989E+01
   78   0.1012231325442089E+01
   79   0.1178353670033190E+01
   80   0.9812045559480049E+00
   81   0.8381292306751547E+00
   82   0.8210638858045440E+00
   83   0.9527196727387157E+00
   84   0.7162077183300823E+00
   85   0.8778670029623223E+00
   86   0.1006616821953791E+01
   87   0.1076622468103259E+01
   88   0.8602914321220996E+00
   89   0.9033342674265117E+00
   90   0.6808041352741852E+00
   91   0.6275406928262302E+00
   92   0.8336559763182319E+00
   93   0.7834205798073441E+00
   94   0.8296407435453921E+00
   95   0.8763073759702633E+00
   96   0.5940686304574789E+00
   97   0.5233509284936166E+00
   98   0.6672761267285852E+00
   99   0.7031421215911275E+00
  100   0.5653184668615552E+00
  101   0.6976829473092665E+00
  102   0.4677695368349080E+00
  103   0.5692825242905004E+00
  104   0.6600706708447479E+00
  105   0.4498086807058408E+00
  106   0.5354058850085957E+00
  107   0.3905095840994113E+00
  108   0.3851063548200151E+00
  109   0.3863967473358194E+00
  110   0.4463354281596896E+00
  111   0.4603817932115322E+00
  112   0.4817097798243883E+00
  113   0.4008465055149941E+00
  114   0.4560595040595889E+00
  115   0.3156058773835120E+00
  116   0.3495350460697129E+00
  117   0.3721593740445888E+00
  118   0.3486508009718032E+00
  119   0.2885944738371000E+00
  120   0.2915557333686576E+00
  121   0.2975303081164695E+00
  122   0.3166946730267437E+00
  123   0.3229748509357850E+00
  124   0.3002393399797653E+00
  125   0.2675394264620730E+00
  126   0.3005811330475415E+00
  127   0.1915845479373784E+00
  128   0.2048756747903776E+00
  129   0.2433975957246866E+00
  130   0.2875309988577822E+00
  131   0.2015363885616763E+00
  132   0.1893577499102751E+00
  133   0.1873922363826334E+00
  134   0.1831284295794751E+00
  135   0.1885165911736325E+00
  136   0.1594516787387104E+00
  137   0.2291212724839425E+00
  138   0.1658782148712840E+00
  139   0.1638457480929129E+00
  140   0.1641105787926826E+00
  141   0.1584780496332535E+00
  142   0.1506544030605580E+00
  143   0.1688662480818924E+00
  144   0.1101410411184011E+00
  145   0.1658204183748944E+00
  146   0.1315668357329266E+00
  147   0.9283915794232711E-01
  148   0.1072124650521564E+00
  149   0.1284691485743339E+00
  150   0.1257851690727969E+00
  151   0.9263264114907699E-01
  152   0.1221838322951518E+00
  153   0.1158266474613799E+00
  154   0.9538181487775832E-01
  155   0.7565733745548586E-01
  156   0.8378364738606114E-01
  157   0.8634799759000045E-01
  158   0.8872469842223563E-01
  159   0.7585809581530800E-01
  160   0.8045003872060386E-01
  161   0.7823303781841850E-01
  162   0.7857039400322052E-01
  163   0.7324834371275912E-01
  164   0.6309458843161631E-01
  165   0.7137489716936452E-01
  166   0.5972455113812247E-01
  167   0.6607082548267529E-01
  168   0.4961344760525754E-01
  169   0.5114828321695020E-01
  170   0.5560928208146054E-01
  171   0.4230820189774231E-01
  172   0.5277051300302515E-01
  173   0.3574463211241308E-01
  174   0.5236933731544335E-01
  175   0.3106600082588240E-01
  176   0.3709245391249416E-01
  177   0.3586950984801496E-01
  178   0.4094142967430292E-01
  179   0.3644536507406015E-01
  180   0.3007157489488910E-01
  181   0.3331710580693725E-01
  182   0.3194342502618974E-01
  183   0.2982723240245377E-01
  184   0.2811887063253993E-01
  185   0.3350549204240283E-01
  186   0.2132811530896439E-01
  187   0.2566111937938642E-01
  188   0.2258869395978214E-01
  189   0.1872848070872435E-01
  190   0.2521355186855689E-01
  191   0.2645300700766906E-01
  192   0.1507334530603444E-01
  193   0.1888601475910334E-01
  194   0.2158044684694549E-01
  195   0.1975772635971296E-01
  196   0.1733322293383788E-01
  197   0.1768753770426179E-01
  198   0.1809169079512862E-01
  199   0.1373032903090576E-01
  200   0.1410079682251275E-01
  201   0.4113853209785079E-03
  202   0.2716836749176998E-03
  203   0.1646176627249973E-02
  204   0.6363994917567561E-03
  205   0.4220313290497213E-03
  206   0.5962663828842363E-03
  207   0.1659896364401114E-02
  208   0.1058491961997476E-02
  209  -0.8158221698115753E-03
  210   0.6258121957896101E-03
  211  -0.1535273309546503E-02
  212   0.1198545088974434E-02
  213  -0.2600774223358027E-03
  214   0.1676543601942804E-03
  215  -0.2554656817497225E-03
  216   0.5688757423747415E-03
  217   0.5211067957714421E-03
  218   0.2748180369736009E-03
  219   0.6631241747855343E-03
  220  -0.3773169782221863E-03
  221   0.2390761374770900E-04
  222   0.5491070902485795E-04
  223  -0.3813823624592150E-03
  224   0.1230724773825242E-03
  225  -0.7727453691053210E-04
  226   0.2963917034083385E-03
  227  -0.2447759401050797E-03
  228  -0.3740953707151995E-03
  229   0.6745428711529833E-03
  230   0.4405927424711020E-04
  231  -0.1190880445256504E-05
  232   0.5174767239968237E-04
  233  -0.6465782230800077E-03
  234  -0.1997314177232257E-03
  235  -0.4675406004998051E-03
  236   0.2691116259285753E-03
  237   0.7421651607238955E-03
  238   0.1191512905752701E-03
  239  -0.5423823334738120E-03
  240  -0.4318591741868660E-03
  241  -0.3531478850116176E-04
  242  -0.4418066417296584E-03
  243  -0.5238967583207632E-03
  244  -0.5885810560468663E-04
  245   0.6905059640993638E-04
  246   0.6285286533868062E-03
  247  -0.1596726187627073E-03
  248  -0.1582326789205668E-03
  249   0.1221601283639684E-03
  250   0.4302645609557398E-03
  251  -0.4334133059382683E-03
  252  -0.7679421929976948E-03
  253   0.1005689438818846E-03
  254   0.1091074463903663E-03
  255  -0.3401144946435508E-03
  256  -0.1685397814698009E-03
  257  -0.1957429407237754E-03
  258   0.8312547081734678E-04
  259  -0.3445215599541251E-03
  260  -0.3482437517824399E-03
  261  -0.4540208664132184E-03
  262   0.4940932847108392E-04
  263   0.6525369034338091E-04
  264  -0.1682542535417220E-03
  265   0.4039960853886582E-03
  266   0.2497652003263795E-04
  267   0.2230601922659226E-03
  268   0.1881952178306445E-04
  269  -0.2396789217120610E-03
  270   0.5771368210606420E-03
  271  -0.3397496708190673E-04
  272   0.2688332390645698E-03
  273  -0.8062227103411423E-04
  274  -0.8831937344866425E-04
  275   0.3287102062247138E-03
  276   0.2728535914447994E-03
  277  -0.1339562625807256E-03
  278  -0.2920474595269340E-05
  279  -0.2618434122613755E-03
  280  -0.8849247939163307E-04
  281  -0.1616022241905379E-03
  282   0.3351727249897296E-03
  283  -0.2752949704357133E-03
  284   0.1898856214195277E-03
  285  -0.3204018284008736E-04
  286  -0.2554864975501392E-04
  287  -0.4120468990167492E-03
  288  -0.6011414977169505E-04
  289   0.4062986757996656E-04
  290   0.1074630984019276E-03
  291   0.1678693152259436E-03
  292   0.4001690437893113E-03
  293   0.3199118039010629E-03
  294  -0.2945930357631799E-03
  295  -0.3996787123802803E-03
  296  -0.2154449108191514E-03
  297   0.6367364016823807E-04
  298  -0.7422119889799461E-05
  299   0.1819860828529141E-03
  300   0.1837682803678131E-03
  301   0.9793506226812854E-04
  302  -0.3395769355558076E-03
  303  -0.1905052088598813E-03
  304  -0.3384292374336573E-04
  305   0.3959939894644382E-03
  306  -0.1002863929005504E-03
  307   0.2290930233101451E-03
  308   0.2820792516616821E-04
  309   0.9162404153029158E-04
  310   0.2948560295299441E-03
  311   0.1384099280303253E-03
  312   0.5357560502405878E-05
  313   0.2130217540080581E-03
  314   0.1763691095759135E-03
  315   0.4131446710277098E-03
  316  -0.2761773485093766E-04
  317   0.3472589040781626E-03
  318   0.3983107193674118E-03
  319   0.3187895669791718E-03
  320   0.1459543578057887E-03
  321   0.2289097199015266E-05
  322   0.2512347118199809E-03
  323   0.1000552128397891E-03
  324   0.4241020106571236E-04
  325   0.3147227126822361E-03
  326   0.3594466013662201E-04
  327   0.2075640625309738E-04
  328   0.5216986043166116E-07
  329   0.2179489711571780E-03
  330   0.3217115619858490E-03
  331   0.3772699820545899E-03
  332   0.2078051806834735E-03
  333   0.9147427451172696E-04
  334   0.1586602029425843E-03
  335   0.2250840897572992E-03
  336  -0.2144117655641931E-04
  337   0.2675621867881950E-03
  338   0.5332322198563222E-03
  339   0.3447687996362969E-03
  340   0.4894606036244809E-03
  341   0.1791621562518275E-03
  342   0.1182808538183755E-03
  343   0.2443490048255614E-03
  344   0.4789721572477368E-03
  345   0.6182784270037101E-03
  346   0.2158281592194999E-03
  347   0.6516623880761241E-03
  348   0.5166559725808539E-03
  349   0.3624606322418233E-03
  350   0.4248562685793822E-03
  351   0.5121214677716035E-03
  352   0.4717277973587120E-03
  353   0.5263152787475522E-03
  354   0.8262263993749075E-03
  355   0.6095728809269452E-03
  356   0.8338845641085169E-03
  357   0.2834822198803932E-03
  358   0.5748446457265188E-03
  359   0.8210901664571918E-03
  360   0.6110400808104766E-03
  361   0.7394509107074565E-03
  362   0.7937621196184991E-03
  363   0.5817669646434320E-03
  364   0.7138233951569928E-03
  365   0.8045613554665265E-03
  366   0.9410860068344157E-03
  367   0.8794638477754579E-03
  368   0.7491025421735159E-03
  369   0.8389120914530090E-03
  370   0.9478662181952105E-03
  371   0.7847874163190369E-03
  372   0.9807529902614576E-03
  373   0.9258369364358102E-03
  374   0.9342547948403279E-03
  375   0.1019334163847155E-02
  376   0.1134286352595472E-02
  377   0.1144929336115090E-02
  378   0.1132923318274238E-02
  379   0.1240920318759907E-02
  380   0.1580128817068826E-02
  381   0.1928451177495408E-02
  382   0.2225817218330343E-02
  383   0.2504901581080662E-02
