# nlmax, ncor, nside =         383           1         128
    0  -0.2809433058231632E+00
    1  -0.2446015206629912E+00
    2   0.2156089706144322E+03
    3   0.1038949689556954E+04
    4   0.2612415435829802E+03
    5   0.2994306634154080E+03
    6   0.2732768583143279E+03
    7   0.9962809526052092E+02
    8   0.6785350877555199E+02
    9   0.6503121304819996E+02
   10   0.3016925659564760E+02
   11   0.6300345691333710E+02
   12   0.3978894190943988E+02
   13   0.2451003265166214E+02
   14   0.3504575994281395E+02
   15   0.2890595580585513E+02
   16   0.1576554369147741E+02
   17   0.1695324595390525E+02
   18   0.1621590507021990E+02
   19   0.1242272269596080E+02
   20   0.2132113373624081E+02
   21   0.1124475702938107E+02
   22   0.1109746974119663E+02
   23   0.1045568371783967E+02
   24   0.1065114607218480E+02
   25   0.8657265739737200E+01
   26   0.6988768309077230E+01
   27   0.7157110899842478E+01
   28   0.6857046144483173E+01
   29   0.5497238529777762E+01
   30   0.7821659379119914E+01
   31   0.6105817952798356E+01
   32   0.5317314680872743E+01
   33   0.5575203210978956E+01
   34   0.4833812820307529E+01
   35   0.5028807894094809E+01
   36   0.3378135165725530E+01
   37   0.3413577953681068E+01
   38   0.4336823227704567E+01
   39   0.4619973113907173E+01
   40   0.4293379163282596E+01
   41   0.3215651547057933E+01
   42   0.3937120636085772E+01
   43   0.3488472364972836E+01
   44   0.3543102958369512E+01
   45   0.2298890410117796E+01
   46   0.2384338968057591E+01
   47   0.2556742449191873E+01
   48   0.2953292508252503E+01
   49   0.3248501779651661E+01
   50   0.2827301693426252E+01
   51   0.3253206708634557E+01
   52   0.3053759378330082E+01
   53   0.2401747365315856E+01
   54   0.2544408415515126E+01
   55   0.2247527418928344E+01
   56   0.2366819905322948E+01
   57   0.1931120037521104E+01
   58   0.2544847794152786E+01
   59   0.2055533656641016E+01
   60   0.1690891001368482E+01
   61   0.2380294660633799E+01
   62   0.1546061842532049E+01
   63   0.1781552616292128E+01
   64   0.1381542201639266E+01
   65   0.1466264088629060E+01
   66   0.1583509412392343E+01
   67   0.1552938700706537E+01
   68   0.1550243871316064E+01
   69   0.1442125238755708E+01
   70   0.1313343196011791E+01
   71   0.1386835319084980E+01
   72   0.1140964291732012E+01
   73   0.1117119947374454E+01
   74   0.1225742842395355E+01
   75   0.1149775106167815E+01
   76   0.1278088287039437E+01
   77   0.1141165066088103E+01
   78   0.1092090411990660E+01
   79   0.1148439723149337E+01
   80   0.8814385535755895E+00
   81   0.9814963100822933E+00
   82   0.9523405765726227E+00
   83   0.9787444335874718E+00
   84   0.7860378483864685E+00
   85   0.9071247976531378E+00
   86   0.1143566065675835E+01
   87   0.8786725862470497E+00
   88   0.8639727067036527E+00
   89   0.9039888394517868E+00
   90   0.7330570411517243E+00
   91   0.6853812348180468E+00
   92   0.7640569690738193E+00
   93   0.6825163128845986E+00
   94   0.7887022255489622E+00
   95   0.7881198407614731E+00
   96   0.6359350934355945E+00
   97   0.6637422706705285E+00
   98   0.6578727106042925E+00
   99   0.7288857609670474E+00
  100   0.6236771795719116E+00
  101   0.5789006449501255E+00
  102   0.4828886977765643E+00
  103   0.4870215347113069E+00
  104   0.6168093381682445E+00
  105   0.4436602506455574E+00
  106   0.5308731179632902E+00
  107   0.4459640063423673E+00
  108   0.4260835320882570E+00
  109   0.3381378049248962E+00
  110   0.4191445660926214E+00
  111   0.4791998252838274E+00
  112   0.4449962345285965E+00
  113   0.3504178239153204E+00
  114   0.4553523417185665E+00
  115   0.3334613922861216E+00
  116   0.3724365096185240E+00
  117   0.3677433413845261E+00
  118   0.4029095346623037E+00
  119   0.3069767942708308E+00
  120   0.3064810555517512E+00
  121   0.3181473020951797E+00
  122   0.3250514444674644E+00
  123   0.3222375113335949E+00
  124   0.2733269647615492E+00
  125   0.2775213111819462E+00
  126   0.3065496514996818E+00
  127   0.2186253814412940E+00
  128   0.2423774107210263E+00
  129   0.2439894443948116E+00
  130   0.2512632812133183E+00
  131   0.2246986462502991E+00
  132   0.1958225941479895E+00
  133   0.1729478271039998E+00
  134   0.1995743835660568E+00
  135   0.1911738798680958E+00
  136   0.1786788712633663E+00
  137   0.1998779788577496E+00
  138   0.1456286713403125E+00
  139   0.1879499553019884E+00
  140   0.1607605807640096E+00
  141   0.1586911592479828E+00
  142   0.1561904021894490E+00
  143   0.1483422619216000E+00
  144   0.1360276922723980E+00
  145   0.1718851814093861E+00
  146   0.1357114928891785E+00
  147   0.1132197540003381E+00
  148   0.1097173418982409E+00
  149   0.1269301055271892E+00
  150   0.1151725931288381E+00
  151   0.1015021500885350E+00
  152   0.1094983721772727E+00
  153   0.1201292660557516E+00
  154   0.8708792685506528E-01
  155   0.8581549409492928E-01
  156   0.8836543916811479E-01
  157   0.8500160458063100E-01
  158   0.9598964763292916E-01
  159   0.7859681022660525E-01
  160   0.8020020571532593E-01
  161   0.7081497032613882E-01
  162   0.7849589665325918E-01
  163   0.7135068543590839E-01
  164   0.7195643844970578E-01
  165   0.6526856119746649E-01
  166   0.6354794682405329E-01
  167   0.6037162009325636E-01
  168   0.5658311297337948E-01
  169   0.5041581283863728E-01
  170   0.6011970903376984E-01
  171   0.4818389545931701E-01
  172   0.4661823086680095E-01
  173   0.4104374544500899E-01
  174   0.4491077206320315E-01
  175   0.3648902600067117E-01
  176   0.3992411092876624E-01
  177   0.3503329258376831E-01
  178   0.3774438297475580E-01
  179   0.3586276400998978E-01
  180   0.3110605624905249E-01
  181   0.3271423545841590E-01
  182   0.3317734640478565E-01
  183   0.2962517822881772E-01
  184   0.2692949188078830E-01
  185   0.2870649891819965E-01
  186   0.2668813013347204E-01
  187   0.2612199920730740E-01
  188   0.2330155157077063E-01
  189   0.2464197265020518E-01
  190   0.2193159588160687E-01
  191   0.2152484770505303E-01
  192   0.1576992833683510E-01
  193   0.1865806060789610E-01
  194   0.1723379254666046E-01
  195   0.1883404852213577E-01
  196   0.1914280118731404E-01
  197   0.1552952099411087E-01
  198   0.1442372340900167E-01
  199   0.1490447113230209E-01
  200   0.1467170685294861E-01
  201  -0.4128529205944531E-03
  202  -0.5646146700256649E-03
  203  -0.4176909168179810E-03
  204  -0.4837475785668399E-03
  205  -0.4191055706663782E-03
  206  -0.5470997691814361E-03
  207  -0.5266429700421238E-03
  208  -0.5048487293173309E-03
  209  -0.5055281363415265E-03
  210  -0.5144485947721211E-03
  211  -0.4522102272881412E-03
  212  -0.5015357686966038E-03
  213  -0.3546434579707602E-03
  214  -0.5092988522947817E-03
  215  -0.3861004806278157E-03
  216  -0.4601568621555030E-03
  217  -0.4253739245674293E-03
  218  -0.4387216974914843E-03
  219  -0.3889269721846222E-03
  220  -0.5363386309352736E-03
  221  -0.5082543382568527E-03
  222  -0.4079528725253745E-03
  223  -0.4700057486588527E-03
  224  -0.4468404240396406E-03
  225  -0.4079255619975353E-03
  226  -0.3854562467574540E-03
  227  -0.3635092410712026E-03
  228  -0.4835277815889993E-03
  229  -0.4157889516949176E-03
  230  -0.4590169174997216E-03
  231  -0.3651201887220346E-03
  232  -0.3283049005139427E-03
  233  -0.2995553354397940E-03
  234  -0.3034029649856551E-03
  235  -0.2037146725633043E-03
  236  -0.3666827756430013E-03
  237  -0.2809229473791364E-03
  238  -0.2484284530670511E-03
  239  -0.3051275225726124E-03
  240  -0.3396388706777831E-03
  241  -0.3034061828222079E-03
  242  -0.3069413845172564E-03
  243  -0.2542243780540021E-03
  244  -0.3450052709598195E-03
  245  -0.2394737600116548E-03
  246  -0.3715739625046455E-03
  247  -0.2291328355982225E-03
  248  -0.3499391308156019E-03
  249  -0.2087102569610089E-03
  250  -0.3325065088169987E-03
  251  -0.2350102442538748E-03
  252  -0.2982824674772067E-03
  253  -0.2239645496805442E-03
  254  -0.2865711684811867E-03
  255  -0.2105691951663768E-03
  256  -0.2140576938038929E-03
  257  -0.2799905894395049E-03
  258  -0.2429481512559173E-03
  259  -0.2419116244792852E-03
  260  -0.2195852767727935E-03
  261  -0.2368318289174276E-03
  262  -0.2390541611706487E-03
  263  -0.2292416261306940E-03
  264  -0.2218250650720677E-03
  265  -0.2091631996632426E-03
  266  -0.2501017350773349E-03
  267  -0.2165285693807029E-03
  268  -0.2458978705839332E-03
  269  -0.1781031156916635E-03
  270  -0.2518805066500374E-03
  271  -0.1899598328122254E-03
  272  -0.2035142575119719E-03
  273  -0.1757488704005050E-03
  274  -0.2090657114318661E-03
  275  -0.2186273899097424E-03
  276  -0.1900292231543643E-03
  277  -0.2037975818717230E-03
  278  -0.1908130534700736E-03
  279  -0.2172946337634651E-03
  280  -0.2424252819726580E-03
  281  -0.1877591604978468E-03
  282  -0.2308684127081961E-03
  283  -0.1717024686272994E-03
  284  -0.2050058432661594E-03
  285  -0.1535837922429506E-03
  286  -0.1985986935422179E-03
  287  -0.1572296393748118E-03
  288  -0.1925113140293089E-03
  289  -0.1469972161828315E-03
  290  -0.1559850498517590E-03
  291  -0.1840544888788709E-03
  292  -0.1620422141853095E-03
  293  -0.1568458096261049E-03
  294  -0.1943448969174422E-03
  295  -0.1275693257138943E-03
  296  -0.1664085415924998E-03
  297  -0.1517461227067973E-03
  298  -0.1651218771241969E-03
  299  -0.1654175395218171E-03
  300  -0.1553094482432127E-03
  301  -0.1718333535513650E-03
  302  -0.1409528503166224E-03
  303  -0.1548934944660685E-03
  304  -0.1115040157685376E-03
  305  -0.1082468030598194E-03
  306  -0.9615018263975372E-04
  307  -0.1360152137260817E-03
  308  -0.1396572036171384E-03
  309  -0.9270999801536117E-04
  310  -0.1082675312882309E-03
  311  -0.1108588414578393E-03
  312  -0.1276314903412845E-03
  313  -0.1128163824499762E-03
  314  -0.1176327339447170E-03
  315  -0.1142777704943865E-03
  316  -0.1245308134500966E-03
  317  -0.1333394774589158E-03
  318  -0.1081417050991518E-03
  319  -0.1159688362272204E-03
  320  -0.1271799827967657E-03
  321  -0.9844029503547347E-04
  322  -0.1249134125905216E-03
  323  -0.8328187930539688E-04
  324  -0.1012485655363937E-03
  325  -0.7710701486590699E-04
  326  -0.1035048236514013E-03
  327  -0.7169356320918530E-04
  328  -0.8687322700040578E-04
  329  -0.5936967587832909E-04
  330  -0.8537967275903946E-04
  331  -0.9564087687882750E-04
  332  -0.5224874245637889E-04
  333  -0.5895276150680306E-04
  334  -0.6905430253378864E-04
  335  -0.4977509733339325E-04
  336  -0.5159388268349829E-04
  337  -0.5220502992203668E-04
  338  -0.4036507562915626E-04
  339  -0.1439141551567991E-04
  340  -0.7227926167158172E-04
  341  -0.1220896231460267E-04
  342  -0.6729556344103882E-04
  343  -0.2066473494644061E-04
  344  -0.3169916767553627E-04
  345   0.1961328402216855E-05
  346   0.1779123837031271E-04
  347   0.1108603433205846E-04
  348   0.2085543866497952E-04
  349  -0.1946435715530215E-04
  350   0.3828311350270730E-04
  351   0.1166391544554779E-04
  352   0.3581996639448470E-04
  353   0.1512774997691757E-04
  354   0.9058398962535907E-05
  355   0.4517268605125357E-04
  356   0.5265214392452533E-05
  357   0.2440022696111044E-04
  358  -0.1270298523102509E-04
  359   0.1062009273299080E-04
  360   0.1016531577011093E-05
  361  -0.3240108398361308E-05
  362   0.2461379548118758E-04
  363   0.1533803400484424E-04
  364   0.3026872387840163E-04
  365   0.1630877957016497E-04
  366   0.4080387646766825E-04
  367   0.6399973799818548E-04
  368   0.2254097149588519E-04
  369   0.8988037278338801E-04
  370   0.6291130917709942E-04
  371   0.5878503619544118E-04
  372   0.7684899345756363E-04
  373   0.7200497947647266E-04
  374   0.6850198850497091E-04
  375   0.1395310111682382E-03
  376   0.7700441212767084E-04
  377   0.1422427784751011E-03
  378   0.1255898366662629E-03
  379   0.1790665954612761E-03
  380   0.1985050142762346E-03
  381   0.2530535726074697E-03
  382   0.2858817434840295E-03
  383   0.3445261441448206E-03
