# nlmax, ncor, nside =         383           1         128
    0  -0.2236186477235253E+03
    1   0.8914922922317680E+02
    2   0.2020618042428559E+04
    3   0.6105779639714883E+03
    4   0.4019748820674670E+03
    5   0.2054237713772323E+03
    6   0.1337515997850129E+03
    7   0.1994257878444317E+03
    8   0.3580763540749055E+02
    9   0.4048966388288729E+02
   10   0.3533546994882462E+02
   11   0.5968695575701787E+02
   12   0.3465515650451373E+02
   13   0.2739797935293846E+02
   14   0.2047164944083933E+02
   15   0.2824081766730864E+02
   16   0.1627123858207648E+02
   17   0.2431711576453858E+02
   18   0.8500088179231142E+01
   19   0.1213111591334412E+02
   20   0.1535949262735107E+02
   21   0.7883038630673352E+01
   22   0.9296828765215748E+01
   23   0.1059537615385352E+02
   24   0.4292487885409459E+01
   25   0.1484173876590528E+02
   26   0.7365186167240996E+01
   27   0.7039940763599583E+01
   28   0.3017007651251363E+01
   29   0.4162478945151226E+01
   30   0.7506670300317012E+01
   31   0.5813878368601560E+01
   32   0.4456679283128456E+01
   33   0.4630541658814467E+01
   34   0.4572494889331310E+01
   35   0.2855654419887730E+01
   36   0.4149458573215680E+01
   37   0.5626976328657963E+01
   38   0.5054185296063526E+01
   39   0.3646675259698007E+01
   40   0.2737210857478861E+01
   41   0.3795037310161832E+01
   42   0.4182411512457369E+01
   43   0.3139837854491657E+01
   44   0.2449836866331411E+01
   45   0.3406081611677032E+01
   46   0.3902018805973493E+01
   47   0.3224647584205801E+01
   48   0.2516336185811054E+01
   49   0.1621682141786574E+01
   50   0.2990320217663763E+01
   51   0.2722593264698359E+01
   52   0.2304227152173192E+01
   53   0.2359029778607458E+01
   54   0.2964338026121314E+01
   55   0.1820070906566381E+01
   56   0.2229917756447593E+01
   57   0.2731575879092847E+01
   58   0.2526978909902521E+01
   59   0.1241615506063666E+01
   60   0.1482305686432205E+01
   61   0.1855297940340841E+01
   62   0.1380127791518132E+01
   63   0.2109187422371185E+01
   64   0.1988858525649109E+01
   65   0.1661759783827729E+01
   66   0.2169536196763583E+01
   67   0.1912968704539478E+01
   68   0.1205427639235265E+01
   69   0.1254791851129261E+01
   70   0.1107444739122028E+01
   71   0.1332465063364797E+01
   72   0.1146960446302673E+01
   73   0.1493460152902431E+01
   74   0.1290130639197160E+01
   75   0.8373376621917341E+00
   76   0.1051000724199855E+01
   77   0.1040884606871865E+01
   78   0.1329361464892575E+01
   79   0.9139060154917857E+00
   80   0.1157918438417493E+01
   81   0.1024566491935100E+01
   82   0.1143220056058761E+01
   83   0.1042707898005375E+01
   84   0.9334919930043897E+00
   85   0.1025520447585270E+01
   86   0.8286098646835394E+00
   87   0.7291755545035150E+00
   88   0.7377484407575150E+00
   89   0.7165368987609790E+00
   90   0.8479869854231206E+00
   91   0.8859113717322058E+00
   92   0.9482769486971223E+00
   93   0.6812002373262274E+00
   94   0.8100931263604547E+00
   95   0.6378394542931318E+00
   96   0.7256825226248447E+00
   97   0.5596466446858492E+00
   98   0.6940246422166105E+00
   99   0.6849567245261421E+00
  100   0.4933837082618746E+00
  101   0.6726952546153384E+00
  102   0.4524913890710269E+00
  103   0.5527038279378689E+00
  104   0.5397627375574419E+00
  105   0.4940535682005940E+00
  106   0.4060267944161040E+00
  107   0.3926291803963016E+00
  108   0.4749980307436619E+00
  109   0.4189235834064862E+00
  110   0.4871463257772142E+00
  111   0.3278717394390658E+00
  112   0.4197705006039447E+00
  113   0.3866457919268922E+00
  114   0.3758317596749976E+00
  115   0.3609926922737501E+00
  116   0.3869785154629004E+00
  117   0.3334645742349531E+00
  118   0.3974558431197859E+00
  119   0.3202650328333514E+00
  120   0.2913485717611366E+00
  121   0.2991259819623611E+00
  122   0.3072266708847120E+00
  123   0.3404207197059601E+00
  124   0.2166503065331769E+00
  125   0.2912031282913605E+00
  126   0.2650314871960024E+00
  127   0.2083175096316252E+00
  128   0.3178932395200629E+00
  129   0.2484474507746502E+00
  130   0.1736061476571427E+00
  131   0.2106731599908610E+00
  132   0.2061026690372205E+00
  133   0.1842404798682128E+00
  134   0.2166599493802398E+00
  135   0.1887611021468534E+00
  136   0.1375141350668467E+00
  137   0.1799127072634494E+00
  138   0.1788189786372280E+00
  139   0.1587246158883089E+00
  140   0.1803483491032378E+00
  141   0.1634119933691852E+00
  142   0.1338323725643442E+00
  143   0.1536957323833258E+00
  144   0.1353117446525227E+00
  145   0.1332084027438230E+00
  146   0.1360319446530566E+00
  147   0.1090129299973921E+00
  148   0.1192143398562844E+00
  149   0.1164420417680354E+00
  150   0.1314379000434641E+00
  151   0.9302391209734684E-01
  152   0.9573946840737779E-01
  153   0.1003972792805188E+00
  154   0.1058433756406086E+00
  155   0.9822306315458085E-01
  156   0.9690959101355134E-01
  157   0.9389593796960682E-01
  158   0.7191071559284445E-01
  159   0.7052936048812386E-01
  160   0.7995108046792088E-01
  161   0.9408370941792243E-01
  162   0.7492047217967779E-01
  163   0.6840913286598482E-01
  164   0.7275085111174662E-01
  165   0.7092397390567029E-01
  166   0.6394979283314395E-01
  167   0.6321176644096071E-01
  168   0.5175166688498600E-01
  169   0.5178552024548633E-01
  170   0.5474423733809908E-01
  171   0.4769930019647139E-01
  172   0.5924527435195914E-01
  173   0.3574330498579981E-01
  174   0.3833434787189571E-01
  175   0.4748776494817020E-01
  176   0.4748346078453536E-01
  177   0.4383161660987112E-01
  178   0.3517645384182111E-01
  179   0.3443303007626342E-01
  180   0.2545995615491981E-01
  181   0.3180922049943635E-01
  182   0.2711446001027384E-01
  183   0.1854584629865652E-01
  184   0.3424131427089105E-01
  185   0.3065643814299246E-01
  186   0.2564254781920994E-01
  187   0.1986426774398786E-01
  188   0.2976453433167237E-01
  189   0.1799788199660690E-01
  190   0.2060876070307949E-01
  191   0.2472257803332290E-01
  192   0.2227188742869590E-01
  193   0.1800456624015312E-01
  194   0.1177358245088467E-01
  195   0.1540047435840475E-01
  196   0.1748210257905980E-01
  197   0.1409087156420630E-01
  198   0.1591054545633774E-01
  199   0.1699510817400685E-01
  200   0.1051580570214039E-01
  201  -0.1127706954678898E-02
  202  -0.1053273614115557E-03
  203  -0.7200349198354106E-03
  204   0.6626089431809312E-03
  205  -0.2821407188221547E-03
  206  -0.1907394632163495E-03
  207  -0.1016200998235406E-02
  208  -0.1118924946589939E-02
  209  -0.1196017179403208E-02
  210  -0.1006993563160030E-02
  211  -0.8903057569527029E-03
  212  -0.4582519461052703E-03
  213  -0.6974011005944636E-04
  214  -0.8635275705197731E-03
  215  -0.1188623002885691E-02
  216  -0.2947781639921487E-03
  217  -0.1649158750895663E-02
  218  -0.1394012420019575E-02
  219  -0.4297858527846365E-04
  220  -0.1149136626500624E-02
  221  -0.7615515329336686E-03
  222  -0.1747657503911038E-03
  223  -0.9998065663553435E-03
  224  -0.8884910814416225E-03
  225  -0.4377056289025516E-03
  226  -0.8251600965730743E-03
  227  -0.1463981928169322E-02
  228  -0.5674438964198281E-04
  229  -0.7091517287702853E-03
  230  -0.1353977817405760E-02
  231  -0.5535706060776358E-03
  232  -0.1204691247812084E-02
  233  -0.8307046638479365E-03
  234  -0.1375011068866394E-02
  235  -0.1467930101273995E-02
  236  -0.6601800234669053E-03
  237  -0.8320741811487231E-03
  238  -0.8863606115714351E-03
  239  -0.4449937283306227E-03
  240  -0.4808038240666779E-03
  241  -0.9630380872517330E-03
  242  -0.4974918369006209E-03
  243  -0.6074431375180378E-03
  244  -0.4750894636311731E-03
  245  -0.5039459048462591E-03
  246  -0.9180148185683468E-03
  247  -0.8528338149729198E-03
  248  -0.1105806130371811E-02
  249  -0.1268276501494525E-02
  250  -0.1080678136638147E-02
  251  -0.8596222640561146E-03
  252  -0.7801981036849037E-03
  253  -0.8668177401757182E-03
  254  -0.1075103547555689E-02
  255  -0.3157301661470546E-03
  256  -0.1061364139693044E-02
  257  -0.7698818598724788E-03
  258  -0.7301905967784794E-03
  259  -0.7153208517992615E-03
  260  -0.3836026561794270E-03
  261  -0.3478363401879792E-03
  262  -0.5138563150192121E-03
  263  -0.3874732931613556E-03
  264  -0.5708196109569519E-03
  265  -0.2357132982779842E-03
  266  -0.1359868499898331E-03
  267  -0.1972980355968712E-04
  268  -0.7798523792091894E-03
  269  -0.5831926317618752E-03
  270  -0.3785647983900464E-03
  271  -0.4925030209737002E-03
  272  -0.1027653710087173E-02
  273  -0.5868775136224080E-03
  274  -0.5025142074343014E-03
  275  -0.4904572401126517E-03
  276  -0.2728516925772917E-03
  277  -0.3365150271322781E-03
  278  -0.2806897622628091E-03
  279  -0.3364241847451099E-03
  280  -0.1246660210014738E-03
  281  -0.8530249741062201E-03
  282  -0.3240296222529748E-03
  283  -0.1679762140197605E-03
  284  -0.3271848018370771E-03
  285  -0.6696512011873379E-03
  286  -0.8648321110271695E-04
  287   0.6129315282576986E-04
  288  -0.1234292603379261E-03
  289  -0.2447218178525112E-03
  290  -0.3253903236655753E-03
  291  -0.2279494084311828E-03
  292  -0.7153355555206131E-03
  293  -0.4063316271383233E-03
  294  -0.4445758314265413E-03
  295  -0.5176009851401431E-03
  296  -0.4368567102976395E-03
  297  -0.4689673215463319E-04
  298  -0.4249526313113705E-03
  299  -0.4193816320073873E-03
  300   0.1070527594675963E-03
  301  -0.5277101058470679E-03
  302  -0.5467557580162152E-03
  303  -0.4305205252756461E-03
  304  -0.4082240798727321E-03
  305  -0.4367002073438209E-03
  306   0.8824368253906867E-04
  307  -0.3852143762618221E-03
  308  -0.3503494914908201E-03
  309  -0.3565006523642555E-03
  310  -0.5076657861680656E-03
  311  -0.1374326534127057E-03
  312  -0.3044063423733312E-03
  313  -0.4187797804215410E-03
  314   0.1983146966369476E-03
  315  -0.1579207812436589E-03
  316  -0.5819817148328688E-03
  317  -0.2291260476214307E-03
  318  -0.2324495160985207E-03
  319  -0.4187781708357430E-03
  320  -0.3183439328702797E-03
  321  -0.1820517947304645E-03
  322  -0.3271882450292529E-03
  323  -0.8047492415902413E-04
  324  -0.2974995282277182E-03
  325  -0.1195761705573561E-03
  326  -0.2691306226893508E-03
  327  -0.2139086231959797E-03
  328  -0.4291270247783752E-03
  329  -0.2125552204496617E-03
  330  -0.9858684329738798E-04
  331   0.1105772548105621E-03
  332   0.6140656261438560E-04
  333  -0.3643932727641352E-03
  334  -0.1492464722061271E-03
  335   0.1215701567358063E-03
  336  -0.2051074117818685E-03
  337  -0.1435492290217388E-03
  338  -0.2351277406929253E-03
  339  -0.2283682018592303E-03
  340  -0.1089472125533342E-03
  341  -0.8222574748792399E-04
  342  -0.1431995061605684E-03
  343  -0.1439890840466973E-03
  344  -0.9233263216082421E-04
  345  -0.9922929517708345E-05
  346   0.8694612297649451E-04
  347  -0.1180535184461262E-04
  348  -0.3342914123554974E-03
  349  -0.1550865722814432E-03
  350   0.2345374095005792E-04
  351   0.2178003096159897E-03
  352   0.3281075547641454E-03
  353  -0.1348287437660800E-04
  354   0.1618271397441640E-03
  355   0.1470276349634370E-03
  356   0.1789190443814426E-03
  357   0.1197946867471655E-03
  358   0.2237811087304337E-03
  359   0.7777783674650651E-04
  360   0.2313623029036455E-03
  361   0.1009257038754874E-03
  362   0.4307493981467736E-03
  363   0.1989238882255107E-03
  364   0.1716934560801880E-03
  365   0.4152477601587351E-03
  366   0.3525543628633693E-03
  367   0.6150827465498249E-03
  368   0.4581298384414012E-03
  369   0.4401840371794224E-03
  370   0.4984247135066677E-03
  371   0.4223821510680736E-03
  372   0.6482568837569494E-03
  373   0.7229692124865669E-03
  374   0.8065457376530763E-03
  375   0.7216627220118163E-03
  376   0.1006025433531642E-02
  377   0.6236131826691041E-03
  378   0.7894848528331617E-03
  379   0.1038157376449123E-02
  380   0.1130405057790614E-02
  381   0.1303711248416729E-02
  382   0.1692292948046844E-02
  383   0.2188610825401118E-02
