# nlmax, ncor, nside =         383           1         128
    0  -0.3814606811159276E+00
    1  -0.2874428159098048E+00
    2   0.1360831613776612E+04
    3   0.7511648181431914E+03
    4   0.2943347183331998E+03
    5   0.2147758136595884E+03
    6   0.1194466317688469E+03
    7   0.1341108475465952E+03
    8   0.5174298064069400E+02
    9   0.5211215479509476E+02
   10   0.5084040410715266E+02
   11   0.5645146247099301E+02
   12   0.2510791159437068E+02
   13   0.2770273233639453E+02
   14   0.2263843543420737E+02
   15   0.2507330553847831E+02
   16   0.2274567296353995E+02
   17   0.2266542401868356E+02
   18   0.9075893588117772E+01
   19   0.1463232638853170E+02
   20   0.1606668378493305E+02
   21   0.7992071448551089E+01
   22   0.9014101744755251E+01
   23   0.1117960989579756E+02
   24   0.6244979416696900E+01
   25   0.1318142181689941E+02
   26   0.7581585327424903E+01
   27   0.7692569099936348E+01
   28   0.4532358768379501E+01
   29   0.5512495228757419E+01
   30   0.6346801931391737E+01
   31   0.5894807661261779E+01
   32   0.4421276101698103E+01
   33   0.4348020838250928E+01
   34   0.4520295865901387E+01
   35   0.3829566056685203E+01
   36   0.4139216740114249E+01
   37   0.5641826156105848E+01
   38   0.4537576235638102E+01
   39   0.3451925761883406E+01
   40   0.3120162660940803E+01
   41   0.4031938487684696E+01
   42   0.4093429179095828E+01
   43   0.3045070253739427E+01
   44   0.2800633002672333E+01
   45   0.3477936217015284E+01
   46   0.3699606536787547E+01
   47   0.3172782424586720E+01
   48   0.2981722220966943E+01
   49   0.2172650691594329E+01
   50   0.3016250728775302E+01
   51   0.2250364201469305E+01
   52   0.2494408173189067E+01
   53   0.1976283440303814E+01
   54   0.2905904418970930E+01
   55   0.2297920011817983E+01
   56   0.2074594564155411E+01
   57   0.2956126041346042E+01
   58   0.2701132596472009E+01
   59   0.1789979931859200E+01
   60   0.1831974876893201E+01
   61   0.1770047229258355E+01
   62   0.1778724688395193E+01
   63   0.1765157169315003E+01
   64   0.1914911544083124E+01
   65   0.1687496890062546E+01
   66   0.1651011370746192E+01
   67   0.1836670381055703E+01
   68   0.1659545538031030E+01
   69   0.1377546124406756E+01
   70   0.1256994587597308E+01
   71   0.1197038664538337E+01
   72   0.1141998772061569E+01
   73   0.1253955002830924E+01
   74   0.1327150972553031E+01
   75   0.9309095748713352E+00
   76   0.1048150920616909E+01
   77   0.1202890911492784E+01
   78   0.1162128341603425E+01
   79   0.1134772054243447E+01
   80   0.1118407879786726E+01
   81   0.1080584699359250E+01
   82   0.1165736630919130E+01
   83   0.9578289496440757E+00
   84   0.9708644418572945E+00
   85   0.8815553672750960E+00
   86   0.9457189182091033E+00
   87   0.8186993961368976E+00
   88   0.6701357750040831E+00
   89   0.6809262295858669E+00
   90   0.9840048610830385E+00
   91   0.7555414117597634E+00
   92   0.8615560108706177E+00
   93   0.7013288216018045E+00
   94   0.8092682000283324E+00
   95   0.5837772368228722E+00
   96   0.6859929482669751E+00
   97   0.6084388761758170E+00
   98   0.7124790087852997E+00
   99   0.6113652874689166E+00
  100   0.4767273381583645E+00
  101   0.6166421226201682E+00
  102   0.5149877352178904E+00
  103   0.5441999801575961E+00
  104   0.6040594641751524E+00
  105   0.4673027518098152E+00
  106   0.4461378261182432E+00
  107   0.4121351335862053E+00
  108   0.5273804959571353E+00
  109   0.4280138891823877E+00
  110   0.4792233201694169E+00
  111   0.3507683368788794E+00
  112   0.4135324018116291E+00
  113   0.4227278174422577E+00
  114   0.4190407004378440E+00
  115   0.3428369674337794E+00
  116   0.3723322475787094E+00
  117   0.3687264134626904E+00
  118   0.3582694737623389E+00
  119   0.3597988212002552E+00
  120   0.3240909377523822E+00
  121   0.3020973289449238E+00
  122   0.3044528443061778E+00
  123   0.2931503872093852E+00
  124   0.2590688522244291E+00
  125   0.2807339660171286E+00
  126   0.2645204732481106E+00
  127   0.2401013864955429E+00
  128   0.2739447263612667E+00
  129   0.2647099089012427E+00
  130   0.1944650886082443E+00
  131   0.2199871387507832E+00
  132   0.2355072623021666E+00
  133   0.2030704355937560E+00
  134   0.2110276727897357E+00
  135   0.1970743812178767E+00
  136   0.1640163935506717E+00
  137   0.1953297072957401E+00
  138   0.1872786122130565E+00
  139   0.1667420567926574E+00
  140   0.1745340602779815E+00
  141   0.1583830110233336E+00
  142   0.1318025231067488E+00
  143   0.1582214413751362E+00
  144   0.1568513319226733E+00
  145   0.1337448504460925E+00
  146   0.1344908238458146E+00
  147   0.1223777880005890E+00
  148   0.1315113180112618E+00
  149   0.1188964784344726E+00
  150   0.1145761653010009E+00
  151   0.1055794584512297E+00
  152   0.9902600426987984E-01
  153   0.1189762741739211E+00
  154   0.9279876742750326E-01
  155   0.9866524848638014E-01
  156   0.9954737014135229E-01
  157   0.9401919698066230E-01
  158   0.8417072278606896E-01
  159   0.7887261082660757E-01
  160   0.7440692530025728E-01
  161   0.8072336126561752E-01
  162   0.8039346723831609E-01
  163   0.7830771922378332E-01
  164   0.6805898794823428E-01
  165   0.7001684365153749E-01
  166   0.6725794725459855E-01
  167   0.6549909724250957E-01
  168   0.5293295868650572E-01
  169   0.5831862563810342E-01
  170   0.5821325163063407E-01
  171   0.4411122888504493E-01
  172   0.4893624971815236E-01
  173   0.4185604267777043E-01
  174   0.4296879491859729E-01
  175   0.4849941611314190E-01
  176   0.4518094736961731E-01
  177   0.4416604733561780E-01
  178   0.3757295812438000E-01
  179   0.3315567011347187E-01
  180   0.3066349153521852E-01
  181   0.3207397713219318E-01
  182   0.3069535305827997E-01
  183   0.2733811374066863E-01
  184   0.3378759973876888E-01
  185   0.2655703630026840E-01
  186   0.2403503616430835E-01
  187   0.2288972419798374E-01
  188   0.2875802438901842E-01
  189   0.2217840716385466E-01
  190   0.2222821060468649E-01
  191   0.2170303367411208E-01
  192   0.2089711523640070E-01
  193   0.1846223734652008E-01
  194   0.1600015259778031E-01
  195   0.1725200114957437E-01
  196   0.1679872113032232E-01
  197   0.1468407882787559E-01
  198   0.1606483543278991E-01
  199   0.1651093471110898E-01
  200   0.1305211469115497E-01
  201  -0.5082332486612273E-03
  202  -0.2848623579280174E-03
  203  -0.3719057456977870E-03
  204  -0.4643701185321758E-03
  205  -0.3955737893126532E-03
  206  -0.5058117691634223E-03
  207  -0.3769291696278376E-03
  208  -0.5233350939937154E-03
  209  -0.3277620102123402E-03
  210  -0.3782450586070629E-03
  211  -0.2828221032119549E-03
  212  -0.4209946464598380E-03
  213  -0.4430984294415685E-03
  214  -0.4192157267725038E-03
  215  -0.4287321632258090E-03
  216  -0.3714335803723934E-03
  217  -0.4565982459208140E-03
  218  -0.4679457045008162E-03
  219  -0.2645497127521379E-03
  220  -0.2941226697316113E-03
  221  -0.2927214967377578E-03
  222  -0.3252612199562410E-03
  223  -0.4067968918552989E-04
  224  -0.3116208593149095E-03
  225  -0.1747582015062532E-03
  226  -0.3262266285567472E-03
  227  -0.2462240163308982E-03
  228  -0.2906937331382808E-03
  229  -0.2032759827326203E-03
  230  -0.1521644626468754E-03
  231  -0.2814863236163534E-03
  232  -0.2579610493993467E-03
  233  -0.2351857341068575E-03
  234  -0.3417386930419930E-03
  235  -0.1074728949992387E-03
  236  -0.2869619772363219E-03
  237  -0.1890534068496041E-03
  238  -0.3080546393784411E-03
  239  -0.1823361624345710E-03
  240  -0.2225507953479422E-03
  241  -0.2478600749256099E-03
  242  -0.2618997917278598E-03
  243  -0.2482910959029638E-03
  244  -0.1557799230237356E-03
  245  -0.1713263630602757E-03
  246  -0.2425854435750274E-03
  247  -0.1840975945334167E-03
  248  -0.2968928027849982E-03
  249  -0.2578827198491673E-03
  250  -0.2390514852250725E-03
  251  -0.2487655288452295E-03
  252  -0.1552648724062466E-03
  253  -0.1396232373728212E-03
  254  -0.1639340105994425E-03
  255  -0.1548312836306964E-03
  256  -0.3555304366043011E-04
  257  -0.1245784590518939E-03
  258  -0.1355949161575554E-03
  259  -0.2384115735651893E-03
  260  -0.2184292737035243E-03
  261  -0.2788835164626580E-03
  262  -0.1384363771272934E-03
  263  -0.2513739247329561E-03
  264  -0.1373062940346337E-03
  265  -0.1172703303220501E-03
  266  -0.1757171730831786E-03
  267  -0.1702241630899826E-03
  268  -0.3925655251624249E-04
  269  -0.1644450221846006E-03
  270  -0.2026881170081873E-03
  271  -0.2142657760062505E-03
  272  -0.1882250975523414E-03
  273  -0.1995493438518015E-03
  274  -0.1330547878449773E-03
  275  -0.2119022800028958E-03
  276  -0.1589799372034850E-03
  277  -0.2114607256255008E-03
  278  -0.1647927015820949E-03
  279  -0.1875554432506643E-03
  280  -0.1576945903874472E-03
  281  -0.2301438542969825E-03
  282  -0.1178181557761615E-03
  283  -0.1690128228266086E-03
  284  -0.1063083956683308E-03
  285  -0.9016950195833706E-04
  286   0.1235333838173203E-04
  287  -0.1312380686628867E-03
  288  -0.9207859784476913E-04
  289  -0.1444218518480422E-03
  290  -0.1797489462855295E-03
  291  -0.1739732255974236E-03
  292  -0.1765509619631733E-03
  293  -0.1440177936695153E-03
  294  -0.1284622345130715E-03
  295  -0.1581895551064361E-03
  296  -0.1385341190437428E-03
  297  -0.2199317919533428E-03
  298  -0.1198041337078792E-03
  299  -0.1116977498099025E-03
  300  -0.1546205008826074E-03
  301  -0.1692372962011635E-03
  302  -0.1995358487857368E-03
  303  -0.1384757564971140E-03
  304  -0.2072241362450211E-03
  305  -0.1954785825529215E-03
  306  -0.2007839355944729E-03
  307  -0.1641345092998070E-03
  308  -0.1898144086778797E-03
  309  -0.1896384406045448E-03
  310  -0.1554626626648070E-03
  311  -0.1541344620196727E-03
  312  -0.1466218307990541E-03
  313  -0.1610806583504654E-03
  314  -0.1625596267619267E-03
  315  -0.1838452545192548E-03
  316  -0.1539369562219561E-03
  317  -0.1597013845661133E-03
  318  -0.1364333519404681E-03
  319  -0.1201089488352403E-03
  320  -0.1264244509308066E-03
  321  -0.1171602348289946E-03
  322  -0.1296628402298050E-03
  323  -0.9714659766774103E-04
  324  -0.1198486210395311E-03
  325  -0.1034520299637576E-03
  326  -0.6921066395820796E-04
  327  -0.9685780130153088E-04
  328  -0.6041987284971517E-04
  329  -0.6908554397555555E-04
  330  -0.7903882418641706E-04
  331  -0.9549634972350063E-04
  332  -0.1039091411342563E-03
  333  -0.6715739550194888E-04
  334  -0.6253499630806680E-04
  335  -0.7154143170703953E-04
  336  -0.8069109065308999E-04
  337  -0.4152692691072879E-04
  338  -0.1068713910475638E-03
  339  -0.8847562658298447E-04
  340  -0.9527842205150905E-04
  341  -0.6192199360049999E-04
  342  -0.8414919052321390E-04
  343  -0.4234433633235057E-04
  344  -0.6894996615339211E-04
  345  -0.5566573328708024E-04
  346  -0.6129434589616234E-04
  347  -0.2638400493579218E-04
  348  -0.5300532010771297E-04
  349  -0.3170793749951439E-04
  350  -0.2646574620482345E-04
  351  -0.4398156050317015E-04
  352  -0.3959711812279165E-04
  353  -0.2620646526652060E-04
  354  -0.3249034667221484E-04
  355  -0.3211501989663912E-04
  356  -0.2630890539337405E-04
  357  -0.2275926003517115E-04
  358  -0.3028460296641833E-04
  359  -0.3009273226219078E-04
  360  -0.6132977045589239E-05
  361  -0.3648188257876495E-06
  362   0.6714350491238141E-05
  363  -0.1726325190190559E-04
  364   0.1566556667265129E-04
  365  -0.1371756042871375E-04
  366   0.4096038027623372E-04
  367   0.2515675473521717E-04
  368   0.4326133535491328E-04
  369   0.5687507486722143E-04
  370   0.6033232709890674E-04
  371   0.4415768935867037E-04
  372   0.8382107211320211E-04
  373   0.6367252179656502E-04
  374   0.1034745688467467E-03
  375   0.7113922287338426E-04
  376   0.1359357961126587E-03
  377   0.9656242064685211E-04
  378   0.1560021611520246E-03
  379   0.1365798887189781E-03
  380   0.1908799179600566E-03
  381   0.1906356984538483E-03
  382   0.2511321940983878E-03
  383   0.3380675385354342E-03
