# nlmax, ncor, nside =         383           1         128
    0   0.6939592359375263E+01
    1  -0.6559492152936208E-01
    2   0.9010329391094594E+03
    3   0.3579331554675512E+03
    4   0.1360020258228793E+03
    5   0.1802114314372015E+03
    6   0.1306856337218765E+03
    7   0.1072935412582932E+03
    8   0.5026925817957368E+02
    9   0.3461579424884371E+02
   10   0.3953825057529320E+02
   11   0.1363242270393277E+02
   12   0.5873196097716516E+02
   13   0.1681366746847169E+02
   14   0.3142427959492469E+02
   15   0.2729138378870639E+02
   16   0.1759970424198523E+02
   17   0.1584068860483071E+02
   18   0.1073066207772359E+02
   19   0.1282909688487738E+02
   20   0.1513070568401853E+02
   21   0.1463171691113816E+02
   22   0.9028920852119429E+01
   23   0.1111811222484759E+02
   24   0.6978998848197201E+01
   25   0.8795231103997320E+01
   26   0.6935043269835678E+01
   27   0.1060512586011148E+02
   28   0.7256460239672160E+01
   29   0.6525928600844360E+01
   30   0.5637561014892956E+01
   31   0.5804288194530540E+01
   32   0.6190940939845343E+01
   33   0.5947524792224818E+01
   34   0.5451001953551822E+01
   35   0.4120530316094628E+01
   36   0.3596529614990940E+01
   37   0.4022610549785900E+01
   38   0.3976324452947486E+01
   39   0.3955810441890822E+01
   40   0.4243412865930704E+01
   41   0.4238958957828827E+01
   42   0.3895102238913295E+01
   43   0.3426677950497207E+01
   44   0.3370799205457972E+01
   45   0.3156469764008056E+01
   46   0.3194463579565924E+01
   47   0.2911430596323546E+01
   48   0.2360891971347245E+01
   49   0.2389928617356598E+01
   50   0.2478397277680880E+01
   51   0.2764677994882930E+01
   52   0.2305105670233661E+01
   53   0.2639631574146247E+01
   54   0.2582401863847508E+01
   55   0.2266867700759798E+01
   56   0.1778968557081251E+01
   57   0.2474465125663548E+01
   58   0.2457419481250336E+01
   59   0.2037621126439146E+01
   60   0.1346079738459053E+01
   61   0.2207212780668954E+01
   62   0.2102023624212882E+01
   63   0.1492425856557571E+01
   64   0.1467123941170702E+01
   65   0.1663782041903987E+01
   66   0.1686310267661120E+01
   67   0.1535366631230887E+01
   68   0.1455048178729039E+01
   69   0.1229918436588947E+01
   70   0.1615690159205666E+01
   71   0.1568144912653369E+01
   72   0.1216406319714751E+01
   73   0.1210406149682187E+01
   74   0.1571292569541346E+01
   75   0.1071568076213754E+01
   76   0.1220357642861965E+01
   77   0.1300714959802411E+01
   78   0.1247019011662021E+01
   79   0.8070144915942115E+00
   80   0.1081564865267944E+01
   81   0.9266520098076811E+00
   82   0.9648505242227876E+00
   83   0.9182719264981836E+00
   84   0.1078547576443794E+01
   85   0.8639830922799698E+00
   86   0.7993052537023626E+00
   87   0.9656694947561848E+00
   88   0.6976456046279704E+00
   89   0.8817441101546541E+00
   90   0.8029468623042126E+00
   91   0.7710326686320916E+00
   92   0.8499221241943646E+00
   93   0.6799007589846451E+00
   94   0.6424962036598927E+00
   95   0.6844100330351572E+00
   96   0.7357274218872982E+00
   97   0.6280360210310345E+00
   98   0.5371779094792672E+00
   99   0.6308381774520968E+00
  100   0.6200303536235690E+00
  101   0.5137376703163692E+00
  102   0.5017520316877497E+00
  103   0.4956914399888610E+00
  104   0.6330157809850345E+00
  105   0.6028966799285860E+00
  106   0.5505005998645023E+00
  107   0.4977227567029656E+00
  108   0.5387845069937707E+00
  109   0.4769978674758346E+00
  110   0.4661003897376204E+00
  111   0.4460597962280617E+00
  112   0.4135453684820380E+00
  113   0.3419693045683485E+00
  114   0.4196203863226124E+00
  115   0.3425380031392327E+00
  116   0.4281660799027299E+00
  117   0.3446522838772565E+00
  118   0.3473941239754953E+00
  119   0.2851181502015717E+00
  120   0.3387985805801582E+00
  121   0.3124471338192292E+00
  122   0.3120442888370094E+00
  123   0.2624751376199350E+00
  124   0.3094325397399639E+00
  125   0.2600085295250562E+00
  126   0.2548562214009739E+00
  127   0.2313754974467562E+00
  128   0.2825468952428035E+00
  129   0.2426655448890451E+00
  130   0.2052908548615874E+00
  131   0.2536853174634489E+00
  132   0.2214749119227839E+00
  133   0.2103176893815454E+00
  134   0.1829855372037339E+00
  135   0.2094752438990408E+00
  136   0.1752066254637459E+00
  137   0.1790246162805508E+00
  138   0.1567491659108847E+00
  139   0.1657511797141832E+00
  140   0.1673387850701064E+00
  141   0.1884400815743748E+00
  142   0.1555249644806114E+00
  143   0.1484248324546757E+00
  144   0.1460435328460620E+00
  145   0.1509575145206618E+00
  146   0.1361846822430828E+00
  147   0.1164338673655181E+00
  148   0.1268049813125252E+00
  149   0.1304779816331350E+00
  150   0.1295156904584696E+00
  151   0.9369556905623866E-01
  152   0.1053870643325133E+00
  153   0.1041314575616297E+00
  154   0.9714012256418725E-01
  155   0.1002018654882013E+00
  156   0.8997195515715228E-01
  157   0.8810330564644664E-01
  158   0.8008504583907128E-01
  159   0.7265766084410719E-01
  160   0.8169304042048808E-01
  161   0.8222269069660559E-01
  162   0.8294582118554616E-01
  163   0.6781229862060567E-01
  164   0.6480865302669048E-01
  165   0.6167029588120665E-01
  166   0.6447831247294034E-01
  167   0.5602074533887336E-01
  168   0.5928457949752086E-01
  169   0.5245981257894827E-01
  170   0.5603908574164629E-01
  171   0.4787061181565966E-01
  172   0.4490612994580256E-01
  173   0.4055662436506924E-01
  174   0.4705279757205239E-01
  175   0.4392023806405765E-01
  176   0.3916570722825485E-01
  177   0.3802968341438673E-01
  178   0.3567890696526255E-01
  179   0.3162641598789595E-01
  180   0.2996258309340594E-01
  181   0.3728546276048683E-01
  182   0.2934036679582497E-01
  183   0.2961694941936566E-01
  184   0.3070714928427210E-01
  185   0.2654222238436432E-01
  186   0.2790841421000967E-01
  187   0.2763394535176622E-01
  188   0.2337137503375653E-01
  189   0.2498670956461890E-01
  190   0.2035571016795168E-01
  191   0.1836255531410425E-01
  192   0.1998362449618252E-01
  193   0.1781903911688565E-01
  194   0.1730254620006022E-01
  195   0.1735833351460492E-01
  196   0.1617223183796468E-01
  197   0.1312276208745611E-01
  198   0.1474448492007052E-01
  199   0.1457841437630469E-01
  200   0.1285232517157520E-01
  201  -0.1348863380523646E-03
  202  -0.1680071678527018E-03
  203  -0.9105519864704981E-04
  204  -0.2399164128831233E-03
  205  -0.1778317339784508E-03
  206  -0.1883975949584782E-03
  207  -0.1274146852677793E-03
  208  -0.1745841458922204E-03
  209  -0.1848707419036533E-03
  210  -0.9660008564471578E-04
  211  -0.1048202418565403E-03
  212  -0.1336766921937738E-03
  213  -0.1876637685075400E-03
  214  -0.9925024119528114E-04
  215  -0.2925198301606535E-03
  216  -0.3158616644538537E-04
  217  -0.2622411503064859E-03
  218  -0.1281352721510531E-03
  219  -0.1589077492980540E-03
  220  -0.1740249322422782E-03
  221  -0.7952893248541759E-04
  222  -0.1977076299977121E-03
  223  -0.1658403231107330E-03
  224  -0.2167664558324622E-03
  225  -0.6398464122003844E-04
  226  -0.1988611947441044E-03
  227  -0.1168026856185334E-03
  228  -0.1126631239448672E-03
  229  -0.6179122969385276E-04
  230  -0.3980574095518996E-04
  231  -0.9805490423409058E-04
  232  -0.1110869323238672E-03
  233  -0.3927308884721370E-04
  234  -0.1098752643425849E-03
  235  -0.4011016896121600E-04
  236  -0.3642088443844838E-04
  237  -0.1001792002095492E-03
  238  -0.8937060955260812E-04
  239  -0.7249757766758513E-04
  240  -0.1044728263874806E-03
  241  -0.1480968551056394E-03
  242  -0.1179917188968149E-03
  243  -0.8282434952122664E-04
  244  -0.1118870608738387E-03
  245  -0.1319230038404617E-03
  246  -0.1813323515028609E-03
  247  -0.1082530911190593E-03
  248  -0.1545126238391425E-03
  249  -0.9350025003895812E-04
  250  -0.1376936903478843E-03
  251  -0.1372277522102561E-03
  252  -0.1205064973887060E-03
  253  -0.1629258536811617E-03
  254  -0.8590691336574086E-04
  255  -0.1550665784270100E-03
  256  -0.1137096197838527E-03
  257  -0.1611388234713518E-03
  258  -0.9692200405153617E-04
  259  -0.1032338994291226E-03
  260  -0.8714190436120983E-04
  261  -0.8549408466201891E-04
  262  -0.5490793416274009E-04
  263  -0.1148543635835497E-03
  264  -0.3932986548343953E-04
  265  -0.1151066762595798E-03
  266  -0.5656364876932551E-04
  267  -0.9192398207180652E-04
  268  -0.6335196041412638E-04
  269  -0.8471827278649924E-04
  270  -0.6377869693469096E-04
  271  -0.8991253691115197E-04
  272  -0.8718513331473776E-04
  273  -0.1087036623781401E-04
  274  -0.4099108387722872E-04
  275  -0.7082316100992525E-04
  276  -0.5737574010750146E-04
  277  -0.5359976149871271E-04
  278  -0.6102140585539928E-04
  279  -0.7224462492999573E-04
  280  -0.9121186399702053E-04
  281  -0.7456399361671640E-04
  282  -0.3003503465942581E-04
  283  -0.3615165361470218E-04
  284  -0.1269625949806841E-04
  285   0.3768727706288111E-04
  286  -0.2522304024077382E-04
  287   0.3663796691977250E-05
  288  -0.5485546426653443E-05
  289   0.1118847470438222E-04
  290  -0.1909649780407197E-04
  291  -0.9412203349490333E-06
  292  -0.1370738211309286E-04
  293   0.7462329764673648E-06
  294  -0.1652674922048014E-04
  295  -0.1038434726402526E-04
  296  -0.5875860940418587E-05
  297   0.7666918485749186E-05
  298  -0.4587657264781830E-04
  299  -0.1744559950322966E-04
  300  -0.8124200605075238E-04
  301  -0.2823308267119184E-04
  302  -0.6320052519898089E-04
  303  -0.1371166739000396E-04
  304  -0.7049490442706530E-04
  305  -0.3464559506693998E-04
  306  -0.2740961582697876E-04
  307  -0.2858272678668561E-04
  308  -0.1138081963003579E-04
  309  -0.9189681096977154E-05
  310  -0.2780834523763431E-05
  311  -0.1323405158121238E-04
  312  -0.1721954342343013E-04
  313   0.1571957720247763E-04
  314  -0.5664583949571700E-05
  315   0.1810365986509854E-04
  316  -0.8407368563390083E-05
  317  -0.2525290432986438E-05
  318   0.7212295391745283E-05
  319   0.3107880846853206E-04
  320   0.2672434596207030E-04
  321   0.4366169888636584E-05
  322   0.2723230031723145E-04
  323   0.2626365307378808E-04
  324   0.2163202311153412E-04
  325  -0.7257132467103355E-05
  326   0.4850521212368397E-04
  327   0.1696371354165116E-04
  328   0.1043146782460647E-03
  329   0.7029509508096887E-04
  330   0.3389863473279853E-04
  331   0.3449128204138785E-04
  332   0.3459842950168102E-04
  333   0.3329270955604313E-04
  334   0.4918344751150827E-04
  335   0.2053524396267159E-04
  336   0.1448418669500184E-04
  337   0.4978690937584851E-04
  338   0.7496548344665399E-04
  339   0.4653904809245879E-04
  340   0.2975170881955314E-04
  341   0.4155802997302116E-04
  342   0.3109016579869173E-04
  343   0.4204981746952496E-04
  344   0.5415863649221864E-04
  345   0.5108043668622386E-04
  346   0.8568702640948667E-04
  347   0.4245134485739155E-04
  348   0.5306063931259652E-04
  349   0.5118783096705326E-04
  350   0.8349203243046555E-04
  351   0.4123967533309347E-04
  352   0.7326878057210828E-04
  353   0.5142515710020168E-04
  354   0.4673869587371038E-04
  355   0.7221985770895778E-04
  356   0.3732962117974914E-04
  357   0.7785431700103873E-04
  358   0.6446753261248050E-04
  359   0.1195419240736934E-03
  360   0.5882223565406575E-04
  361   0.9051645388501173E-04
  362   0.1221929317640064E-03
  363   0.9549935833998158E-04
  364   0.1151711560579693E-03
  365   0.1007292850158659E-03
  366   0.1287058714166539E-03
  367   0.1192333657883127E-03
  368   0.1254417960621437E-03
  369   0.1266014691983022E-03
  370   0.1353509699314262E-03
  371   0.1568364957107923E-03
  372   0.1329206153672866E-03
  373   0.1669071907916542E-03
  374   0.1495011879036681E-03
  375   0.1770783225555489E-03
  376   0.1692718905430234E-03
  377   0.1944234086042086E-03
  378   0.1723110637135046E-03
  379   0.2316183495924759E-03
  380   0.2351549338976758E-03
  381   0.2550493986521706E-03
  382   0.2994411570130338E-03
  383   0.3224057254346117E-03
