# nlmax, ncor, nside =         383           1         128
    0   0.4982996186554274E+10
    1   0.7796286763186103E+09
    2   0.1394404458537669E+10
    3   0.4017164250923704E+09
    4   0.6809116610287845E+09
    5   0.2484449276745334E+09
    6   0.3830404276904280E+09
    7   0.1825468992897775E+09
    8   0.2539794935946612E+09
    9   0.1487563439331966E+09
   10   0.1765706761628394E+09
   11   0.1248087385631503E+09
   12   0.1478074930298385E+09
   13   0.1119498362946767E+09
   14   0.1274667201156169E+09
   15   0.9822322224922137E+08
   16   0.1099312182284894E+09
   17   0.8256614385943551E+08
   18   0.9666950367344584E+08
   19   0.7193131638003142E+08
   20   0.8514178574869692E+08
   21   0.5873068554787511E+08
   22   0.7270753475447766E+08
   23   0.5380295587944023E+08
   24   0.6038703371736320E+08
   25   0.4557247513565158E+08
   26   0.5027877944310046E+08
   27   0.4135134866709285E+08
   28   0.4427090883501297E+08
   29   0.3691292676525775E+08
   30   0.3943555639037872E+08
   31   0.3485981041302958E+08
   32   0.3692954303682601E+08
   33   0.3211010618918227E+08
   34   0.3305895849003782E+08
   35   0.3046337794433810E+08
   36   0.3325901159268264E+08
   37   0.2809365583402288E+08
   38   0.3046050689259992E+08
   39   0.2610984807202938E+08
   40   0.2808961604355429E+08
   41   0.2398088044285059E+08
   42   0.2485425693474039E+08
   43   0.2292616666014004E+08
   44   0.2203850974563850E+08
   45   0.2128714557199882E+08
   46   0.2022712638319025E+08
   47   0.1950491788370441E+08
   48   0.1867508261908070E+08
   49   0.1795267340390913E+08
   50   0.1743304179727720E+08
   51   0.1679643961136074E+08
   52   0.1619059238970122E+08
   53   0.1504961853713746E+08
   54   0.1487565030685833E+08
   55   0.1386006133170079E+08
   56   0.1358541913656499E+08
   57   0.1290951216901712E+08
   58   0.1247584118340202E+08
   59   0.1220510265678487E+08
   60   0.1153851600076902E+08
   61   0.1136810190001688E+08
   62   0.1080141700434138E+08
   63   0.1091498285960292E+08
   64   0.1047769576990716E+08
   65   0.1021433577855279E+08
   66   0.9839888424692495E+07
   67   0.9273223582646694E+07
   68   0.9166273365293356E+07
   69   0.8525208082143268E+07
   70   0.8527507617074491E+07
   71   0.7905627473861458E+07
   72   0.8069821312239598E+07
   73   0.7380117657226919E+07
   74   0.7497603857528501E+07
   75   0.7034603325025411E+07
   76   0.6929493834325836E+07
   77   0.6611987892538576E+07
   78   0.6481894791415758E+07
   79   0.6270779387654163E+07
   80   0.6082400602266243E+07
   81   0.5940018732322916E+07
   82   0.5861006629407465E+07
   83   0.5461367626206622E+07
   84   0.5613156865350940E+07
   85   0.5028512699498779E+07
   86   0.5368990447109059E+07
   87   0.4710585735899724E+07
   88   0.4979086256226995E+07
   89   0.4386177203588844E+07
   90   0.4601994740111910E+07
   91   0.4136159579702000E+07
   92   0.4255755664246845E+07
   93   0.3923223328371503E+07
   94   0.3902296105274708E+07
   95   0.3727568855305155E+07
   96   0.3584498430158295E+07
   97   0.3509002609343073E+07
   98   0.3299821039043141E+07
   99   0.3301022533118127E+07
  100   0.3058919444947137E+07
  101   0.3078126586676531E+07
  102   0.2852083837349618E+07
  103   0.2874469425738545E+07
  104   0.2695278394220608E+07
  105   0.2672927674431271E+07
  106   0.2596581120425288E+07
  107   0.2462500674820014E+07
  108   0.2428402768141694E+07
  109   0.2280341811019444E+07
  110   0.2268208234281957E+07
  111   0.2114733022220059E+07
  112   0.2066658716546334E+07
  113   0.1996055449015811E+07
  114   0.1904472497143210E+07
  115   0.1879924319500912E+07
  116   0.1790957835671943E+07
  117   0.1796860044621928E+07
  118   0.1673912790106756E+07
  119   0.1670565984285621E+07
  120   0.1552631172822461E+07
  121   0.1570448028210532E+07
  122   0.1446441699442322E+07
  123   0.1453703756706996E+07
  124   0.1372441153160634E+07
  125   0.1325808445367220E+07
  126   0.1308737113498902E+07
  127   0.1213824470492128E+07
  128   0.1227421880713305E+07
  129   0.1114887319905257E+07
  130   0.1138739780962434E+07
  131   0.1045707853524751E+07
  132   0.1042632573068436E+07
  133   0.9898126826020129E+06
  134   0.9648806830443336E+06
  135   0.9439108702744121E+06
  136   0.8920764758746756E+06
  137   0.8991876725412423E+06
  138   0.8385289770515367E+06
  139   0.8382811152191506E+06
  140   0.7827156458096701E+06
  141   0.7788952486966171E+06
  142   0.7299009945636151E+06
  143   0.7240385244534602E+06
  144   0.7092074389402805E+06
  145   0.6757459121895932E+06
  146   0.6773384423044350E+06
  147   0.6271713444252624E+06
  148   0.6373493599102605E+06
  149   0.5863209988914465E+06
  150   0.5808489297135149E+06
  151   0.5469053960170826E+06
  152   0.5417773835445422E+06
  153   0.5164849721618101E+06
  154   0.5074052193495174E+06
  155   0.4845309320714141E+06
  156   0.4821335932694591E+06
  157   0.4555286926838073E+06
  158   0.4627305614844213E+06
  159   0.4367846073844254E+06
  160   0.4481735843958310E+06
  161   0.4085658375139548E+06
  162   0.4209995637755151E+06
  163   0.3820583402517554E+06
  164   0.3981636627323736E+06
  165   0.3546842647942240E+06
  166   0.3698348754303118E+06
  167   0.3416411635775111E+06
  168   0.3522096618406244E+06
  169   0.3315199435939115E+06
  170   0.3312864596152835E+06
  171   0.3172468899848860E+06
  172   0.2996069614618885E+06
  173   0.2872968788809087E+06
  174   0.2762025831206930E+06
  175   0.2671936009159902E+06
  176   0.2626077914599980E+06
  177   0.2466392889553399E+06
  178   0.2512306059561268E+06
  179   0.2318614944277208E+06
  180   0.2397684221494727E+06
  181   0.2187542768100507E+06
  182   0.2279909874816940E+06
  183   0.2054858160215623E+06
  184   0.2152163333937800E+06
  185   0.1972186364085209E+06
  186   0.2023008151954082E+06
  187   0.1848324874853086E+06
  188   0.1809272761444032E+06
  189   0.1779935648293797E+06
  190   0.1648376804807379E+06
  191   0.1632367451730259E+06
  192   0.1510189478463824E+06
  193   0.1527009740673070E+06
  194   0.1416921475465524E+06
  195   0.1354994708183043E+06
  196   0.1262026312809623E+06
  197   0.1207699843307827E+06
  198   0.1154016568527376E+06
  199   0.1115618402296375E+06
  200   0.1059599232177790E+06
  201   0.1052765535631599E+06
  202   0.9965049416040260E+05
  203   0.9806854409204614E+05
  204   0.9273269583248833E+05
  205   0.9260202111143427E+05
  206   0.8380620790385013E+05
  207   0.8643799175669237E+05
  208   0.7787403844256663E+05
  209   0.7809762174555460E+05
  210   0.7047519461261547E+05
  211   0.7287244742466668E+05
  212   0.6431449985128754E+05
  213   0.6665394774360361E+05
  214   0.5952236799665796E+05
  215   0.6192336207658026E+05
  216   0.5656460709780653E+05
  217   0.5709724164898135E+05
  218   0.5324033612080756E+05
  219   0.5145223587611834E+05
  220   0.4932816909087317E+05
  221   0.4733409061940655E+05
  222   0.4476063137865171E+05
  223   0.4436226622818113E+05
  224   0.4202344718064003E+05
  225   0.4171366161969545E+05
  226   0.3790881609669810E+05
  227   0.3823709123657855E+05
  228   0.3419233299400518E+05
  229   0.3511102396808739E+05
  230   0.3129950517309215E+05
  231   0.3259950998635813E+05
  232   0.2878009876917272E+05
  233   0.2978883960082495E+05
  234   0.2640682419155004E+05
  235   0.2708310936997347E+05
  236   0.2473351507845910E+05
  237   0.2470556556196053E+05
  238   0.2308694066116168E+05
  239   0.2230723063084688E+05
  240   0.2130835961922788E+05
  241   0.2032457760234391E+05
  242   0.1970104370064501E+05
  243   0.1871386654676147E+05
  244   0.1814085639544693E+05
  245   0.1723766059739008E+05
  246   0.1657908750419985E+05
  247   0.1555923210185016E+05
  248   0.1520834702769291E+05
  249   0.1437377480980027E+05
  250   0.1410917474215907E+05
  251   0.1331252359310902E+05
  252   0.1310950381464096E+05
  253   0.1239949149267471E+05
  254   0.1207325583348096E+05
  255   0.1134966150645220E+05
  256   0.1115996443122829E+05
  257   0.1037850046511281E+05
  258   0.1013654415002191E+05
  259   0.9789013165335055E+04
  260   0.9307943852956696E+04
  261   0.8618265238826589E+04
  262   0.8382832078346992E+04
  263   0.7825950895867556E+04
  264   0.7675340854314646E+04
  265   0.7109685892676742E+04
  266   0.7002291594599381E+04
  267   0.6580630518468228E+04
  268   0.6469853832146966E+04
  269   0.6074401566303621E+04
  270   0.5916506236780064E+04
  271   0.5417449490599073E+04
  272   0.5444998973787888E+04
  273   0.4926032810663585E+04
  274   0.5028391787773751E+04
  275   0.4440943522820745E+04
  276   0.4563316065991638E+04
  277   0.4066796783688980E+04
  278   0.4147250538368497E+04
  279   0.3801401929818720E+04
  280   0.3844204972081159E+04
  281   0.3575275320870187E+04
  282   0.3602434660317158E+04
  283   0.3251102672538936E+04
  284   0.3228005830091635E+04
  285   0.2946962712747789E+04
  286   0.2909082228757018E+04
  287   0.2713253942637518E+04
  288   0.2606566812549298E+04
  289   0.2470235650978428E+04
  290   0.2381044202726454E+04
  291   0.2252344791597017E+04
  292   0.2155631322629397E+04
  293   0.2050588004032678E+04
  294   0.1975754579434139E+04
  295   0.1899289632078690E+04
  296   0.1820728993527408E+04
  297   0.1743358213020930E+04
  298   0.1663915673634799E+04
  299   0.1608895622432866E+04
  300   0.1556483274743307E+04
  301   0.1493734515340247E+04
  302   0.1408666854382785E+04
  303   0.1373512090538200E+04
  304   0.1271889465578317E+04
  305   0.1221071901885578E+04
  306   0.1124987258098770E+04
  307   0.1106291316098731E+04
  308   0.1013707000286510E+04
  309   0.9973070673076586E+03
  310   0.9285713439094369E+03
  311   0.8974009254342526E+03
  312   0.8455504807622500E+03
  313   0.8071174768198464E+03
  314   0.7707531242090597E+03
  315   0.7469628360311607E+03
  316   0.7066815983344291E+03
  317   0.6868764976653520E+03
  318   0.6436333566757698E+03
  319   0.6292105190450135E+03
  320   0.5945019520379986E+03
  321   0.5686287884121107E+03
  322   0.5333603954931051E+03
  323   0.5116740418100334E+03
  324   0.4843275213194540E+03
  325   0.4646373666997995E+03
  326   0.4455333349706739E+03
  327   0.4317078797666492E+03
  328   0.4014493966854930E+03
  329   0.3846390075199536E+03
  330   0.3735384790101945E+03
  331   0.3469804529861966E+03
  332   0.3411073571215204E+03
  333   0.3107491139725482E+03
  334   0.3013322677254667E+03
  335   0.2770208900016276E+03
  336   0.2764043876633175E+03
  337   0.2509797100599476E+03
  338   0.2536380172288989E+03
  339   0.2360389727758601E+03
  340   0.2342949873779336E+03
  341   0.2177641291373947E+03
  342   0.2076131419494785E+03
  343   0.1982250872170867E+03
  344   0.1939026785785584E+03
  345   0.1859837954505154E+03
  346   0.1749872218750816E+03
  347   0.1631662104406481E+03
  348   0.1562499291625207E+03
  349   0.1482217484830815E+03
  350   0.1421991438438769E+03
  351   0.1298889445185924E+03
  352   0.1252170692739290E+03
  353   0.1169178029978465E+03
  354   0.1132262621268521E+03
  355   0.1084298007520064E+03
  356   0.1018384669113744E+03
  357   0.9568761331968683E+02
  358   0.9038078564996520E+02
  359   0.8754640151717879E+02
  360   0.8452108173003843E+02
  361   0.7967487971777143E+02
  362   0.7381959470467707E+02
  363   0.6901525471154196E+02
  364   0.6702473416685623E+02
  365   0.6117888599351180E+02
  366   0.5900993429321391E+02
  367   0.5542354851835466E+02
  368   0.5341390361036083E+02
  369   0.5087927932212422E+02
  370   0.4957748696239594E+02
  371   0.4651835248957062E+02
  372   0.4636195397141633E+02
  373   0.4172363393161464E+02
  374   0.4033525426382411E+02
  375   0.3852977447953938E+02
  376   0.3599800358178979E+02
  377   0.3446158461735350E+02
  378   0.3310224854869326E+02
  379   0.3133317849210354E+02
  380   0.2860479507407152E+02
  381   0.2771186178352669E+02
  382   0.2609095551996314E+02
  383   0.2364056530011491E+02
