# nlmax, ncor, nside =         383           1         128
  0.3135338232575680E+01 -0.9999804411726474E+00  0.1398223301310632E+03
  0.3127236147596264E+01 -0.9998969471378596E+00  0.1353056776262188E+03
  0.3119086215426199E+01 -0.9997467408113523E+00  0.1295448186078978E+03
  0.3110925472535087E+01 -0.9995297988558859E+00  0.1248997236816793E+03
  0.3102760628882369E+01 -0.9992461316671845E+00  0.1221866249698423E+03
  0.3094593800861325E+01 -0.9988957572063257E+00  0.1208693125951568E+03
  0.3086425863861635E+01 -0.9984786985384589E+00  0.1208485160063020E+03
  0.3078257244836801E+01 -0.9979949833727938E+00  0.1224863702129345E+03
  0.3070088176656729E+01 -0.9974446439389107E+00  0.1252698325203305E+03
  0.3061918797072602E+01 -0.9968277169440913E+00  0.1285430348106935E+03
  0.3053749192758969E+01 -0.9961442435551087E+00  0.1324110782624528E+03
  0.3045579420968934E+01 -0.9953942693885953E+00  0.1373644775645668E+03
  0.3037409521036948E+01 -0.9945778445047068E+00  0.1433455267779894E+03
  0.3029239520877988E+01 -0.9936950234020883E+00  0.1498322663970895E+03
  0.3021069440850104E+01 -0.9927458650133153E+00  0.1563869416732984E+03
  0.3012899296148894E+01 -0.9917304327004320E+00  0.1629976377983215E+03
  0.3004729098345992E+01 -0.9906487942504061E+00  0.1699514297172080E+03
  0.2996558856408408E+01 -0.9895010218704087E+00  0.1773928050629588E+03
  0.2988388577392205E+01 -0.9882871921828699E+00  0.1848564717832817E+03
  0.2980218266925714E+01 -0.9870073862202815E+00  0.1915246752737339E+03
  0.2972047929553217E+01 -0.9856616894197333E+00  0.1971096301737176E+03
  0.2963877568983912E+01 -0.9842501916171713E+00  0.2019668710669404E+03
  0.2955707188275296E+01 -0.9827729870413743E+00  0.2064208808386410E+03
  0.2947536789970254E+01 -0.9812301743076443E+00  0.2101370566480066E+03
  0.2939366376200951E+01 -0.9796218564112101E+00  0.2123022676616004E+03
  0.2931195948768531E+01 -0.9779481407203411E+00  0.2124730790735832E+03
  0.2923025509204947E+01 -0.9762091389691724E+00  0.2111627156458463E+03
  0.2914855058821443E+01 -0.9744049672502397E+00  0.2095042039581287E+03
  0.2906684598746917E+01 -0.9725357460067257E+00  0.2081185843301086E+03
  0.2898514129958549E+01 -0.9706016000244151E+00  0.2068887804028797E+03
  0.2890343653306462E+01 -0.9686026584233628E+00  0.2057571424410034E+03
  0.2882173169533725E+01 -0.9665390546492710E+00  0.2051738774247734E+03
  0.2874002679292686E+01 -0.9644109264645802E+00  0.2055780492972998E+03
  0.2865832183158409E+01 -0.9622184159392698E+00  0.2067327276722809E+03
  0.2857661681639792E+01 -0.9599616694413742E+00  0.2080410396857374E+03
  0.2849491175188815E+01 -0.9576408376272095E+00  0.2092586872437934E+03
  0.2841320664208285E+01 -0.9552560754313160E+00  0.2105115583176107E+03
  0.2833150149058343E+01 -0.9528075420561144E+00  0.2114637781546243E+03
  0.2824979630061970E+01 -0.9502954009612771E+00  0.2113916640809590E+03
  0.2816809107509663E+01 -0.9477198198528157E+00  0.2098560017087030E+03
  0.2808638581663412E+01 -0.9450809706718851E+00  0.2070953200142100E+03
  0.2800468052760122E+01 -0.9423790295833044E+00  0.2036174613773403E+03
  0.2792297521014540E+01 -0.9396141769637963E+00  0.1996749499195488E+03
  0.2784126986621790E+01 -0.9367865973899459E+00  0.1953304112086211E+03
  0.2775956449759565E+01 -0.9338964796258775E+00  0.1905915355766094E+03
  0.2767785910590029E+01 -0.9309440166106540E+00  0.1854720406535477E+03
  0.2759615369261481E+01 -0.9279294054453956E+00  0.1800754121559713E+03
  0.2751444825909805E+01 -0.9248528473801222E+00  0.1748796191587403E+03
  0.2743274280659743E+01 -0.9217145478003181E+00  0.1705597961327030E+03
  0.2735103733626014E+01 -0.9185147162132208E+00  0.1674786700624738E+03
  0.2726933184914305E+01 -0.9152535662338340E+00  0.1653990457876209E+03
  0.2718762634622138E+01 -0.9119313155706682E+00  0.1637492120400769E+03
  0.2710592082839649E+01 -0.9085481860112055E+00  0.1620135176586697E+03
  0.2702421529650271E+01 -0.9051044034070944E+00  0.1599165981481839E+03
  0.2694250975131350E+01 -0.9016001976590722E+00  0.1574947739077732E+03
  0.2686080419354687E+01 -0.8980358027016164E+00  0.1551981917984644E+03
  0.2677909862387029E+01 -0.8944114564873288E+00  0.1534736535832568E+03
  0.2669739304290507E+01 -0.8907274009710492E+00  0.1523844350549970E+03
  0.2661568745123026E+01 -0.8869838820937034E+00  0.1515731656905815E+03
  0.2653398184938621E+01 -0.8831811497658847E+00  0.1504366986352738E+03
  0.2645227623787777E+01 -0.8793194578511700E+00  0.1482793467693742E+03
  0.2637057061717711E+01 -0.8753990641491725E+00  0.1446548425511056E+03
  0.2628886498772639E+01 -0.8714202303783312E+00  0.1396661797782074E+03
  0.2620715934994006E+01 -0.8673832221584393E+00  0.1339962971545108E+03
  0.2612545370420704E+01 -0.8632883089929120E+00  0.1284723299667705E+03
  0.2604374805089263E+01 -0.8591357642507945E+00  0.1236975678326841E+03
  0.2596204239034032E+01 -0.8549258651485127E+00  0.1199440080335604E+03
  0.2588033672287335E+01 -0.8506588927313666E+00  0.1170792644659582E+03
  0.2579863104879621E+01 -0.8463351318547683E+00  0.1146268344088366E+03
  0.2571692536839600E+01 -0.8419548711652254E+00  0.1123076684764780E+03
  0.2563521968194363E+01 -0.8375184030810715E+00  0.1102075389853013E+03
  0.2555351398969496E+01 -0.8330260237729452E+00  0.1083326699370576E+03
  0.2547180829189184E+01 -0.8284780331440178E+00  0.1062347061547002E+03
  0.2539010258876304E+01 -0.8238747348099726E+00  0.1033968048898332E+03
  0.2530839688052518E+01 -0.8192164360787360E+00  0.9973457593934965E+02
  0.2522669116738345E+01 -0.8145034479299620E+00  0.9561341103518789E+02
  0.2514498544953243E+01 -0.8097360849942720E+00  0.9146218200938124E+02
  0.2506327972715673E+01 -0.8049146655322506E+00  0.8764460111720312E+02
  0.2498157400043163E+01 -0.8000395114131988E+00  0.8462502419369403E+02
  0.2489986826952370E+01 -0.7951109480936471E+00  0.8269675911553097E+02
  0.2481816253459126E+01 -0.7901293045956280E+00  0.8162520041895976E+02
  0.2473645679578500E+01 -0.7850949134847117E+00  0.8098879282572892E+02
  0.2465475105324832E+01 -0.7800081108478040E+00  0.8072582733392936E+02
  0.2457304530711785E+01 -0.7748692362707100E+00  0.8103905808548819E+02
  0.2449133955752385E+01 -0.7696786328154644E+00  0.8191570918176734E+02
  0.2440963380459050E+01 -0.7644366469974285E+00  0.8307972518795630E+02
  0.2432792804843637E+01 -0.7591436287621580E+00  0.8423642882909084E+02
  0.2424622228917462E+01 -0.7537999314620412E+00  0.8510599616195415E+02
  0.2416451652691339E+01 -0.7484059118327094E+00  0.8540149120612926E+02
  0.2408281076175607E+01 -0.7429619299692227E+00  0.8505019414859964E+02
  0.2400110499380152E+01 -0.7374683493020299E+00  0.8423947220370869E+02
  0.2391939922314436E+01 -0.7319255365727068E+00  0.8323906817853761E+02
  0.2383769344987516E+01 -0.7263338618094733E+00  0.8218854494543866E+02
  0.2375598767408072E+01 -0.7206936983024912E+00  0.8111790412067614E+02
  0.2367428189584419E+01 -0.7150054225789432E+00  0.8008242054795944E+02
  0.2359257611524532E+01 -0.7092694143778975E+00  0.7925603406564069E+02
  0.2351087033236062E+01 -0.7034860566249567E+00  0.7902456561970304E+02
  0.2342916454726351E+01 -0.6976557354066943E+00  0.7989445625465501E+02
  0.2334745876002450E+01 -0.6917788399448808E+00  0.8201804206342678E+02
  0.2326575297071134E+01 -0.6858557625704990E+00  0.8489343627582339E+02
  0.2318404717938913E+01 -0.6798868986975534E+00  0.8763297178137351E+02
  0.2310234138612046E+01 -0.6738726467966731E+00  0.8960460891072573E+02
  0.2302063559096557E+01 -0.6678134083685102E+00  0.9074040008143221E+02
  0.2293892979398239E+01 -0.6617095879169366E+00  0.9129168280898656E+02
  0.2285722399522673E+01 -0.6555615929220400E+00  0.9152095350359451E+02
  0.2277551819475234E+01 -0.6493698338129212E+00  0.9151300768120207E+02
  0.2269381239261100E+01 -0.6431347239402948E+00  0.9107984960263848E+02
  0.2261210658885265E+01 -0.6368566795488945E+00  0.8986786891838176E+02
  0.2253040078352542E+01 -0.6305361197496849E+00  0.8778753614321681E+02
  0.2244869497667577E+01 -0.6241734664918837E+00  0.8520044354830986E+02
  0.2236698916834853E+01 -0.6177691445347914E+00  0.8256538384861547E+02
  0.2228528335858699E+01 -0.6113235814194364E+00  0.8003350046675060E+02
  0.2220357754743295E+01 -0.6048372074400329E+00  0.7748829454409439E+02
  0.2212187173492683E+01 -0.5983104556152549E+00  0.7477737516684812E+02
  0.2204016592110768E+01 -0.5917437616593286E+00  0.7168370999809865E+02
  0.2195846010601326E+01 -0.5851375639529456E+00  0.6789670960582920E+02
  0.2187675428968010E+01 -0.5784923035139965E+00  0.6318660304933479E+02
  0.2179504847214357E+01 -0.5718084239681300E+00  0.5760425252061221E+02
  0.2171334265343789E+01 -0.5650863715191369E+00  0.5147167499999713E+02
  0.2163163683359622E+01 -0.5583265949191624E+00  0.4527051666048269E+02
  0.2154993101265066E+01 -0.5515295454387482E+00  0.3943738664422210E+02
  0.2146822519063234E+01 -0.5446956768367068E+00  0.3422827100400515E+02
  0.2138651936757143E+01 -0.5378254453298289E+00  0.2954659403904130E+02
  0.2130481354349721E+01 -0.5309193095624275E+00  0.2502740927678822E+02
  0.2122310771843806E+01 -0.5239777305757194E+00  0.2036680017805685E+02
  0.2114140189242155E+01 -0.5170011717770473E+00  0.1560770242764459E+02
  0.2105969606547443E+01 -0.5099900989089429E+00  0.1100948442890321E+02
  0.2097799023762269E+01 -0.5029449800180356E+00  0.6746405018901837E+01
  0.2089628440889158E+01 -0.4958662854238058E+00  0.2740632085774037E+01
  0.2081457857930564E+01 -0.4887544876871878E+00 -0.1317456569047851E+01
  0.2073287274888874E+01 -0.4816100615790221E+00 -0.5846129829559921E+01
  0.2065116691766407E+01 -0.4744334840483606E+00 -0.1102692757464456E+02
  0.2056946108565423E+01 -0.4672252341906264E+00 -0.1663902520740302E+02
  0.2048775525288118E+01 -0.4599857932156304E+00 -0.2218327406811218E+02
  0.2040604941936635E+01 -0.4527156444154464E+00 -0.2729022518687660E+02
  0.2032434358513056E+01 -0.4454152731321473E+00 -0.3187448803314620E+02
  0.2024263775019413E+01 -0.4380851667254050E+00 -0.3611661791071464E+02
  0.2016093191457685E+01 -0.4307258145399545E+00 -0.4010300176779721E+02
  0.2007922607829804E+01 -0.4233377078729265E+00 -0.4371149553417692E+02
  0.1999752024137653E+01 -0.4159213399410494E+00 -0.4678672626132358E+02
  0.1991581440383068E+01 -0.4084772058477228E+00 -0.4942046891167547E+02
  0.1983410856567843E+01 -0.4010058025499653E+00 -0.5186175076728623E+02
  0.1975240272693730E+01 -0.3935076288252386E+00 -0.5422858925798920E+02
  0.1967069688762441E+01 -0.3859831852381501E+00 -0.5634015689385888E+02
  0.1958899104775647E+01 -0.3784329741070359E+00 -0.5812263737011371E+02
  0.1950728520734982E+01 -0.3708574994704271E+00 -0.5980686499374189E+02
  0.1942557936642046E+01 -0.3632572670534011E+00 -0.6172089000865751E+02
  0.1934387352498403E+01 -0.3556327842338202E+00 -0.6393323132328362E+02
  0.1926216768305583E+01 -0.3479845600084601E+00 -0.6640300894873764E+02
  0.1918046184065086E+01 -0.3403131049590297E+00 -0.6919387706807997E+02
  0.1909875599778379E+01 -0.3326189312180866E+00 -0.7238997274165489E+02
  0.1901705015446901E+01 -0.3249025524348469E+00 -0.7578906366295010E+02
  0.1893534431072063E+01 -0.3171644837408958E+00 -0.7904760394910353E+02
  0.1885363846655247E+01 -0.3094052417157978E+00 -0.8190942052745811E+02
  0.1877193262197810E+01 -0.3016253443526109E+00 -0.8432927611930063E+02
  0.1869022677701083E+01 -0.2938253110233064E+00 -0.8637118599275236E+02
  0.1860852093166375E+01 -0.2860056624440968E+00 -0.8816290836084319E+02
  0.1852681508594969E+01 -0.2781669206406729E+00 -0.8989694190533484E+02
  0.1844510923988128E+01 -0.2703096089133553E+00 -0.9177653488628196E+02
  0.1836340339347093E+01 -0.2624342518021592E+00 -0.9387856245748196E+02
  0.1828169754673083E+01 -0.2545413750517773E+00 -0.9615692423275624E+02
  0.1819999169967299E+01 -0.2466315055764818E+00 -0.9842738339498101E+02
  0.1811828585230925E+01 -0.2387051714249486E+00 -0.1005144176156253E+03
  0.1803658000465123E+01 -0.2307629017450062E+00 -0.1023600319159899E+03
  0.1795487415671042E+01 -0.2228052267483099E+00 -0.1040846735150624E+03
  0.1787316830849811E+01 -0.2148326776749467E+00 -0.1058505306275152E+03
  0.1779146246002545E+01 -0.2068457867579697E+00 -0.1077332481430744E+03
  0.1770975661130345E+01 -0.1988450871878683E+00 -0.1097623022061997E+03
  0.1762805076234296E+01 -0.1908311130769725E+00 -0.1119682954827428E+03
  0.1754634491315471E+01 -0.1828043994237966E+00 -0.1142799645764135E+03
  0.1746463906374929E+01 -0.1747654820773241E+00 -0.1165781182041827E+03
  0.1738293321413718E+01 -0.1667148977012352E+00 -0.1188643609504229E+03
  0.1730122736432872E+01 -0.1586531837380799E+00 -0.1213576996203967E+03
  0.1721952151433418E+01 -0.1505808783733995E+00 -0.1241845467643417E+03
  0.1713781566416370E+01 -0.1424985204997981E+00 -0.1271963526179399E+03
  0.1705610981382731E+01 -0.1344066496809675E+00 -0.1300834422459113E+03
  0.1697440396333499E+01 -0.1263058061156663E+00 -0.1326244577815170E+03
  0.1689269811269659E+01 -0.1181965306016578E+00 -0.1347395082212666E+03
  0.1681099226192191E+01 -0.1100793644996070E+00 -0.1364362615130023E+03
  0.1672928641102067E+01 -0.1019548496969404E+00 -0.1378499505257193E+03
  0.1664758056000250E+01 -0.9382352857167028E-01 -0.1392481387303565E+03
  0.1656587470887701E+01 -0.8568594395618719E-01 -0.1407491117431714E+03
  0.1648416885765370E+01 -0.7754263910102077E-01 -0.1422010860018052E+03
  0.1640246300634206E+01 -0.6939415763857371E-01 -0.1433183464607368E+03
  0.1632075715495151E+01 -0.6124104354682962E-01 -0.1439340232982877E+03
  0.1623905130349143E+01 -0.5308384111303818E-01 -0.1440297695630082E+03
  0.1615734545197117E+01 -0.4492309489737940E-01 -0.1438212173670641E+03
  0.1607563960040004E+01 -0.3675934969660982E-01 -0.1436570036242579E+03
  0.1599393374878733E+01 -0.2859315050769285E-01 -0.1438067880758468E+03
  0.1591222789714229E+01 -0.2042504249141571E-01 -0.1442606694034199E+03
  0.1583052204547419E+01 -0.1225557093599554E-01 -0.1448028719515530E+03
  0.1574881619379224E+01 -0.4085281220676868E-02 -0.1451139375695931E+03
  0.1566711034210569E+01  0.4085281220676868E-02 -0.1449133854233633E+03
  0.1558540449042374E+01  0.1225557093599554E-01 -0.1439834370805474E+03
  0.1550369863875564E+01  0.2042504249141571E-01 -0.1424185053399337E+03
  0.1542199278711061E+01  0.2859315050769285E-01 -0.1406751402716043E+03
  0.1534028693549790E+01  0.3675934969660982E-01 -0.1393093036059514E+03
  0.1525858108392677E+01  0.4492309489737940E-01 -0.1385599289919188E+03
  0.1517687523240650E+01  0.5308384111303818E-01 -0.1383181521821980E+03
  0.1509516938094642E+01  0.6124104354682962E-01 -0.1383656595434248E+03
  0.1501346352955587E+01  0.6939415763857371E-01 -0.1385163611491621E+03
  0.1493175767824423E+01  0.7754263910102077E-01 -0.1386587657078523E+03
  0.1485005182702093E+01  0.8568594395618719E-01 -0.1388048668497603E+03
  0.1476834597589543E+01  0.9382352857167028E-01 -0.1389723324439969E+03
  0.1468664012487727E+01  0.1019548496969404E+00 -0.1391044172616286E+03
  0.1460493427397602E+01  0.1100793644996070E+00 -0.1390194163722652E+03
  0.1452322842320134E+01  0.1181965306016578E+00 -0.1386280420121676E+03
  0.1444152257256294E+01  0.1263058061156663E+00 -0.1379345693528464E+03
  0.1435981672207062E+01  0.1344066496809675E+00 -0.1370437048344070E+03
  0.1427811087173423E+01  0.1424985204997981E+00 -0.1361315554445815E+03
  0.1419640502156375E+01  0.1505808783733995E+00 -0.1354220659097872E+03
  0.1411469917156921E+01  0.1586531837380799E+00 -0.1349470371469764E+03
  0.1403299332176076E+01  0.1667148977012352E+00 -0.1345375232398589E+03
  0.1395128747214864E+01  0.1747654820773241E+00 -0.1339735466920964E+03
  0.1386958162274323E+01  0.1828043994237966E+00 -0.1332252510846892E+03
  0.1378787577355497E+01  0.1908311130769725E+00 -0.1323138773187282E+03
  0.1370616992459449E+01  0.1988450871878683E+00 -0.1312795403504221E+03
  0.1362446407587248E+01  0.2068457867579697E+00 -0.1300778247028953E+03
  0.1354275822739983E+01  0.2148326776749467E+00 -0.1285664811615204E+03
  0.1346105237918751E+01  0.2228052267483099E+00 -0.1264724131110281E+03
  0.1337934653124670E+01  0.2307629017450062E+00 -0.1236831964940214E+03
  0.1329764068358868E+01  0.2387051714249486E+00 -0.1204541360742986E+03
  0.1321593483622494E+01  0.2466315055764818E+00 -0.1172511531527699E+03
  0.1313422898916710E+01  0.2545413750517773E+00 -0.1143053289121571E+03
  0.1305252314242701E+01  0.2624342518021592E+00 -0.1115555998388905E+03
  0.1297081729601665E+01  0.2703096089133553E+00 -0.1090439654665304E+03
  0.1288911144994824E+01  0.2781669206406729E+00 -0.1071219788202944E+03
  0.1280740560423418E+01  0.2860056624440968E+00 -0.1059308716252280E+03
  0.1272569975888710E+01  0.2938253110233064E+00 -0.1050571381118191E+03
  0.1264399391391984E+01  0.3016253443526109E+00 -0.1038217366758735E+03
  0.1256228806934547E+01  0.3094052417157978E+00 -0.1017988362606870E+03
  0.1248058222517730E+01  0.3171644837408958E+00 -0.9894929825323281E+02
  0.1239887638142892E+01  0.3249025524348469E+00 -0.9551859084973667E+02
  0.1231717053811414E+01  0.3326189312180866E+00 -0.9159676125935029E+02
  0.1223546469524707E+01  0.3403131049590297E+00 -0.8693689235788617E+02
  0.1215375885284210E+01  0.3479845600084601E+00 -0.8117992930119854E+02
  0.1207205301091390E+01  0.3556327842338202E+00 -0.7444569336077301E+02
  0.1199034716947747E+01  0.3632572670534011E+00 -0.6746152866939850E+02
  0.1190864132854811E+01  0.3708574994704271E+00 -0.6120044465304559E+02
  0.1182693548814147E+01  0.3784329741070359E+00 -0.5636079778053468E+02
  0.1174522964827352E+01  0.3859831852381501E+00 -0.5311096108820172E+02
  0.1166352380896063E+01  0.3935076288252386E+00 -0.5100564162870182E+02
  0.1158181797021950E+01  0.4010058025499653E+00 -0.4924223710365686E+02
  0.1150011213206726E+01  0.4084772058477228E+00 -0.4723017308589566E+02
  0.1141840629452141E+01  0.4159213399410494E+00 -0.4516274201600531E+02
  0.1133670045759989E+01  0.4233377078729265E+00 -0.4360290469874881E+02
  0.1125499462132108E+01  0.4307258145399545E+00 -0.4277137058415785E+02
  0.1117328878570381E+01  0.4380851667254050E+00 -0.4233746511782737E+02
  0.1109158295076737E+01  0.4454152731321473E+00 -0.4199266305839722E+02
  0.1100987711653159E+01  0.4527156444154464E+00 -0.4167360844556144E+02
  0.1092817128301675E+01  0.4599857932156304E+00 -0.4138494930249156E+02
  0.1084646545024371E+01  0.4672252341906264E+00 -0.4103807892695856E+02
  0.1076475961823386E+01  0.4744334840483606E+00 -0.4056869222309861E+02
  0.1068305378700920E+01  0.4816100615790221E+00 -0.3985264770214953E+02
  0.1060134795659229E+01  0.4887544876871878E+00 -0.3880118687932909E+02
  0.1051964212700635E+01  0.4958662854238058E+00 -0.3753690409408764E+02
  0.1043793629827524E+01  0.5029449800180356E+00 -0.3647051175858731E+02
  0.1035623047042350E+01  0.5099900989089429E+00 -0.3585737663428438E+02
  0.1027452464347638E+01  0.5170011717770473E+00 -0.3555071045946186E+02
  0.1019281881745987E+01  0.5239777305757194E+00 -0.3529364497369551E+02
  0.1011111299240073E+01  0.5309193095624275E+00 -0.3517938832041779E+02
  0.1002940716832650E+01  0.5378254453298289E+00 -0.3534694088138489E+02
  0.9947701345265596E+00  0.5446956768367068E+00 -0.3546177556642965E+02
  0.9865995523247275E+00  0.5515295454387482E+00 -0.3487261400441088E+02
  0.9784289702301714E+00  0.5583265949191624E+00 -0.3326591124198761E+02
  0.9702583882460036E+00  0.5650863715191369E+00 -0.3073344514121335E+02
  0.9620878063754359E+00  0.5718084239681300E+00 -0.2749936092574642E+02
  0.9539172246217830E+00  0.5784923035139965E+00 -0.2367931923377781E+02
  0.9457466429884676E+00  0.5851375639529456E+00 -0.1941204438409911E+02
  0.9375760614790253E+00  0.5917437616593286E+00 -0.1483828059773906E+02
  0.9294054800971098E+00  0.5983104556152549E+00 -0.1015213138193409E+02
  0.9212348988464978E+00  0.6048372074400329E+00 -0.5667209914154461E+01
  0.9130643177310944E+00  0.6113235814194364E+00 -0.1688342581592654E+01
  0.9048937367549402E+00  0.6177691445347914E+00  0.1766560161959772E+01
  0.8967231559222163E+00  0.6241734664918837E+00  0.4856908407275797E+01
  0.8885525752372514E+00  0.6305361197496849E+00  0.7721909390978621E+01
  0.8803819947045285E+00  0.6368566795488945E+00  0.1046062804196102E+02
  0.8722114143286931E+00  0.6431347239402948E+00  0.1326894848905019E+02
  0.8640408341145595E+00  0.6493698338129212E+00  0.1612238279727026E+02
  0.8558702540671204E+00  0.6555615929220400E+00  0.1880830132045135E+02
  0.8476996741915547E+00  0.6617095879169366E+00  0.2122839316556193E+02
  0.8395290944932369E+00  0.6678134083685102E+00  0.2362749281529759E+02
  0.8313585149777468E+00  0.6738726467966731E+00  0.2606319087592489E+02
  0.8231879356508802E+00  0.6798868986975534E+00  0.2816238353660951E+02
  0.8150173565186587E+00  0.6858557625704990E+00  0.2950143035016820E+02
  0.8068467775873427E+00  0.6917788399448808E+00  0.3024149740488941E+02
  0.7986761988634423E+00  0.6976557354066943E+00  0.3087525738270490E+02
  0.7905056203537315E+00  0.7034860566249567E+00  0.3173936643235104E+02
  0.7823350420652612E+00  0.7092694143778975E+00  0.3272320326688891E+02
  0.7741644640053743E+00  0.7150054225789432E+00  0.3368664426367159E+02
  0.7659938861817212E+00  0.7206936983024912E+00  0.3443707769027716E+02
  0.7578233086022768E+00  0.7263338618094733E+00  0.3486473722288654E+02
  0.7496527312753575E+00  0.7319255365727068E+00  0.3488563135347967E+02
  0.7414821542096410E+00  0.7374683493020299E+00  0.3460386072125070E+02
  0.7333115774141861E+00  0.7429619299692227E+00  0.3402100714141116E+02
  0.7251410008984539E+00  0.7484059118327094E+00  0.3315677261732186E+02
  0.7169704246723316E+00  0.7537999314620412E+00  0.3205993479507424E+02
  0.7087998487461566E+00  0.7591436287621580E+00  0.3089856586759411E+02
  0.7006292731307425E+00  0.7644366469974285E+00  0.2969070331175041E+02
  0.6924586978374083E+00  0.7696786328154644E+00  0.2867975012325287E+02
  0.6842881228780077E+00  0.7748692362707100E+00  0.2820970930530257E+02
  0.6761175482649616E+00  0.7800081108478040E+00  0.2857091376493427E+02
  0.6679469740112938E+00  0.7850949134847117E+00  0.2968683016989782E+02
  0.6597764001306670E+00  0.7901293045956280E+00  0.3149676462670658E+02
  0.6516058266374236E+00  0.7951109480936471E+00  0.3382355390242378E+02
  0.6434352535466297E+00  0.8000395114131988E+00  0.3614375750668604E+02
  0.6352646808741202E+00  0.8049146655322506E+00  0.3761408182312677E+02
  0.6270941086365502E+00  0.8097360849942720E+00  0.3785531681673030E+02
  0.6189235368514482E+00  0.8145034479299620E+00  0.3698314630329823E+02
  0.6107529655372755E+00  0.8192164360787360E+00  0.3534389167607334E+02
  0.6025823947134890E+00  0.8238747348099726E+00  0.3306488307086924E+02
  0.5944118244006098E+00  0.8284780331440178E+00  0.3063513220411932E+02
  0.5862412546202973E+00  0.8330260237729452E+00  0.2876974886516291E+02
  0.5780706853954301E+00  0.8375184030810715E+00  0.2789761824749065E+02
  0.5699001167501928E+00  0.8419548711652254E+00  0.2784894466386715E+02
  0.5617295487101719E+00  0.8463351318547683E+00  0.2835982387620460E+02
  0.5535589813024583E+00  0.8506588927313666E+00  0.2901373167039490E+02
  0.5453884145557613E+00  0.8549258651485127E+00  0.2935209459510560E+02
  0.5372178485005299E+00  0.8591357642507945E+00  0.2914244870793302E+02
  0.5290472831690897E+00  0.8632883089929120E+00  0.2913603678300722E+02
  0.5208767185957875E+00  0.8673832221584393E+00  0.3026322091987315E+02
  0.5127061548171545E+00  0.8714202303783312E+00  0.3270990919897688E+02
  0.5045355918720822E+00  0.8753990641491725E+00  0.3575606313674084E+02
  0.4963650298020162E+00  0.8793194578511700E+00  0.3900225208358817E+02
  0.4881944686511717E+00  0.8831811497658847E+00  0.4260720337823730E+02
  0.4800239084667671E+00  0.8869838820937034E+00  0.4696331602923975E+02
  0.4718533492992859E+00  0.8907274009710492E+00  0.5221321561940164E+02
  0.4636827912027636E+00  0.8944114564873288E+00  0.5845849002801187E+02
  0.4555122342351060E+00  0.8980358027016164E+00  0.6535386924094658E+02
  0.4473416784584431E+00  0.9016001976590722E+00  0.7247574374215411E+02
  0.4391711239395221E+00  0.9051044034070944E+00  0.7964790887272046E+02
  0.4310005707501444E+00  0.9085481860112055E+00  0.8742628633749753E+02
  0.4228300189676551E+00  0.9119313155706682E+00  0.9618168616198335E+02
  0.4146594686754885E+00  0.9152535662338340E+00  0.1059572858360607E+03
  0.4064889199637791E+00  0.9185147162132208E+00  0.1165043088473840E+03
  0.3983183729300507E+00  0.9217145478003181E+00  0.1276511355401926E+03
  0.3901478276799883E+00  0.9248528473801222E+00  0.1389719840518977E+03
  0.3819772843283120E+00  0.9279294054453956E+00  0.1505842197576510E+03
  0.3738067429997641E+00  0.9309440166106540E+00  0.1632398899218255E+03
  0.3656362038302282E+00  0.9338964796258775E+00  0.1777759404938083E+03
  0.3574656669680030E+00  0.9367865973899459E+00  0.1938060729141088E+03
  0.3492951325752533E+00  0.9396141769637963E+00  0.2104163512638939E+03
  0.3411246008296713E+00  0.9423790295833044E+00  0.2269571747721371E+03
  0.3329540719263814E+00  0.9450809706718851E+00  0.2432356677620719E+03
  0.3247835460801308E+00  0.9477198198528157E+00  0.2586965479777983E+03
  0.3166130235278230E+00  0.9502954009612771E+00  0.2735271128797618E+03
  0.3084425045314506E+00  0.9528075420561144E+00  0.2890462112074446E+03
  0.3002719893815085E+00  0.9552560754313160E+00  0.3069213140383735E+03
  0.2921014784009779E+00  0.9576408376272095E+00  0.3271014958193936E+03
  0.2839309719500016E+00  0.9599616694413742E+00  0.3486003953241586E+03
  0.2757604704313845E+00  0.9622184159392698E+00  0.3703524995360236E+03
  0.2675899742971076E+00  0.9644109264645802E+00  0.3921103121958714E+03
  0.2594194840560681E+00  0.9665390546492710E+00  0.4135606865895311E+03
  0.2512490002833307E+00  0.9686026584233628E+00  0.4352680947447604E+03
  0.2430785236312446E+00  0.9706016000244151E+00  0.4579970040087638E+03
  0.2349080548428762E+00  0.9725357460067257E+00  0.4819860408360057E+03
  0.2267375947683499E+00  0.9744049672502397E+00  0.5065930979702640E+03
  0.2185671443848464E+00  0.9762091389691724E+00  0.5326597937756534E+03
  0.2103967048212628E+00  0.9779481407203411E+00  0.5618086225745726E+03
  0.2022262773888417E+00  0.9796218564112101E+00  0.5947729408485864E+03
  0.1940558636195398E+00  0.9812301743076443E+00  0.6304462868666139E+03
  0.1858854653144977E+00  0.9827729870413743E+00  0.6682524491878584E+03
  0.1777150846058812E+00  0.9842501916171713E+00  0.7074009644715163E+03
  0.1695447240365762E+00  0.9856616894197333E+00  0.7467784480380625E+03
  0.1613743866640789E+00  0.9870073862202815E+00  0.7855956597274358E+03
  0.1532040761975885E+00  0.9882871921828699E+00  0.8254824229559979E+03
  0.1450337971813853E+00  0.9895010218704087E+00  0.8675807872759610E+03
  0.1368635552438019E+00  0.9906487942504061E+00  0.9115790307656764E+03
  0.1286933574408989E+00  0.9917304327004320E+00  0.9570081770602942E+03
  0.1205232127396896E+00  0.9927458650133153E+00  0.1006544636106992E+04
  0.1123531327118049E+00  0.9936950234020883E+00  0.1061705260459483E+04
  0.1041831325528455E+00  0.9945778445047068E+00  0.1121782060997226E+04
  0.9601323262085862E-01  0.9953942693885953E+00  0.1186366819509957E+04
  0.8784346083082471E-01  0.9961442435551087E+00  0.1258748962061964E+04
  0.7967385651719167E-01  0.9968277169440913E+00  0.1339669967581333E+04
  0.7150447693306423E-01  0.9974446439389107E+00  0.1428764341415981E+04
  0.6333540875299180E-01  0.9979949833727938E+00  0.1529237857359909E+04
  0.5516678972815772E-01  0.9984786985384589E+00  0.1650627175026205E+04
  0.4699885272846815E-01  0.9988957572063257E+00  0.1798826012277809E+04
  0.3883202470742381E-01  0.9992461316671845E+00  0.1991780688160792E+04
  0.3066718105470672E-01  0.9995297988558859E+00  0.2273275711927550E+04
  0.2250643816359393E-01  0.9997467408113523E+00  0.2687613499185441E+04
  0.1435650599352885E-01  0.9998969471378596E+00  0.3185736570985242E+04
  0.6254421014113626E-02  0.9999804411726474E+00  0.3594435153566406E+04
