# nlmax, ncor, nside =         383           1         128
  0.3135338232575680E+01 -0.9999804411726474E+00  0.1617189279312408E+03
  0.3127236147596264E+01 -0.9998969471378596E+00  0.1704405474240855E+03
  0.3119086215426199E+01 -0.9997467408113523E+00  0.1835406716066077E+03
  0.3110925472535087E+01 -0.9995297988558859E+00  0.1968378440986961E+03
  0.3102760628882369E+01 -0.9992461316671845E+00  0.2068958543286523E+03
  0.3094593800861325E+01 -0.9988957572063257E+00  0.2124856403522627E+03
  0.3086425863861635E+01 -0.9984786985384589E+00  0.2142566797906552E+03
  0.3078257244836801E+01 -0.9979949833727938E+00  0.2136367219903359E+03
  0.3070088176656729E+01 -0.9974446439389107E+00  0.2125431012625818E+03
  0.3061918797072602E+01 -0.9968277169440913E+00  0.2123012306346665E+03
  0.3053749192758969E+01 -0.9961442435551087E+00  0.2127184040351594E+03
  0.3045579420968934E+01 -0.9953942693885953E+00  0.2128198518926927E+03
  0.3037409521036948E+01 -0.9945778445047068E+00  0.2123058563207454E+03
  0.3029239520877988E+01 -0.9936950234020883E+00  0.2119684457229073E+03
  0.3021069440850104E+01 -0.9927458650133153E+00  0.2128431204564693E+03
  0.3012899296148894E+01 -0.9917304327004320E+00  0.2146123002693793E+03
  0.3004729098345992E+01 -0.9906487942504061E+00  0.2159771240937978E+03
  0.2996558856408408E+01 -0.9895010218704087E+00  0.2157611586848588E+03
  0.2988388577392205E+01 -0.9882871921828699E+00  0.2136797982041684E+03
  0.2980218266925714E+01 -0.9870073862202815E+00  0.2100144418736089E+03
  0.2972047929553217E+01 -0.9856616894197333E+00  0.2052491507255747E+03
  0.2963877568983912E+01 -0.9842501916171713E+00  0.2006351378942121E+03
  0.2955707188275296E+01 -0.9827729870413743E+00  0.1973993892780240E+03
  0.2947536789970254E+01 -0.9812301743076443E+00  0.1958804576841075E+03
  0.2939366376200951E+01 -0.9796218564112101E+00  0.1952197047677391E+03
  0.2931195948768531E+01 -0.9779481407203411E+00  0.1943654345935906E+03
  0.2923025509204947E+01 -0.9762091389691724E+00  0.1927252182558232E+03
  0.2914855058821443E+01 -0.9744049672502397E+00  0.1903506272569641E+03
  0.2906684598746917E+01 -0.9725357460067257E+00  0.1875056703065953E+03
  0.2898514129958549E+01 -0.9706016000244151E+00  0.1842427041347343E+03
  0.2890343653306462E+01 -0.9686026584233628E+00  0.1803579916240555E+03
  0.2882173169533725E+01 -0.9665390546492710E+00  0.1757719382114573E+03
  0.2874002679292686E+01 -0.9644109264645802E+00  0.1709813375811555E+03
  0.2865832183158409E+01 -0.9622184159392698E+00  0.1666901478715924E+03
  0.2857661681639792E+01 -0.9599616694413742E+00  0.1633528389678847E+03
  0.2849491175188815E+01 -0.9576408376272095E+00  0.1612116793397872E+03
  0.2841320664208285E+01 -0.9552560754313160E+00  0.1606583988420591E+03
  0.2833150149058343E+01 -0.9528075420561144E+00  0.1622884542608536E+03
  0.2824979630061970E+01 -0.9502954009612771E+00  0.1661878203780595E+03
  0.2816809107509663E+01 -0.9477198198528157E+00  0.1716410669980019E+03
  0.2808638581663412E+01 -0.9450809706718851E+00  0.1776051980831409E+03
  0.2800468052760122E+01 -0.9423790295833044E+00  0.1833389744715223E+03
  0.2792297521014540E+01 -0.9396141769637963E+00  0.1884861009505170E+03
  0.2784126986621790E+01 -0.9367865973899459E+00  0.1930243945170605E+03
  0.2775956449759565E+01 -0.9338964796258775E+00  0.1967010993715803E+03
  0.2767785910590029E+01 -0.9309440166106540E+00  0.1988833924216300E+03
  0.2759615369261481E+01 -0.9279294054453956E+00  0.1991530376830143E+03
  0.2751444825909805E+01 -0.9248528473801222E+00  0.1976847978877097E+03
  0.2743274280659743E+01 -0.9217145478003181E+00  0.1950053405410955E+03
  0.2735103733626014E+01 -0.9185147162132208E+00  0.1916320328268270E+03
  0.2726933184914305E+01 -0.9152535662338340E+00  0.1878466122769305E+03
  0.2718762634622138E+01 -0.9119313155706682E+00  0.1841822653463944E+03
  0.2710592082839649E+01 -0.9085481860112055E+00  0.1811661817953384E+03
  0.2702421529650271E+01 -0.9051044034070944E+00  0.1784454862800474E+03
  0.2694250975131350E+01 -0.9016001976590722E+00  0.1749325924476064E+03
  0.2686080419354687E+01 -0.8980358027016164E+00  0.1699608669127069E+03
  0.2677909862387029E+01 -0.8944114564873288E+00  0.1640247261792544E+03
  0.2669739304290507E+01 -0.8907274009710492E+00  0.1584730647446859E+03
  0.2661568745123026E+01 -0.8869838820937034E+00  0.1541616721066977E+03
  0.2653398184938621E+01 -0.8831811497658847E+00  0.1509797824283194E+03
  0.2645227623787777E+01 -0.8793194578511700E+00  0.1484290860608488E+03
  0.2637057061717711E+01 -0.8753990641491725E+00  0.1464806343015706E+03
  0.2628886498772639E+01 -0.8714202303783312E+00  0.1451038255734130E+03
  0.2620715934994006E+01 -0.8673832221584393E+00  0.1439340323446832E+03
  0.2612545370420704E+01 -0.8632883089929120E+00  0.1419589670258202E+03
  0.2604374805089263E+01 -0.8591357642507945E+00  0.1384740236757114E+03
  0.2596204239034032E+01 -0.8549258651485127E+00  0.1337312342889468E+03
  0.2588033672287335E+01 -0.8506588927313666E+00  0.1288399177279893E+03
  0.2579863104879621E+01 -0.8463351318547683E+00  0.1250141746809125E+03
  0.2571692536839600E+01 -0.8419548711652254E+00  0.1226516108129297E+03
  0.2563521968194363E+01 -0.8375184030810715E+00  0.1214911302427961E+03
  0.2555351398969496E+01 -0.8330260237729452E+00  0.1209314933583335E+03
  0.2547180829189184E+01 -0.8284780331440178E+00  0.1205397221121381E+03
  0.2539010258876304E+01 -0.8238747348099726E+00  0.1201924717333945E+03
  0.2530839688052518E+01 -0.8192164360787360E+00  0.1201184196372313E+03
  0.2522669116738345E+01 -0.8145034479299620E+00  0.1205217409119385E+03
  0.2514498544953243E+01 -0.8097360849942720E+00  0.1212265818012203E+03
  0.2506327972715673E+01 -0.8049146655322506E+00  0.1216363840028773E+03
  0.2498157400043163E+01 -0.8000395114131988E+00  0.1211153035555711E+03
  0.2489986826952370E+01 -0.7951109480936471E+00  0.1195027904442036E+03
  0.2481816253459126E+01 -0.7901293045956280E+00  0.1171356512427982E+03
  0.2473645679578500E+01 -0.7850949134847117E+00  0.1145209794435303E+03
  0.2465475105324832E+01 -0.7800081108478040E+00  0.1119992794408057E+03
  0.2457304530711785E+01 -0.7748692362707100E+00  0.1097114649009026E+03
  0.2449133955752385E+01 -0.7696786328154644E+00  0.1072885858352796E+03
  0.2440963380459050E+01 -0.7644366469974285E+00  0.1040692934928099E+03
  0.2432792804843637E+01 -0.7591436287621580E+00  0.9956964474207592E+02
  0.2424622228917462E+01 -0.7537999314620412E+00  0.9377269278095120E+02
  0.2416451652691339E+01 -0.7484059118327094E+00  0.8711849731183484E+02
  0.2408281076175607E+01 -0.7429619299692227E+00  0.8037250264096450E+02
  0.2400110499380152E+01 -0.7374683493020299E+00  0.7410653020508232E+02
  0.2391939922314436E+01 -0.7319255365727068E+00  0.6834913782679244E+02
  0.2383769344987516E+01 -0.7263338618094733E+00  0.6277949634625308E+02
  0.2375598767408072E+01 -0.7206936983024912E+00  0.5706706968095641E+02
  0.2367428189584419E+01 -0.7150054225789432E+00  0.5109920189673790E+02
  0.2359257611524532E+01 -0.7092694143778975E+00  0.4498402385125738E+02
  0.2351087033236062E+01 -0.7034860566249567E+00  0.3886630012302558E+02
  0.2342916454726351E+01 -0.6976557354066943E+00  0.3280089386271974E+02
  0.2334745876002450E+01 -0.6917788399448808E+00  0.2682571705870394E+02
  0.2326575297071134E+01 -0.6858557625704990E+00  0.2096253335449417E+02
  0.2318404717938913E+01 -0.6798868986975534E+00  0.1522108663365385E+02
  0.2310234138612046E+01 -0.6738726467966731E+00  0.9628654401921327E+01
  0.2302063559096557E+01 -0.6678134083685102E+00  0.3975244629529242E+01
  0.2293892979398239E+01 -0.6617095879169366E+00 -0.2030281267422689E+01
  0.2285722399522673E+01 -0.6555615929220400E+00 -0.8620182624737252E+01
  0.2277551819475234E+01 -0.6493698338129212E+00 -0.1572866691181479E+02
  0.2269381239261100E+01 -0.6431347239402948E+00 -0.2304911937480916E+02
  0.2261210658885265E+01 -0.6368566795488945E+00 -0.3033655291445629E+02
  0.2253040078352542E+01 -0.6305361197496849E+00 -0.3741119721760914E+02
  0.2244869497667577E+01 -0.6241734664918837E+00 -0.4384329657606693E+02
  0.2236698916834853E+01 -0.6177691445347914E+00 -0.4944234010231327E+02
  0.2228528335858699E+01 -0.6113235814194364E+00 -0.5432573183484848E+02
  0.2220357754743295E+01 -0.6048372074400329E+00 -0.5888491919959232E+02
  0.2212187173492683E+01 -0.5983104556152549E+00 -0.6344043865725190E+02
  0.2204016592110768E+01 -0.5917437616593286E+00 -0.6822054488290000E+02
  0.2195846010601326E+01 -0.5851375639529456E+00 -0.7344221603569621E+02
  0.2187675428968010E+01 -0.5784923035139965E+00 -0.7904487672079291E+02
  0.2179504847214357E+01 -0.5718084239681300E+00 -0.8480942633374042E+02
  0.2171334265343789E+01 -0.5650863715191369E+00 -0.9035831862749122E+02
  0.2163163683359622E+01 -0.5583265949191624E+00 -0.9528602836147823E+02
  0.2154993101265066E+01 -0.5515295454387482E+00 -0.9925496892428006E+02
  0.2146822519063234E+01 -0.5446956768367068E+00 -0.1020279401979348E+03
  0.2138651936757143E+01 -0.5378254453298289E+00 -0.1036336900354002E+03
  0.2130481354349721E+01 -0.5309193095624275E+00 -0.1043158203873505E+03
  0.2122310771843806E+01 -0.5239777305757194E+00 -0.1044068750667240E+03
  0.2114140189242155E+01 -0.5170011717770473E+00 -0.1042011067415110E+03
  0.2105969606547443E+01 -0.5099900989089429E+00 -0.1040885889569257E+03
  0.2097799023762269E+01 -0.5029449800180356E+00 -0.1042222068423144E+03
  0.2089628440889158E+01 -0.4958662854238058E+00 -0.1044094359766953E+03
  0.2081457857930564E+01 -0.4887544876871878E+00 -0.1043879250294889E+03
  0.2073287274888874E+01 -0.4816100615790221E+00 -0.1041751314510576E+03
  0.2065116691766407E+01 -0.4744334840483606E+00 -0.1037149555399851E+03
  0.2056946108565423E+01 -0.4672252341906264E+00 -0.1030619186024848E+03
  0.2048775525288118E+01 -0.4599857932156304E+00 -0.1024348931895159E+03
  0.2040604941936635E+01 -0.4527156444154464E+00 -0.1021106550484464E+03
  0.2032434358513056E+01 -0.4454152731321473E+00 -0.1021327251869007E+03
  0.2024263775019413E+01 -0.4380851667254050E+00 -0.1020908967994150E+03
  0.2016093191457685E+01 -0.4307258145399545E+00 -0.1014958385454730E+03
  0.2007922607829804E+01 -0.4233377078729265E+00 -0.1004090848208004E+03
  0.1999752024137653E+01 -0.4159213399410494E+00 -0.9912170413289711E+02
  0.1991581440383068E+01 -0.4084772058477228E+00 -0.9765694272716053E+02
  0.1983410856567843E+01 -0.4010058025499653E+00 -0.9569709965189843E+02
  0.1975240272693730E+01 -0.3935076288252386E+00 -0.9303667970511879E+02
  0.1967069688762441E+01 -0.3859831852381501E+00 -0.8960649473110834E+02
  0.1958899104775647E+01 -0.3784329741070359E+00 -0.8554326745140213E+02
  0.1950728520734982E+01 -0.3708574994704271E+00 -0.8101767406467394E+02
  0.1942557936642046E+01 -0.3632572670534011E+00 -0.7621952776334867E+02
  0.1934387352498403E+01 -0.3556327842338202E+00 -0.7138164948636935E+02
  0.1926216768305583E+01 -0.3479845600084601E+00 -0.6655990192045856E+02
  0.1918046184065086E+01 -0.3403131049590297E+00 -0.6187366283174527E+02
  0.1909875599778379E+01 -0.3326189312180866E+00 -0.5759209708175518E+02
  0.1901705015446901E+01 -0.3249025524348469E+00 -0.5378673967126351E+02
  0.1893534431072063E+01 -0.3171644837408958E+00 -0.5048897972823526E+02
  0.1885363846655247E+01 -0.3094052417157978E+00 -0.4758526153978592E+02
  0.1877193262197810E+01 -0.3016253443526109E+00 -0.4488106745532357E+02
  0.1869022677701083E+01 -0.2938253110233064E+00 -0.4218071608422176E+02
  0.1860852093166375E+01 -0.2860056624440968E+00 -0.3925527137487029E+02
  0.1852681508594969E+01 -0.2781669206406729E+00 -0.3596353849709647E+02
  0.1844510923988128E+01 -0.2703096089133553E+00 -0.3254968398555042E+02
  0.1836340339347093E+01 -0.2624342518021592E+00 -0.2964751041778531E+02
  0.1828169754673083E+01 -0.2545413750517773E+00 -0.2800187775727442E+02
  0.1819999169967299E+01 -0.2466315055764818E+00 -0.2768738484352274E+02
  0.1811828585230925E+01 -0.2387051714249486E+00 -0.2815182700369160E+02
  0.1803658000465123E+01 -0.2307629017450062E+00 -0.2867499180835918E+02
  0.1795487415671042E+01 -0.2228052267483099E+00 -0.2907397457299550E+02
  0.1787316830849811E+01 -0.2148326776749467E+00 -0.2936374613116018E+02
  0.1779146246002545E+01 -0.2068457867579697E+00 -0.2945136978244173E+02
  0.1770975661130345E+01 -0.1988450871878683E+00 -0.2914046407066945E+02
  0.1762805076234296E+01 -0.1908311130769725E+00 -0.2839317729615091E+02
  0.1754634491315471E+01 -0.1828043994237966E+00 -0.2745727241643196E+02
  0.1746463906374929E+01 -0.1747654820773241E+00 -0.2679185174886847E+02
  0.1738293321413718E+01 -0.1667148977012352E+00 -0.2678260449815927E+02
  0.1730122736432872E+01 -0.1586531837380799E+00 -0.2753129018863075E+02
  0.1721952151433418E+01 -0.1505808783733995E+00 -0.2867144102087865E+02
  0.1713781566416370E+01 -0.1424985204997981E+00 -0.2962508244722976E+02
  0.1705610981382731E+01 -0.1344066496809675E+00 -0.3000018652388684E+02
  0.1697440396333499E+01 -0.1263058061156663E+00 -0.3004414304031908E+02
  0.1689269811269659E+01 -0.1181965306016578E+00 -0.3034254384537327E+02
  0.1681099226192191E+01 -0.1100793644996070E+00 -0.3131551421264834E+02
  0.1672928641102067E+01 -0.1019548496969404E+00 -0.3292446331472961E+02
  0.1664758056000250E+01 -0.9382352857167028E-01 -0.3475141910355373E+02
  0.1656587470887701E+01 -0.8568594395618719E-01 -0.3644065253070109E+02
  0.1648416885765370E+01 -0.7754263910102077E-01 -0.3781121466752811E+02
  0.1640246300634206E+01 -0.6939415763857371E-01 -0.3881251135131873E+02
  0.1632075715495151E+01 -0.6124104354682962E-01 -0.3966480916382174E+02
  0.1623905130349143E+01 -0.5308384111303818E-01 -0.4048414431088926E+02
  0.1615734545197117E+01 -0.4492309489737940E-01 -0.4122968750495092E+02
  0.1607563960040004E+01 -0.3675934969660982E-01 -0.4177142127455276E+02
  0.1599393374878733E+01 -0.2859315050769285E-01 -0.4195368757503828E+02
  0.1591222789714229E+01 -0.2042504249141571E-01 -0.4176042161525779E+02
  0.1583052204547419E+01 -0.1225557093599554E-01 -0.4137372105380091E+02
  0.1574881619379224E+01 -0.4085281220676868E-02 -0.4093097113253063E+02
  0.1566711034210569E+01  0.4085281220676868E-02 -0.4059053097827131E+02
  0.1558540449042374E+01  0.1225557093599554E-01 -0.4049155898849030E+02
  0.1550369863875564E+01  0.2042504249141571E-01 -0.4084444255445833E+02
  0.1542199278711061E+01  0.2859315050769285E-01 -0.4176586918895662E+02
  0.1534028693549790E+01  0.3675934969660982E-01 -0.4305257338323226E+02
  0.1525858108392677E+01  0.4492309489737940E-01 -0.4401056218479538E+02
  0.1517687523240650E+01  0.5308384111303818E-01 -0.4414774359559061E+02
  0.1509516938094642E+01  0.6124104354682962E-01 -0.4338794213296124E+02
  0.1501346352955587E+01  0.6939415763857371E-01 -0.4209860599062823E+02
  0.1493175767824423E+01  0.7754263910102077E-01 -0.4059475355216918E+02
  0.1485005182702093E+01  0.8568594395618719E-01 -0.3913282957974570E+02
  0.1476834597589543E+01  0.9382352857167028E-01 -0.3771675754773150E+02
  0.1468664012487727E+01  0.1019548496969404E+00 -0.3638940553465005E+02
  0.1460493427397602E+01  0.1100793644996070E+00 -0.3512845116742568E+02
  0.1452322842320134E+01  0.1181965306016578E+00 -0.3405723169281951E+02
  0.1444152257256294E+01  0.1263058061156663E+00 -0.3335635747515853E+02
  0.1435981672207062E+01  0.1344066496809675E+00 -0.3335286179011961E+02
  0.1427811087173423E+01  0.1424985204997981E+00 -0.3425928072945438E+02
  0.1419640502156375E+01  0.1505808783733995E+00 -0.3624028258818796E+02
  0.1411469917156921E+01  0.1586531837380799E+00 -0.3928532040595650E+02
  0.1403299332176076E+01  0.1667148977012352E+00 -0.4337677516003767E+02
  0.1395128747214864E+01  0.1747654820773241E+00 -0.4860375079811278E+02
  0.1386958162274323E+01  0.1828043994237966E+00 -0.5498875486900663E+02
  0.1378787577355497E+01  0.1908311130769725E+00 -0.6203543236460550E+02
  0.1370616992459449E+01  0.1988450871878683E+00 -0.6900960176198666E+02
  0.1362446407587248E+01  0.2068457867579697E+00 -0.7519027028492252E+02
  0.1354275822739983E+01  0.2148326776749467E+00 -0.8035472913019720E+02
  0.1346105237918751E+01  0.2228052267483099E+00 -0.8458714299857084E+02
  0.1337934653124670E+01  0.2307629017450062E+00 -0.8809743376230217E+02
  0.1329764068358868E+01  0.2387051714249486E+00 -0.9115747667976832E+02
  0.1321593483622494E+01  0.2466315055764818E+00 -0.9416719407577102E+02
  0.1313422898916710E+01  0.2545413750517773E+00 -0.9749789179834087E+02
  0.1305252314242701E+01  0.2624342518021592E+00 -0.1011961589189059E+03
  0.1297081729601665E+01  0.2703096089133553E+00 -0.1047797504414277E+03
  0.1288911144994824E+01  0.2781669206406729E+00 -0.1079925630870896E+03
  0.1280740560423418E+01  0.2860056624440968E+00 -0.1109155703707769E+03
  0.1272569975888710E+01  0.2938253110233064E+00 -0.1137436297655124E+03
  0.1264399391391984E+01  0.3016253443526109E+00 -0.1162763256057771E+03
  0.1256228806934547E+01  0.3094052417157978E+00 -0.1183108430545305E+03
  0.1248058222517730E+01  0.3171644837408958E+00 -0.1199526256439602E+03
  0.1239887638142892E+01  0.3249025524348469E+00 -0.1218785907964722E+03
  0.1231717053811414E+01  0.3326189312180866E+00 -0.1245881231371129E+03
  0.1223546469524707E+01  0.3403131049590297E+00 -0.1277827263922792E+03
  0.1215375885284210E+01  0.3479845600084601E+00 -0.1305219965755110E+03
  0.1207205301091390E+01  0.3556327842338202E+00 -0.1324427601560304E+03
  0.1199034716947747E+01  0.3632572670534011E+00 -0.1340260848069987E+03
  0.1190864132854811E+01  0.3708574994704271E+00 -0.1362644220211761E+03
  0.1182693548814147E+01  0.3784329741070359E+00 -0.1392641482637756E+03
  0.1174522964827352E+01  0.3859831852381501E+00 -0.1425070859647108E+03
  0.1166352380896063E+01  0.3935076288252386E+00 -0.1451863819264042E+03
  0.1158181797021950E+01  0.4010058025499653E+00 -0.1468688553009270E+03
  0.1150011213206726E+01  0.4084772058477228E+00 -0.1472329074938731E+03
  0.1141840629452141E+01  0.4159213399410494E+00 -0.1463915149019369E+03
  0.1133670045759989E+01  0.4233377078729265E+00 -0.1447020193553759E+03
  0.1125499462132108E+01  0.4307258145399545E+00 -0.1429968417766756E+03
  0.1117328878570381E+01  0.4380851667254050E+00 -0.1420352465755325E+03
  0.1109158295076737E+01  0.4454152731321473E+00 -0.1421462129056458E+03
  0.1100987711653159E+01  0.4527156444154464E+00 -0.1428622212833623E+03
  0.1092817128301675E+01  0.4599857932156304E+00 -0.1433101753561554E+03
  0.1084646545024371E+01  0.4672252341906264E+00 -0.1428343127155055E+03
  0.1076475961823386E+01  0.4744334840483606E+00 -0.1417572357421858E+03
  0.1068305378700920E+01  0.4816100615790221E+00 -0.1405963716995989E+03
  0.1060134795659229E+01  0.4887544876871878E+00 -0.1397250369228562E+03
  0.1051964212700635E+01  0.4958662854238058E+00 -0.1390879317839819E+03
  0.1043793629827524E+01  0.5029449800180356E+00 -0.1389465637463381E+03
  0.1035623047042350E+01  0.5099900989089429E+00 -0.1394572940941255E+03
  0.1027452464347638E+01  0.5170011717770473E+00 -0.1405167468123618E+03
  0.1019281881745987E+01  0.5239777305757194E+00 -0.1414113563297062E+03
  0.1011111299240073E+01  0.5309193095624275E+00 -0.1416766301520897E+03
  0.1002940716832650E+01  0.5378254453298289E+00 -0.1413052814198836E+03
  0.9947701345265596E+00  0.5446956768367068E+00 -0.1407046799628360E+03
  0.9865995523247275E+00  0.5515295454387482E+00 -0.1398742609806074E+03
  0.9784289702301714E+00  0.5583265949191624E+00 -0.1388026397128380E+03
  0.9702583882460036E+00  0.5650863715191369E+00 -0.1372915078463257E+03
  0.9620878063754359E+00  0.5718084239681300E+00 -0.1353804327639486E+03
  0.9539172246217830E+00  0.5784923035139965E+00 -0.1334411742463014E+03
  0.9457466429884676E+00  0.5851375639529456E+00 -0.1321465794072739E+03
  0.9375760614790253E+00  0.5917437616593286E+00 -0.1315869910956233E+03
  0.9294054800971098E+00  0.5983104556152549E+00 -0.1316089573503297E+03
  0.9212348988464978E+00  0.6048372074400329E+00 -0.1318172477190630E+03
  0.9130643177310944E+00  0.6113235814194364E+00 -0.1320892531472854E+03
  0.9048937367549402E+00  0.6177691445347914E+00 -0.1322379634482700E+03
  0.8967231559222163E+00  0.6241734664918837E+00 -0.1320811430264731E+03
  0.8885525752372514E+00  0.6305361197496849E+00 -0.1314992003899284E+03
  0.8803819947045285E+00  0.6368566795488945E+00 -0.1303625626454770E+03
  0.8722114143286931E+00  0.6431347239402948E+00 -0.1281185327644441E+03
  0.8640408341145595E+00  0.6493698338129212E+00 -0.1243146962884987E+03
  0.8558702540671204E+00  0.6555615929220400E+00 -0.1188261524025415E+03
  0.8476996741915547E+00  0.6617095879169366E+00 -0.1122749689715687E+03
  0.8395290944932369E+00  0.6678134083685102E+00 -0.1052444555749080E+03
  0.8313585149777468E+00  0.6738726467966731E+00 -0.9814219315587310E+02
  0.8231879356508802E+00  0.6798868986975534E+00 -0.9089746517162867E+02
  0.8150173565186587E+00  0.6858557625704990E+00 -0.8361827144415069E+02
  0.8068467775873427E+00  0.6917788399448808E+00 -0.7636075791030400E+02
  0.7986761988634423E+00  0.6976557354066943E+00 -0.6925437718331396E+02
  0.7905056203537315E+00  0.7034860566249567E+00 -0.6212964446737370E+02
  0.7823350420652612E+00  0.7092694143778975E+00 -0.5509581192043525E+02
  0.7741644640053743E+00  0.7150054225789432E+00 -0.4831704152017079E+02
  0.7659938861817212E+00  0.7206936983024912E+00 -0.4219717407503624E+02
  0.7578233086022768E+00  0.7263338618094733E+00 -0.3672825884051276E+02
  0.7496527312753575E+00  0.7319255365727068E+00 -0.3169557436499673E+02
  0.7414821542096410E+00  0.7374683493020299E+00 -0.2665065079183487E+02
  0.7333115774141861E+00  0.7429619299692227E+00 -0.2142804985130805E+02
  0.7251410008984539E+00  0.7484059118327094E+00 -0.1565695285637278E+02
  0.7169704246723316E+00  0.7537999314620412E+00 -0.9197050914630379E+01
  0.7087998487461566E+00  0.7591436287621580E+00 -0.2338545888509283E+01
  0.7006292731307425E+00  0.7644366469974285E+00  0.4000640802816150E+01
  0.6924586978374083E+00  0.7696786328154644E+00  0.9369542056125216E+01
  0.6842881228780077E+00  0.7748692362707100E+00  0.1418385146905824E+02
  0.6761175482649616E+00  0.7800081108478040E+00  0.1920652542430032E+02
  0.6679469740112938E+00  0.7850949134847117E+00  0.2465701874994795E+02
  0.6597764001306670E+00  0.7901293045956280E+00  0.3075985778773990E+02
  0.6516058266374236E+00  0.7951109480936471E+00  0.3773652777793352E+02
  0.6434352535466297E+00  0.8000395114131988E+00  0.4563082211777451E+02
  0.6352646808741202E+00  0.8049146655322506E+00  0.5377150043843436E+02
  0.6270941086365502E+00  0.8097360849942720E+00  0.6162691751237173E+02
  0.6189235368514482E+00  0.8145034479299620E+00  0.6900324591109727E+02
  0.6107529655372755E+00  0.8192164360787360E+00  0.7644018736034427E+02
  0.6025823947134890E+00  0.8238747348099726E+00  0.8399006723798811E+02
  0.5944118244006098E+00  0.8284780331440178E+00  0.9161970523050697E+02
  0.5862412546202973E+00  0.8330260237729452E+00  0.9887622469405343E+02
  0.5780706853954301E+00  0.8375184030810715E+00  0.1055362461635590E+03
  0.5699001167501928E+00  0.8419548711652254E+00  0.1116362010108731E+03
  0.5617295487101719E+00  0.8463351318547683E+00  0.1182430183848253E+03
  0.5535589813024583E+00  0.8506588927313666E+00  0.1258998497133289E+03
  0.5453884145557613E+00  0.8549258651485127E+00  0.1341696197857349E+03
  0.5372178485005299E+00  0.8591357642507945E+00  0.1421310849178940E+03
  0.5290472831690897E+00  0.8632883089929120E+00  0.1498160461532765E+03
  0.5208767185957875E+00  0.8673832221584393E+00  0.1577092753724777E+03
  0.5127061548171545E+00  0.8714202303783312E+00  0.1663082649389546E+03
  0.5045355918720822E+00  0.8753990641491725E+00  0.1750830995008891E+03
  0.4963650298020162E+00  0.8793194578511700E+00  0.1833231725537797E+03
  0.4881944686511717E+00  0.8831811497658847E+00  0.1903152036809989E+03
  0.4800239084667671E+00  0.8869838820937034E+00  0.1963387854229733E+03
  0.4718533492992859E+00  0.8907274009710492E+00  0.2020735181676729E+03
  0.4636827912027636E+00  0.8944114564873288E+00  0.2086139651171961E+03
  0.4555122342351060E+00  0.8980358027016164E+00  0.2160309938226706E+03
  0.4473416784584431E+00  0.9016001976590722E+00  0.2239064949666255E+03
  0.4391711239395221E+00  0.9051044034070944E+00  0.2316095883647608E+03
  0.4310005707501444E+00  0.9085481860112055E+00  0.2396781792334544E+03
  0.4228300189676551E+00  0.9119313155706682E+00  0.2486407620860145E+03
  0.4146594686754885E+00  0.9152535662338340E+00  0.2592356001589169E+03
  0.4064889199637791E+00  0.9185147162132208E+00  0.2719387909219896E+03
  0.3983183729300507E+00  0.9217145478003181E+00  0.2872355663511634E+03
  0.3901478276799883E+00  0.9248528473801222E+00  0.3043706492371476E+03
  0.3819772843283120E+00  0.9279294054453956E+00  0.3223265683543620E+03
  0.3738067429997641E+00  0.9309440166106540E+00  0.3401409808196432E+03
  0.3656362038302282E+00  0.9338964796258775E+00  0.3576075539393748E+03
  0.3574656669680030E+00  0.9367865973899459E+00  0.3743569640788642E+03
  0.3492951325752533E+00  0.9396141769637963E+00  0.3909842958129828E+03
  0.3411246008296713E+00  0.9423790295833044E+00  0.4086457147465948E+03
  0.3329540719263814E+00  0.9450809706718851E+00  0.4284716832099699E+03
  0.3247835460801308E+00  0.9477198198528157E+00  0.4496330258648092E+03
  0.3166130235278230E+00  0.9502954009612771E+00  0.4708487920897219E+03
  0.3084425045314506E+00  0.9528075420561144E+00  0.4917434916094746E+03
  0.3002719893815085E+00  0.9552560754313160E+00  0.5137775953555631E+03
  0.2921014784009779E+00  0.9576408376272095E+00  0.5378732560897478E+03
  0.2839309719500016E+00  0.9599616694413742E+00  0.5646349265080249E+03
  0.2757604704313845E+00  0.9622184159392698E+00  0.5936321110396882E+03
  0.2675899742971076E+00  0.9644109264645802E+00  0.6237999903107683E+03
  0.2594194840560681E+00  0.9665390546492710E+00  0.6531439252443924E+03
  0.2512490002833307E+00  0.9686026584233628E+00  0.6817790410878098E+03
  0.2430785236312446E+00  0.9706016000244151E+00  0.7105976932401887E+03
  0.2349080548428762E+00  0.9725357460067257E+00  0.7403336225770913E+03
  0.2267375947683499E+00  0.9744049672502397E+00  0.7699463446964173E+03
  0.2185671443848464E+00  0.9762091389691724E+00  0.7994218612986637E+03
  0.2103967048212628E+00  0.9779481407203411E+00  0.8289791256570342E+03
  0.2022262773888417E+00  0.9796218564112101E+00  0.8592823774537452E+03
  0.1940558636195398E+00  0.9812301743076443E+00  0.8899043286539510E+03
  0.1858854653144977E+00  0.9827729870413743E+00  0.9221638204857819E+03
  0.1777150846058812E+00  0.9842501916171713E+00  0.9563758483977225E+03
  0.1695447240365762E+00  0.9856616894197333E+00  0.9922924362605116E+03
  0.1613743866640789E+00  0.9870073862202815E+00  0.1029012747968951E+04
  0.1532040761975885E+00  0.9882871921828699E+00  0.1068740514590812E+04
  0.1450337971813853E+00  0.9895010218704087E+00  0.1112733372649392E+04
  0.1368635552438019E+00  0.9906487942504061E+00  0.1160747102475893E+04
  0.1286933574408989E+00  0.9917304327004320E+00  0.1210799420373171E+04
  0.1205232127396896E+00  0.9927458650133153E+00  0.1263651528104032E+04
  0.1123531327118049E+00  0.9936950234020883E+00  0.1318744219173618E+04
  0.1041831325528455E+00  0.9945778445047068E+00  0.1375732807666424E+04
  0.9601323262085862E-01  0.9953942693885953E+00  0.1435421791123001E+04
  0.8784346083082471E-01  0.9961442435551087E+00  0.1503304826807597E+04
  0.7967385651719167E-01  0.9968277169440913E+00  0.1579761069658892E+04
  0.7150447693306423E-01  0.9974446439389107E+00  0.1663647970424478E+04
  0.6333540875299180E-01  0.9979949833727938E+00  0.1756930334842191E+04
  0.5516678972815772E-01  0.9984786985384589E+00  0.1870322623831847E+04
  0.4699885272846815E-01  0.9988957572063257E+00  0.2010468970544938E+04
  0.3883202470742381E-01  0.9992461316671845E+00  0.2195687575300529E+04
  0.3066718105470672E-01  0.9995297988558859E+00  0.2468117875569937E+04
  0.2250643816359393E-01  0.9997467408113523E+00  0.2872275058532267E+04
  0.1435650599352885E-01  0.9998969471378596E+00  0.3358255547123246E+04
  0.6254421014113626E-02  0.9999804411726474E+00  0.3750045898994804E+04
