# nlmax, ncor, nside =         383           1         128
  0.3135338232575680E+01 -0.9999804411726474E+00  0.9861321003533038E+03
  0.3127236147596264E+01 -0.9998969471378596E+00  0.9827341764450161E+03
  0.3119086215426199E+01 -0.9997467408113523E+00  0.9790084407119177E+03
  0.3110925472535087E+01 -0.9995297988558859E+00  0.9774654154023256E+03
  0.3102760628882369E+01 -0.9992461316671845E+00  0.9739683135086132E+03
  0.3094593800861325E+01 -0.9988957572063257E+00  0.9663473863680487E+03
  0.3086425863861635E+01 -0.9984786985384589E+00  0.9556382939748573E+03
  0.3078257244836801E+01 -0.9979949833727938E+00  0.9436348762288604E+03
  0.3070088176656729E+01 -0.9974446439389107E+00  0.9326061500745936E+03
  0.3061918797072602E+01 -0.9968277169440913E+00  0.9237100090170445E+03
  0.3053749192758969E+01 -0.9961442435551087E+00  0.9176891181143395E+03
  0.3045579420968934E+01 -0.9953942693885953E+00  0.9131217088286461E+03
  0.3037409521036948E+01 -0.9945778445047068E+00  0.9080929296818256E+03
  0.3029239520877988E+01 -0.9936950234020883E+00  0.9011797933263322E+03
  0.3021069440850104E+01 -0.9927458650133153E+00  0.8922758750271523E+03
  0.3012899296148894E+01 -0.9917304327004320E+00  0.8812744207339781E+03
  0.3004729098345992E+01 -0.9906487942504061E+00  0.8690196964411771E+03
  0.2996558856408408E+01 -0.9895010218704087E+00  0.8569320156305880E+03
  0.2988388577392205E+01 -0.9882871921828699E+00  0.8470013899461428E+03
  0.2980218266925714E+01 -0.9870073862202815E+00  0.8395747138892716E+03
  0.2972047929553217E+01 -0.9856616894197333E+00  0.8346978234012345E+03
  0.2963877568983912E+01 -0.9842501916171713E+00  0.8312449335923856E+03
  0.2955707188275296E+01 -0.9827729870413743E+00  0.8283958953816731E+03
  0.2947536789970254E+01 -0.9812301743076443E+00  0.8261688503450970E+03
  0.2939366376200951E+01 -0.9796218564112101E+00  0.8242711440579919E+03
  0.2931195948768531E+01 -0.9779481407203411E+00  0.8225899101444820E+03
  0.2923025509204947E+01 -0.9762091389691724E+00  0.8205638999627726E+03
  0.2914855058821443E+01 -0.9744049672502397E+00  0.8173110981612384E+03
  0.2906684598746917E+01 -0.9725357460067257E+00  0.8130677239548289E+03
  0.2898514129958549E+01 -0.9706016000244151E+00  0.8086672849006060E+03
  0.2890343653306462E+01 -0.9686026584233628E+00  0.8052588628602504E+03
  0.2882173169533725E+01 -0.9665390546492710E+00  0.8039340101186081E+03
  0.2874002679292686E+01 -0.9644109264645802E+00  0.8049782215386457E+03
  0.2865832183158409E+01 -0.9622184159392698E+00  0.8075714980293008E+03
  0.2857661681639792E+01 -0.9599616694413742E+00  0.8102408201892994E+03
  0.2849491175188815E+01 -0.9576408376272095E+00  0.8116324504919380E+03
  0.2841320664208285E+01 -0.9552560754313160E+00  0.8116173321468946E+03
  0.2833150149058343E+01 -0.9528075420561144E+00  0.8103144899089443E+03
  0.2824979630061970E+01 -0.9502954009612771E+00  0.8083870406133256E+03
  0.2816809107509663E+01 -0.9477198198528157E+00  0.8065137918233456E+03
  0.2808638581663412E+01 -0.9450809706718851E+00  0.8049514139281994E+03
  0.2800468052760122E+01 -0.9423790295833044E+00  0.8036211597718958E+03
  0.2792297521014540E+01 -0.9396141769637963E+00  0.8017265142193323E+03
  0.2784126986621790E+01 -0.9367865973899459E+00  0.7981609600666028E+03
  0.2775956449759565E+01 -0.9338964796258775E+00  0.7929216246172315E+03
  0.2767785910590029E+01 -0.9309440166106540E+00  0.7875727365589767E+03
  0.2759615369261481E+01 -0.9279294054453956E+00  0.7837982763913988E+03
  0.2751444825909805E+01 -0.9248528473801222E+00  0.7822352219867440E+03
  0.2743274280659743E+01 -0.9217145478003181E+00  0.7816813364860044E+03
  0.2735103733626014E+01 -0.9185147162132208E+00  0.7813802262052129E+03
  0.2726933184914305E+01 -0.9152535662338340E+00  0.7810854177796070E+03
  0.2718762634622138E+01 -0.9119313155706682E+00  0.7811899541162812E+03
  0.2710592082839649E+01 -0.9085481860112055E+00  0.7825804415631865E+03
  0.2702421529650271E+01 -0.9051044034070944E+00  0.7859405744645965E+03
  0.2694250975131350E+01 -0.9016001976590722E+00  0.7915302483241840E+03
  0.2686080419354687E+01 -0.8980358027016164E+00  0.7991223857099767E+03
  0.2677909862387029E+01 -0.8944114564873288E+00  0.8076612456940242E+03
  0.2669739304290507E+01 -0.8907274009710492E+00  0.8161467109011884E+03
  0.2661568745123026E+01 -0.8869838820937034E+00  0.8242160900524568E+03
  0.2653398184938621E+01 -0.8831811497658847E+00  0.8318638184530732E+03
  0.2645227623787777E+01 -0.8793194578511700E+00  0.8391015137938542E+03
  0.2637057061717711E+01 -0.8753990641491725E+00  0.8460691376699280E+03
  0.2628886498772639E+01 -0.8714202303783312E+00  0.8533486520717016E+03
  0.2620715934994006E+01 -0.8673832221584393E+00  0.8612618952642317E+03
  0.2612545370420704E+01 -0.8632883089929120E+00  0.8696771623207154E+03
  0.2604374805089263E+01 -0.8591357642507945E+00  0.8783125696682655E+03
  0.2596204239034032E+01 -0.8549258651485127E+00  0.8875064647307801E+03
  0.2588033672287335E+01 -0.8506588927313666E+00  0.8976925309743870E+03
  0.2579863104879621E+01 -0.8463351318547683E+00  0.9088870486929192E+03
  0.2571692536839600E+01 -0.8419548711652254E+00  0.9204821539782407E+03
  0.2563521968194363E+01 -0.8375184030810715E+00  0.9318653818788814E+03
  0.2555351398969496E+01 -0.8330260237729452E+00  0.9429097250810026E+03
  0.2547180829189184E+01 -0.8284780331440178E+00  0.9534526518536759E+03
  0.2539010258876304E+01 -0.8238747348099726E+00  0.9635963344906470E+03
  0.2530839688052518E+01 -0.8192164360787360E+00  0.9735223371496758E+03
  0.2522669116738345E+01 -0.8145034479299620E+00  0.9839038993390628E+03
  0.2514498544953243E+01 -0.8097360849942720E+00  0.9950039406558558E+03
  0.2506327972715673E+01 -0.8049146655322506E+00  0.1006780331517036E+04
  0.2498157400043163E+01 -0.8000395114131988E+00  0.1019183911439677E+04
  0.2489986826952370E+01 -0.7951109480936471E+00  0.1031535854284667E+04
  0.2481816253459126E+01 -0.7901293045956280E+00  0.1042932135557900E+04
  0.2473645679578500E+01 -0.7850949134847117E+00  0.1053051680010070E+04
  0.2465475105324832E+01 -0.7800081108478040E+00  0.1062519298465876E+04
  0.2457304530711785E+01 -0.7748692362707100E+00  0.1072051697118126E+04
  0.2449133955752385E+01 -0.7696786328154644E+00  0.1081406355982163E+04
  0.2440963380459050E+01 -0.7644366469974285E+00  0.1089872264451405E+04
  0.2432792804843637E+01 -0.7591436287621580E+00  0.1097243853593194E+04
  0.2424622228917462E+01 -0.7537999314620412E+00  0.1103898736202338E+04
  0.2416451652691339E+01 -0.7484059118327094E+00  0.1110601703898823E+04
  0.2408281076175607E+01 -0.7429619299692227E+00  0.1117476486656131E+04
  0.2400110499380152E+01 -0.7374683493020299E+00  0.1124388026872606E+04
  0.2391939922314436E+01 -0.7319255365727068E+00  0.1131225432166975E+04
  0.2383769344987516E+01 -0.7263338618094733E+00  0.1137979032658897E+04
  0.2375598767408072E+01 -0.7206936983024912E+00  0.1144447171239694E+04
  0.2367428189584419E+01 -0.7150054225789432E+00  0.1150383521985232E+04
  0.2359257611524532E+01 -0.7092694143778975E+00  0.1155669912541003E+04
  0.2351087033236062E+01 -0.7034860566249567E+00  0.1160424913654450E+04
  0.2342916454726351E+01 -0.6976557354066943E+00  0.1165178357311361E+04
  0.2334745876002450E+01 -0.6917788399448808E+00  0.1170312731615732E+04
  0.2326575297071134E+01 -0.6858557625704990E+00  0.1175613112448485E+04
  0.2318404717938913E+01 -0.6798868986975534E+00  0.1180775989091328E+04
  0.2310234138612046E+01 -0.6738726467966731E+00  0.1185949572560674E+04
  0.2302063559096557E+01 -0.6678134083685102E+00  0.1191075014188266E+04
  0.2293892979398239E+01 -0.6617095879169366E+00  0.1195755517817761E+04
  0.2285722399522673E+01 -0.6555615929220400E+00  0.1199218026241659E+04
  0.2277551819475234E+01 -0.6493698338129212E+00  0.1201361183403768E+04
  0.2269381239261100E+01 -0.6431347239402948E+00  0.1203193866404828E+04
  0.2261210658885265E+01 -0.6368566795488945E+00  0.1205470404350448E+04
  0.2253040078352542E+01 -0.6305361197496849E+00  0.1208166501900924E+04
  0.2244869497667577E+01 -0.6241734664918837E+00  0.1211161777467621E+04
  0.2236698916834853E+01 -0.6177691445347914E+00  0.1214184487315031E+04
  0.2228528335858699E+01 -0.6113235814194364E+00  0.1217592275872594E+04
  0.2220357754743295E+01 -0.6048372074400329E+00  0.1221414113307994E+04
  0.2212187173492683E+01 -0.5983104556152549E+00  0.1225303019867502E+04
  0.2204016592110768E+01 -0.5917437616593286E+00  0.1228334593001422E+04
  0.2195846010601326E+01 -0.5851375639529456E+00  0.1230320354950130E+04
  0.2187675428968010E+01 -0.5784923035139965E+00  0.1231661863176546E+04
  0.2179504847214357E+01 -0.5718084239681300E+00  0.1232703856640625E+04
  0.2171334265343789E+01 -0.5650863715191369E+00  0.1233597972996840E+04
  0.2163163683359622E+01 -0.5583265949191624E+00  0.1234293317424069E+04
  0.2154993101265066E+01 -0.5515295454387482E+00  0.1234876781243373E+04
  0.2146822519063234E+01 -0.5446956768367068E+00  0.1235146811777027E+04
  0.2138651936757143E+01 -0.5378254453298289E+00  0.1234385195459115E+04
  0.2130481354349721E+01 -0.5309193095624275E+00  0.1232477402372514E+04
  0.2122310771843806E+01 -0.5239777305757194E+00  0.1229711589906053E+04
  0.2114140189242155E+01 -0.5170011717770473E+00  0.1226755566870233E+04
  0.2105969606547443E+01 -0.5099900989089429E+00  0.1223849666219703E+04
  0.2097799023762269E+01 -0.5029449800180356E+00  0.1221109860483685E+04
  0.2089628440889158E+01 -0.4958662854238058E+00  0.1218777172525119E+04
  0.2081457857930564E+01 -0.4887544876871878E+00  0.1216734144701357E+04
  0.2073287274888874E+01 -0.4816100615790221E+00  0.1213986246585202E+04
  0.2065116691766407E+01 -0.4744334840483606E+00  0.1209764239653734E+04
  0.2056946108565423E+01 -0.4672252341906264E+00  0.1204236145026669E+04
  0.2048775525288118E+01 -0.4599857932156304E+00  0.1198011279343509E+04
  0.2040604941936635E+01 -0.4527156444154464E+00  0.1191744081010588E+04
  0.2032434358513056E+01 -0.4454152731321473E+00  0.1185358429373076E+04
  0.2024263775019413E+01 -0.4380851667254050E+00  0.1178467523066920E+04
  0.2016093191457685E+01 -0.4307258145399545E+00  0.1171034591730691E+04
  0.2007922607829804E+01 -0.4233377078729265E+00  0.1162901431062058E+04
  0.1999752024137653E+01 -0.4159213399410494E+00  0.1154892164757563E+04
  0.1991581440383068E+01 -0.4084772058477228E+00  0.1148842216573282E+04
  0.1983410856567843E+01 -0.4010058025499653E+00  0.1146138703130405E+04
  0.1975240272693730E+01 -0.3935076288252386E+00  0.1146401547178354E+04
  0.1967069688762441E+01 -0.3859831852381501E+00  0.1148175727577380E+04
  0.1958899104775647E+01 -0.3784329741070359E+00  0.1150085011555030E+04
  0.1950728520734982E+01 -0.3708574994704271E+00  0.1151331428912881E+04
  0.1942557936642046E+01 -0.3632572670534011E+00  0.1151451118776223E+04
  0.1934387352498403E+01 -0.3556327842338202E+00  0.1150287951938675E+04
  0.1926216768305583E+01 -0.3479845600084601E+00  0.1148073553752971E+04
  0.1918046184065086E+01 -0.3403131049590297E+00  0.1145555447131939E+04
  0.1909875599778379E+01 -0.3326189312180866E+00  0.1143517744614435E+04
  0.1901705015446901E+01 -0.3249025524348469E+00  0.1142331016992595E+04
  0.1893534431072063E+01 -0.3171644837408958E+00  0.1141264415419748E+04
  0.1885363846655247E+01 -0.3094052417157978E+00  0.1139791900667822E+04
  0.1877193262197810E+01 -0.3016253443526109E+00  0.1138242412199469E+04
  0.1869022677701083E+01 -0.2938253110233064E+00  0.1137664890382390E+04
  0.1860852093166375E+01 -0.2860056624440968E+00  0.1138096134949272E+04
  0.1852681508594969E+01 -0.2781669206406729E+00  0.1139191878268012E+04
  0.1844510923988128E+01 -0.2703096089133553E+00  0.1140499993360611E+04
  0.1836340339347093E+01 -0.2624342518021592E+00  0.1142213148975404E+04
  0.1828169754673083E+01 -0.2545413750517773E+00  0.1144309994414742E+04
  0.1819999169967299E+01 -0.2466315055764818E+00  0.1146348700764698E+04
  0.1811828585230925E+01 -0.2387051714249486E+00  0.1147943193490421E+04
  0.1803658000465123E+01 -0.2307629017450062E+00  0.1149163317935510E+04
  0.1795487415671042E+01 -0.2228052267483099E+00  0.1150072834106749E+04
  0.1787316830849811E+01 -0.2148326776749467E+00  0.1150430790384219E+04
  0.1779146246002545E+01 -0.2068457867579697E+00  0.1149565842620774E+04
  0.1770975661130345E+01 -0.1988450871878683E+00  0.1147217195736611E+04
  0.1762805076234296E+01 -0.1908311130769725E+00  0.1143400999562009E+04
  0.1754634491315471E+01 -0.1828043994237966E+00  0.1138515610762520E+04
  0.1746463906374929E+01 -0.1747654820773241E+00  0.1132822762459209E+04
  0.1738293321413718E+01 -0.1667148977012352E+00  0.1126509672558412E+04
  0.1730122736432872E+01 -0.1586531837380799E+00  0.1119602985184587E+04
  0.1721952151433418E+01 -0.1505808783733995E+00  0.1112194547778852E+04
  0.1713781566416370E+01 -0.1424985204997981E+00  0.1104299365109145E+04
  0.1705610981382731E+01 -0.1344066496809675E+00  0.1095987227917047E+04
  0.1697440396333499E+01 -0.1263058061156663E+00  0.1087338095628011E+04
  0.1689269811269659E+01 -0.1181965306016578E+00  0.1078867767323494E+04
  0.1681099226192191E+01 -0.1100793644996070E+00  0.1070677659821369E+04
  0.1672928641102067E+01 -0.1019548496969404E+00  0.1062918096161839E+04
  0.1664758056000250E+01 -0.9382352857167028E-01  0.1055727096481832E+04
  0.1656587470887701E+01 -0.8568594395618719E-01  0.1049450034901638E+04
  0.1648416885765370E+01 -0.7754263910102077E-01  0.1043846622290211E+04
  0.1640246300634206E+01 -0.6939415763857371E-01  0.1038039060187895E+04
  0.1632075715495151E+01 -0.6124104354682962E-01  0.1031134414812419E+04
  0.1623905130349143E+01 -0.5308384111303818E-01  0.1023246777704411E+04
  0.1615734545197117E+01 -0.4492309489737940E-01  0.1014979285572169E+04
  0.1607563960040004E+01 -0.3675934969660982E-01  0.1007146690923153E+04
  0.1599393374878733E+01 -0.2859315050769285E-01  0.9999238276999500E+03
  0.1591222789714229E+01 -0.2042504249141571E-01  0.9933144960734587E+03
  0.1583052204547419E+01 -0.1225557093599554E-01  0.9870603574693558E+03
  0.1574881619379224E+01 -0.4085281220676868E-02  0.9810661341657533E+03
  0.1566711034210569E+01  0.4085281220676868E-02  0.9755396167926511E+03
  0.1558540449042374E+01  0.1225557093599554E-01  0.9710533478708491E+03
  0.1550369863875564E+01  0.2042504249141571E-01  0.9675970530891175E+03
  0.1542199278711061E+01  0.2859315050769285E-01  0.9648615034701346E+03
  0.1534028693549790E+01  0.3675934969660982E-01  0.9624711441289587E+03
  0.1525858108392677E+01  0.4492309489737940E-01  0.9606148030513065E+03
  0.1517687523240650E+01  0.5308384111303818E-01  0.9589845853553174E+03
  0.1509516938094642E+01  0.6124104354682962E-01  0.9569814646122884E+03
  0.1501346352955587E+01  0.6939415763857371E-01  0.9543608977783848E+03
  0.1493175767824423E+01  0.7754263910102077E-01  0.9516700299934706E+03
  0.1485005182702093E+01  0.8568594395618719E-01  0.9492228712672638E+03
  0.1476834597589543E+01  0.9382352857167028E-01  0.9471710141431423E+03
  0.1468664012487727E+01  0.1019548496969404E+00  0.9451325882333484E+03
  0.1460493427397602E+01  0.1100793644996070E+00  0.9432793681395417E+03
  0.1452322842320134E+01  0.1181965306016578E+00  0.9415637935717298E+03
  0.1444152257256294E+01  0.1263058061156663E+00  0.9398845859612777E+03
  0.1435981672207062E+01  0.1344066496809675E+00  0.9375809603527071E+03
  0.1427811087173423E+01  0.1424985204997981E+00  0.9347458830716475E+03
  0.1419640502156375E+01  0.1505808783733995E+00  0.9318609144642060E+03
  0.1411469917156921E+01  0.1586531837380799E+00  0.9296078332453368E+03
  0.1403299332176076E+01  0.1667148977012352E+00  0.9279060083997020E+03
  0.1395128747214864E+01  0.1747654820773241E+00  0.9260736303975989E+03
  0.1386958162274323E+01  0.1828043994237966E+00  0.9232058945388653E+03
  0.1378787577355497E+01  0.1908311130769725E+00  0.9192332153761039E+03
  0.1370616992459449E+01  0.1988450871878683E+00  0.9147698963258697E+03
  0.1362446407587248E+01  0.2068457867579697E+00  0.9103370401838445E+03
  0.1354275822739983E+01  0.2148326776749467E+00  0.9056204931058678E+03
  0.1346105237918751E+01  0.2228052267483099E+00  0.9001801606264959E+03
  0.1337934653124670E+01  0.2307629017450062E+00  0.8938991572514342E+03
  0.1329764068358868E+01  0.2387051714249486E+00  0.8874805779250760E+03
  0.1321593483622494E+01  0.2466315055764818E+00  0.8813768831032912E+03
  0.1313422898916710E+01  0.2545413750517773E+00  0.8759828760841988E+03
  0.1305252314242701E+01  0.2624342518021592E+00  0.8713331698417861E+03
  0.1297081729601665E+01  0.2703096089133553E+00  0.8677223912128003E+03
  0.1288911144994824E+01  0.2781669206406729E+00  0.8652267766623980E+03
  0.1280740560423418E+01  0.2860056624440968E+00  0.8638014925896169E+03
  0.1272569975888710E+01  0.2938253110233064E+00  0.8628639202597169E+03
  0.1264399391391984E+01  0.3016253443526109E+00  0.8619647811993015E+03
  0.1256228806934547E+01  0.3094052417157978E+00  0.8605204180411146E+03
  0.1248058222517730E+01  0.3171644837408958E+00  0.8588444361782981E+03
  0.1239887638142892E+01  0.3249025524348469E+00  0.8575692989491052E+03
  0.1231717053811414E+01  0.3326189312180866E+00  0.8570770942687067E+03
  0.1223546469524707E+01  0.3403131049590297E+00  0.8569406132090475E+03
  0.1215375885284210E+01  0.3479845600084601E+00  0.8567607475258295E+03
  0.1207205301091390E+01  0.3556327842338202E+00  0.8563268492341047E+03
  0.1199034716947747E+01  0.3632572670534011E+00  0.8555926964738690E+03
  0.1190864132854811E+01  0.3708574994704271E+00  0.8545109946629457E+03
  0.1182693548814147E+01  0.3784329741070359E+00  0.8533820797271486E+03
  0.1174522964827352E+01  0.3859831852381501E+00  0.8526630078940126E+03
  0.1166352380896063E+01  0.3935076288252386E+00  0.8529848664620758E+03
  0.1158181797021950E+01  0.4010058025499653E+00  0.8542442606303373E+03
  0.1150011213206726E+01  0.4084772058477228E+00  0.8561338681087453E+03
  0.1141840629452141E+01  0.4159213399410494E+00  0.8580475840121787E+03
  0.1133670045759989E+01  0.4233377078729265E+00  0.8597183707399923E+03
  0.1125499462132108E+01  0.4307258145399545E+00  0.8608391143450799E+03
  0.1117328878570381E+01  0.4380851667254050E+00  0.8614235630562983E+03
  0.1109158295076737E+01  0.4454152731321473E+00  0.8615599627447577E+03
  0.1100987711653159E+01  0.4527156444154464E+00  0.8617907095414607E+03
  0.1092817128301675E+01  0.4599857932156304E+00  0.8621345010820687E+03
  0.1084646545024371E+01  0.4672252341906264E+00  0.8623462382252118E+03
  0.1076475961823386E+01  0.4744334840483606E+00  0.8614228126062995E+03
  0.1068305378700920E+01  0.4816100615790221E+00  0.8591886787672094E+03
  0.1060134795659229E+01  0.4887544876871878E+00  0.8563518159146957E+03
  0.1051964212700635E+01  0.4958662854238058E+00  0.8541816869042786E+03
  0.1043793629827524E+01  0.5029449800180356E+00  0.8527949047695986E+03
  0.1035623047042350E+01  0.5099900989089429E+00  0.8516604236322531E+03
  0.1027452464347638E+01  0.5170011717770473E+00  0.8503503418011885E+03
  0.1019281881745987E+01  0.5239777305757194E+00  0.8494960262887640E+03
  0.1011111299240073E+01  0.5309193095624275E+00  0.8489936581239875E+03
  0.1002940716832650E+01  0.5378254453298289E+00  0.8482190183396290E+03
  0.9947701345265596E+00  0.5446956768367068E+00  0.8464350722812900E+03
  0.9865995523247275E+00  0.5515295454387482E+00  0.8444395645049500E+03
  0.9784289702301714E+00  0.5583265949191624E+00  0.8435348792927249E+03
  0.9702583882460036E+00  0.5650863715191369E+00  0.8445244565060507E+03
  0.9620878063754359E+00  0.5718084239681300E+00  0.8466292523965750E+03
  0.9539172246217830E+00  0.5784923035139965E+00  0.8490831511564930E+03
  0.9457466429884676E+00  0.5851375639529456E+00  0.8510636050570026E+03
  0.9375760614790253E+00  0.5917437616593286E+00  0.8527734813010044E+03
  0.9294054800971098E+00  0.5983104556152549E+00  0.8546907767699723E+03
  0.9212348988464978E+00  0.6048372074400329E+00  0.8572853232698375E+03
  0.9130643177310944E+00  0.6113235814194364E+00  0.8603691786505384E+03
  0.9048937367549402E+00  0.6177691445347914E+00  0.8636536325457788E+03
  0.8967231559222163E+00  0.6241734664918837E+00  0.8665107475960393E+03
  0.8885525752372514E+00  0.6305361197496849E+00  0.8684994461008959E+03
  0.8803819947045285E+00  0.6368566795488945E+00  0.8696182875623955E+03
  0.8722114143286931E+00  0.6431347239402948E+00  0.8705017842365166E+03
  0.8640408341145595E+00  0.6493698338129212E+00  0.8710912566146816E+03
  0.8558702540671204E+00  0.6555615929220400E+00  0.8715175394128031E+03
  0.8476996741915547E+00  0.6617095879169366E+00  0.8723411581937462E+03
  0.8395290944932369E+00  0.6678134083685102E+00  0.8748848383362593E+03
  0.8313585149777468E+00  0.6738726467966731E+00  0.8792718824906834E+03
  0.8231879356508802E+00  0.6798868986975534E+00  0.8849194016197008E+03
  0.8150173565186587E+00  0.6858557625704990E+00  0.8902499085941256E+03
  0.8068467775873427E+00  0.6917788399448808E+00  0.8951314153781561E+03
  0.7986761988634423E+00  0.6976557354066943E+00  0.8992247072974689E+03
  0.7905056203537315E+00  0.7034860566249567E+00  0.9025126180106795E+03
  0.7823350420652612E+00  0.7092694143778975E+00  0.9046651581974942E+03
  0.7741644640053743E+00  0.7150054225789432E+00  0.9060016340564234E+03
  0.7659938861817212E+00  0.7206936983024912E+00  0.9065757222518046E+03
  0.7578233086022768E+00  0.7263338618094733E+00  0.9071535669035161E+03
  0.7496527312753575E+00  0.7319255365727068E+00  0.9082529524368705E+03
  0.7414821542096410E+00  0.7374683493020299E+00  0.9111191002307957E+03
  0.7333115774141861E+00  0.7429619299692227E+00  0.9152651441190566E+03
  0.7251410008984539E+00  0.7484059118327094E+00  0.9198934253452672E+03
  0.7169704246723316E+00  0.7537999314620412E+00  0.9238313367125774E+03
  0.7087998487461566E+00  0.7591436287621580E+00  0.9269592091282179E+03
  0.7006292731307425E+00  0.7644366469974285E+00  0.9295685946070259E+03
  0.6924586978374083E+00  0.7696786328154644E+00  0.9328159866545438E+03
  0.6842881228780077E+00  0.7748692362707100E+00  0.9369274544187074E+03
  0.6761175482649616E+00  0.7800081108478040E+00  0.9419422409417579E+03
  0.6679469740112938E+00  0.7850949134847117E+00  0.9478509576170699E+03
  0.6597764001306670E+00  0.7901293045956280E+00  0.9556983839971936E+03
  0.6516058266374236E+00  0.7951109480936471E+00  0.9658010343329607E+03
  0.6434352535466297E+00  0.8000395114131988E+00  0.9775543444463043E+03
  0.6352646808741202E+00  0.8049146655322506E+00  0.9891382115301399E+03
  0.6270941086365502E+00  0.8097360849942720E+00  0.1000192191780390E+04
  0.6189235368514482E+00  0.8145034479299620E+00  0.1010962237947626E+04
  0.6107529655372755E+00  0.8192164360787360E+00  0.1022430929373896E+04
  0.6025823947134890E+00  0.8238747348099726E+00  0.1034408475191458E+04
  0.5944118244006098E+00  0.8284780331440178E+00  0.1046538508508449E+04
  0.5862412546202973E+00  0.8330260237729452E+00  0.1058577605321384E+04
  0.5780706853954301E+00  0.8375184030810715E+00  0.1070824879916368E+04
  0.5699001167501928E+00  0.8419548711652254E+00  0.1082917640257884E+04
  0.5617295487101719E+00  0.8463351318547683E+00  0.1094481526864208E+04
  0.5535589813024583E+00  0.8506588927313666E+00  0.1104938936392865E+04
  0.5453884145557613E+00  0.8549258651485127E+00  0.1114130890949522E+04
  0.5372178485005299E+00  0.8591357642507945E+00  0.1122140321947969E+04
  0.5290472831690897E+00  0.8632883089929120E+00  0.1130094989446255E+04
  0.5208767185957875E+00  0.8673832221584393E+00  0.1137916733132927E+04
  0.5127061548171545E+00  0.8714202303783312E+00  0.1145921781014433E+04
  0.5045355918720822E+00  0.8753990641491725E+00  0.1153437326580635E+04
  0.4963650298020162E+00  0.8793194578511700E+00  0.1160885774474659E+04
  0.4881944686511717E+00  0.8831811497658847E+00  0.1168154870460925E+04
  0.4800239084667671E+00  0.8869838820937034E+00  0.1176114633284866E+04
  0.4718533492992859E+00  0.8907274009710492E+00  0.1184418450490912E+04
  0.4636827912027636E+00  0.8944114564873288E+00  0.1194191343022618E+04
  0.4555122342351060E+00  0.8980358027016164E+00  0.1206038683947125E+04
  0.4473416784584431E+00  0.9016001976590722E+00  0.1220676584513873E+04
  0.4391711239395221E+00  0.9051044034070944E+00  0.1237544411393089E+04
  0.4310005707501444E+00  0.9085481860112055E+00  0.1257019048963163E+04
  0.4228300189676551E+00  0.9119313155706682E+00  0.1278159230097133E+04
  0.4146594686754885E+00  0.9152535662338340E+00  0.1300748959660686E+04
  0.4064889199637791E+00  0.9185147162132208E+00  0.1323944545667893E+04
  0.3983183729300507E+00  0.9217145478003181E+00  0.1347319781678587E+04
  0.3901478276799883E+00  0.9248528473801222E+00  0.1369498404480582E+04
  0.3819772843283120E+00  0.9279294054453956E+00  0.1390384388567329E+04
  0.3738067429997641E+00  0.9309440166106540E+00  0.1410138516649852E+04
  0.3656362038302282E+00  0.9338964796258775E+00  0.1430415047654341E+04
  0.3574656669680030E+00  0.9367865973899459E+00  0.1450834089964005E+04
  0.3492951325752533E+00  0.9396141769637963E+00  0.1471171100381263E+04
  0.3411246008296713E+00  0.9423790295833044E+00  0.1490982714820842E+04
  0.3329540719263814E+00  0.9450809706718851E+00  0.1511597473495965E+04
  0.3247835460801308E+00  0.9477198198528157E+00  0.1532487931959761E+04
  0.3166130235278230E+00  0.9502954009612771E+00  0.1554017933385680E+04
  0.3084425045314506E+00  0.9528075420561144E+00  0.1575605547293586E+04
  0.3002719893815085E+00  0.9552560754313160E+00  0.1597458354692057E+04
  0.2921014784009779E+00  0.9576408376272095E+00  0.1618058488760324E+04
  0.2839309719500016E+00  0.9599616694413742E+00  0.1638237820537252E+04
  0.2757604704313845E+00  0.9622184159392698E+00  0.1658433116592729E+04
  0.2675899742971076E+00  0.9644109264645802E+00  0.1680065231359183E+04
  0.2594194840560681E+00  0.9665390546492710E+00  0.1701266993578720E+04
  0.2512490002833307E+00  0.9686026584233628E+00  0.1722177642835534E+04
  0.2430785236312446E+00  0.9706016000244151E+00  0.1743441502001762E+04
  0.2349080548428762E+00  0.9725357460067257E+00  0.1766893043761215E+04
  0.2267375947683499E+00  0.9744049672502397E+00  0.1791344894346879E+04
  0.2185671443848464E+00  0.9762091389691724E+00  0.1817472374365468E+04
  0.2103967048212628E+00  0.9779481407203411E+00  0.1845073775321685E+04
  0.2022262773888417E+00  0.9796218564112101E+00  0.1874767936425662E+04
  0.1940558636195398E+00  0.9812301743076443E+00  0.1904980876582530E+04
  0.1858854653144977E+00  0.9827729870413743E+00  0.1937299318164764E+04
  0.1777150846058812E+00  0.9842501916171713E+00  0.1971805449036205E+04
  0.1695447240365762E+00  0.9856616894197333E+00  0.2009111880582977E+04
  0.1613743866640789E+00  0.9870073862202815E+00  0.2047240386283580E+04
  0.1532040761975885E+00  0.9882871921828699E+00  0.2089110813377731E+04
  0.1450337971813853E+00  0.9895010218704087E+00  0.2134649231701135E+04
  0.1368635552438019E+00  0.9906487942504061E+00  0.2184791172992538E+04
  0.1286933574408989E+00  0.9917304327004320E+00  0.2235893357186953E+04
  0.1205232127396896E+00  0.9927458650133153E+00  0.2290392253229952E+04
  0.1123531327118049E+00  0.9936950234020883E+00  0.2347995404107824E+04
  0.1041831325528455E+00  0.9945778445047068E+00  0.2413014492433194E+04
  0.9601323262085862E-01  0.9953942693885953E+00  0.2485168189231219E+04
  0.8784346083082471E-01  0.9961442435551087E+00  0.2570411692609045E+04
  0.7967385651719167E-01  0.9968277169440913E+00  0.2665952797180963E+04
  0.7150447693306423E-01  0.9974446439389107E+00  0.2773960490403497E+04
  0.6333540875299180E-01  0.9979949833727938E+00  0.2894872427884504E+04
  0.5516678972815772E-01  0.9984786985384589E+00  0.3043865388142297E+04
  0.4699885272846815E-01  0.9988957572063257E+00  0.3225033295239583E+04
  0.3883202470742381E-01  0.9992461316671845E+00  0.3463723091492509E+04
  0.3066718105470672E-01  0.9995297988558859E+00  0.3795733637888362E+04
  0.2250643816359393E-01  0.9997467408113523E+00  0.4276342221759772E+04
  0.1435650599352885E-01  0.9998969471378596E+00  0.4836731259086950E+04
  0.6254421014113626E-02  0.9999804411726474E+00  0.5327055262447224E+04
