# nlmax, ncor, nside =         383           1         128
  0.3135338232575680E+01 -0.9999804411726474E+00  0.2604623899016768E+01
  0.3127236147596264E+01 -0.9998969471378596E+00  0.8342704595059331E+01
  0.3119086215426199E+01 -0.9997467408113523E+00  0.1581082005075857E+02
  0.3110925472535087E+01 -0.9995297988558859E+00  0.2284274289241313E+02
  0.3102760628882369E+01 -0.9992461316671845E+00  0.2949359715633305E+02
  0.3094593800861325E+01 -0.9988957572063257E+00  0.3703921610728032E+02
  0.3086425863861635E+01 -0.9984786985384589E+00  0.4545626233420953E+02
  0.3078257244836801E+01 -0.9979949833727938E+00  0.5261599845231391E+02
  0.3070088176656729E+01 -0.9974446439389107E+00  0.5630767169333455E+02
  0.3061918797072602E+01 -0.9968277169440913E+00  0.5645022162763451E+02
  0.3053749192758969E+01 -0.9961442435551087E+00  0.5479534479681940E+02
  0.3045579420968934E+01 -0.9953942693885953E+00  0.5297562278644364E+02
  0.3037409521036948E+01 -0.9945778445047068E+00  0.5156348155605111E+02
  0.3029239520877988E+01 -0.9936950234020883E+00  0.5068791538953544E+02
  0.3021069440850104E+01 -0.9927458650133153E+00  0.5060040135786573E+02
  0.3012899296148894E+01 -0.9917304327004320E+00  0.5137209495618018E+02
  0.3004729098345992E+01 -0.9906487942504061E+00  0.5254299484870575E+02
  0.2996558856408408E+01 -0.9895010218704087E+00  0.5336761576902371E+02
  0.2988388577392205E+01 -0.9882871921828699E+00  0.5325517365760123E+02
  0.2980218266925714E+01 -0.9870073862202815E+00  0.5193223817646764E+02
  0.2972047929553217E+01 -0.9856616894197333E+00  0.4941368584577910E+02
  0.2963877568983912E+01 -0.9842501916171713E+00  0.4596713140101188E+02
  0.2955707188275296E+01 -0.9827729870413743E+00  0.4206188727524915E+02
  0.2947536789970254E+01 -0.9812301743076443E+00  0.3827242726720915E+02
  0.2939366376200951E+01 -0.9796218564112101E+00  0.3512745646452941E+02
  0.2931195948768531E+01 -0.9779481407203411E+00  0.3290220378806615E+02
  0.2923025509204947E+01 -0.9762091389691724E+00  0.3150469286266554E+02
  0.2914855058821443E+01 -0.9744049672502397E+00  0.3062405357081687E+02
  0.2906684598746917E+01 -0.9725357460067257E+00  0.2997873073117522E+02
  0.2898514129958549E+01 -0.9706016000244151E+00  0.2934629682640525E+02
  0.2890343653306462E+01 -0.9686026584233628E+00  0.2841451611533939E+02
  0.2882173169533725E+01 -0.9665390546492710E+00  0.2676002570502125E+02
  0.2874002679292686E+01 -0.9644109264645802E+00  0.2402218004030640E+02
  0.2865832183158409E+01 -0.9622184159392698E+00  0.2009581903257619E+02
  0.2857661681639792E+01 -0.9599616694413742E+00  0.1525243499238126E+02
  0.2849491175188815E+01 -0.9576408376272095E+00  0.1012442793619820E+02
  0.2841320664208285E+01 -0.9552560754313160E+00  0.5414104525160070E+01
  0.2833150149058343E+01 -0.9528075420561144E+00  0.1457352382966305E+01
  0.2824979630061970E+01 -0.9502954009612771E+00 -0.1901716730562653E+01
  0.2816809107509663E+01 -0.9477198198528157E+00 -0.5001868808839092E+01
  0.2808638581663412E+01 -0.9450809706718851E+00 -0.8077748999444847E+01
  0.2800468052760122E+01 -0.9423790295833044E+00 -0.1127186032911187E+02
  0.2792297521014540E+01 -0.9396141769637963E+00 -0.1462451385099777E+02
  0.2784126986621790E+01 -0.9367865973899459E+00 -0.1785356449305965E+02
  0.2775956449759565E+01 -0.9338964796258775E+00 -0.2033740324720608E+02
  0.2767785910590029E+01 -0.9309440166106540E+00 -0.2156878617595735E+02
  0.2759615369261481E+01 -0.9279294054453956E+00 -0.2160877843546849E+02
  0.2751444825909805E+01 -0.9248528473801222E+00 -0.2100793784834200E+02
  0.2743274280659743E+01 -0.9217145478003181E+00 -0.2036363080348261E+02
  0.2735103733626014E+01 -0.9185147162132208E+00 -0.2001783791441737E+02
  0.2726933184914305E+01 -0.9152535662338340E+00 -0.2003542325594073E+02
  0.2718762634622138E+01 -0.9119313155706682E+00 -0.2030107212778976E+02
  0.2710592082839649E+01 -0.9085481860112055E+00 -0.2065422819212814E+02
  0.2702421529650271E+01 -0.9051044034070944E+00 -0.2103057069972343E+02
  0.2694250975131350E+01 -0.9016001976590722E+00 -0.2149440903694251E+02
  0.2686080419354687E+01 -0.8980358027016164E+00 -0.2213437429924983E+02
  0.2677909862387029E+01 -0.8944114564873288E+00 -0.2298130346492416E+02
  0.2669739304290507E+01 -0.8907274009710492E+00 -0.2404933303020835E+02
  0.2661568745123026E+01 -0.8869838820937034E+00 -0.2537761985865273E+02
  0.2653398184938621E+01 -0.8831811497658847E+00 -0.2693365496963679E+02
  0.2645227623787777E+01 -0.8793194578511700E+00 -0.2846998345305571E+02
  0.2637057061717711E+01 -0.8753990641491725E+00 -0.2957416915900237E+02
  0.2628886498772639E+01 -0.8714202303783312E+00 -0.2996747038389346E+02
  0.2620715934994006E+01 -0.8673832221584393E+00 -0.2975986539160622E+02
  0.2612545370420704E+01 -0.8632883089929120E+00 -0.2933267308010754E+02
  0.2604374805089263E+01 -0.8591357642507945E+00 -0.2895791451693871E+02
  0.2596204239034032E+01 -0.8549258651485127E+00 -0.2861691495069735E+02
  0.2588033672287335E+01 -0.8506588927313666E+00 -0.2819103693457902E+02
  0.2579863104879621E+01 -0.8463351318547683E+00 -0.2767878465695296E+02
  0.2571692536839600E+01 -0.8419548711652254E+00 -0.2715040990424934E+02
  0.2563521968194363E+01 -0.8375184030810715E+00 -0.2660946942188386E+02
  0.2555351398969496E+01 -0.8330260237729452E+00 -0.2598695058115813E+02
  0.2547180829189184E+01 -0.8284780331440178E+00 -0.2519370323946788E+02
  0.2539010258876304E+01 -0.8238747348099726E+00 -0.2416230502556623E+02
  0.2530839688052518E+01 -0.8192164360787360E+00 -0.2298576376699317E+02
  0.2522669116738345E+01 -0.8145034479299620E+00 -0.2204167825040424E+02
  0.2514498544953243E+01 -0.8097360849942720E+00 -0.2176064639809084E+02
  0.2506327972715673E+01 -0.8049146655322506E+00 -0.2212970072135854E+02
  0.2498157400043163E+01 -0.8000395114131988E+00 -0.2253080581463838E+02
  0.2489986826952370E+01 -0.7951109480936471E+00 -0.2215467220750305E+02
  0.2481816253459126E+01 -0.7901293045956280E+00 -0.2052585167104741E+02
  0.2473645679578500E+01 -0.7850949134847117E+00 -0.1771597456125714E+02
  0.2465475105324832E+01 -0.7800081108478040E+00 -0.1429656480232350E+02
  0.2457304530711785E+01 -0.7748692362707100E+00 -0.1109265750973630E+02
  0.2449133955752385E+01 -0.7696786328154644E+00 -0.8675616299692038E+01
  0.2440963380459050E+01 -0.7644366469974285E+00 -0.6917923992146329E+01
  0.2432792804843637E+01 -0.7591436287621580E+00 -0.5153971418622076E+01
  0.2424622228917462E+01 -0.7537999314620412E+00 -0.2833063523861796E+01
  0.2416451652691339E+01 -0.7484059118327094E+00  0.7529364820260030E-01
  0.2408281076175607E+01 -0.7429619299692227E+00  0.3237592429712716E+01
  0.2400110499380152E+01 -0.7374683493020299E+00  0.6267960795275952E+01
  0.2391939922314436E+01 -0.7319255365727068E+00  0.8876413761973851E+01
  0.2383769344987516E+01 -0.7263338618094733E+00  0.1095786224742566E+02
  0.2375598767408072E+01 -0.7206936983024912E+00  0.1264966837858278E+02
  0.2367428189584419E+01 -0.7150054225789432E+00  0.1421460098842726E+02
  0.2359257611524532E+01 -0.7092694143778975E+00  0.1585231323391369E+02
  0.2351087033236062E+01 -0.7034860566249567E+00  0.1766182698574968E+02
  0.2342916454726351E+01 -0.6976557354066943E+00  0.1965565418561103E+02
  0.2334745876002450E+01 -0.6917788399448808E+00  0.2166564243834725E+02
  0.2326575297071134E+01 -0.6858557625704990E+00  0.2336428061899494E+02
  0.2318404717938913E+01 -0.6798868986975534E+00  0.2458423101028619E+02
  0.2310234138612046E+01 -0.6738726467966731E+00  0.2555848088997178E+02
  0.2302063559096557E+01 -0.6678134083685102E+00  0.2669536058280269E+02
  0.2293892979398239E+01 -0.6617095879169366E+00  0.2819452330877704E+02
  0.2285722399522673E+01 -0.6555615929220400E+00  0.3000572273632175E+02
  0.2277551819475234E+01 -0.6493698338129212E+00  0.3202165694140061E+02
  0.2269381239261100E+01 -0.6431347239402948E+00  0.3410646030812330E+02
  0.2261210658885265E+01 -0.6368566795488945E+00  0.3601800437153133E+02
  0.2253040078352542E+01 -0.6305361197496849E+00  0.3753844255508834E+02
  0.2244869497667577E+01 -0.6241734664918837E+00  0.3874444845233644E+02
  0.2236698916834853E+01 -0.6177691445347914E+00  0.4006825214109642E+02
  0.2228528335858699E+01 -0.6113235814194364E+00  0.4205221860715427E+02
  0.2220357754743295E+01 -0.6048372074400329E+00  0.4500972736138738E+02
  0.2212187173492683E+01 -0.5983104556152549E+00  0.4883696217123517E+02
  0.2204016592110768E+01 -0.5917437616593286E+00  0.5310807831358597E+02
  0.2195846010601326E+01 -0.5851375639529456E+00  0.5738029917485061E+02
  0.2187675428968010E+01 -0.5784923035139965E+00  0.6141012028407570E+02
  0.2179504847214357E+01 -0.5718084239681300E+00  0.6508242411911533E+02
  0.2171334265343789E+01 -0.5650863715191369E+00  0.6825023957178614E+02
  0.2163163683359622E+01 -0.5583265949191624E+00  0.7077968818320083E+02
  0.2154993101265066E+01 -0.5515295454387482E+00  0.7274346226556462E+02
  0.2146822519063234E+01 -0.5446956768367068E+00  0.7449643770215572E+02
  0.2138651936757143E+01 -0.5378254453298289E+00  0.7654306772658776E+02
  0.2130481354349721E+01 -0.5309193095624275E+00  0.7927958526855319E+02
  0.2122310771843806E+01 -0.5239777305757194E+00  0.8274467939398146E+02
  0.2114140189242155E+01 -0.5170011717770473E+00  0.8660819575893747E+02
  0.2105969606547443E+01 -0.5099900989089429E+00  0.9050873576842724E+02
  0.2097799023762269E+01 -0.5029449800180356E+00  0.9438331500933921E+02
  0.2089628440889158E+01 -0.4958662854238058E+00  0.9834163459905432E+02
  0.2081457857930564E+01 -0.4887544876871878E+00  0.1023044831868737E+03
  0.2073287274888874E+01 -0.4816100615790221E+00  0.1060108350590784E+03
  0.2065116691766407E+01 -0.4744334840483606E+00  0.1093520229385051E+03
  0.2056946108565423E+01 -0.4672252341906264E+00  0.1124172903136257E+03
  0.2048775525288118E+01 -0.4599857932156304E+00  0.1151815729674392E+03
  0.2040604941936635E+01 -0.4527156444154464E+00  0.1174143110932498E+03
  0.2032434358513056E+01 -0.4454152731321473E+00  0.1189455810101248E+03
  0.2024263775019413E+01 -0.4380851667254050E+00  0.1197916830638849E+03
  0.2016093191457685E+01 -0.4307258145399545E+00  0.1200192099909234E+03
  0.2007922607829804E+01 -0.4233377078729265E+00  0.1197710393233059E+03
  0.1999752024137653E+01 -0.4159213399410494E+00  0.1194433553267504E+03
  0.1991581440383068E+01 -0.4084772058477228E+00  0.1194859065295705E+03
  0.1983410856567843E+01 -0.4010058025499653E+00  0.1198854098610187E+03
  0.1975240272693730E+01 -0.3935076288252386E+00  0.1201145110035085E+03
  0.1967069688762441E+01 -0.3859831852381501E+00  0.1197728056738147E+03
  0.1958899104775647E+01 -0.3784329741070359E+00  0.1191105063179487E+03
  0.1950728520734982E+01 -0.3708574994704271E+00  0.1187654481077639E+03
  0.1942557936642046E+01 -0.3632572670534011E+00  0.1190889679415981E+03
  0.1934387352498403E+01 -0.3556327842338202E+00  0.1198467202275918E+03
  0.1926216768305583E+01 -0.3479845600084601E+00  0.1205043797320739E+03
  0.1918046184065086E+01 -0.3403131049590297E+00  0.1206852075954853E+03
  0.1909875599778379E+01 -0.3326189312180866E+00  0.1203415110545279E+03
  0.1901705015446901E+01 -0.3249025524348469E+00  0.1195652148991819E+03
  0.1893534431072063E+01 -0.3171644837408958E+00  0.1183570585006278E+03
  0.1885363846655247E+01 -0.3094052417157978E+00  0.1166759507155396E+03
  0.1877193262197810E+01 -0.3016253443526109E+00  0.1146565488443930E+03
  0.1869022677701083E+01 -0.2938253110233064E+00  0.1126020905408540E+03
  0.1860852093166375E+01 -0.2860056624440968E+00  0.1106890445572857E+03
  0.1852681508594969E+01 -0.2781669206406729E+00  0.1087712152062316E+03
  0.1844510923988128E+01 -0.2703096089133553E+00  0.1065505913005531E+03
  0.1836340339347093E+01 -0.2624342518021592E+00  0.1039220695653387E+03
  0.1828169754673083E+01 -0.2545413750517773E+00  0.1011478508717598E+03
  0.1819999169967299E+01 -0.2466315055764818E+00  0.9871187448970079E+02
  0.1811828585230925E+01 -0.2387051714249486E+00  0.9693654913049147E+02
  0.1803658000465123E+01 -0.2307629017450062E+00  0.9566294508930564E+02
  0.1795487415671042E+01 -0.2228052267483099E+00  0.9436244481921406E+02
  0.1787316830849811E+01 -0.2148326776749467E+00  0.9266127433842723E+02
  0.1779146246002545E+01 -0.2068457867579697E+00  0.9072252688980655E+02
  0.1770975661130345E+01 -0.1988450871878683E+00  0.8902482273870106E+02
  0.1762805076234296E+01 -0.1908311130769725E+00  0.8777726611730944E+02
  0.1754634491315471E+01 -0.1828043994237966E+00  0.8660438294814749E+02
  0.1746463906374929E+01 -0.1747654820773241E+00  0.8480463894671787E+02
  0.1738293321413718E+01 -0.1667148977012352E+00  0.8193909722681801E+02
  0.1730122736432872E+01 -0.1586531837380799E+00  0.7822819271775586E+02
  0.1721952151433418E+01 -0.1505808783733995E+00  0.7435115682998115E+02
  0.1713781566416370E+01 -0.1424985204997981E+00  0.7078735657245016E+02
  0.1705610981382731E+01 -0.1344066496809675E+00  0.6740488729416643E+02
  0.1697440396333499E+01 -0.1263058061156663E+00  0.6377161691383327E+02
  0.1689269811269659E+01 -0.1181965306016578E+00  0.5974280474913579E+02
  0.1681099226192191E+01 -0.1100793644996070E+00  0.5555808659268398E+02
  0.1672928641102067E+01 -0.1019548496969404E+00  0.5144585520079960E+02
  0.1664758056000250E+01 -0.9382352857167028E-01  0.4735541675981897E+02
  0.1656587470887701E+01 -0.8568594395618719E-01  0.4306028822109620E+02
  0.1648416885765370E+01 -0.7754263910102077E-01  0.3834970516689246E+02
  0.1640246300634206E+01 -0.6939415763857371E-01  0.3314772607279068E+02
  0.1632075715495151E+01 -0.6124104354682962E-01  0.2759435180535778E+02
  0.1623905130349143E+01 -0.5308384111303818E-01  0.2196088651171679E+02
  0.1615734545197117E+01 -0.4492309489737940E-01  0.1635413987707014E+02
  0.1607563960040004E+01 -0.3675934969660982E-01  0.1058804809528019E+02
  0.1599393374878733E+01 -0.2859315050769285E-01  0.4481632922738550E+01
  0.1591222789714229E+01 -0.2042504249141571E-01 -0.1824796667765739E+01
  0.1583052204547419E+01 -0.1225557093599554E-01 -0.8003456218933405E+01
  0.1574881619379224E+01 -0.4085281220676868E-02 -0.1389278894260496E+02
  0.1566711034210569E+01  0.4085281220676868E-02 -0.1958868939473173E+02
  0.1558540449042374E+01  0.1225557093599554E-01 -0.2529661656248183E+02
  0.1550369863875564E+01  0.2042504249141571E-01 -0.3122861860593911E+02
  0.1542199278711061E+01  0.2859315050769285E-01 -0.3751761980091287E+02
  0.1534028693549790E+01  0.3675934969660982E-01 -0.4405700463972436E+02
  0.1525858108392677E+01  0.4492309489737940E-01 -0.5047108813190216E+02
  0.1517687523240650E+01  0.5308384111303818E-01 -0.5635992471460510E+02
  0.1509516938094642E+01  0.6124104354682962E-01 -0.6159350745597103E+02
  0.1501346352955587E+01  0.6939415763857371E-01 -0.6639783518460202E+02
  0.1493175767824423E+01  0.7754263910102077E-01 -0.7121301864228832E+02
  0.1485005182702093E+01  0.8568594395618719E-01 -0.7638480080821365E+02
  0.1476834597589543E+01  0.9382352857167028E-01 -0.8184177622725775E+02
  0.1468664012487727E+01  0.1019548496969404E+00 -0.8710742109240223E+02
  0.1460493427397602E+01  0.1100793644996070E+00 -0.9176901361062866E+02
  0.1452322842320134E+01  0.1181965306016578E+00 -0.9591576753097891E+02
  0.1444152257256294E+01  0.1263058061156663E+00 -0.1000301567657256E+03
  0.1435981672207062E+01  0.1344066496809675E+00 -0.1045239960407804E+03
  0.1427811087173423E+01  0.1424985204997981E+00 -0.1094578126099480E+03
  0.1419640502156375E+01  0.1505808783733995E+00 -0.1145830454249067E+03
  0.1411469917156921E+01  0.1586531837380799E+00 -0.1195486324232140E+03
  0.1403299332176076E+01  0.1667148977012352E+00 -0.1241900213590111E+03
  0.1395128747214864E+01  0.1747654820773241E+00 -0.1286982683076485E+03
  0.1386958162274323E+01  0.1828043994237966E+00 -0.1333617603110934E+03
  0.1378787577355497E+01  0.1908311130769725E+00 -0.1381005704050051E+03
  0.1370616992459449E+01  0.1988450871878683E+00 -0.1424615467187883E+03
  0.1362446407587248E+01  0.2068457867579697E+00 -0.1461169003362142E+03
  0.1354275822739983E+01  0.2148326776749467E+00 -0.1491342930351740E+03
  0.1346105237918751E+01  0.2228052267483099E+00 -0.1517454536173235E+03
  0.1337934653124670E+01  0.2307629017450062E+00 -0.1541839875144198E+03
  0.1329764068358868E+01  0.2387051714249486E+00 -0.1568334422092575E+03
  0.1321593483622494E+01  0.2466315055764818E+00 -0.1601687061679167E+03
  0.1313422898916710E+01  0.2545413750517773E+00 -0.1643412947049288E+03
  0.1305252314242701E+01  0.2624342518021592E+00 -0.1690339362169731E+03
  0.1297081729601665E+01  0.2703096089133553E+00 -0.1738379733752794E+03
  0.1288911144994824E+01  0.2781669206406729E+00 -0.1785689470637180E+03
  0.1280740560423418E+01  0.2860056624440968E+00 -0.1831570920692348E+03
  0.1272569975888710E+01  0.2938253110233064E+00 -0.1874873735773185E+03
  0.1264399391391984E+01  0.3016253443526109E+00 -0.1914633810127645E+03
  0.1256228806934547E+01  0.3094052417157978E+00 -0.1950672775815957E+03
  0.1248058222517730E+01  0.3171644837408958E+00 -0.1983112438711207E+03
  0.1239887638142892E+01  0.3249025524348469E+00 -0.2012617017228195E+03
  0.1231717053811414E+01  0.3326189312180866E+00 -0.2040710083670681E+03
  0.1223546469524707E+01  0.3403131049590297E+00 -0.2068074243908573E+03
  0.1215375885284210E+01  0.3479845600084601E+00 -0.2092836395214041E+03
  0.1207205301091390E+01  0.3556327842338202E+00 -0.2112125841493664E+03
  0.1199034716947747E+01  0.3632572670534011E+00 -0.2125109152665842E+03
  0.1190864132854811E+01  0.3708574994704271E+00 -0.2133713260792921E+03
  0.1182693548814147E+01  0.3784329741070359E+00 -0.2141390476331323E+03
  0.1174522964827352E+01  0.3859831852381501E+00 -0.2151756672199390E+03
  0.1166352380896063E+01  0.3935076288252386E+00 -0.2166368457712390E+03
  0.1158181797021950E+01  0.4010058025499653E+00 -0.2182294618721459E+03
  0.1150011213206726E+01  0.4084772058477228E+00 -0.2193462308710661E+03
  0.1141840629452141E+01  0.4159213399410494E+00 -0.2195958486687562E+03
  0.1133670045759989E+01  0.4233377078729265E+00 -0.2191068006396708E+03
  0.1125499462132108E+01  0.4307258145399545E+00 -0.2182646410038622E+03
  0.1117328878570381E+01  0.4380851667254050E+00 -0.2173361758846260E+03
  0.1109158295076737E+01  0.4454152731321473E+00 -0.2164383999193039E+03
  0.1100987711653159E+01  0.4527156444154464E+00 -0.2156828597026212E+03
  0.1092817128301675E+01  0.4599857932156304E+00 -0.2151791604088494E+03
  0.1084646545024371E+01  0.4672252341906264E+00 -0.2149217226231293E+03
  0.1076475961823386E+01  0.4744334840483606E+00 -0.2147123400943182E+03
  0.1068305378700920E+01  0.4816100615790221E+00 -0.2141970193118501E+03
  0.1060134795659229E+01  0.4887544876871878E+00 -0.2130731636596050E+03
  0.1051964212700635E+01  0.4958662854238058E+00 -0.2113426231405887E+03
  0.1043793629827524E+01  0.5029449800180356E+00 -0.2092948862468765E+03
  0.1035623047042350E+01  0.5099900989089429E+00 -0.2072207184930076E+03
  0.1027452464347638E+01  0.5170011717770473E+00 -0.2052861438288128E+03
  0.1019281881745987E+01  0.5239777305757194E+00 -0.2036893133827706E+03
  0.1011111299240073E+01  0.5309193095624275E+00 -0.2026793724150721E+03
  0.1002940716832650E+01  0.5378254453298289E+00 -0.2023006961032404E+03
  0.9947701345265596E+00  0.5446956768367068E+00 -0.2023110340851498E+03
  0.9865995523247275E+00  0.5515295454387482E+00 -0.2024387790512068E+03
  0.9784289702301714E+00  0.5583265949191624E+00 -0.2025518260162715E+03
  0.9702583882460036E+00  0.5650863715191369E+00 -0.2025614152020983E+03
  0.9620878063754359E+00  0.5718084239681300E+00 -0.2023899247490939E+03
  0.9539172246217830E+00  0.5784923035139965E+00 -0.2020557238797504E+03
  0.9457466429884676E+00  0.5851375639529456E+00 -0.2015796115470328E+03
  0.9375760614790253E+00  0.5917437616593286E+00 -0.2008298772133421E+03
  0.9294054800971098E+00  0.5983104556152549E+00 -0.1996745607244128E+03
  0.9212348988464978E+00  0.6048372074400329E+00 -0.1982224316457116E+03
  0.9130643177310944E+00  0.6113235814194364E+00 -0.1967008560038373E+03
  0.9048937367549402E+00  0.6177691445347914E+00 -0.1952049555474935E+03
  0.8967231559222163E+00  0.6241734664918837E+00 -0.1937642044855960E+03
  0.8885525752372514E+00  0.6305361197496849E+00 -0.1924496360504443E+03
  0.8803819947045285E+00  0.6368566795488945E+00 -0.1911548517851302E+03
  0.8722114143286931E+00  0.6431347239402948E+00 -0.1894994912280098E+03
  0.8640408341145595E+00  0.6493698338129212E+00 -0.1872569806001566E+03
  0.8558702540671204E+00  0.6555615929220400E+00 -0.1846845385130080E+03
  0.8476996741915547E+00  0.6617095879169366E+00 -0.1821650910647120E+03
  0.8395290944932369E+00  0.6678134083685102E+00 -0.1797291913451983E+03
  0.8313585149777468E+00  0.6738726467966731E+00 -0.1771429612901058E+03
  0.8231879356508802E+00  0.6798868986975534E+00 -0.1741993616693331E+03
  0.8150173565186587E+00  0.6858557625704990E+00 -0.1707165596376389E+03
  0.8068467775873427E+00  0.6917788399448808E+00 -0.1665538081059527E+03
  0.7986761988634423E+00  0.6976557354066943E+00 -0.1618532334018287E+03
  0.7905056203537315E+00  0.7034860566249567E+00 -0.1569936742077502E+03
  0.7823350420652612E+00  0.7092694143778975E+00 -0.1521436973388410E+03
  0.7741644640053743E+00  0.7150054225789432E+00 -0.1471248734247895E+03
  0.7659938861817212E+00  0.7206936983024912E+00 -0.1417678696008469E+03
  0.7578233086022768E+00  0.7263338618094733E+00 -0.1360324096800069E+03
  0.7496527312753575E+00  0.7319255365727068E+00 -0.1297150373327753E+03
  0.7414821542096410E+00  0.7374683493020299E+00 -0.1224584257892129E+03
  0.7333115774141861E+00  0.7429619299692227E+00 -0.1141986122915179E+03
  0.7251410008984539E+00  0.7484059118327094E+00 -0.1053330381618307E+03
  0.7169704246723316E+00  0.7537999314620412E+00 -0.9643932181298690E+02
  0.7087998487461566E+00  0.7591436287621580E+00 -0.8808350608170782E+02
  0.7006292731307425E+00  0.7644366469974285E+00 -0.8074984891529159E+02
  0.6924586978374083E+00  0.7696786328154644E+00 -0.7451700174390169E+02
  0.6842881228780077E+00  0.7748692362707100E+00 -0.6880728544162045E+02
  0.6761175482649616E+00  0.7800081108478040E+00 -0.6278110968438612E+02
  0.6679469740112938E+00  0.7850949134847117E+00 -0.5599208328522869E+02
  0.6597764001306670E+00  0.7901293045956280E+00 -0.4851443105829158E+02
  0.6516058266374236E+00  0.7951109480936471E+00 -0.4059364226138937E+02
  0.6434352535466297E+00  0.8000395114131988E+00 -0.3232189620961217E+02
  0.6352646808741202E+00  0.8049146655322506E+00 -0.2345169310158904E+02
  0.6270941086365502E+00  0.8097360849942720E+00 -0.1344365649849555E+02
  0.6189235368514482E+00  0.8145034479299620E+00 -0.1974445181223645E+01
  0.6107529655372755E+00  0.8192164360787360E+00  0.1058002519320519E+02
  0.6025823947134890E+00  0.8238747348099726E+00  0.2350555125620067E+02
  0.5944118244006098E+00  0.8284780331440178E+00  0.3654487406113642E+02
  0.5862412546202973E+00  0.8330260237729452E+00  0.4992306250409182E+02
  0.5780706853954301E+00  0.8375184030810715E+00  0.6371880494699631E+02
  0.5699001167501928E+00  0.8419548711652254E+00  0.7775143196794507E+02
  0.5617295487101719E+00  0.8463351318547683E+00  0.9196664990498691E+02
  0.5535589813024583E+00  0.8506588927313666E+00  0.1063353273270264E+03
  0.5453884145557613E+00  0.8549258651485127E+00  0.1204794045111611E+03
  0.5372178485005299E+00  0.8591357642507945E+00  0.1339848456061145E+03
  0.5290472831690897E+00  0.8632883089929120E+00  0.1469715698540950E+03
  0.5208767185957875E+00  0.8673832221584393E+00  0.1598530030874696E+03
  0.5127061548171545E+00  0.8714202303783312E+00  0.1727800756844471E+03
  0.5045355918720822E+00  0.8753990641491725E+00  0.1858264214090418E+03
  0.4963650298020162E+00  0.8793194578511700E+00  0.1993632742132791E+03
  0.4881944686511717E+00  0.8831811497658847E+00  0.2136801648001524E+03
  0.4800239084667671E+00  0.8869838820937034E+00  0.2285711614763794E+03
  0.4718533492992859E+00  0.8907274009710492E+00  0.2437469311335085E+03
  0.4636827912027636E+00  0.8944114564873288E+00  0.2591860151349623E+03
  0.4555122342351060E+00  0.8980358027016164E+00  0.2746469240763521E+03
  0.4473416784584431E+00  0.9016001976590722E+00  0.2894198165619718E+03
  0.4391711239395221E+00  0.9051044034070944E+00  0.3030420101694578E+03
  0.4310005707501444E+00  0.9085481860112055E+00  0.3157331087552627E+03
  0.4228300189676551E+00  0.9119313155706682E+00  0.3278011302996898E+03
  0.4146594686754885E+00  0.9152535662338340E+00  0.3392546916609083E+03
  0.4064889199637791E+00  0.9185147162132208E+00  0.3502456952137778E+03
  0.3983183729300507E+00  0.9217145478003181E+00  0.3611828725502361E+03
  0.3901478276799883E+00  0.9248528473801222E+00  0.3722195669815278E+03
  0.3819772843283120E+00  0.9279294054453956E+00  0.3833672427613283E+03
  0.3738067429997641E+00  0.9309440166106540E+00  0.3951909080499124E+03
  0.3656362038302282E+00  0.9338964796258775E+00  0.4086106338626245E+03
  0.3574656669680030E+00  0.9367865973899459E+00  0.4239843462768497E+03
  0.3492951325752533E+00  0.9396141769637963E+00  0.4410454599396162E+03
  0.3411246008296713E+00  0.9423790295833044E+00  0.4594818568260695E+03
  0.3329540719263814E+00  0.9450809706718851E+00  0.4788462605539914E+03
  0.3247835460801308E+00  0.9477198198528157E+00  0.4983725059293243E+03
  0.3166130235278230E+00  0.9502954009612771E+00  0.5177574792940861E+03
  0.3084425045314506E+00  0.9528075420561144E+00  0.5376256101342638E+03
  0.3002719893815085E+00  0.9552560754313160E+00  0.5584640902785501E+03
  0.2921014784009779E+00  0.9576408376272095E+00  0.5798094326515806E+03
  0.2839309719500016E+00  0.9599616694413742E+00  0.6012052509539424E+03
  0.2757604704313845E+00  0.9622184159392698E+00  0.6230421628964580E+03
  0.2675899742971076E+00  0.9644109264645802E+00  0.6457865962578006E+03
  0.2594194840560681E+00  0.9665390546492710E+00  0.6694987084644345E+03
  0.2512490002833307E+00  0.9686026584233628E+00  0.6946928017682920E+03
  0.2430785236312446E+00  0.9706016000244151E+00  0.7222807085190127E+03
  0.2349080548428762E+00  0.9725357460067257E+00  0.7520464021094500E+03
  0.2267375947683499E+00  0.9744049672502397E+00  0.7825714467455982E+03
  0.2185671443848464E+00  0.9762091389691724E+00  0.8130267512281256E+03
  0.2103967048212628E+00  0.9779481407203411E+00  0.8435109943337909E+03
  0.2022262773888417E+00  0.9796218564112101E+00  0.8737424291212832E+03
  0.1940558636195398E+00  0.9812301743076443E+00  0.9034981410706438E+03
  0.1858854653144977E+00  0.9827729870413743E+00  0.9342230810767160E+03
  0.1777150846058812E+00  0.9842501916171713E+00  0.9679131625838180E+03
  0.1695447240365762E+00  0.9856616894197333E+00  0.1004627379111990E+04
  0.1613743866640789E+00  0.9870073862202815E+00  0.1043258488506362E+04
  0.1532040761975885E+00  0.9882871921828699E+00  0.1083871476178615E+04
  0.1450337971813853E+00  0.9895010218704087E+00  0.1126779948974303E+04
  0.1368635552438019E+00  0.9906487942504061E+00  0.1170759755724188E+04
  0.1286933574408989E+00  0.9917304327004320E+00  0.1215064997079560E+04
  0.1205232127396896E+00  0.9927458650133153E+00  0.1261432194505070E+04
  0.1123531327118049E+00  0.9936950234020883E+00  0.1311279880128348E+04
  0.1041831325528455E+00  0.9945778445047068E+00  0.1363683459602754E+04
  0.9601323262085862E-01  0.9953942693885953E+00  0.1419052325529612E+04
  0.8784346083082471E-01  0.9961442435551087E+00  0.1480894358900633E+04
  0.7967385651719167E-01  0.9968277169440913E+00  0.1550934458920542E+04
  0.7150447693306423E-01  0.9974446439389107E+00  0.1628204052645257E+04
  0.6333540875299180E-01  0.9979949833727938E+00  0.1716284606010572E+04
  0.5516678972815772E-01  0.9984786985384589E+00  0.1824284700532497E+04
  0.4699885272846815E-01  0.9988957572063257E+00  0.1960450918360655E+04
  0.3883202470742381E-01  0.9992461316671845E+00  0.2141742437118847E+04
  0.3066718105470672E-01  0.9995297988558859E+00  0.2412287362563204E+04
  0.2250643816359393E-01  0.9997467408113523E+00  0.2814049764028350E+04
  0.1435650599352885E-01  0.9998969471378596E+00  0.3299184922673507E+04
  0.6254421014113626E-02  0.9999804411726474E+00  0.3689435283827989E+04
