# nlmax, ncor, nside =         383           1         128
  0.3135338232575680E+01 -0.9999804411726474E+00  0.1680886133334530E+03
  0.3127236147596264E+01 -0.9998969471378596E+00  0.1764837153628136E+03
  0.3119086215426199E+01 -0.9997467408113523E+00  0.1892264197518926E+03
  0.3110925472535087E+01 -0.9995297988558859E+00  0.2021506202001614E+03
  0.3102760628882369E+01 -0.9992461316671845E+00  0.2117970536980869E+03
  0.3094593800861325E+01 -0.9988957572063257E+00  0.2171395350954008E+03
  0.3086425863861635E+01 -0.9984786985384589E+00  0.2188687402761024E+03
  0.3078257244836801E+01 -0.9979949833727938E+00  0.2182870443365384E+03
  0.3070088176656729E+01 -0.9974446439389107E+00  0.2171437044807624E+03
  0.3061918797072602E+01 -0.9968277169440913E+00  0.2167141242429041E+03
  0.3053749192758969E+01 -0.9961442435551087E+00  0.2168598319658929E+03
  0.3045579420968934E+01 -0.9953942693885953E+00  0.2166894944666247E+03
  0.3037409521036948E+01 -0.9945778445047068E+00  0.2159826347440240E+03
  0.3029239520877988E+01 -0.9936950234020883E+00  0.2155790270652836E+03
  0.3021069440850104E+01 -0.9927458650133153E+00  0.2165478439773108E+03
  0.3012899296148894E+01 -0.9917304327004320E+00  0.2185173934113007E+03
  0.3004729098345992E+01 -0.9906487942504061E+00  0.2200643316622894E+03
  0.2996558856408408E+01 -0.9895010218704087E+00  0.2199620268374277E+03
  0.2988388577392205E+01 -0.9882871921828699E+00  0.2179964988959725E+03
  0.2980218266925714E+01 -0.9870073862202815E+00  0.2144963108195470E+03
  0.2972047929553217E+01 -0.9856616894197333E+00  0.2099281997311098E+03
  0.2963877568983912E+01 -0.9842501916171713E+00  0.2054880107143150E+03
  0.2955707188275296E+01 -0.9827729870413743E+00  0.2023824332815384E+03
  0.2947536789970254E+01 -0.9812301743076443E+00  0.2009046772271379E+03
  0.2939366376200951E+01 -0.9796218564112101E+00  0.2001760713354467E+03
  0.2931195948768531E+01 -0.9779481407203411E+00  0.1992137861867230E+03
  0.2923025509204947E+01 -0.9762091389691724E+00  0.1974651982250529E+03
  0.2914855058821443E+01 -0.9744049672502397E+00  0.1949767021461659E+03
  0.2906684598746917E+01 -0.9725357460067257E+00  0.1919664237474568E+03
  0.2898514129958549E+01 -0.9706016000244151E+00  0.1884608278883958E+03
  0.2890343653306462E+01 -0.9686026584233628E+00  0.1843034548873831E+03
  0.2882173169533725E+01 -0.9665390546492710E+00  0.1794574471749573E+03
  0.2874002679292686E+01 -0.9644109264645802E+00  0.1744525167039269E+03
  0.2865832183158409E+01 -0.9622184159392698E+00  0.1699769559547971E+03
  0.2857661681639792E+01 -0.9599616694413742E+00  0.1664579625312832E+03
  0.2849491175188815E+01 -0.9576408376272095E+00  0.1641347089738869E+03
  0.2841320664208285E+01 -0.9552560754313160E+00  0.1634433633728648E+03
  0.2833150149058343E+01 -0.9528075420561144E+00  0.1649830207088701E+03
  0.2824979630061970E+01 -0.9502954009612771E+00  0.1688566869561117E+03
  0.2816809107509663E+01 -0.9477198198528157E+00  0.1743373444855774E+03
  0.2808638581663412E+01 -0.9450809706718851E+00  0.1803440777279243E+03
  0.2800468052760122E+01 -0.9423790295833044E+00  0.1860993955071196E+03
  0.2792297521014540E+01 -0.9396141769637963E+00  0.1912363928702297E+03
  0.2784126986621790E+01 -0.9367865973899459E+00  0.1957830470905838E+03
  0.2775956449759565E+01 -0.9338964796258775E+00  0.1994875551016404E+03
  0.2767785910590029E+01 -0.9309440166106540E+00  0.2016636019176395E+03
  0.2759615369261481E+01 -0.9279294054453956E+00  0.2018616185419824E+03
  0.2751444825909805E+01 -0.9248528473801222E+00  0.2002946558025650E+03
  0.2743274280659743E+01 -0.9217145478003181E+00  0.1975220694017637E+03
  0.2735103733626014E+01 -0.9185147162132208E+00  0.1940958517261688E+03
  0.2726933184914305E+01 -0.9152535662338340E+00  0.1903031365454069E+03
  0.2718762634622138E+01 -0.9119313155706682E+00  0.1866644479755952E+03
  0.2710592082839649E+01 -0.9085481860112055E+00  0.1836914096187485E+03
  0.2702421529650271E+01 -0.9051044034070944E+00  0.1810123946561179E+03
  0.2694250975131350E+01 -0.9016001976590722E+00  0.1774961360594865E+03
  0.2686080419354687E+01 -0.8980358027016164E+00  0.1724632838261843E+03
  0.2677909862387029E+01 -0.8944114564873288E+00  0.1664326713307454E+03
  0.2669739304290507E+01 -0.8907274009710492E+00  0.1607610943096303E+03
  0.2661568745123026E+01 -0.8869838820937034E+00  0.1563011466322131E+03
  0.2653398184938621E+01 -0.8831811497658847E+00  0.1529732806373428E+03
  0.2645227623787777E+01 -0.8793194578511700E+00  0.1503208882816494E+03
  0.2637057061717711E+01 -0.8753990641491725E+00  0.1483146279817181E+03
  0.2628886498772639E+01 -0.8714202303783312E+00  0.1468810906479235E+03
  0.2620715934994006E+01 -0.8673832221584393E+00  0.1456340311802026E+03
  0.2612545370420704E+01 -0.8632883089929120E+00  0.1435762867982479E+03
  0.2604374805089263E+01 -0.8591357642507945E+00  0.1400392653550661E+03
  0.2596204239034032E+01 -0.8549258651485127E+00  0.1352698394551175E+03
  0.2588033672287335E+01 -0.8506588927313666E+00  0.1303556960836620E+03
  0.2579863104879621E+01 -0.8463351318547683E+00  0.1265033025896197E+03
  0.2571692536839600E+01 -0.8419548711652254E+00  0.1240829492514526E+03
  0.2563521968194363E+01 -0.8375184030810715E+00  0.1228241418934867E+03
  0.2555351398969496E+01 -0.8330260237729452E+00  0.1221256588050335E+03
  0.2547180829189184E+01 -0.8284780331440178E+00  0.1216021887855840E+03
  0.2539010258876304E+01 -0.8238747348099726E+00  0.1211553251565784E+03
  0.2530839688052518E+01 -0.8192164360787360E+00  0.1210302967910355E+03
  0.2522669116738345E+01 -0.8145034479299620E+00  0.1213847006147365E+03
  0.2514498544953243E+01 -0.8097360849942720E+00  0.1220082796815295E+03
  0.2506327972715673E+01 -0.8049146655322506E+00  0.1222954482964250E+03
  0.2498157400043163E+01 -0.8000395114131988E+00  0.1216457348606600E+03
  0.2489986826952370E+01 -0.7951109480936471E+00  0.1199245424581956E+03
  0.2481816253459126E+01 -0.7901293045956280E+00  0.1174737126010431E+03
  0.2473645679578500E+01 -0.7850949134847117E+00  0.1147963042763792E+03
  0.2465475105324832E+01 -0.7800081108478040E+00  0.1122760219938639E+03
  0.2457304530711785E+01 -0.7748692362707100E+00  0.1100178033732789E+03
  0.2449133955752385E+01 -0.7696786328154644E+00  0.1076076158319530E+03
  0.2440963380459050E+01 -0.7644366469974285E+00  0.1043739289896476E+03
  0.2432792804843637E+01 -0.7591436287621580E+00  0.9984195401558621E+02
  0.2424622228917462E+01 -0.7537999314620412E+00  0.9400468887295699E+02
  0.2416451652691339E+01 -0.7484059118327094E+00  0.8733079240633373E+02
  0.2408281076175607E+01 -0.7429619299692227E+00  0.8062153164730472E+02
  0.2400110499380152E+01 -0.7374683493020299E+00  0.7444675516236808E+02
  0.2391939922314436E+01 -0.7319255365727068E+00  0.6880641730488631E+02
  0.2383769344987516E+01 -0.7263338618094733E+00  0.6334627926861402E+02
  0.2375598767408072E+01 -0.7206936983024912E+00  0.5774770913796313E+02
  0.2367428189584419E+01 -0.7150054225789432E+00  0.5189307429044075E+02
  0.2359257611524532E+01 -0.7092694143778975E+00  0.4585077711480290E+02
  0.2351087033236062E+01 -0.7034860566249567E+00  0.3973338115848058E+02
  0.2342916454726351E+01 -0.6976557354066943E+00  0.3363912140229221E+02
  0.2334745876002450E+01 -0.6917788399448808E+00  0.2762715511825224E+02
  0.2326575297071134E+01 -0.6858557625704990E+00  0.2171680880684090E+02
  0.2318404717938913E+01 -0.6798868986975534E+00  0.1591829904275848E+02
  0.2310234138612046E+01 -0.6738726467966731E+00  0.1028503927105265E+02
  0.2302063559096557E+01 -0.6678134083685102E+00  0.4625005886524783E+01
  0.2293892979398239E+01 -0.6617095879169366E+00 -0.1356976829520993E+01
  0.2285722399522673E+01 -0.6555615929220400E+00 -0.7886027974137475E+01
  0.2277551819475234E+01 -0.6493698338129212E+00 -0.1490302928756634E+02
  0.2269381239261100E+01 -0.6431347239402948E+00 -0.2213580370685943E+02
  0.2261210658885265E+01 -0.6368566795488945E+00 -0.2936898676055510E+02
  0.2253040078352542E+01 -0.6305361197496849E+00 -0.3642973108778516E+02
  0.2244869497667577E+01 -0.6241734664918837E+00 -0.4287928172620942E+02
  0.2236698916834853E+01 -0.6177691445347914E+00 -0.4849789741710357E+02
  0.2228528335858699E+01 -0.6113235814194364E+00 -0.5335631417392902E+02
  0.2220357754743295E+01 -0.6048372074400329E+00 -0.5781189043062769E+02
  0.2212187173492683E+01 -0.5983104556152549E+00 -0.6219332954819340E+02
  0.2204016592110768E+01 -0.5917437616593286E+00 -0.6675700667438701E+02
  0.2195846010601326E+01 -0.5851375639529456E+00 -0.7176050416076318E+02
  0.2187675428968010E+01 -0.5784923035139965E+00 -0.7718538255392801E+02
  0.2179504847214357E+01 -0.5718084239681300E+00 -0.8282955818016933E+02
  0.2171334265343789E+01 -0.5650863715191369E+00 -0.8829259561633391E+02
  0.2163163683359622E+01 -0.5583265949191624E+00 -0.9312989284903010E+02
  0.2154993101265066E+01 -0.5515295454387482E+00 -0.9699287615416314E+02
  0.2146822519063234E+01 -0.5446956768367068E+00 -0.9964331390021079E+02
  0.2138651936757143E+01 -0.5378254453298289E+00 -0.1011310412729117E+03
  0.2130481354349721E+01 -0.5309193095624275E+00 -0.1017045167773688E+03
  0.2122310771843806E+01 -0.5239777305757194E+00 -0.1016908406018214E+03
  0.2114140189242155E+01 -0.5170011717770473E+00 -0.1013714862938946E+03
  0.2105969606547443E+01 -0.5099900989089429E+00 -0.1011255512871401E+03
  0.2097799023762269E+01 -0.5029449800180356E+00 -0.1011089836135939E+03
  0.2089628440889158E+01 -0.4958662854238058E+00 -0.1011207674066965E+03
  0.2081457857930564E+01 -0.4887544876871878E+00 -0.1009006582210948E+03
  0.2073287274888874E+01 -0.4816100615790221E+00 -0.1005099729562055E+03
  0.2065116691766407E+01 -0.4744334840483606E+00 -0.9993403820130092E+02
  0.2056946108565423E+01 -0.4672252341906264E+00 -0.9921397721635371E+02
  0.2048775525288118E+01 -0.4599857932156304E+00 -0.9854079978403874E+02
  0.2040604941936635E+01 -0.4527156444154464E+00 -0.9818921177923869E+02
  0.2032434358513056E+01 -0.4454152731321473E+00 -0.9823532273889310E+02
  0.2024263775019413E+01 -0.4380851667254050E+00 -0.9828151445018538E+02
  0.2016093191457685E+01 -0.4307258145399545E+00 -0.9778480616952400E+02
  0.2007922607829804E+01 -0.4233377078729265E+00 -0.9676895650198594E+02
  0.1999752024137653E+01 -0.4159213399410494E+00 -0.9549555595245316E+02
  0.1991581440383068E+01 -0.4084772058477228E+00 -0.9397088189483581E+02
  0.1983410856567843E+01 -0.4010058025499653E+00 -0.9188994294091573E+02
  0.1975240272693730E+01 -0.3935076288252386E+00 -0.8911595060812365E+02
  0.1967069688762441E+01 -0.3859831852381501E+00 -0.8563664669840588E+02
  0.1958899104775647E+01 -0.3784329741070359E+00 -0.8157798146483819E+02
  0.1950728520734982E+01 -0.3708574994704271E+00 -0.7708276134446901E+02
  0.1942557936642046E+01 -0.3632572670534011E+00 -0.7231307107958038E+02
  0.1934387352498403E+01 -0.3556327842338202E+00 -0.6749443238897460E+02
  0.1926216768305583E+01 -0.3479845600084601E+00 -0.6268822924916516E+02
  0.1918046184065086E+01 -0.3403131049590297E+00 -0.5799466277751226E+02
  0.1909875599778379E+01 -0.3326189312180866E+00 -0.5369131372384135E+02
  0.1901705015446901E+01 -0.3249025524348469E+00 -0.4985174528260197E+02
  0.1893534431072063E+01 -0.3171644837408958E+00 -0.4652426786481479E+02
  0.1885363846655247E+01 -0.3094052417157978E+00 -0.4357778589171134E+02
  0.1877193262197810E+01 -0.3016253443526109E+00 -0.4080266318228150E+02
  0.1869022677701083E+01 -0.2938253110233064E+00 -0.3803952010266777E+02
  0.1860852093166375E+01 -0.2860056624440968E+00 -0.3509161652994022E+02
  0.1852681508594969E+01 -0.2781669206406729E+00 -0.3180341051482269E+02
  0.1844510923988128E+01 -0.2703096089133553E+00 -0.2837537982241382E+02
  0.1836340339347093E+01 -0.2624342518021592E+00 -0.2542535409842763E+02
  0.1828169754673083E+01 -0.2545413750517773E+00 -0.2372872285512357E+02
  0.1819999169967299E+01 -0.2466315055764818E+00 -0.2338121237591142E+02
  0.1811828585230925E+01 -0.2387051714249486E+00 -0.2382889140554791E+02
  0.1803658000465123E+01 -0.2307629017450062E+00 -0.2435727783578682E+02
  0.1795487415671042E+01 -0.2228052267483099E+00 -0.2477821540434781E+02
  0.1787316830849811E+01 -0.2148326776749467E+00 -0.2509450235433303E+02
  0.1779146246002545E+01 -0.2068457867579697E+00 -0.2520499230418142E+02
  0.1770975661130345E+01 -0.1988450871878683E+00 -0.2490865372289618E+02
  0.1762805076234296E+01 -0.1908311130769725E+00 -0.2418724246325804E+02
  0.1754634491315471E+01 -0.1828043994237966E+00 -0.2328429148795753E+02
  0.1746463906374929E+01 -0.1747654820773241E+00 -0.2263601908057952E+02
  0.1738293321413718E+01 -0.1667148977012352E+00 -0.2263671455488456E+02
  0.1730122736432872E+01 -0.1586531837380799E+00 -0.2341870567596095E+02
  0.1721952151433418E+01 -0.1505808783733995E+00 -0.2465141679337089E+02
  0.1713781566416370E+01 -0.1424985204997981E+00 -0.2578873290656407E+02
  0.1705610981382731E+01 -0.1344066496809675E+00 -0.2639872216811899E+02
  0.1697440396333499E+01 -0.1263058061156663E+00 -0.2663701948370732E+02
  0.1689269811269659E+01 -0.1181965306016578E+00 -0.2703544674075924E+02
  0.1681099226192191E+01 -0.1100793644996070E+00 -0.2801621703559497E+02
  0.1672928641102067E+01 -0.1019548496969404E+00 -0.2959484119049347E+02
  0.1664758056000250E+01 -0.9382352857167028E-01 -0.3140061945653979E+02
  0.1656587470887701E+01 -0.8568594395618719E-01 -0.3306582473736178E+02
  0.1648416885765370E+01 -0.7754263910102077E-01 -0.3438832372836035E+02
  0.1640246300634206E+01 -0.6939415763857371E-01 -0.3531504478236522E+02
  0.1632075715495151E+01 -0.6124104354682962E-01 -0.3610183204101264E+02
  0.1623905130349143E+01 -0.5308384111303818E-01 -0.3689912655228359E+02
  0.1615734545197117E+01 -0.4492309489737940E-01 -0.3766908010494512E+02
  0.1607563960040004E+01 -0.3675934969660982E-01 -0.3824685574075011E+02
  0.1599393374878733E+01 -0.2859315050769285E-01 -0.3846727772317318E+02
  0.1591222789714229E+01 -0.2042504249141571E-01 -0.3831239110169659E+02
  0.1583052204547419E+01 -0.1225557093599554E-01 -0.3796319600354300E+02
  0.1574881619379224E+01 -0.4085281220676868E-02 -0.3753689708806331E+02
  0.1566711034210569E+01  0.4085281220676868E-02 -0.3721017674230536E+02
  0.1558540449042374E+01  0.1225557093599554E-01 -0.3714731342679113E+02
  0.1550369863875564E+01  0.2042504249141571E-01 -0.3756456975262837E+02
  0.1542199278711061E+01  0.2859315050769285E-01 -0.3853620538676982E+02
  0.1534028693549790E+01  0.3675934969660982E-01 -0.3982854329875319E+02
  0.1525858108392677E+01  0.4492309489737940E-01 -0.4076531397661677E+02
  0.1517687523240650E+01  0.5308384111303818E-01 -0.4087566075006024E+02
  0.1509516938094642E+01  0.6124104354682962E-01 -0.4009548617632114E+02
  0.1501346352955587E+01  0.6939415763857371E-01 -0.3879772420050605E+02
  0.1493175767824423E+01  0.7754263910102077E-01 -0.3729501910771009E+02
  0.1485005182702093E+01  0.8568594395618719E-01 -0.3585839409704909E+02
  0.1476834597589543E+01  0.9382352857167028E-01 -0.3450937047346412E+02
  0.1468664012487727E+01  0.1019548496969404E+00 -0.3325002317740989E+02
  0.1460493427397602E+01  0.1100793644996070E+00 -0.3203053348990446E+02
  0.1452322842320134E+01  0.1181965306016578E+00 -0.3097075518366851E+02
  0.1444152257256294E+01  0.1263058061156663E+00 -0.3026343868657384E+02
  0.1435981672207062E+01  0.1344066496809675E+00 -0.3026501215841065E+02
  0.1427811087173423E+01  0.1424985204997981E+00 -0.3120811334725029E+02
  0.1419640502156375E+01  0.1505808783733995E+00 -0.3322907456382289E+02
  0.1411469917156921E+01  0.1586531837380799E+00 -0.3628373090232516E+02
  0.1403299332176076E+01  0.1667148977012352E+00 -0.4035892349133199E+02
  0.1395128747214864E+01  0.1747654820773241E+00 -0.4555976860385638E+02
  0.1386958162274323E+01  0.1828043994237966E+00 -0.5193525190275086E+02
  0.1378787577355497E+01  0.1908311130769725E+00 -0.5900067751523034E+02
  0.1370616992459449E+01  0.1988450871878683E+00 -0.6600339872470408E+02
  0.1362446407587248E+01  0.2068457867579697E+00 -0.7219658412063433E+02
  0.1354275822739983E+01  0.2148326776749467E+00 -0.7732767170101609E+02
  0.1346105237918751E+01  0.2228052267483099E+00 -0.8148685389549276E+02
  0.1337934653124670E+01  0.2307629017450062E+00 -0.8493903539885807E+02
  0.1329764068358868E+01  0.2387051714249486E+00 -0.8796470432634533E+02
  0.1321593483622494E+01  0.2466315055764818E+00 -0.9095874977328140E+02
  0.1313422898916710E+01  0.2545413750517773E+00 -0.9428336025660658E+02
  0.1305252314242701E+01  0.2624342518021592E+00 -0.9796125532535395E+02
  0.1297081729601665E+01  0.2703096089133553E+00 -0.1015013840523083E+03
  0.1288911144994824E+01  0.2781669206406729E+00 -0.1046670477549878E+03
  0.1280740560423418E+01  0.2860056624440968E+00 -0.1075448216871479E+03
  0.1272569975888710E+01  0.2938253110233064E+00 -0.1103320605301304E+03
  0.1264399391391984E+01  0.3016253443526109E+00 -0.1128448023858827E+03
  0.1256228806934547E+01  0.3094052417157978E+00 -0.1148836046642055E+03
  0.1248058222517730E+01  0.3171644837408958E+00 -0.1165495255523001E+03
  0.1239887638142892E+01  0.3249025524348469E+00 -0.1185225049885443E+03
  0.1231717053811414E+01  0.3326189312180866E+00 -0.1212750159416360E+03
  0.1223546469524707E+01  0.3403131049590297E+00 -0.1244719492894795E+03
  0.1215375885284210E+01  0.3479845600084601E+00 -0.1271674110735209E+03
  0.1207205301091390E+01  0.3556327842338202E+00 -0.1290157288947095E+03
  0.1199034716947747E+01  0.3632572670534011E+00 -0.1305413063424898E+03
  0.1190864132854811E+01  0.3708574994704271E+00 -0.1327772581838910E+03
  0.1182693548814147E+01  0.3784329741070359E+00 -0.1358312515494082E+03
  0.1174522964827352E+01  0.3859831852381501E+00 -0.1391794994013533E+03
  0.1166352380896063E+01  0.3935076288252386E+00 -0.1419961967301608E+03
  0.1158181797021950E+01  0.4010058025499653E+00 -0.1438110420487160E+03
  0.1150011213206726E+01  0.4084772058477228E+00 -0.1443004556682818E+03
  0.1141840629452141E+01  0.4159213399410494E+00 -0.1435974645979829E+03
  0.1133670045759989E+01  0.4233377078729265E+00 -0.1420542696234296E+03
  0.1125499462132108E+01  0.4307258145399545E+00 -0.1404837928650392E+03
  0.1117328878570381E+01  0.4380851667254050E+00 -0.1396266268456526E+03
  0.1109158295076737E+01  0.4454152731321473E+00 -0.1398151857192011E+03
  0.1100987711653159E+01  0.4527156444154464E+00 -0.1406202029131774E+03
  0.1092817128301675E+01  0.4599857932156304E+00 -0.1411796019732325E+03
  0.1084646545024371E+01  0.4672252341906264E+00 -0.1407818595230671E+03
  0.1076475961823386E+01  0.4744334840483606E+00 -0.1396829558730444E+03
  0.1068305378700920E+01  0.4816100615790221E+00 -0.1384211294635443E+03
  0.1060134795659229E+01  0.4887544876871878E+00 -0.1374341259253590E+03
  0.1051964212700635E+01  0.4958662854238058E+00 -0.1367191147450888E+03
  0.1043793629827524E+01  0.5029449800180356E+00 -0.1365141296703225E+03
  0.1035623047042350E+01  0.5099900989089429E+00 -0.1369541546067381E+03
  0.1027452464347638E+01  0.5170011717770473E+00 -0.1379594780460835E+03
  0.1019281881745987E+01  0.5239777305757194E+00 -0.1388629072567855E+03
  0.1011111299240073E+01  0.5309193095624275E+00 -0.1392100051465569E+03
  0.1002940716832650E+01  0.5378254453298289E+00 -0.1389378758765420E+03
  0.9947701345265596E+00  0.5446956768367068E+00 -0.1383974078471227E+03
  0.9865995523247275E+00  0.5515295454387482E+00 -0.1375752230656794E+03
  0.9784289702301714E+00  0.5583265949191624E+00 -0.1364839636995927E+03
  0.9702583882460036E+00  0.5650863715191369E+00 -0.1349525505019667E+03
  0.9620878063754359E+00  0.5718084239681300E+00 -0.1330569556149440E+03
  0.9539172246217830E+00  0.5784923035139965E+00 -0.1311904929709811E+03
  0.9457466429884676E+00  0.5851375639529456E+00 -0.1300122854535981E+03
  0.9375760614790253E+00  0.5917437616593286E+00 -0.1295636130803124E+03
  0.9294054800971098E+00  0.5983104556152549E+00 -0.1296441703114455E+03
  0.9212348988464978E+00  0.6048372074400329E+00 -0.1298518710816427E+03
  0.9130643177310944E+00  0.6113235814194364E+00 -0.1301122306120810E+03
  0.9048937367549402E+00  0.6177691445347914E+00 -0.1302983759452740E+03
  0.8967231559222163E+00  0.6241734664918837E+00 -0.1302369495320116E+03
  0.8885525752372514E+00  0.6305361197496849E+00 -0.1297723193578938E+03
  0.8803819947045285E+00  0.6368566795488945E+00 -0.1287360102190102E+03
  0.8722114143286931E+00  0.6431347239402948E+00 -0.1265833778565481E+03
  0.8640408341145595E+00  0.6493698338129212E+00 -0.1228576812162596E+03
  0.8558702540671204E+00  0.6555615929220400E+00 -0.1174237988705040E+03
  0.8476996741915547E+00  0.6617095879169366E+00 -0.1109171483170547E+03
  0.8395290944932369E+00  0.6678134083685102E+00 -0.1039465952443627E+03
  0.8313585149777468E+00  0.6738726467966731E+00 -0.9691273253357242E+02
  0.8231879356508802E+00  0.6798868986975534E+00 -0.8975621543936997E+02
  0.8150173565186587E+00  0.6858557625704990E+00 -0.8261732575143793E+02
  0.8068467775873427E+00  0.6917788399448808E+00 -0.7552954567349286E+02
  0.7986761988634423E+00  0.6976557354066943E+00 -0.6855275974283268E+02
  0.7905056203537315E+00  0.7034860566249567E+00 -0.6146524963502102E+02
  0.7823350420652612E+00  0.7092694143778975E+00 -0.5439964781535033E+02
  0.7741644640053743E+00  0.7150054225789432E+00 -0.4756582861785679E+02
  0.7659938861817212E+00  0.7206936983024912E+00 -0.4143123561291962E+02
  0.7578233086022768E+00  0.7263338618094733E+00 -0.3598074414157794E+02
  0.7496527312753575E+00  0.7319255365727068E+00 -0.3095055087046683E+02
  0.7414821542096410E+00  0.7374683493020299E+00 -0.2589587985670203E+02
  0.7333115774141861E+00  0.7429619299692227E+00 -0.2065828409407806E+02
  0.7251410008984539E+00  0.7484059118327094E+00 -0.1487110015654985E+02
  0.7169704246723316E+00  0.7537999314620412E+00 -0.8400558341939519E+01
  0.7087998487461566E+00  0.7591436287621580E+00 -0.1539453545367419E+01
  0.7006292731307425E+00  0.7644366469974285E+00  0.4829491417843964E+01
  0.6924586978374083E+00  0.7696786328154644E+00  0.1025425608595283E+02
  0.6842881228780077E+00  0.7748692362707100E+00  0.1512085648524132E+02
  0.6761175482649616E+00  0.7800081108478040E+00  0.2017692367513932E+02
  0.6679469740112938E+00  0.7850949134847117E+00  0.2563147645825685E+02
  0.6597764001306670E+00  0.7901293045956280E+00  0.3177431887914203E+02
  0.6516058266374236E+00  0.7951109480936471E+00  0.3882406405726893E+02
  0.6434352535466297E+00  0.8000395114131988E+00  0.4677058822343260E+02
  0.6352646808741202E+00  0.8049146655322506E+00  0.5491733257093264E+02
  0.6270941086365502E+00  0.8097360849942720E+00  0.6277215812563424E+02
  0.6189235368514482E+00  0.8145034479299620E+00  0.7014242215785038E+02
  0.6107529655372755E+00  0.8192164360787360E+00  0.7758464153819614E+02
  0.6025823947134890E+00  0.8238747348099726E+00  0.8515444654094381E+02
  0.5944118244006098E+00  0.8284780331440178E+00  0.9281378795287961E+02
  0.5862412546202973E+00  0.8330260237729452E+00  0.1001084882433005E+03
  0.5780706853954301E+00  0.8375184030810715E+00  0.1068053844685339E+03
  0.5699001167501928E+00  0.8419548711652254E+00  0.1129186183597640E+03
  0.5617295487101719E+00  0.8463351318547683E+00  0.1195216270372117E+03
  0.5535589813024583E+00  0.8506588927313666E+00  0.1271954526154902E+03
  0.5453884145557613E+00  0.8549258651485127E+00  0.1354984855683393E+03
  0.5372178485005299E+00  0.8591357642507945E+00  0.1434932233153833E+03
  0.5290472831690897E+00  0.8632883089929120E+00  0.1511930776499162E+03
  0.5208767185957875E+00  0.8673832221584393E+00  0.1590622938916864E+03
  0.5127061548171545E+00  0.8714202303783312E+00  0.1676020510606675E+03
  0.5045355918720822E+00  0.8753990641491725E+00  0.1762566955327176E+03
  0.4963650298020162E+00  0.8793194578511700E+00  0.1843209734539347E+03
  0.4881944686511717E+00  0.8831811497658847E+00  0.1911118451592071E+03
  0.4800239084667671E+00  0.8869838820937034E+00  0.1969160350567888E+03
  0.4718533492992859E+00  0.8907274009710492E+00  0.2024135284567837E+03
  0.4636827912027636E+00  0.8944114564873288E+00  0.2087068048727183E+03
  0.4555122342351060E+00  0.8980358027016164E+00  0.2159189094543426E+03
  0.4473416784584431E+00  0.9016001976590722E+00  0.2236959466224516E+03
  0.4391711239395221E+00  0.9051044034070944E+00  0.2313895155209545E+03
  0.4310005707501444E+00  0.9085481860112055E+00  0.2394859114053787E+03
  0.4228300189676551E+00  0.9119313155706682E+00  0.2484811418806603E+03
  0.4146594686754885E+00  0.9152535662338340E+00  0.2590681746513531E+03
  0.4064889199637791E+00  0.9185147162132208E+00  0.2716996123675892E+03
  0.3983183729300507E+00  0.9217145478003181E+00  0.2869048180522364E+03
  0.3901478276799883E+00  0.9248528473801222E+00  0.3039641499051552E+03
  0.3819772843283120E+00  0.9279294054453956E+00  0.3218799693761194E+03
  0.3738067429997641E+00  0.9309440166106540E+00  0.3397007006697930E+03
  0.3656362038302282E+00  0.9338964796258775E+00  0.3571978186932242E+03
  0.3574656669680030E+00  0.9367865973899459E+00  0.3739700337791405E+03
  0.3492951325752533E+00  0.9396141769637963E+00  0.3906131712676388E+03
  0.3411246008296713E+00  0.9423790295833044E+00  0.4082436304526862E+03
  0.3329540719263814E+00  0.9450809706718851E+00  0.4279695412938149E+03
  0.3247835460801308E+00  0.9477198198528157E+00  0.4489765284055965E+03
  0.3166130235278230E+00  0.9502954009612771E+00  0.4700033636011644E+03
  0.3084425045314506E+00  0.9528075420561144E+00  0.4907132128006778E+03
  0.3002719893815085E+00  0.9552560754313160E+00  0.5125773068262929E+03
  0.2921014784009779E+00  0.9576408376272095E+00  0.5365437626326848E+03
  0.2839309719500016E+00  0.9599616694413742E+00  0.5632087989227773E+03
  0.2757604704313845E+00  0.9622184159392698E+00  0.5921553146214541E+03
  0.2675899742971076E+00  0.9644109264645802E+00  0.6223184624021869E+03
  0.2594194840560681E+00  0.9665390546492710E+00  0.6516670884687293E+03
  0.2512490002833307E+00  0.9686026584233628E+00  0.6803022717256283E+03
  0.2430785236312446E+00  0.9706016000244151E+00  0.7090892844166386E+03
  0.2349080548428762E+00  0.9725357460067257E+00  0.7387760119977711E+03
  0.2267375947683499E+00  0.9744049672502397E+00  0.7683441915518148E+03
  0.2185671443848464E+00  0.9762091389691724E+00  0.7978525397330602E+03
  0.2103967048212628E+00  0.9779481407203411E+00  0.8275018984563418E+03
  0.2022262773888417E+00  0.9796218564112101E+00  0.8578944214156617E+03
  0.1940558636195398E+00  0.9812301743076443E+00  0.8885237093571913E+03
  0.1858854653144977E+00  0.9827729870413743E+00  0.9206863473478738E+03
  0.1777150846058812E+00  0.9842501916171713E+00  0.9547782302899648E+03
  0.1695447240365762E+00  0.9856616894197333E+00  0.9906270761661257E+03
  0.1613743866640789E+00  0.9870073862202815E+00  0.1027317611423559E+04
  0.1532040761975885E+00  0.9882871921828699E+00  0.1067022757078742E+04
  0.1450337971813853E+00  0.9895010218704087E+00  0.1110956024258604E+04
  0.1368635552438019E+00  0.9906487942504061E+00  0.1158906018577350E+04
  0.1286933574408989E+00  0.9917304327004320E+00  0.1208865681064026E+04
  0.1205232127396896E+00  0.9927458650133153E+00  0.1261612726911711E+04
  0.1123531327118049E+00  0.9936950234020883E+00  0.1316608664381997E+04
  0.1041831325528455E+00  0.9945778445047068E+00  0.1373535116799031E+04
  0.9601323262085862E-01  0.9953942693885953E+00  0.1433177621391804E+04
  0.8784346083082471E-01  0.9961442435551087E+00  0.1501042296184921E+04
  0.7967385651719167E-01  0.9968277169440913E+00  0.1577454810660429E+04
  0.7150447693306423E-01  0.9974446439389107E+00  0.1661344252233893E+04
  0.6333540875299180E-01  0.9979949833727938E+00  0.1754625627706344E+04
  0.5516678972815772E-01  0.9984786985384589E+00  0.1868124351401838E+04
  0.4699885272846815E-01  0.9988957572063257E+00  0.2008418424173544E+04
  0.3883202470742381E-01  0.9992461316671845E+00  0.2193936392432610E+04
  0.3066718105470672E-01  0.9995297988558859E+00  0.2466745036447649E+04
  0.2250643816359393E-01  0.9997467408113523E+00  0.2871616795366758E+04
  0.1435650599352885E-01  0.9998969471378596E+00  0.3358678751835698E+04
  0.6254421014113626E-02  0.9999804411726474E+00  0.3752350900454995E+04
