# nlmax, ncor, nside =         383           1         128
  0.3135338232575680E+01 -0.9999804411726474E+00  0.8082568640432432E+09
  0.3127236147596264E+01 -0.9998969471378596E+00  0.8084418989635549E+09
  0.3119086215426199E+01 -0.9997467408113523E+00  0.8022099653343571E+09
  0.3110925472535087E+01 -0.9995297988558859E+00  0.7910641080326991E+09
  0.3102760628882369E+01 -0.9992461316671845E+00  0.7727081667075183E+09
  0.3094593800861325E+01 -0.9988957572063257E+00  0.7485949072534016E+09
  0.3086425863861635E+01 -0.9984786985384589E+00  0.7227253452112442E+09
  0.3078257244836801E+01 -0.9979949833727938E+00  0.6975088111934055E+09
  0.3070088176656729E+01 -0.9974446439389107E+00  0.6729003271217965E+09
  0.3061918797072602E+01 -0.9968277169440913E+00  0.6485429654149585E+09
  0.3053749192758969E+01 -0.9961442435551087E+00  0.6256214369980035E+09
  0.3045579420968934E+01 -0.9953942693885953E+00  0.6040278248979399E+09
  0.3037409521036948E+01 -0.9945778445047068E+00  0.5835579452807795E+09
  0.3029239520877988E+01 -0.9936950234020883E+00  0.5652571711196322E+09
  0.3021069440850104E+01 -0.9927458650133153E+00  0.5481739652622378E+09
  0.3012899296148894E+01 -0.9917304327004320E+00  0.5320834873466280E+09
  0.3004729098345992E+01 -0.9906487942504061E+00  0.5178330652679524E+09
  0.2996558856408408E+01 -0.9895010218704087E+00  0.5056113204288316E+09
  0.2988388577392205E+01 -0.9882871921828699E+00  0.4950097259543947E+09
  0.2980218266925714E+01 -0.9870073862202815E+00  0.4858404216155860E+09
  0.2972047929553217E+01 -0.9856616894197333E+00  0.4776248840558841E+09
  0.2963877568983912E+01 -0.9842501916171713E+00  0.4701279809193522E+09
  0.2955707188275296E+01 -0.9827729870413743E+00  0.4622003331407044E+09
  0.2947536789970254E+01 -0.9812301743076443E+00  0.4528288023783937E+09
  0.2939366376200951E+01 -0.9796218564112101E+00  0.4420362816643649E+09
  0.2931195948768531E+01 -0.9779481407203411E+00  0.4310890615647196E+09
  0.2923025509204947E+01 -0.9762091389691724E+00  0.4202899528788710E+09
  0.2914855058821443E+01 -0.9744049672502397E+00  0.4105070542349036E+09
  0.2906684598746917E+01 -0.9725357460067257E+00  0.4009410849555310E+09
  0.2898514129958549E+01 -0.9706016000244151E+00  0.3914774016318344E+09
  0.2890343653306462E+01 -0.9686026584233628E+00  0.3819063483854749E+09
  0.2882173169533725E+01 -0.9665390546492710E+00  0.3729908879616406E+09
  0.2874002679292686E+01 -0.9644109264645802E+00  0.3645642590792592E+09
  0.2865832183158409E+01 -0.9622184159392698E+00  0.3567843344340278E+09
  0.2857661681639792E+01 -0.9599616694413742E+00  0.3493178049476153E+09
  0.2849491175188815E+01 -0.9576408376272095E+00  0.3415687851574287E+09
  0.2841320664208285E+01 -0.9552560754313160E+00  0.3340310769271280E+09
  0.2833150149058343E+01 -0.9528075420561144E+00  0.3274895387304190E+09
  0.2824979630061970E+01 -0.9502954009612771E+00  0.3216842942173983E+09
  0.2816809107509663E+01 -0.9477198198528157E+00  0.3156726082879647E+09
  0.2808638581663412E+01 -0.9450809706718851E+00  0.3087231805473586E+09
  0.2800468052760122E+01 -0.9423790295833044E+00  0.3018477481172925E+09
  0.2792297521014540E+01 -0.9396141769637963E+00  0.2942109000488573E+09
  0.2784126986621790E+01 -0.9367865973899459E+00  0.2871262202229612E+09
  0.2775956449759565E+01 -0.9338964796258775E+00  0.2803770574640453E+09
  0.2767785910590029E+01 -0.9309440166106540E+00  0.2743352109638790E+09
  0.2759615369261481E+01 -0.9279294054453956E+00  0.2689678738854701E+09
  0.2751444825909805E+01 -0.9248528473801222E+00  0.2640416894324122E+09
  0.2743274280659743E+01 -0.9217145478003181E+00  0.2592526925468230E+09
  0.2735103733626014E+01 -0.9185147162132208E+00  0.2542780062674085E+09
  0.2726933184914305E+01 -0.9152535662338340E+00  0.2495043881890545E+09
  0.2718762634622138E+01 -0.9119313155706682E+00  0.2448527975225634E+09
  0.2710592082839649E+01 -0.9085481860112055E+00  0.2399789659621472E+09
  0.2702421529650271E+01 -0.9051044034070944E+00  0.2351551242352439E+09
  0.2694250975131350E+01 -0.9016001976590722E+00  0.2301902336997585E+09
  0.2686080419354687E+01 -0.8980358027016164E+00  0.2256983974768169E+09
  0.2677909862387029E+01 -0.8944114564873288E+00  0.2219040197192413E+09
  0.2669739304290507E+01 -0.8907274009710492E+00  0.2187170178057760E+09
  0.2661568745123026E+01 -0.8869838820937034E+00  0.2155094135733084E+09
  0.2653398184938621E+01 -0.8831811497658847E+00  0.2122123309721627E+09
  0.2645227623787777E+01 -0.8793194578511700E+00  0.2090008696158587E+09
  0.2637057061717711E+01 -0.8753990641491725E+00  0.2062476854078462E+09
  0.2628886498772639E+01 -0.8714202303783312E+00  0.2037391715135601E+09
  0.2620715934994006E+01 -0.8673832221584393E+00  0.2010695904182390E+09
  0.2612545370420704E+01 -0.8632883089929120E+00  0.1980808702521747E+09
  0.2604374805089263E+01 -0.8591357642507945E+00  0.1952397406160107E+09
  0.2596204239034032E+01 -0.8549258651485127E+00  0.1925628633861832E+09
  0.2588033672287335E+01 -0.8506588927313666E+00  0.1899975307959412E+09
  0.2579863104879621E+01 -0.8463351318547683E+00  0.1875379309643176E+09
  0.2571692536839600E+01 -0.8419548711652254E+00  0.1851682558831994E+09
  0.2563521968194363E+01 -0.8375184030810715E+00  0.1829666161081588E+09
  0.2555351398969496E+01 -0.8330260237729452E+00  0.1810092812214835E+09
  0.2547180829189184E+01 -0.8284780331440178E+00  0.1789592589267055E+09
  0.2539010258876304E+01 -0.8238747348099726E+00  0.1768067048457213E+09
  0.2530839688052518E+01 -0.8192164360787360E+00  0.1743136606562607E+09
  0.2522669116738345E+01 -0.8145034479299620E+00  0.1720653270276630E+09
  0.2514498544953243E+01 -0.8097360849942720E+00  0.1698362929417859E+09
  0.2506327972715673E+01 -0.8049146655322506E+00  0.1676286351034487E+09
  0.2498157400043163E+01 -0.8000395114131988E+00  0.1652576313281422E+09
  0.2489986826952370E+01 -0.7951109480936471E+00  0.1627925700514448E+09
  0.2481816253459126E+01 -0.7901293045956280E+00  0.1605649338281104E+09
  0.2473645679578500E+01 -0.7850949134847117E+00  0.1584835177285379E+09
  0.2465475105324832E+01 -0.7800081108478040E+00  0.1564055919749715E+09
  0.2457304530711785E+01 -0.7748692362707100E+00  0.1546391342929771E+09
  0.2449133955752385E+01 -0.7696786328154644E+00  0.1527655945402038E+09
  0.2440963380459050E+01 -0.7644366469974285E+00  0.1508754711372376E+09
  0.2432792804843637E+01 -0.7591436287621580E+00  0.1489316272010907E+09
  0.2424622228917462E+01 -0.7537999314620412E+00  0.1470868565727103E+09
  0.2416451652691339E+01 -0.7484059118327094E+00  0.1455823068777089E+09
  0.2408281076175607E+01 -0.7429619299692227E+00  0.1444660862851911E+09
  0.2400110499380152E+01 -0.7374683493020299E+00  0.1432912771221415E+09
  0.2391939922314436E+01 -0.7319255365727068E+00  0.1422522537222983E+09
  0.2383769344987516E+01 -0.7263338618094733E+00  0.1413351207468522E+09
  0.2375598767408072E+01 -0.7206936983024912E+00  0.1405827102010405E+09
  0.2367428189584419E+01 -0.7150054225789432E+00  0.1396359212923476E+09
  0.2359257611524532E+01 -0.7092694143778975E+00  0.1386023558581662E+09
  0.2351087033236062E+01 -0.7034860566249567E+00  0.1372946020656266E+09
  0.2342916454726351E+01 -0.6976557354066943E+00  0.1362369800521959E+09
  0.2334745876002450E+01 -0.6917788399448808E+00  0.1351660627039815E+09
  0.2326575297071134E+01 -0.6858557625704990E+00  0.1342542960288168E+09
  0.2318404717938913E+01 -0.6798868986975534E+00  0.1333525325210501E+09
  0.2310234138612046E+01 -0.6738726467966731E+00  0.1324980808680262E+09
  0.2302063559096557E+01 -0.6678134083685102E+00  0.1316806243224571E+09
  0.2293892979398239E+01 -0.6617095879169366E+00  0.1308948762278170E+09
  0.2285722399522673E+01 -0.6555615929220400E+00  0.1299042166199220E+09
  0.2277551819475234E+01 -0.6493698338129212E+00  0.1290762874287252E+09
  0.2269381239261100E+01 -0.6431347239402948E+00  0.1281736653186157E+09
  0.2261210658885265E+01 -0.6368566795488945E+00  0.1272220467019998E+09
  0.2253040078352542E+01 -0.6305361197496849E+00  0.1261213076879265E+09
  0.2244869497667577E+01 -0.6241734664918837E+00  0.1250418944690174E+09
  0.2236698916834853E+01 -0.6177691445347914E+00  0.1239737891751201E+09
  0.2228528335858699E+01 -0.6113235814194364E+00  0.1232262937458929E+09
  0.2220357754743295E+01 -0.6048372074400329E+00  0.1226548866215630E+09
  0.2212187173492683E+01 -0.5983104556152549E+00  0.1222728277507183E+09
  0.2204016592110768E+01 -0.5917437616593286E+00  0.1217488766783480E+09
  0.2195846010601326E+01 -0.5851375639529456E+00  0.1213537815651289E+09
  0.2187675428968010E+01 -0.5784923035139965E+00  0.1209034368866617E+09
  0.2179504847214357E+01 -0.5718084239681300E+00  0.1203413597906563E+09
  0.2171334265343789E+01 -0.5650863715191369E+00  0.1194693574113220E+09
  0.2163163683359622E+01 -0.5583265949191624E+00  0.1188083360323940E+09
  0.2154993101265066E+01 -0.5515295454387482E+00  0.1180682099284097E+09
  0.2146822519063234E+01 -0.5446956768367068E+00  0.1174309172532991E+09
  0.2138651936757143E+01 -0.5378254453298289E+00  0.1168893428612751E+09
  0.2130481354349721E+01 -0.5309193095624275E+00  0.1165015918518347E+09
  0.2122310771843806E+01 -0.5239777305757194E+00  0.1158034864811885E+09
  0.2114140189242155E+01 -0.5170011717770473E+00  0.1154105431804572E+09
  0.2105969606547443E+01 -0.5099900989089429E+00  0.1148831243445904E+09
  0.2097799023762269E+01 -0.5029449800180356E+00  0.1143333670039750E+09
  0.2089628440889158E+01 -0.4958662854238058E+00  0.1137169372650400E+09
  0.2081457857930564E+01 -0.4887544876871878E+00  0.1132546352639443E+09
  0.2073287274888874E+01 -0.4816100615790221E+00  0.1124959608279503E+09
  0.2065116691766407E+01 -0.4744334840483606E+00  0.1118915633084278E+09
  0.2056946108565423E+01 -0.4672252341906264E+00  0.1111306467015980E+09
  0.2048775525288118E+01 -0.4599857932156304E+00  0.1107482897325798E+09
  0.2040604941936635E+01 -0.4527156444154464E+00  0.1103142342466467E+09
  0.2032434358513056E+01 -0.4454152731321473E+00  0.1099549155816477E+09
  0.2024263775019413E+01 -0.4380851667254050E+00  0.1096742625734332E+09
  0.2016093191457685E+01 -0.4307258145399545E+00  0.1094323281361033E+09
  0.2007922607829804E+01 -0.4233377078729265E+00  0.1092649380717658E+09
  0.1999752024137653E+01 -0.4159213399410494E+00  0.1091194510003082E+09
  0.1991581440383068E+01 -0.4084772058477228E+00  0.1086338206327641E+09
  0.1983410856567843E+01 -0.4010058025499653E+00  0.1083595449591843E+09
  0.1975240272693730E+01 -0.3935076288252386E+00  0.1078829565407528E+09
  0.1967069688762441E+01 -0.3859831852381501E+00  0.1074012098456130E+09
  0.1958899104775647E+01 -0.3784329741070359E+00  0.1069362890182087E+09
  0.1950728520734982E+01 -0.3708574994704271E+00  0.1067755674239869E+09
  0.1942557936642046E+01 -0.3632572670534011E+00  0.1063220772570893E+09
  0.1934387352498403E+01 -0.3556327842338202E+00  0.1061495853391421E+09
  0.1926216768305583E+01 -0.3479845600084601E+00  0.1058114378338449E+09
  0.1918046184065086E+01 -0.3403131049590297E+00  0.1056222348495082E+09
  0.1909875599778379E+01 -0.3326189312180866E+00  0.1051627416405834E+09
  0.1901705015446901E+01 -0.3249025524348469E+00  0.1049248977034049E+09
  0.1893534431072063E+01 -0.3171644837408958E+00  0.1041823869047554E+09
  0.1885363846655247E+01 -0.3094052417157978E+00  0.1035952542666897E+09
  0.1877193262197810E+01 -0.3016253443526109E+00  0.1028895927513576E+09
  0.1869022677701083E+01 -0.2938253110233064E+00  0.1023021039294477E+09
  0.1860852093166375E+01 -0.2860056624440968E+00  0.1016414298705909E+09
  0.1852681508594969E+01 -0.2781669206406729E+00  0.1010950194487163E+09
  0.1844510923988128E+01 -0.2703096089133553E+00  0.1007280736635039E+09
  0.1836340339347093E+01 -0.2624342518021592E+00  0.1008500196864687E+09
  0.1828169754673083E+01 -0.2545413750517773E+00  0.1008292559220469E+09
  0.1819999169967299E+01 -0.2466315055764818E+00  0.1009512982086800E+09
  0.1811828585230925E+01 -0.2387051714249486E+00  0.1009085345902237E+09
  0.1803658000465123E+01 -0.2307629017450062E+00  0.1009533846536722E+09
  0.1795487415671042E+01 -0.2228052267483099E+00  0.1007669964495379E+09
  0.1787316830849811E+01 -0.2148326776749467E+00  0.1005757027360101E+09
  0.1779146246002545E+01 -0.2068457867579697E+00  0.1003196301668418E+09
  0.1770975661130345E+01 -0.1988450871878683E+00  0.1003680732826401E+09
  0.1762805076234296E+01 -0.1908311130769725E+00  0.1002041015168204E+09
  0.1754634491315471E+01 -0.1828043994237966E+00  0.1002050320491155E+09
  0.1746463906374929E+01 -0.1747654820773241E+00  0.1002002319101454E+09
  0.1738293321413718E+01 -0.1667148977012352E+00  0.1004925985297330E+09
  0.1730122736432872E+01 -0.1586531837380799E+00  0.1005425789084679E+09
  0.1721952151433418E+01 -0.1505808783733995E+00  0.1006248314937456E+09
  0.1713781566416370E+01 -0.1424985204997981E+00  0.1004123942667146E+09
  0.1705610981382731E+01 -0.1344066496809675E+00  0.1002174993024342E+09
  0.1697440396333499E+01 -0.1263058061156663E+00  0.9981659215215102E+08
  0.1689269811269659E+01 -0.1181965306016578E+00  0.9965837565289862E+08
  0.1681099226192191E+01 -0.1100793644996070E+00  0.9930279101748000E+08
  0.1672928641102067E+01 -0.1019548496969404E+00  0.9898085798191443E+08
  0.1664758056000250E+01 -0.9382352857167028E-01  0.9855563797046176E+08
  0.1656587470887701E+01 -0.8568594395618719E-01  0.9836389537348783E+08
  0.1648416885765370E+01 -0.7754263910102077E-01  0.9821808439835216E+08
  0.1640246300634206E+01 -0.6939415763857371E-01  0.9826553537095134E+08
  0.1632075715495151E+01 -0.6124104354682962E-01  0.9822138508446397E+08
  0.1623905130349143E+01 -0.5308384111303818E-01  0.9834538586112738E+08
  0.1615734545197117E+01 -0.4492309489737940E-01  0.9849317842090712E+08
  0.1607563960040004E+01 -0.3675934969660982E-01  0.9887402309843567E+08
  0.1599393374878733E+01 -0.2859315050769285E-01  0.9894023647419813E+08
  0.1591222789714229E+01 -0.2042504249141571E-01  0.9891931762081434E+08
  0.1583052204547419E+01 -0.1225557093599554E-01  0.9865698366488674E+08
  0.1574881619379224E+01 -0.4085281220676868E-02  0.9844242563947137E+08
  0.1566711034210569E+01  0.4085281220676868E-02  0.9820963264106040E+08
  0.1558540449042374E+01  0.1225557093599554E-01  0.9826973364606830E+08
  0.1550369863875564E+01  0.2042504249141571E-01  0.9834093580767682E+08
  0.1542199278711061E+01  0.2859315050769285E-01  0.9890139445464930E+08
  0.1534028693549790E+01  0.3675934969660982E-01  0.9913691458447276E+08
  0.1525858108392677E+01  0.4492309489737940E-01  0.9926812783696058E+08
  0.1517687523240650E+01  0.5308384111303818E-01  0.9924609660028899E+08
  0.1509516938094642E+01  0.6124104354682962E-01  0.9921674322963418E+08
  0.1501346352955587E+01  0.6939415763857371E-01  0.9896037544113763E+08
  0.1493175767824423E+01  0.7754263910102077E-01  0.9914328054601951E+08
  0.1485005182702093E+01  0.8568594395618719E-01  0.9917630712488130E+08
  0.1476834597589543E+01  0.9382352857167028E-01  0.9935878595304263E+08
  0.1468664012487727E+01  0.1019548496969404E+00  0.9944551068391150E+08
  0.1460493427397602E+01  0.1100793644996070E+00  0.9981144086188170E+08
  0.1452322842320134E+01  0.1181965306016578E+00  0.1001998832691901E+09
  0.1444152257256294E+01  0.1263058061156663E+00  0.1006831528382123E+09
  0.1435981672207062E+01  0.1344066496809675E+00  0.1009027800833887E+09
  0.1427811087173423E+01  0.1424985204997981E+00  0.1012909186647350E+09
  0.1419640502156375E+01  0.1505808783733995E+00  0.1012693154343872E+09
  0.1411469917156921E+01  0.1586531837380799E+00  0.1012588339539248E+09
  0.1403299332176076E+01  0.1667148977012352E+00  0.1010383988914335E+09
  0.1395128747214864E+01  0.1747654820773241E+00  0.1008374128237582E+09
  0.1386958162274323E+01  0.1828043994237966E+00  0.1007408833545383E+09
  0.1378787577355497E+01  0.1908311130769725E+00  0.1010348783905971E+09
  0.1370616992459449E+01  0.1988450871878683E+00  0.1011537223842395E+09
  0.1362446407587248E+01  0.2068457867579697E+00  0.1015778607262509E+09
  0.1354275822739983E+01  0.2148326776749467E+00  0.1017089270592012E+09
  0.1346105237918751E+01  0.2228052267483099E+00  0.1020467942832340E+09
  0.1337934653124670E+01  0.2307629017450062E+00  0.1024559589279093E+09
  0.1329764068358868E+01  0.2387051714249486E+00  0.1029776727323766E+09
  0.1321593483622494E+01  0.2466315055764818E+00  0.1030743197802508E+09
  0.1313422898916710E+01  0.2545413750517773E+00  0.1034460149409839E+09
  0.1305252314242701E+01  0.2624342518021592E+00  0.1034505312646790E+09
  0.1297081729601665E+01  0.2703096089133553E+00  0.1035915102947998E+09
  0.1288911144994824E+01  0.2781669206406729E+00  0.1035218106172915E+09
  0.1280740560423418E+01  0.2860056624440968E+00  0.1038553230006125E+09
  0.1272569975888710E+01  0.2938253110233064E+00  0.1042288057985643E+09
  0.1264399391391984E+01  0.3016253443526109E+00  0.1051877638964621E+09
  0.1256228806934547E+01  0.3094052417157978E+00  0.1057533250211185E+09
  0.1248058222517730E+01  0.3171644837408958E+00  0.1066178680175979E+09
  0.1239887638142892E+01  0.3249025524348469E+00  0.1070479349353652E+09
  0.1231717053811414E+01  0.3326189312180866E+00  0.1077283986469932E+09
  0.1223546469524707E+01  0.3403131049590297E+00  0.1079575615059689E+09
  0.1215375885284210E+01  0.3479845600084601E+00  0.1084530290454530E+09
  0.1207205301091390E+01  0.3556327842338202E+00  0.1088273072702303E+09
  0.1199034716947747E+01  0.3632572670534011E+00  0.1096857681051050E+09
  0.1190864132854811E+01  0.3708574994704271E+00  0.1099446359143042E+09
  0.1182693548814147E+01  0.3784329741070359E+00  0.1105373999128983E+09
  0.1174522964827352E+01  0.3859831852381501E+00  0.1108829470643609E+09
  0.1166352380896063E+01  0.3935076288252386E+00  0.1116651854935446E+09
  0.1158181797021950E+01  0.4010058025499653E+00  0.1122250660540234E+09
  0.1150011213206726E+01  0.4084772058477228E+00  0.1132168040145905E+09
  0.1141840629452141E+01  0.4159213399410494E+00  0.1137829403830411E+09
  0.1133670045759989E+01  0.4233377078729265E+00  0.1144878502537334E+09
  0.1125499462132108E+01  0.4307258145399545E+00  0.1148375828487904E+09
  0.1117328878570381E+01  0.4380851667254050E+00  0.1154346949683827E+09
  0.1109158295076737E+01  0.4454152731321473E+00  0.1156834759470926E+09
  0.1100987711653159E+01  0.4527156444154464E+00  0.1164411801920369E+09
  0.1092817128301675E+01  0.4599857932156304E+00  0.1172049176298821E+09
  0.1084646545024371E+01  0.4672252341906264E+00  0.1181481374757127E+09
  0.1076475961823386E+01  0.4744334840483606E+00  0.1188729818463455E+09
  0.1068305378700920E+01  0.4816100615790221E+00  0.1200324376363883E+09
  0.1060134795659229E+01  0.4887544876871878E+00  0.1204400460703809E+09
  0.1051964212700635E+01  0.4958662854238058E+00  0.1208468968040156E+09
  0.1043793629827524E+01  0.5029449800180356E+00  0.1208749498109825E+09
  0.1035623047042350E+01  0.5099900989089429E+00  0.1212893074644562E+09
  0.1027452464347638E+01  0.5170011717770473E+00  0.1211689028893005E+09
  0.1019281881745987E+01  0.5239777305757194E+00  0.1216851471476979E+09
  0.1011111299240073E+01  0.5309193095624275E+00  0.1217803148296274E+09
  0.1002940716832650E+01  0.5378254453298289E+00  0.1227102359921674E+09
  0.9947701345265596E+00  0.5446956768367068E+00  0.1230885175603220E+09
  0.9865995523247275E+00  0.5515295454387482E+00  0.1239308544086216E+09
  0.9784289702301714E+00  0.5583265949191624E+00  0.1243011665607574E+09
  0.9702583882460036E+00  0.5650863715191369E+00  0.1251747035621503E+09
  0.9620878063754359E+00  0.5718084239681300E+00  0.1257487042477026E+09
  0.9539172246217830E+00  0.5784923035139965E+00  0.1268943697263034E+09
  0.9457466429884676E+00  0.5851375639529456E+00  0.1274881690291927E+09
  0.9375760614790253E+00  0.5917437616593286E+00  0.1282498162695537E+09
  0.9294054800971098E+00  0.5983104556152549E+00  0.1287320327501078E+09
  0.9212348988464978E+00  0.6048372074400329E+00  0.1301202255019308E+09
  0.9130643177310944E+00  0.6113235814194364E+00  0.1308883049409856E+09
  0.9048937367549402E+00  0.6177691445347914E+00  0.1320205066176862E+09
  0.8967231559222163E+00  0.6241734664918837E+00  0.1326705556274569E+09
  0.8885525752372514E+00  0.6305361197496849E+00  0.1338474117302292E+09
  0.8803819947045285E+00  0.6368566795488945E+00  0.1349979368722292E+09
  0.8722114143286931E+00  0.6431347239402948E+00  0.1366394937847476E+09
  0.8640408341145595E+00  0.6493698338129212E+00  0.1382429705712817E+09
  0.8558702540671204E+00  0.6555615929220400E+00  0.1400745187605791E+09
  0.8476996741915547E+00  0.6617095879169366E+00  0.1412493627508612E+09
  0.8395290944932369E+00  0.6678134083685102E+00  0.1424398433070719E+09
  0.8313585149777468E+00  0.6738726467966731E+00  0.1436361646018009E+09
  0.8231879356508802E+00  0.6798868986975534E+00  0.1448141748421298E+09
  0.8150173565186587E+00  0.6858557625704990E+00  0.1456165394726017E+09
  0.8068467775873427E+00  0.6917788399448808E+00  0.1468742179891225E+09
  0.7986761988634423E+00  0.6976557354066943E+00  0.1472298170916803E+09
  0.7905056203537315E+00  0.7034860566249567E+00  0.1481308757042645E+09
  0.7823350420652612E+00  0.7092694143778975E+00  0.1490511300911966E+09
  0.7741644640053743E+00  0.7150054225789432E+00  0.1504180547460060E+09
  0.7659938861817212E+00  0.7206936983024912E+00  0.1516980295287561E+09
  0.7578233086022768E+00  0.7263338618094733E+00  0.1533160789859326E+09
  0.7496527312753575E+00  0.7319255365727068E+00  0.1546208459829443E+09
  0.7414821542096410E+00  0.7374683493020299E+00  0.1561440248640080E+09
  0.7333115774141861E+00  0.7429619299692227E+00  0.1568833117863279E+09
  0.7251410008984539E+00  0.7484059118327094E+00  0.1584017706124135E+09
  0.7169704246723316E+00  0.7537999314620412E+00  0.1591711849388644E+09
  0.7087998487461566E+00  0.7591436287621580E+00  0.1612513441672441E+09
  0.7006292731307425E+00  0.7644366469974285E+00  0.1629071464422556E+09
  0.6924586978374083E+00  0.7696786328154644E+00  0.1657807883147717E+09
  0.6842881228780077E+00  0.7748692362707100E+00  0.1683701389068815E+09
  0.6761175482649616E+00  0.7800081108478040E+00  0.1710576347533626E+09
  0.6679469740112938E+00  0.7850949134847117E+00  0.1727335095507643E+09
  0.6597764001306670E+00  0.7901293045956280E+00  0.1744691411890651E+09
  0.6516058266374236E+00  0.7951109480936471E+00  0.1758731433222279E+09
  0.6434352535466297E+00  0.8000395114131988E+00  0.1778993302961634E+09
  0.6352646808741202E+00  0.8049146655322506E+00  0.1790851353523368E+09
  0.6270941086365502E+00  0.8097360849942720E+00  0.1814738643398843E+09
  0.6189235368514482E+00  0.8145034479299620E+00  0.1830457843795999E+09
  0.6107529655372755E+00  0.8192164360787360E+00  0.1851662725277064E+09
  0.6025823947134890E+00  0.8238747348099726E+00  0.1872512534481702E+09
  0.5944118244006098E+00  0.8284780331440178E+00  0.1895959138259466E+09
  0.5862412546202973E+00  0.8330260237729452E+00  0.1912470681670809E+09
  0.5780706853954301E+00  0.8375184030810715E+00  0.1938309548498614E+09
  0.5699001167501928E+00  0.8419548711652254E+00  0.1959632889939770E+09
  0.5617295487101719E+00  0.8463351318547683E+00  0.1983090712520735E+09
  0.5535589813024583E+00  0.8506588927313666E+00  0.2002561077429327E+09
  0.5453884145557613E+00  0.8549258651485127E+00  0.2031839322656552E+09
  0.5372178485005299E+00  0.8591357642507945E+00  0.2054438211498554E+09
  0.5290472831690897E+00  0.8632883089929120E+00  0.2091042386780549E+09
  0.5208767185957875E+00  0.8673832221584393E+00  0.2117401652966601E+09
  0.5127061548171545E+00  0.8714202303783312E+00  0.2157786619666688E+09
  0.5045355918720822E+00  0.8753990641491725E+00  0.2190211696005781E+09
  0.4963650298020162E+00  0.8793194578511700E+00  0.2226513778642474E+09
  0.4881944686511717E+00  0.8831811497658847E+00  0.2255948896424876E+09
  0.4800239084667671E+00  0.8869838820937034E+00  0.2302963236410483E+09
  0.4718533492992859E+00  0.8907274009710492E+00  0.2346550350763165E+09
  0.4636827912027636E+00  0.8944114564873288E+00  0.2412667016658888E+09
  0.4555122342351060E+00  0.8980358027016164E+00  0.2458017037337964E+09
  0.4473416784584431E+00  0.9016001976590722E+00  0.2512327283749206E+09
  0.4391711239395221E+00  0.9051044034070944E+00  0.2550510711389684E+09
  0.4310005707501444E+00  0.9085481860112055E+00  0.2602655686660021E+09
  0.4228300189676551E+00  0.9119313155706682E+00  0.2652170409012956E+09
  0.4146594686754885E+00  0.9152535662338340E+00  0.2720517825686598E+09
  0.4064889199637791E+00  0.9185147162132208E+00  0.2775638585181363E+09
  0.3983183729300507E+00  0.9217145478003181E+00  0.2838716319930495E+09
  0.3901478276799883E+00  0.9248528473801222E+00  0.2893938885516731E+09
  0.3819772843283120E+00  0.9279294054453956E+00  0.2959274621549946E+09
  0.3738067429997641E+00  0.9309440166106540E+00  0.3002928063483347E+09
  0.3656362038302282E+00  0.9338964796258775E+00  0.3075715115602247E+09
  0.3574656669680030E+00  0.9367865973899459E+00  0.3122941815284646E+09
  0.3492951325752533E+00  0.9396141769637963E+00  0.3194369170265083E+09
  0.3411246008296713E+00  0.9423790295833044E+00  0.3247755886510243E+09
  0.3329540719263814E+00  0.9450809706718851E+00  0.3317113991686505E+09
  0.3247835460801308E+00  0.9477198198528157E+00  0.3374356907754612E+09
  0.3166130235278230E+00  0.9502954009612771E+00  0.3470213091138667E+09
  0.3084425045314506E+00  0.9528075420561144E+00  0.3535857114320127E+09
  0.3002719893815085E+00  0.9552560754313160E+00  0.3628574597806067E+09
  0.2921014784009779E+00  0.9576408376272095E+00  0.3701943648091383E+09
  0.2839309719500016E+00  0.9599616694413742E+00  0.3804823145386540E+09
  0.2757604704313845E+00  0.9622184159392698E+00  0.3868028735948539E+09
  0.2675899742971076E+00  0.9644109264645802E+00  0.3968212654499879E+09
  0.2594194840560681E+00  0.9665390546492710E+00  0.4047848402160057E+09
  0.2512490002833307E+00  0.9686026584233628E+00  0.4166754153771980E+09
  0.2430785236312446E+00  0.9706016000244151E+00  0.4276823740604270E+09
  0.2349080548428762E+00  0.9725357460067257E+00  0.4423109247169314E+09
  0.2267375947683499E+00  0.9744049672502397E+00  0.4549160246941282E+09
  0.2185671443848464E+00  0.9762091389691724E+00  0.4720387272332782E+09
  0.2103967048212628E+00  0.9779481407203411E+00  0.4847043705661923E+09
  0.2022262773888417E+00  0.9796218564112101E+00  0.5014023800964484E+09
  0.1940558636195398E+00  0.9812301743076443E+00  0.5143069631325971E+09
  0.1858854653144977E+00  0.9827729870413743E+00  0.5351668745394569E+09
  0.1777150846058812E+00  0.9842501916171713E+00  0.5511736291832770E+09
  0.1695447240365762E+00  0.9856616894197333E+00  0.5725650457764823E+09
  0.1613743866640789E+00  0.9870073862202815E+00  0.5894725072500648E+09
  0.1532040761975885E+00  0.9882871921828699E+00  0.6143743957520895E+09
  0.1450337971813853E+00  0.9895010218704087E+00  0.6349318360402417E+09
  0.1368635552438019E+00  0.9906487942504061E+00  0.6611948863632536E+09
  0.1286933574408989E+00  0.9917304327004320E+00  0.6850404297540295E+09
  0.1205232127396896E+00  0.9927458650133153E+00  0.7238654340054305E+09
  0.1123531327118049E+00  0.9936950234020883E+00  0.7553240095466862E+09
  0.1041831325528455E+00  0.9945778445047068E+00  0.8005306579657253E+09
  0.9601323262085862E-01  0.9953942693885953E+00  0.8342649224698809E+09
  0.8784346083082471E-01  0.9961442435551087E+00  0.8888514888426622E+09
  0.7967385651719167E-01  0.9968277169440913E+00  0.9332738158756831E+09
  0.7150447693306423E-01  0.9974446439389107E+00  0.9949061115820439E+09
  0.6333540875299180E-01  0.9979949833727938E+00  0.1038298674921134E+10
  0.5516678972815772E-01  0.9984786985384589E+00  0.1108357423286396E+10
  0.4699885272846815E-01  0.9988957572063257E+00  0.1156123799097071E+10
  0.3883202470742381E-01  0.9992461316671845E+00  0.1248237313328266E+10
  0.3066718105470672E-01  0.9995297988558859E+00  0.1292030996930273E+10
  0.2250643816359393E-01  0.9997467408113523E+00  0.1462356147415352E+10
  0.1435650599352885E-01  0.9998969471378596E+00  0.1598380997593779E+10
  0.6254421014113626E-02  0.9999804411726474E+00  0.2261404873760602E+10
