# nlmax, ncor, nside =         383           1         128
  0.3135338232575680E+01 -0.9999804411726474E+00  0.4599926154967683E+05
  0.3127236147596264E+01 -0.9998969471378596E+00  0.4581928042685320E+05
  0.3119086215426199E+01 -0.9997467408113523E+00  0.4547096939691638E+05
  0.3110925472535087E+01 -0.9995297988558859E+00  0.4504346327255145E+05
  0.3102760628882369E+01 -0.9992461316671845E+00  0.4443243376051962E+05
  0.3094593800861325E+01 -0.9988957572063257E+00  0.4362803230749964E+05
  0.3086425863861635E+01 -0.9984786985384589E+00  0.4274284727417821E+05
  0.3078257244836801E+01 -0.9979949833727938E+00  0.4184803247504937E+05
  0.3070088176656729E+01 -0.9974446439389107E+00  0.4093135246381263E+05
  0.3061918797072602E+01 -0.9968277169440913E+00  0.3998493598424565E+05
  0.3053749192758969E+01 -0.9961442435551087E+00  0.3904297139454087E+05
  0.3045579420968934E+01 -0.9953942693885953E+00  0.3813292752910701E+05
  0.3037409521036948E+01 -0.9945778445047068E+00  0.3724499635605286E+05
  0.3029239520877988E+01 -0.9936950234020883E+00  0.3640586853214518E+05
  0.3021069440850104E+01 -0.9927458650133153E+00  0.3560194117827772E+05
  0.3012899296148894E+01 -0.9917304327004320E+00  0.3482907583028364E+05
  0.3004729098345992E+01 -0.9906487942504061E+00  0.3409256903876798E+05
  0.2996558856408408E+01 -0.9895010218704087E+00  0.3340213599465749E+05
  0.2988388577392205E+01 -0.9882871921828699E+00  0.3273847666930148E+05
  0.2980218266925714E+01 -0.9870073862202815E+00  0.3210601774343064E+05
  0.2972047929553217E+01 -0.9856616894197333E+00  0.3149595287517973E+05
  0.2963877568983912E+01 -0.9842501916171713E+00  0.3092315196230964E+05
  0.2955707188275296E+01 -0.9827729870413743E+00  0.3036073521622302E+05
  0.2947536789970254E+01 -0.9812301743076443E+00  0.2980410012262607E+05
  0.2939366376200951E+01 -0.9796218564112101E+00  0.2925598165065956E+05
  0.2931195948768531E+01 -0.9779481407203411E+00  0.2871868711949516E+05
  0.2923025509204947E+01 -0.9762091389691724E+00  0.2819134193845342E+05
  0.2914855058821443E+01 -0.9744049672502397E+00  0.2768665402687777E+05
  0.2906684598746917E+01 -0.9725357460067257E+00  0.2718639880674847E+05
  0.2898514129958549E+01 -0.9706016000244151E+00  0.2669890330257121E+05
  0.2890343653306462E+01 -0.9686026584233628E+00  0.2621634379684058E+05
  0.2882173169533725E+01 -0.9665390546492710E+00  0.2575195262111381E+05
  0.2874002679292686E+01 -0.9644109264645802E+00  0.2529984531457247E+05
  0.2865832183158409E+01 -0.9622184159392698E+00  0.2486643682680272E+05
  0.2857661681639792E+01 -0.9599616694413742E+00  0.2445096756220255E+05
  0.2849491175188815E+01 -0.9576408376272095E+00  0.2405230520155121E+05
  0.2841320664208285E+01 -0.9552560754313160E+00  0.2367074498441717E+05
  0.2833150149058343E+01 -0.9528075420561144E+00  0.2331073683668101E+05
  0.2824979630061970E+01 -0.9502954009612771E+00  0.2296574400305448E+05
  0.2816809107509663E+01 -0.9477198198528157E+00  0.2262113813563965E+05
  0.2808638581663412E+01 -0.9450809706718851E+00  0.2227385823072444E+05
  0.2800468052760122E+01 -0.9423790295833044E+00  0.2194173881229073E+05
  0.2792297521014540E+01 -0.9396141769637963E+00  0.2162158989642089E+05
  0.2784126986621790E+01 -0.9367865973899459E+00  0.2132152701297326E+05
  0.2775956449759565E+01 -0.9338964796258775E+00  0.2102521373882129E+05
  0.2767785910590029E+01 -0.9309440166106540E+00  0.2073990597809839E+05
  0.2759615369261481E+01 -0.9279294054453956E+00  0.2047178579820438E+05
  0.2751444825909805E+01 -0.9248528473801222E+00  0.2021052073749549E+05
  0.2743274280659743E+01 -0.9217145478003181E+00  0.1994925306857517E+05
  0.2735103733626014E+01 -0.9185147162132208E+00  0.1969122610845157E+05
  0.2726933184914305E+01 -0.9152535662338340E+00  0.1944428422448914E+05
  0.2718762634622138E+01 -0.9119313155706682E+00  0.1921129206368590E+05
  0.2710592082839649E+01 -0.9085481860112055E+00  0.1897651816234571E+05
  0.2702421529650271E+01 -0.9051044034070944E+00  0.1874680024842161E+05
  0.2694250975131350E+01 -0.9016001976590722E+00  0.1852917792443202E+05
  0.2686080419354687E+01 -0.8980358027016164E+00  0.1831907300808180E+05
  0.2677909862387029E+01 -0.8944114564873288E+00  0.1811351211633629E+05
  0.2669739304290507E+01 -0.8907274009710492E+00  0.1791505367621750E+05
  0.2661568745123026E+01 -0.8869838820937034E+00  0.1772305255994311E+05
  0.2653398184938621E+01 -0.8831811497658847E+00  0.1753733484970191E+05
  0.2645227623787777E+01 -0.8793194578511700E+00  0.1735502379561558E+05
  0.2637057061717711E+01 -0.8753990641491725E+00  0.1717629676705658E+05
  0.2628886498772639E+01 -0.8714202303783312E+00  0.1700350144418234E+05
  0.2620715934994006E+01 -0.8673832221584393E+00  0.1683421436569971E+05
  0.2612545370420704E+01 -0.8632883089929120E+00  0.1666727092679179E+05
  0.2604374805089263E+01 -0.8591357642507945E+00  0.1650809963771696E+05
  0.2596204239034032E+01 -0.8549258651485127E+00  0.1635354329232386E+05
  0.2588033672287335E+01 -0.8506588927313666E+00  0.1620291721676865E+05
  0.2579863104879621E+01 -0.8463351318547683E+00  0.1605475550471541E+05
  0.2571692536839600E+01 -0.8419548711652254E+00  0.1590670814963186E+05
  0.2563521968194363E+01 -0.8375184030810715E+00  0.1576513026525916E+05
  0.2555351398969496E+01 -0.8330260237729452E+00  0.1562945382044505E+05
  0.2547180829189184E+01 -0.8284780331440178E+00  0.1549459199680125E+05
  0.2539010258876304E+01 -0.8238747348099726E+00  0.1536192519487117E+05
  0.2530839688052518E+01 -0.8192164360787360E+00  0.1522344726936151E+05
  0.2522669116738345E+01 -0.8145034479299620E+00  0.1509262375512046E+05
  0.2514498544953243E+01 -0.8097360849942720E+00  0.1497001646744392E+05
  0.2506327972715673E+01 -0.8049146655322506E+00  0.1484860607673540E+05
  0.2498157400043163E+01 -0.8000395114131988E+00  0.1473042305603824E+05
  0.2489986826952370E+01 -0.7951109480936471E+00  0.1460764587231722E+05
  0.2481816253459126E+01 -0.7901293045956280E+00  0.1448218322049246E+05
  0.2473645679578500E+01 -0.7850949134847117E+00  0.1435500886716794E+05
  0.2465475105324832E+01 -0.7800081108478040E+00  0.1422753199340626E+05
  0.2457304530711785E+01 -0.7748692362707100E+00  0.1410973733335351E+05
  0.2449133955752385E+01 -0.7696786328154644E+00  0.1399004031384919E+05
  0.2440963380459050E+01 -0.7644366469974285E+00  0.1386956871030959E+05
  0.2432792804843637E+01 -0.7591436287621580E+00  0.1374981470211243E+05
  0.2424622228917462E+01 -0.7537999314620412E+00  0.1363018745175086E+05
  0.2416451652691339E+01 -0.7484059118327094E+00  0.1351400450857032E+05
  0.2408281076175607E+01 -0.7429619299692227E+00  0.1340418356323909E+05
  0.2400110499380152E+01 -0.7374683493020299E+00  0.1329164509217146E+05
  0.2391939922314436E+01 -0.7319255365727068E+00  0.1317654706716123E+05
  0.2383769344987516E+01 -0.7263338618094733E+00  0.1306198279133721E+05
  0.2375598767408072E+01 -0.7206936983024912E+00  0.1295336840862778E+05
  0.2367428189584419E+01 -0.7150054225789432E+00  0.1285080677864643E+05
  0.2359257611524532E+01 -0.7092694143778975E+00  0.1274973254108183E+05
  0.2351087033236062E+01 -0.7034860566249567E+00  0.1264327824911677E+05
  0.2342916454726351E+01 -0.6976557354066943E+00  0.1254037029173987E+05
  0.2334745876002450E+01 -0.6917788399448808E+00  0.1244105725050043E+05
  0.2326575297071134E+01 -0.6858557625704990E+00  0.1235011895232865E+05
  0.2318404717938913E+01 -0.6798868986975534E+00  0.1226158951235518E+05
  0.2310234138612046E+01 -0.6738726467966731E+00  0.1217367243687177E+05
  0.2302063559096557E+01 -0.6678134083685102E+00  0.1208802467729764E+05
  0.2293892979398239E+01 -0.6617095879169366E+00  0.1200412000979531E+05
  0.2285722399522673E+01 -0.6555615929220400E+00  0.1191703395686067E+05
  0.2277551819475234E+01 -0.6493698338129212E+00  0.1183274092036404E+05
  0.2269381239261100E+01 -0.6431347239402948E+00  0.1174533118000417E+05
  0.2261210658885265E+01 -0.6368566795488945E+00  0.1165294975155095E+05
  0.2253040078352542E+01 -0.6305361197496849E+00  0.1155774587060810E+05
  0.2244869497667577E+01 -0.6241734664918837E+00  0.1146422385663906E+05
  0.2236698916834853E+01 -0.6177691445347914E+00  0.1137047871052980E+05
  0.2228528335858699E+01 -0.6113235814194364E+00  0.1127958463832053E+05
  0.2220357754743295E+01 -0.6048372074400329E+00  0.1118976529424129E+05
  0.2212187173492683E+01 -0.5983104556152549E+00  0.1110314628358932E+05
  0.2204016592110768E+01 -0.5917437616593286E+00  0.1101875141182630E+05
  0.2195846010601326E+01 -0.5851375639529456E+00  0.1094104246805420E+05
  0.2187675428968010E+01 -0.5784923035139965E+00  0.1086572168504900E+05
  0.2179504847214357E+01 -0.5718084239681300E+00  0.1078887509988322E+05
  0.2171334265343789E+01 -0.5650863715191369E+00  0.1070834925018659E+05
  0.2163163683359622E+01 -0.5583265949191624E+00  0.1063328001846200E+05
  0.2154993101265066E+01 -0.5515295454387482E+00  0.1055800483902615E+05
  0.2146822519063234E+01 -0.5446956768367068E+00  0.1048455481209455E+05
  0.2138651936757143E+01 -0.5378254453298289E+00  0.1041169865885100E+05
  0.2130481354349721E+01 -0.5309193095624275E+00  0.1034159620825721E+05
  0.2122310771843806E+01 -0.5239777305757194E+00  0.1026495612416410E+05
  0.2114140189242155E+01 -0.5170011717770473E+00  0.1019136998239786E+05
  0.2105969606547443E+01 -0.5099900989089429E+00  0.1011394700799371E+05
  0.2097799023762269E+01 -0.5029449800180356E+00  0.1003757122226438E+05
  0.2089628440889158E+01 -0.4958662854238058E+00  0.9959343334282137E+04
  0.2081457857930564E+01 -0.4887544876871878E+00  0.9882479898478516E+04
  0.2073287274888874E+01 -0.4816100615790221E+00  0.9799417541675079E+04
  0.2065116691766407E+01 -0.4744334840483606E+00  0.9717464643474348E+04
  0.2056946108565423E+01 -0.4672252341906264E+00  0.9630396201054051E+04
  0.2048775525288118E+01 -0.4599857932156304E+00  0.9550918560544185E+04
  0.2040604941936635E+01 -0.4527156444154464E+00  0.9471332169379397E+04
  0.2032434358513056E+01 -0.4454152731321473E+00  0.9393202089718388E+04
  0.2024263775019413E+01 -0.4380851667254050E+00  0.9317202110813390E+04
  0.2016093191457685E+01 -0.4307258145399545E+00  0.9245682424302946E+04
  0.2007922607829804E+01 -0.4233377078729265E+00  0.9177344865918583E+04
  0.1999752024137653E+01 -0.4159213399410494E+00  0.9106998651474072E+04
  0.1991581440383068E+01 -0.4084772058477228E+00  0.9029450124831850E+04
  0.1983410856567843E+01 -0.4010058025499653E+00  0.8961102175107464E+04
  0.1975240272693730E+01 -0.3935076288252386E+00  0.8894344136544027E+04
  0.1967069688762441E+01 -0.3859831852381501E+00  0.8830347599527135E+04
  0.1958899104775647E+01 -0.3784329741070359E+00  0.8771597998006044E+04
  0.1950728520734982E+01 -0.3708574994704271E+00  0.8721291773436471E+04
  0.1942557936642046E+01 -0.3632572670534011E+00  0.8668948516082781E+04
  0.1934387352498403E+01 -0.3556327842338202E+00  0.8622600743150128E+04
  0.1926216768305583E+01 -0.3479845600084601E+00  0.8575797050505309E+04
  0.1918046184065086E+01 -0.3403131049590297E+00  0.8534641410058235E+04
  0.1909875599778379E+01 -0.3326189312180866E+00  0.8490818834500262E+04
  0.1901705015446901E+01 -0.3249025524348469E+00  0.8452007597206915E+04
  0.1893534431072063E+01 -0.3171644837408958E+00  0.8404542784088617E+04
  0.1885363846655247E+01 -0.3094052417157978E+00  0.8364354562851819E+04
  0.1877193262197810E+01 -0.3016253443526109E+00  0.8326840776831370E+04
  0.1869022677701083E+01 -0.2938253110233064E+00  0.8292002193296346E+04
  0.1860852093166375E+01 -0.2860056624440968E+00  0.8254986587980577E+04
  0.1852681508594969E+01 -0.2781669206406729E+00  0.8220006083287464E+04
  0.1844510923988128E+01 -0.2703096089133553E+00  0.8186714656588632E+04
  0.1836340339347093E+01 -0.2624342518021592E+00  0.8162082253799147E+04
  0.1828169754673083E+01 -0.2545413750517773E+00  0.8129837160366754E+04
  0.1819999169967299E+01 -0.2466315055764818E+00  0.8094905786833983E+04
  0.1811828585230925E+01 -0.2387051714249486E+00  0.8057450269888047E+04
  0.1803658000465123E+01 -0.2307629017450062E+00  0.8019070118087338E+04
  0.1795487415671042E+01 -0.2228052267483099E+00  0.7974892526895313E+04
  0.1787316830849811E+01 -0.2148326776749467E+00  0.7928562692952492E+04
  0.1779146246002545E+01 -0.2068457867579697E+00  0.7885059516545399E+04
  0.1770975661130345E+01 -0.1988450871878683E+00  0.7850930280650481E+04
  0.1762805076234296E+01 -0.1908311130769725E+00  0.7814822954169749E+04
  0.1754634491315471E+01 -0.1828043994237966E+00  0.7780108639957446E+04
  0.1746463906374929E+01 -0.1747654820773241E+00  0.7746862307031660E+04
  0.1738293321413718E+01 -0.1667148977012352E+00  0.7720544774078616E+04
  0.1730122736432872E+01 -0.1586531837380799E+00  0.7692151417617049E+04
  0.1721952151433418E+01 -0.1505808783733995E+00  0.7665953844432536E+04
  0.1713781566416370E+01 -0.1424985204997981E+00  0.7638636080942865E+04
  0.1705610981382731E+01 -0.1344066496809675E+00  0.7613344495992172E+04
  0.1697440396333499E+01 -0.1263058061156663E+00  0.7587917007548680E+04
  0.1689269811269659E+01 -0.1181965306016578E+00  0.7570106297946761E+04
  0.1681099226192191E+01 -0.1100793644996070E+00  0.7551547425674114E+04
  0.1672928641102067E+01 -0.1019548496969404E+00  0.7534577351045830E+04
  0.1664758056000250E+01 -0.9382352857167028E-01  0.7518323304092099E+04
  0.1656587470887701E+01 -0.8568594395618719E-01  0.7505275030507019E+04
  0.1648416885765370E+01 -0.7754263910102077E-01  0.7494688161665038E+04
  0.1640246300634206E+01 -0.6939415763857371E-01  0.7487628129297224E+04
  0.1632075715495151E+01 -0.6124104354682962E-01  0.7479957263037764E+04
  0.1623905130349143E+01 -0.5308384111303818E-01  0.7476049809599968E+04
  0.1615734545197117E+01 -0.4492309489737940E-01  0.7471834139236372E+04
  0.1607563960040004E+01 -0.3675934969660982E-01  0.7471356484424776E+04
  0.1599393374878733E+01 -0.2859315050769285E-01  0.7467005659975032E+04
  0.1591222789714229E+01 -0.2042504249141571E-01  0.7461348095936277E+04
  0.1583052204547419E+01 -0.1225557093599554E-01  0.7450416350343361E+04
  0.1574881619379224E+01 -0.4085281220676868E-02  0.7444636517306877E+04
  0.1566711034210569E+01  0.4085281220676868E-02  0.7441943175582282E+04
  0.1558540449042374E+01  0.1225557093599554E-01  0.7444990164616984E+04
  0.1550369863875564E+01  0.2042504249141571E-01  0.7443769147184467E+04
  0.1542199278711061E+01  0.2859315050769285E-01  0.7448593184730490E+04
  0.1534028693549790E+01  0.3675934969660982E-01  0.7449524145281845E+04
  0.1525858108392677E+01  0.4492309489737940E-01  0.7452250856274994E+04
  0.1517687523240650E+01  0.5308384111303818E-01  0.7457934297616492E+04
  0.1509516938094642E+01  0.6124104354682962E-01  0.7464095762979702E+04
  0.1501346352955587E+01  0.6939415763857371E-01  0.7465805435144698E+04
  0.1493175767824423E+01  0.7754263910102077E-01  0.7477607030577261E+04
  0.1485005182702093E+01  0.8568594395618719E-01  0.7484392018145126E+04
  0.1476834597589543E+01  0.9382352857167028E-01  0.7493568942295161E+04
  0.1468664012487727E+01  0.1019548496969404E+00  0.7505454145027016E+04
  0.1460493427397602E+01  0.1100793644996070E+00  0.7523487389542621E+04
  0.1452322842320134E+01  0.1181965306016578E+00  0.7542937015473190E+04
  0.1444152257256294E+01  0.1263058061156663E+00  0.7561522737753167E+04
  0.1435981672207062E+01  0.1344066496809675E+00  0.7573089733534591E+04
  0.1427811087173423E+01  0.1424985204997981E+00  0.7587087738910068E+04
  0.1419640502156375E+01  0.1505808783733995E+00  0.7595986037649182E+04
  0.1411469917156921E+01  0.1586531837380799E+00  0.7610994215398195E+04
  0.1403299332176076E+01  0.1667148977012352E+00  0.7629312932246094E+04
  0.1395128747214864E+01  0.1747654820773241E+00  0.7651275350300344E+04
  0.1386958162274323E+01  0.1828043994237966E+00  0.7674199789830403E+04
  0.1378787577355497E+01  0.1908311130769725E+00  0.7701577038000888E+04
  0.1370616992459449E+01  0.1988450871878683E+00  0.7727301521434045E+04
  0.1362446407587248E+01  0.2068457867579697E+00  0.7758656020941163E+04
  0.1354275822739983E+01  0.2148326776749467E+00  0.7783631547401749E+04
  0.1346105237918751E+01  0.2228052267483099E+00  0.7809634933601614E+04
  0.1337934653124670E+01  0.2307629017450062E+00  0.7834136799512260E+04
  0.1329764068358868E+01  0.2387051714249486E+00  0.7862713161372253E+04
  0.1321593483622494E+01  0.2466315055764818E+00  0.7884690144855866E+04
  0.1313422898916710E+01  0.2545413750517773E+00  0.7911813747849392E+04
  0.1305252314242701E+01  0.2624342518021592E+00  0.7934021965836492E+04
  0.1297081729601665E+01  0.2703096089133553E+00  0.7959676275774456E+04
  0.1288911144994824E+01  0.2781669206406729E+00  0.7982064057467262E+04
  0.1280740560423418E+01  0.2860056624440968E+00  0.8009362486426933E+04
  0.1272569975888710E+01  0.2938253110233064E+00  0.8040369063043649E+04
  0.1264399391391984E+01  0.3016253443526109E+00  0.8084517318005081E+04
  0.1256228806934547E+01  0.3094052417157978E+00  0.8125250288281204E+04
  0.1248058222517730E+01  0.3171644837408958E+00  0.8170311881422710E+04
  0.1239887638142892E+01  0.3249025524348469E+00  0.8210781073265869E+04
  0.1231717053811414E+01  0.3326189312180866E+00  0.8257106537779902E+04
  0.1223546469524707E+01  0.3403131049590297E+00  0.8298781555673560E+04
  0.1215375885284210E+01  0.3479845600084601E+00  0.8346648912053492E+04
  0.1207205301091390E+01  0.3556327842338202E+00  0.8397533797206768E+04
  0.1199034716947747E+01  0.3632572670534011E+00  0.8460591244355493E+04
  0.1190864132854811E+01  0.3708574994704271E+00  0.8513167331698440E+04
  0.1182693548814147E+01  0.3784329741070359E+00  0.8572178727327413E+04
  0.1174522964827352E+01  0.3859831852381501E+00  0.8630179876978251E+04
  0.1166352380896063E+01  0.3935076288252386E+00  0.8694689770798812E+04
  0.1158181797021950E+01  0.4010058025499653E+00  0.8759438047814740E+04
  0.1150011213206726E+01  0.4084772058477228E+00  0.8831266333771388E+04
  0.1141840629452141E+01  0.4159213399410494E+00  0.8895895672136334E+04
  0.1133670045759989E+01  0.4233377078729265E+00  0.8965568440061068E+04
  0.1125499462132108E+01  0.4307258145399545E+00  0.9033124041940297E+04
  0.1117328878570381E+01  0.4380851667254050E+00  0.9105947775307128E+04
  0.1109158295076737E+01  0.4454152731321473E+00  0.9172518889057601E+04
  0.1100987711653159E+01  0.4527156444154464E+00  0.9248527759293745E+04
  0.1092817128301675E+01  0.4599857932156304E+00  0.9329165082333238E+04
  0.1084646545024371E+01  0.4672252341906264E+00  0.9409382031077175E+04
  0.1076475961823386E+01  0.4744334840483606E+00  0.9483349648400454E+04
  0.1068305378700920E+01  0.4816100615790221E+00  0.9560934254047401E+04
  0.1060134795659229E+01  0.4887544876871878E+00  0.9623764339385887E+04
  0.1051964212700635E+01  0.4958662854238058E+00  0.9688341178484110E+04
  0.1043793629827524E+01  0.5029449800180356E+00  0.9746621157232472E+04
  0.1035623047042350E+01  0.5099900989089429E+00  0.9811632076381184E+04
  0.1027452464347638E+01  0.5170011717770473E+00  0.9872671770173160E+04
  0.1019281881745987E+01  0.5239777305757194E+00  0.9940756364724224E+04
  0.1011111299240073E+01  0.5309193095624275E+00  0.9997928697673511E+04
  0.1002940716832650E+01  0.5378254453298289E+00  0.1006867486739375E+05
  0.9947701345265596E+00  0.5446956768367068E+00  0.1013360990332093E+05
  0.9865995523247275E+00  0.5515295454387482E+00  0.1020873134045531E+05
  0.9784289702301714E+00  0.5583265949191624E+00  0.1027767398583194E+05
  0.9702583882460036E+00  0.5650863715191369E+00  0.1035425299106996E+05
  0.9620878063754359E+00  0.5718084239681300E+00  0.1042926084926057E+05
  0.9539172246217830E+00  0.5784923035139965E+00  0.1051631354833974E+05
  0.9457466429884676E+00  0.5851375639529456E+00  0.1059516886591590E+05
  0.9375760614790253E+00  0.5917437616593286E+00  0.1067567560767748E+05
  0.9294054800971098E+00  0.5983104556152549E+00  0.1075590881856672E+05
  0.9212348988464978E+00  0.6048372074400329E+00  0.1085392635682776E+05
  0.9130643177310944E+00  0.6113235814194364E+00  0.1093828773708569E+05
  0.9048937367549402E+00  0.6177691445347914E+00  0.1102514724621173E+05
  0.8967231559222163E+00  0.6241734664918837E+00  0.1110321141287328E+05
  0.8885525752372514E+00  0.6305361197496849E+00  0.1119247236829927E+05
  0.8803819947045285E+00  0.6368566795488945E+00  0.1127777371136015E+05
  0.8722114143286931E+00  0.6431347239402948E+00  0.1136452852772469E+05
  0.8640408341145595E+00  0.6493698338129212E+00  0.1145198494425032E+05
  0.8558702540671204E+00  0.6555615929220400E+00  0.1154432039285626E+05
  0.8476996741915547E+00  0.6617095879169366E+00  0.1162475777057040E+05
  0.8395290944932369E+00  0.6678134083685102E+00  0.1170567283188231E+05
  0.8313585149777468E+00  0.6738726467966731E+00  0.1178531619704423E+05
  0.8231879356508802E+00  0.6798868986975534E+00  0.1186480628253200E+05
  0.8150173565186587E+00  0.6858557625704990E+00  0.1194452170050152E+05
  0.8068467775873427E+00  0.6917788399448808E+00  0.1202971240681295E+05
  0.7986761988634423E+00  0.6976557354066943E+00  0.1209815441900903E+05
  0.7905056203537315E+00  0.7034860566249567E+00  0.1218126860202182E+05
  0.7823350420652612E+00  0.7092694143778975E+00  0.1227168119766309E+05
  0.7741644640053743E+00  0.7150054225789432E+00  0.1237124673605408E+05
  0.7659938861817212E+00  0.7206936983024912E+00  0.1246823893468904E+05
  0.7578233086022768E+00  0.7263338618094733E+00  0.1257780349746431E+05
  0.7496527312753575E+00  0.7319255365727068E+00  0.1268639872711759E+05
  0.7414821542096410E+00  0.7374683493020299E+00  0.1280242128948804E+05
  0.7333115774141861E+00  0.7429619299692227E+00  0.1290650263245145E+05
  0.7251410008984539E+00  0.7484059118327094E+00  0.1302364860022780E+05
  0.7169704246723316E+00  0.7537999314620412E+00  0.1313090711642555E+05
  0.7087998487461566E+00  0.7591436287621580E+00  0.1325768131181047E+05
  0.7006292731307425E+00  0.7644366469974285E+00  0.1337210723315196E+05
  0.6924586978374083E+00  0.7696786328154644E+00  0.1350813215785654E+05
  0.6842881228780077E+00  0.7748692362707100E+00  0.1364732459690711E+05
  0.6761175482649616E+00  0.7800081108478040E+00  0.1379067281468327E+05
  0.6679469740112938E+00  0.7850949134847117E+00  0.1392233949701166E+05
  0.6597764001306670E+00  0.7901293045956280E+00  0.1406265120304352E+05
  0.6516058266374236E+00  0.7951109480936471E+00  0.1419857647557792E+05
  0.6434352535466297E+00  0.8000395114131988E+00  0.1435023148664877E+05
  0.6352646808741202E+00  0.8049146655322506E+00  0.1448819525499321E+05
  0.6270941086365502E+00  0.8097360849942720E+00  0.1464581328576637E+05
  0.6189235368514482E+00  0.8145034479299620E+00  0.1479256757542419E+05
  0.6107529655372755E+00  0.8192164360787360E+00  0.1495152344292403E+05
  0.6025823947134890E+00  0.8238747348099726E+00  0.1511075340071976E+05
  0.5944118244006098E+00  0.8284780331440178E+00  0.1528770871613806E+05
  0.5862412546202973E+00  0.8330260237729452E+00  0.1546054619226489E+05
  0.5780706853954301E+00  0.8375184030810715E+00  0.1564959688664947E+05
  0.5699001167501928E+00  0.8419548711652254E+00  0.1583435936440217E+05
  0.5617295487101719E+00  0.8463351318547683E+00  0.1602877312841244E+05
  0.5535589813024583E+00  0.8506588927313666E+00  0.1621749862572300E+05
  0.5453884145557613E+00  0.8549258651485127E+00  0.1642668207815196E+05
  0.5372178485005299E+00  0.8591357642507945E+00  0.1662761426362186E+05
  0.5290472831690897E+00  0.8632883089929120E+00  0.1684527569889983E+05
  0.5208767185957875E+00  0.8673832221584393E+00  0.1705833438729149E+05
  0.5127061548171545E+00  0.8714202303783312E+00  0.1729771230199368E+05
  0.5045355918720822E+00  0.8753990641491725E+00  0.1752211725802443E+05
  0.4963650298020162E+00  0.8793194578511700E+00  0.1776063834473734E+05
  0.4881944686511717E+00  0.8831811497658847E+00  0.1799166717151793E+05
  0.4800239084667671E+00  0.8869838820937034E+00  0.1825204775166085E+05
  0.4718533492992859E+00  0.8907274009710492E+00  0.1852095181842757E+05
  0.4636827912027636E+00  0.8944114564873288E+00  0.1882449278043640E+05
  0.4555122342351060E+00  0.8980358027016164E+00  0.1909543638447112E+05
  0.4473416784584431E+00  0.9016001976590722E+00  0.1937989871531215E+05
  0.4391711239395221E+00  0.9051044034070944E+00  0.1963046060033790E+05
  0.4310005707501444E+00  0.9085481860112055E+00  0.1990949327531753E+05
  0.4228300189676551E+00  0.9119313155706682E+00  0.2018454221522002E+05
  0.4146594686754885E+00  0.9152535662338340E+00  0.2049286732740291E+05
  0.4064889199637791E+00  0.9185147162132208E+00  0.2078007688071462E+05
  0.3983183729300507E+00  0.9217145478003181E+00  0.2109968317171521E+05
  0.3901478276799883E+00  0.9248528473801222E+00  0.2140876342612613E+05
  0.3819772843283120E+00  0.9279294054453956E+00  0.2174211404604947E+05
  0.3738067429997641E+00  0.9309440166106540E+00  0.2205060328822021E+05
  0.3656362038302282E+00  0.9338964796258775E+00  0.2240681839145662E+05
  0.3574656669680030E+00  0.9367865973899459E+00  0.2271630020791271E+05
  0.3492951325752533E+00  0.9396141769637963E+00  0.2306960713448075E+05
  0.3411246008296713E+00  0.9423790295833044E+00  0.2339436041809692E+05
  0.3329540719263814E+00  0.9450809706718851E+00  0.2374950650958563E+05
  0.3247835460801308E+00  0.9477198198528157E+00  0.2410756835246610E+05
  0.3166130235278230E+00  0.9502954009612771E+00  0.2452965880772132E+05
  0.3084425045314506E+00  0.9528075420561144E+00  0.2491160316303196E+05
  0.3002719893815085E+00  0.9552560754313160E+00  0.2536328184373988E+05
  0.2921014784009779E+00  0.9576408376272095E+00  0.2580424709100719E+05
  0.2839309719500016E+00  0.9599616694413742E+00  0.2630868804705620E+05
  0.2757604704313845E+00  0.9622184159392698E+00  0.2677937442365593E+05
  0.2675899742971076E+00  0.9644109264645802E+00  0.2730102924356630E+05
  0.2594194840560681E+00  0.9665390546492710E+00  0.2777774366795162E+05
  0.2512490002833307E+00  0.9686026584233628E+00  0.2831415808296456E+05
  0.2430785236312446E+00  0.9706016000244151E+00  0.2883574879905334E+05
  0.2349080548428762E+00  0.9725357460067257E+00  0.2943082752450802E+05
  0.2267375947683499E+00  0.9744049672502397E+00  0.3000262318165110E+05
  0.2185671443848464E+00  0.9762091389691724E+00  0.3066315691028218E+05
  0.2103967048212628E+00  0.9779481407203411E+00  0.3127029441449704E+05
  0.2022262773888417E+00  0.9796218564112101E+00  0.3196245480518301E+05
  0.1940558636195398E+00  0.9812301743076443E+00  0.3259990116993464E+05
  0.1858854653144977E+00  0.9827729870413743E+00  0.3336985651797651E+05
  0.1777150846058812E+00  0.9842501916171713E+00  0.3408734708096512E+05
  0.1695447240365762E+00  0.9856616894197333E+00  0.3488584260910667E+05
  0.1613743866640789E+00  0.9870073862202815E+00  0.3562116711591574E+05
  0.1532040761975885E+00  0.9882871921828699E+00  0.3649404073583998E+05
  0.1450337971813853E+00  0.9895010218704087E+00  0.3733502127651899E+05
  0.1368635552438019E+00  0.9906487942504061E+00  0.3826613856406467E+05
  0.1286933574408989E+00  0.9917304327004320E+00  0.3919146037597716E+05
  0.1205232127396896E+00  0.9927458650133153E+00  0.4036191246160679E+05
  0.1123531327118049E+00  0.9936950234020883E+00  0.4142456767913577E+05
  0.1041831325528455E+00  0.9945778445047068E+00  0.4270995931960919E+05
  0.9601323262085862E-01  0.9953942693885953E+00  0.4378868981635858E+05
  0.8784346083082471E-01  0.9961442435551087E+00  0.4519246975381264E+05
  0.7967385651719167E-01  0.9968277169440913E+00  0.4638403640972928E+05
  0.7150447693306423E-01  0.9974446439389107E+00  0.4781882109936694E+05
  0.6333540875299180E-01  0.9979949833727938E+00  0.4889603420446758E+05
  0.5516678972815772E-01  0.9984786985384589E+00  0.5034041042631557E+05
  0.4699885272846815E-01  0.9988957572063257E+00  0.5140821591827233E+05
  0.3883202470742381E-01  0.9992461316671845E+00  0.5312845559605645E+05
  0.3066718105470672E-01  0.9995297988558859E+00  0.5425365159658948E+05
  0.2250643816359393E-01  0.9997467408113523E+00  0.5726263999877088E+05
  0.1435650599352885E-01  0.9998969471378596E+00  0.5990204769804740E+05
  0.6254421014113626E-02  0.9999804411726474E+00  0.7103383779203518E+05
