# nlmax, ncor, nside =         383           1         128
  0.3135338232575680E+01 -0.9999804411726474E+00  0.2022453844998865E+03
  0.3127236147596264E+01 -0.9998969471378596E+00  0.1994762182347464E+03
  0.3119086215426199E+01 -0.9997467408113523E+00  0.1966343168134222E+03
  0.3110925472535087E+01 -0.9995297988558859E+00  0.1956380879878590E+03
  0.3102760628882369E+01 -0.9992461316671845E+00  0.1974222363563997E+03
  0.3094593800861325E+01 -0.9988957572063257E+00  0.2019214538232702E+03
  0.3086425863861635E+01 -0.9984786985384589E+00  0.2080301796682108E+03
  0.3078257244836801E+01 -0.9979949833727938E+00  0.2137846884873572E+03
  0.3070088176656729E+01 -0.9974446439389107E+00  0.2174761074706780E+03
  0.3061918797072602E+01 -0.9968277169440913E+00  0.2188655812553586E+03
  0.3053749192758969E+01 -0.9961442435551087E+00  0.2189929399562430E+03
  0.3045579420968934E+01 -0.9953942693885953E+00  0.2188026247940931E+03
  0.3037409521036948E+01 -0.9945778445047068E+00  0.2182006094436698E+03
  0.3029239520877988E+01 -0.9936950234020883E+00  0.2163515470067437E+03
  0.3021069440850104E+01 -0.9927458650133153E+00  0.2126947539592511E+03
  0.3012899296148894E+01 -0.9917304327004320E+00  0.2078073080411419E+03
  0.3004729098345992E+01 -0.9906487942504061E+00  0.2033127276586434E+03
  0.2996558856408408E+01 -0.9895010218704087E+00  0.2005562500209112E+03
  0.2988388577392205E+01 -0.9882871921828699E+00  0.1991595266174514E+03
  0.2980218266925714E+01 -0.9870073862202815E+00  0.1971878448499974E+03
  0.2972047929553217E+01 -0.9856616894197333E+00  0.1928924533032743E+03
  0.2963877568983912E+01 -0.9842501916171713E+00  0.1860124389883198E+03
  0.2955707188275296E+01 -0.9827729870413743E+00  0.1774240694959125E+03
  0.2947536789970254E+01 -0.9812301743076443E+00  0.1681391177809343E+03
  0.2939366376200951E+01 -0.9796218564112101E+00  0.1588891994611448E+03
  0.2931195948768531E+01 -0.9779481407203411E+00  0.1501505124004351E+03
  0.2923025509204947E+01 -0.9762091389691724E+00  0.1421402820961419E+03
  0.2914855058821443E+01 -0.9744049672502397E+00  0.1349711249138365E+03
  0.2906684598746917E+01 -0.9725357460067257E+00  0.1289302791854645E+03
  0.2898514129958549E+01 -0.9706016000244151E+00  0.1243028237013936E+03
  0.2890343653306462E+01 -0.9686026584233628E+00  0.1208257708123293E+03
  0.2882173169533725E+01 -0.9665390546492710E+00  0.1177101108441622E+03
  0.2874002679292686E+01 -0.9644109264645802E+00  0.1144342489588966E+03
  0.2865832183158409E+01 -0.9622184159392698E+00  0.1112979800069716E+03
  0.2857661681639792E+01 -0.9599616694413742E+00  0.1090629015627970E+03
  0.2849491175188815E+01 -0.9576408376272095E+00  0.1082399521985587E+03
  0.2841320664208285E+01 -0.9552560754313160E+00  0.1087971345282547E+03
  0.2833150149058343E+01 -0.9528075420561144E+00  0.1103375987915981E+03
  0.2824979630061970E+01 -0.9502954009612771E+00  0.1124175161897625E+03
  0.2816809107509663E+01 -0.9477198198528157E+00  0.1147833450823616E+03
  0.2808638581663412E+01 -0.9450809706718851E+00  0.1174074772627717E+03
  0.2800468052760122E+01 -0.9423790295833044E+00  0.1203600443547155E+03
  0.2792297521014540E+01 -0.9396141769637963E+00  0.1237449621435476E+03
  0.2784126986621790E+01 -0.9367865973899459E+00  0.1277483410757752E+03
  0.2775956449759565E+01 -0.9338964796258775E+00  0.1325509778032904E+03
  0.2767785910590029E+01 -0.9309440166106540E+00  0.1380815394643779E+03
  0.2759615369261481E+01 -0.9279294054453956E+00  0.1439568435811834E+03
  0.2751444825909805E+01 -0.9248528473801222E+00  0.1497130874206200E+03
  0.2743274280659743E+01 -0.9217145478003181E+00  0.1550058008004559E+03
  0.2735103733626014E+01 -0.9185147162132208E+00  0.1596404738780895E+03
  0.2726933184914305E+01 -0.9152535662338340E+00  0.1636286186084720E+03
  0.2718762634622138E+01 -0.9119313155706682E+00  0.1672473107802179E+03
  0.2710592082839649E+01 -0.9085481860112055E+00  0.1708648647787823E+03
  0.2702421529650271E+01 -0.9051044034070944E+00  0.1746631903767220E+03
  0.2694250975131350E+01 -0.9016001976590722E+00  0.1786133432331895E+03
  0.2686080419354687E+01 -0.8980358027016164E+00  0.1826220083259431E+03
  0.2677909862387029E+01 -0.8944114564873288E+00  0.1865212757300211E+03
  0.2669739304290507E+01 -0.8907274009710492E+00  0.1900155246188838E+03
  0.2661568745123026E+01 -0.8869838820937034E+00  0.1928740589300204E+03
  0.2653398184938621E+01 -0.8831811497658847E+00  0.1951431932613258E+03
  0.2645227623787777E+01 -0.8793194578511700E+00  0.1970091459827314E+03
  0.2637057061717711E+01 -0.8753990641491725E+00  0.1985641418877602E+03
  0.2628886498772639E+01 -0.8714202303783312E+00  0.1999172031763387E+03
  0.2620715934994006E+01 -0.8673832221584393E+00  0.2014075157903726E+03
  0.2612545370420704E+01 -0.8632883089929120E+00  0.2033891905511584E+03
  0.2604374805089263E+01 -0.8591357642507945E+00  0.2057631188384296E+03
  0.2596204239034032E+01 -0.8549258651485127E+00  0.2079268579059934E+03
  0.2588033672287335E+01 -0.8506588927313666E+00  0.2092745838449179E+03
  0.2579863104879621E+01 -0.8463351318547683E+00  0.2096863371781016E+03
  0.2571692536839600E+01 -0.8419548711652254E+00  0.2095306068787587E+03
  0.2563521968194363E+01 -0.8375184030810715E+00  0.2092461409460772E+03
  0.2555351398969496E+01 -0.8330260237729452E+00  0.2089077662931662E+03
  0.2547180829189184E+01 -0.8284780331440178E+00  0.2081520005977980E+03
  0.2539010258876304E+01 -0.8238747348099726E+00  0.2065061244504347E+03
  0.2530839688052518E+01 -0.8192164360787360E+00  0.2037643444086046E+03
  0.2522669116738345E+01 -0.8145034479299620E+00  0.2000578097099679E+03
  0.2514498544953243E+01 -0.8097360849942720E+00  0.1956867385565156E+03
  0.2506327972715673E+01 -0.8049146655322506E+00  0.1909856376395730E+03
  0.2498157400043163E+01 -0.8000395114131988E+00  0.1862490459887293E+03
  0.2489986826952370E+01 -0.7951109480936471E+00  0.1816177463342185E+03
  0.2481816253459126E+01 -0.7901293045956280E+00  0.1770185984754802E+03
  0.2473645679578500E+01 -0.7850949134847117E+00  0.1722660142187809E+03
  0.2465475105324832E+01 -0.7800081108478040E+00  0.1671875499069313E+03
  0.2457304530711785E+01 -0.7748692362707100E+00  0.1616464484980246E+03
  0.2449133955752385E+01 -0.7696786328154644E+00  0.1555724992887930E+03
  0.2440963380459050E+01 -0.7644366469974285E+00  0.1490594572957201E+03
  0.2432792804843637E+01 -0.7591436287621580E+00  0.1423703425166702E+03
  0.2424622228917462E+01 -0.7537999314620412E+00  0.1358131543205459E+03
  0.2416451652691339E+01 -0.7484059118327094E+00  0.1296573132539118E+03
  0.2408281076175607E+01 -0.7429619299692227E+00  0.1240968582980804E+03
  0.2400110499380152E+01 -0.7374683493020299E+00  0.1191246284122318E+03
  0.2391939922314436E+01 -0.7319255365727068E+00  0.1144632366084766E+03
  0.2383769344987516E+01 -0.7263338618094733E+00  0.1097963545973895E+03
  0.2375598767408072E+01 -0.7206936983024912E+00  0.1050712976516070E+03
  0.2367428189584419E+01 -0.7150054225789432E+00  0.1004476751296987E+03
  0.2359257611524532E+01 -0.7092694143778975E+00  0.9603293865804918E+02
  0.2351087033236062E+01 -0.7034860566249567E+00  0.9186675049029876E+02
  0.2342916454726351E+01 -0.6976557354066943E+00  0.8807588511969369E+02
  0.2334745876002450E+01 -0.6917788399448808E+00  0.8477096023110137E+02
  0.2326575297071134E+01 -0.6858557625704990E+00  0.8179617345871017E+02
  0.2318404717938913E+01 -0.6798868986975534E+00  0.7881478139740737E+02
  0.2310234138612046E+01 -0.6738726467966731E+00  0.7566548399529955E+02
  0.2302063559096557E+01 -0.6678134083685102E+00  0.7247915500558389E+02
  0.2293892979398239E+01 -0.6617095879169366E+00  0.6949040791478184E+02
  0.2285722399522673E+01 -0.6555615929220400E+00  0.6690715517187641E+02
  0.2277551819475234E+01 -0.6493698338129212E+00  0.6489443454747152E+02
  0.2269381239261100E+01 -0.6431347239402948E+00  0.6346859060996661E+02
  0.2261210658885265E+01 -0.6368566795488945E+00  0.6242031172472625E+02
  0.2253040078352542E+01 -0.6305361197496849E+00  0.6150232254690159E+02
  0.2244869497667577E+01 -0.6241734664918837E+00  0.6066247275235101E+02
  0.2236698916834853E+01 -0.6177691445347914E+00  0.5996387709222334E+02
  0.2228528335858699E+01 -0.6113235814194364E+00  0.5935583650228804E+02
  0.2220357754743295E+01 -0.6048372074400329E+00  0.5869363863477155E+02
  0.2212187173492683E+01 -0.5983104556152549E+00  0.5793777014208183E+02
  0.2204016592110768E+01 -0.5917437616593286E+00  0.5717281873908630E+02
  0.2195846010601326E+01 -0.5851375639529456E+00  0.5644893796322334E+02
  0.2187675428968010E+01 -0.5784923035139965E+00  0.5573818437556759E+02
  0.2179504847214357E+01 -0.5718084239681300E+00  0.5503980960082903E+02
  0.2171334265343789E+01 -0.5650863715191369E+00  0.5440385583708964E+02
  0.2163163683359622E+01 -0.5583265949191624E+00  0.5380963035980893E+02
  0.2154993101265066E+01 -0.5515295454387482E+00  0.5308345999300736E+02
  0.2146822519063234E+01 -0.5446956768367068E+00  0.5198986761919228E+02
  0.2138651936757143E+01 -0.5378254453298289E+00  0.5041200632194234E+02
  0.2130481354349721E+01 -0.5309193095624275E+00  0.4842585194236172E+02
  0.2122310771843806E+01 -0.5239777305757194E+00  0.4616803529219907E+02
  0.2114140189242155E+01 -0.5170011717770473E+00  0.4362956701426379E+02
  0.2105969606547443E+01 -0.5099900989089429E+00  0.4062637379707964E+02
  0.2097799023762269E+01 -0.5029449800180356E+00  0.3701007434604002E+02
  0.2089628440889158E+01 -0.4958662854238058E+00  0.3290128549289928E+02
  0.2081457857930564E+01 -0.4887544876871878E+00  0.2870932936676216E+02
  0.2073287274888874E+01 -0.4816100615790221E+00  0.2490732816910727E+02
  0.2065116691766407E+01 -0.4744334840483606E+00  0.2170505259497654E+02
  0.2056946108565423E+01 -0.4672252341906264E+00  0.1885504356594743E+02
  0.2048775525288118E+01 -0.4599857932156304E+00  0.1580148201698325E+02
  0.2040604941936635E+01 -0.4527156444154464E+00  0.1208343337959760E+02
  0.2032434358513056E+01 -0.4454152731321473E+00  0.7586333798087286E+01
  0.2024263775019413E+01 -0.4380851667254050E+00  0.2431921913024745E+01
  0.2016093191457685E+01 -0.4307258145399545E+00 -0.3192687855082524E+01
  0.2007922607829804E+01 -0.4233377078729265E+00 -0.8974172132676332E+01
  0.1999752024137653E+01 -0.4159213399410494E+00 -0.1440554656395704E+02
  0.1991581440383068E+01 -0.4084772058477228E+00 -0.1902244768178032E+02
  0.1983410856567843E+01 -0.4010058025499653E+00 -0.2273666742282607E+02
  0.1975240272693730E+01 -0.3935076288252386E+00 -0.2587230761702095E+02
  0.1967069688762441E+01 -0.3859831852381501E+00 -0.2893986873328595E+02
  0.1958899104775647E+01 -0.3784329741070359E+00 -0.3242562667550118E+02
  0.1950728520734982E+01 -0.3708574994704271E+00 -0.3663284907918788E+02
  0.1942557936642046E+01 -0.3632572670534011E+00 -0.4152975574656488E+02
  0.1934387352498403E+01 -0.3556327842338202E+00 -0.4676664202800818E+02
  0.1926216768305583E+01 -0.3479845600084601E+00 -0.5192811416336813E+02
  0.1918046184065086E+01 -0.3403131049590297E+00 -0.5673892092180672E+02
  0.1909875599778379E+01 -0.3326189312180866E+00 -0.6102154006384989E+02
  0.1901705015446901E+01 -0.3249025524348469E+00 -0.6460954634168726E+02
  0.1893534431072063E+01 -0.3171644837408958E+00 -0.6743461718535339E+02
  0.1885363846655247E+01 -0.3094052417157978E+00 -0.6966906039266863E+02
  0.1877193262197810E+01 -0.3016253443526109E+00 -0.7173399386635866E+02
  0.1869022677701083E+01 -0.2938253110233064E+00 -0.7416152152904741E+02
  0.1860852093166375E+01 -0.2860056624440968E+00 -0.7735433646846731E+02
  0.1852681508594969E+01 -0.2781669206406729E+00 -0.8133627364006544E+02
  0.1844510923988128E+01 -0.2703096089133553E+00 -0.8574044315093319E+02
  0.1836340339347093E+01 -0.2624342518021592E+00 -0.9013326686313813E+02
  0.1828169754673083E+01 -0.2545413750517773E+00 -0.9433289006633548E+02
  0.1819999169967299E+01 -0.2466315055764818E+00 -0.9837192971747848E+02
  0.1811828585230925E+01 -0.2387051714249486E+00 -0.1022656521024348E+03
  0.1803658000465123E+01 -0.2307629017450062E+00 -0.1059280407071103E+03
  0.1795487415671042E+01 -0.2228052267483099E+00 -0.1092298221186378E+03
  0.1787316830849811E+01 -0.2148326776749467E+00 -0.1120603909867399E+03
  0.1779146246002545E+01 -0.2068457867579697E+00 -0.1144451970225876E+03
  0.1770975661130345E+01 -0.1988450871878683E+00 -0.1166486053278458E+03
  0.1762805076234296E+01 -0.1908311130769725E+00 -0.1189717821041540E+03
  0.1754634491315471E+01 -0.1828043994237966E+00 -0.1213571926892666E+03
  0.1746463906374929E+01 -0.1747654820773241E+00 -0.1233962701742434E+03
  0.1738293321413718E+01 -0.1667148977012352E+00 -0.1248529238758597E+03
  0.1730122736432872E+01 -0.1586531837380799E+00 -0.1259996151346675E+03
  0.1721952151433418E+01 -0.1505808783733995E+00 -0.1273267710975016E+03
  0.1713781566416370E+01 -0.1424985204997981E+00 -0.1291039482210785E+03
  0.1705610981382731E+01 -0.1344066496809675E+00 -0.1313165307519329E+03
  0.1697440396333499E+01 -0.1263058061156663E+00 -0.1338031144673938E+03
  0.1689269811269659E+01 -0.1181965306016578E+00 -0.1362857882963982E+03
  0.1681099226192191E+01 -0.1100793644996070E+00 -0.1384061883680461E+03
  0.1672928641102067E+01 -0.1019548496969404E+00 -0.1398792761032696E+03
  0.1664758056000250E+01 -0.9382352857167028E-01 -0.1405868841730570E+03
  0.1656587470887701E+01 -0.8568594395618719E-01 -0.1405703682202931E+03
  0.1648416885765370E+01 -0.7754263910102077E-01 -0.1401018186741933E+03
  0.1640246300634206E+01 -0.6939415763857371E-01 -0.1397479516757530E+03
  0.1632075715495151E+01 -0.6124104354682962E-01 -0.1401561830607414E+03
  0.1623905130349143E+01 -0.5308384111303818E-01 -0.1416937921034522E+03
  0.1615734545197117E+01 -0.4492309489737940E-01 -0.1443277117339703E+03
  0.1607563960040004E+01 -0.3675934969660982E-01 -0.1477383580566807E+03
  0.1599393374878733E+01 -0.2859315050769285E-01 -0.1514009844435994E+03
  0.1591222789714229E+01 -0.2042504249141571E-01 -0.1546931653156924E+03
  0.1583052204547419E+01 -0.1225557093599554E-01 -0.1572035332819938E+03
  0.1574881619379224E+01 -0.4085281220676868E-02 -0.1589888307330642E+03
  0.1566711034210569E+01  0.4085281220676868E-02 -0.1604185617905053E+03
  0.1558540449042374E+01  0.1225557093599554E-01 -0.1617670304511896E+03
  0.1550369863875564E+01  0.2042504249141571E-01 -0.1630066693378772E+03
  0.1542199278711061E+01  0.2859315050769285E-01 -0.1639561041651336E+03
  0.1534028693549790E+01  0.3675934969660982E-01 -0.1646212017080414E+03
  0.1525858108392677E+01  0.4492309489737940E-01 -0.1654588136278819E+03
  0.1517687523240650E+01  0.5308384111303818E-01 -0.1672205695023949E+03
  0.1509516938094642E+01  0.6124104354682962E-01 -0.1703181922631957E+03
  0.1501346352955587E+01  0.6939415763857371E-01 -0.1743333479235257E+03
  0.1493175767824423E+01  0.7754263910102077E-01 -0.1783310898555015E+03
  0.1485005182702093E+01  0.8568594395618719E-01 -0.1816268631001714E+03
  0.1476834597589543E+01  0.9382352857167028E-01 -0.1840606866650955E+03
  0.1468664012487727E+01  0.1019548496969404E+00 -0.1856476127068985E+03
  0.1460493427397602E+01  0.1100793644996070E+00 -0.1863484384592558E+03
  0.1452322842320134E+01  0.1181965306016578E+00 -0.1862707135715602E+03
  0.1444152257256294E+01  0.1263058061156663E+00 -0.1858139680334221E+03
  0.1435981672207062E+01  0.1344066496809675E+00 -0.1854545568169349E+03
  0.1427811087173423E+01  0.1424985204997981E+00 -0.1854531493155957E+03
  0.1419640502156375E+01  0.1505808783733995E+00 -0.1857492330600299E+03
  0.1411469917156921E+01  0.1586531837380799E+00 -0.1860365625509805E+03
  0.1403299332176076E+01  0.1667148977012352E+00 -0.1860116949712971E+03
  0.1395128747214864E+01  0.1747654820773241E+00 -0.1856692456931561E+03
  0.1386958162274323E+01  0.1828043994237966E+00 -0.1852768619780535E+03
  0.1378787577355497E+01  0.1908311130769725E+00 -0.1849803604613138E+03
  0.1370616992459449E+01  0.1988450871878683E+00 -0.1845729716084359E+03
  0.1362446407587248E+01  0.2068457867579697E+00 -0.1837431858352635E+03
  0.1354275822739983E+01  0.2148326776749467E+00 -0.1823859988546126E+03
  0.1346105237918751E+01  0.2228052267483099E+00 -0.1805864212499891E+03
  0.1337934653124670E+01  0.2307629017450062E+00 -0.1784971162214183E+03
  0.1329764068358868E+01  0.2387051714249486E+00 -0.1763466865885079E+03
  0.1321593483622494E+01  0.2466315055764818E+00 -0.1743932684894904E+03
  0.1313422898916710E+01  0.2545413750517773E+00 -0.1727580586714342E+03
  0.1305252314242701E+01  0.2624342518021592E+00 -0.1714013086596213E+03
  0.1297081729601665E+01  0.2703096089133553E+00 -0.1702242939835149E+03
  0.1288911144994824E+01  0.2781669206406729E+00 -0.1689983664688599E+03
  0.1280740560423418E+01  0.2860056624440968E+00 -0.1672661258923781E+03
  0.1272569975888710E+01  0.2938253110233064E+00 -0.1646333811219036E+03
  0.1264399391391984E+01  0.3016253443526109E+00 -0.1612122337016793E+03
  0.1256228806934547E+01  0.3094052417157978E+00 -0.1575415778031762E+03
  0.1248058222517730E+01  0.3171644837408958E+00 -0.1540376739105394E+03
  0.1239887638142892E+01  0.3249025524348469E+00 -0.1507112457815897E+03
  0.1231717053811414E+01  0.3326189312180866E+00 -0.1473965514653442E+03
  0.1223546469524707E+01  0.3403131049590297E+00 -0.1440363533661317E+03
  0.1215375885284210E+01  0.3479845600084601E+00 -0.1407305415215395E+03
  0.1207205301091390E+01  0.3556327842338202E+00 -0.1376649472590888E+03
  0.1199034716947747E+01  0.3632572670534011E+00 -0.1349905436367181E+03
  0.1190864132854811E+01  0.3708574994704271E+00 -0.1326806407992253E+03
  0.1182693548814147E+01  0.3784329741070359E+00 -0.1305458981933519E+03
  0.1174522964827352E+01  0.3859831852381501E+00 -0.1284085643413985E+03
  0.1166352380896063E+01  0.3935076288252386E+00 -0.1261498255193327E+03
  0.1158181797021950E+01  0.4010058025499653E+00 -0.1236311809242915E+03
  0.1150011213206726E+01  0.4084772058477228E+00 -0.1208242518075343E+03
  0.1141840629452141E+01  0.4159213399410494E+00 -0.1180463816267400E+03
  0.1133670045759989E+01  0.4233377078729265E+00 -0.1157865508632123E+03
  0.1125499462132108E+01  0.4307258145399545E+00 -0.1142025185808197E+03
  0.1117328878570381E+01  0.4380851667254050E+00 -0.1129838016079469E+03
  0.1109158295076737E+01  0.4454152731321473E+00 -0.1117242823959714E+03
  0.1100987711653159E+01  0.4527156444154464E+00 -0.1102213986221571E+03
  0.1092817128301675E+01  0.4599857932156304E+00 -0.1084586364046566E+03
  0.1084646545024371E+01  0.4672252341906264E+00 -0.1065645451921448E+03
  0.1076475961823386E+01  0.4744334840483606E+00 -0.1047616327694448E+03
  0.1068305378700920E+01  0.4816100615790221E+00 -0.1031046085759491E+03
  0.1060134795659229E+01  0.4887544876871878E+00 -0.1013101394793386E+03
  0.1051964212700635E+01  0.4958662854238058E+00 -0.9904622579124975E+02
  0.1043793629827524E+01  0.5029449800180356E+00 -0.9626955823992463E+02
  0.1035623047042350E+01  0.5099900989089429E+00 -0.9307228629800966E+02
  0.1027452464347638E+01  0.5170011717770473E+00 -0.8939405069366454E+02
  0.1019281881745987E+01  0.5239777305757194E+00 -0.8514781434611672E+02
  0.1011111299240073E+01  0.5309193095624275E+00 -0.8043350282867767E+02
  0.1002940716832650E+01  0.5378254453298289E+00 -0.7537189005256251E+02
  0.9947701345265596E+00  0.5446956768367068E+00 -0.6996939531488837E+02
  0.9865995523247275E+00  0.5515295454387482E+00 -0.6444587169560518E+02
  0.9784289702301714E+00  0.5583265949191624E+00 -0.5945558121357951E+02
  0.9702583882460036E+00  0.5650863715191369E+00 -0.5562043716264955E+02
  0.9620878063754359E+00  0.5718084239681300E+00 -0.5295741922145630E+02
  0.9539172246217830E+00  0.5784923035139965E+00 -0.5101130643673608E+02
  0.9457466429884676E+00  0.5851375639529456E+00 -0.4941694010429604E+02
  0.9375760614790253E+00  0.5917437616593286E+00 -0.4812467395565451E+02
  0.9294054800971098E+00  0.5983104556152549E+00 -0.4721532624641809E+02
  0.9212348988464978E+00  0.6048372074400329E+00 -0.4671248330167279E+02
  0.9130643177310944E+00  0.6113235814194364E+00 -0.4655806290033964E+02
  0.9048937367549402E+00  0.6177691445347914E+00 -0.4670642964472087E+02
  0.8967231559222163E+00  0.6241734664918837E+00 -0.4723906115519286E+02
  0.8885525752372514E+00  0.6305361197496849E+00 -0.4826317789126556E+02
  0.8803819947045285E+00  0.6368566795488945E+00 -0.4958702156306519E+02
  0.8722114143286931E+00  0.6431347239402948E+00 -0.5068320782215970E+02
  0.8640408341145595E+00  0.6493698338129212E+00 -0.5117854365014706E+02
  0.8558702540671204E+00  0.6555615929220400E+00 -0.5120856839737073E+02
  0.8476996741915547E+00  0.6617095879169366E+00 -0.5109918882549661E+02
  0.8395290944932369E+00  0.6678134083685102E+00 -0.5094117493751605E+02
  0.8313585149777468E+00  0.6738726467966731E+00 -0.5071595105986997E+02
  0.8231879356508802E+00  0.6798868986975534E+00 -0.5055303084348793E+02
  0.8150173565186587E+00  0.6858557625704990E+00 -0.5052258742506903E+02
  0.8068467775873427E+00  0.6917788399448808E+00 -0.5035609158971747E+02
  0.7986761988634423E+00  0.6976557354066943E+00 -0.4965912476422786E+02
  0.7905056203537315E+00  0.7034860566249567E+00 -0.4827276313229291E+02
  0.7823350420652612E+00  0.7092694143778975E+00 -0.4627396276686534E+02
  0.7741644640053743E+00  0.7150054225789432E+00 -0.4383333270171558E+02
  0.7659938861817212E+00  0.7206936983024912E+00 -0.4120738894640801E+02
  0.7578233086022768E+00  0.7263338618094733E+00 -0.3862067290177131E+02
  0.7496527312753575E+00  0.7319255365727068E+00 -0.3600908999032752E+02
  0.7414821542096410E+00  0.7374683493020299E+00 -0.3307702231963061E+02
  0.7333115774141861E+00  0.7429619299692227E+00 -0.2967277849535044E+02
  0.7251410008984539E+00  0.7484059118327094E+00 -0.2591351209737248E+02
  0.7169704246723316E+00  0.7537999314620412E+00 -0.2195794924748452E+02
  0.7087998487461566E+00  0.7591436287621580E+00 -0.1786547379639073E+02
  0.7006292731307425E+00  0.7644366469974285E+00 -0.1358947526877010E+02
  0.6924586978374083E+00  0.7696786328154644E+00 -0.8875073839555318E+01
  0.6842881228780077E+00  0.7748692362707100E+00 -0.3308565008103131E+01
  0.6761175482649616E+00  0.7800081108478040E+00  0.3270222116082297E+01
  0.6679469740112938E+00  0.7850949134847117E+00  0.1055388094298090E+02
  0.6597764001306670E+00  0.7901293045956280E+00  0.1816936367266198E+02
  0.6516058266374236E+00  0.7951109480936471E+00  0.2606531674038638E+02
  0.6434352535466297E+00  0.8000395114131988E+00  0.3431510737276308E+02
  0.6352646808741202E+00  0.8049146655322506E+00  0.4284954575747061E+02
  0.6270941086365502E+00  0.8097360849942720E+00  0.5160874069931045E+02
  0.6189235368514482E+00  0.8145034479299620E+00  0.6064216309688207E+02
  0.6107529655372755E+00  0.8192164360787360E+00  0.6984740832832361E+02
  0.6025823947134890E+00  0.8238747348099726E+00  0.7889590950434204E+02
  0.5944118244006098E+00  0.8284780331440178E+00  0.8754453080135464E+02
  0.5862412546202973E+00  0.8330260237729452E+00  0.9575293786319588E+02
  0.5780706853954301E+00  0.8375184030810715E+00  0.1035510627333680E+03
  0.5699001167501928E+00  0.8419548711652254E+00  0.1112015345255433E+03
  0.5617295487101719E+00  0.8463351318547683E+00  0.1193743594280117E+03
  0.5535589813024583E+00  0.8506588927313666E+00  0.1286069002336237E+03
  0.5453884145557613E+00  0.8549258651485127E+00  0.1386396101764226E+03
  0.5372178485005299E+00  0.8591357642507945E+00  0.1487912674241220E+03
  0.5290472831690897E+00  0.8632883089929120E+00  0.1588798871036902E+03
  0.5208767185957875E+00  0.8673832221584393E+00  0.1692871951976514E+03
  0.5127061548171545E+00  0.8714202303783312E+00  0.1803303399040365E+03
  0.5045355918720822E+00  0.8753990641491725E+00  0.1920837118904406E+03
  0.4963650298020162E+00  0.8793194578511700E+00  0.2045257725895624E+03
  0.4881944686511717E+00  0.8831811497658847E+00  0.2173032308176006E+03
  0.4800239084667671E+00  0.8869838820937034E+00  0.2296666956345026E+03
  0.4718533492992859E+00  0.8907274009710492E+00  0.2411852001008546E+03
  0.4636827912027636E+00  0.8944114564873288E+00  0.2522122748014260E+03
  0.4555122342351060E+00  0.8980358027016164E+00  0.2632262067730784E+03
  0.4473416784584431E+00  0.9016001976590722E+00  0.2741556965704307E+03
  0.4391711239395221E+00  0.9051044034070944E+00  0.2847354254242777E+03
  0.4310005707501444E+00  0.9085481860112055E+00  0.2949676694038197E+03
  0.4228300189676551E+00  0.9119313155706682E+00  0.3048590261199279E+03
  0.4146594686754885E+00  0.9152535662338340E+00  0.3143323879954402E+03
  0.4064889199637791E+00  0.9185147162132208E+00  0.3237779918101617E+03
  0.3983183729300507E+00  0.9217145478003181E+00  0.3340861362934389E+03
  0.3901478276799883E+00  0.9248528473801222E+00  0.3458428986174059E+03
  0.3819772843283120E+00  0.9279294054453956E+00  0.3590397423953689E+03
  0.3738067429997641E+00  0.9309440166106540E+00  0.3735701759280497E+03
  0.3656362038302282E+00  0.9338964796258775E+00  0.3892086022761572E+03
  0.3574656669680030E+00  0.9367865973899459E+00  0.4051027521441472E+03
  0.3492951325752533E+00  0.9396141769637963E+00  0.4202250704994660E+03
  0.3411246008296713E+00  0.9423790295833044E+00  0.4344811973525316E+03
  0.3329540719263814E+00  0.9450809706718851E+00  0.4487001492800154E+03
  0.3247835460801308E+00  0.9477198198528157E+00  0.4636161476201369E+03
  0.3166130235278230E+00  0.9502954009612771E+00  0.4794742859198736E+03
  0.3084425045314506E+00  0.9528075420561144E+00  0.4962862095141932E+03
  0.3002719893815085E+00  0.9552560754313160E+00  0.5137565677184677E+03
  0.2921014784009779E+00  0.9576408376272095E+00  0.5313400163450219E+03
  0.2839309719500016E+00  0.9599616694413742E+00  0.5489706267521956E+03
  0.2757604704313845E+00  0.9622184159392698E+00  0.5672377462575771E+03
  0.2675899742971076E+00  0.9644109264645802E+00  0.5864789108357733E+03
  0.2594194840560681E+00  0.9665390546492710E+00  0.6064924615948252E+03
  0.2512490002833307E+00  0.9686026584233628E+00  0.6273621671821602E+03
  0.2430785236312446E+00  0.9706016000244151E+00  0.6494243098440043E+03
  0.2349080548428762E+00  0.9725357460067257E+00  0.6722517761540253E+03
  0.2267375947683499E+00  0.9744049672502397E+00  0.6950770706716793E+03
  0.2185671443848464E+00  0.9762091389691724E+00  0.7183545527254206E+03
  0.2103967048212628E+00  0.9779481407203411E+00  0.7433498278390134E+03
  0.2022262773888417E+00  0.9796218564112101E+00  0.7702249932975128E+03
  0.1940558636195398E+00  0.9812301743076443E+00  0.7982257771297462E+03
  0.1858854653144977E+00  0.9827729870413743E+00  0.8274174253810271E+03
  0.1777150846058812E+00  0.9842501916171713E+00  0.8583038384503024E+03
  0.1695447240365762E+00  0.9856616894197333E+00  0.8904367783059503E+03
  0.1613743866640789E+00  0.9870073862202815E+00  0.9236556835429409E+03
  0.1532040761975885E+00  0.9882871921828699E+00  0.9597052258573326E+03
  0.1450337971813853E+00  0.9895010218704087E+00  0.1000117108288170E+04
  0.1368635552438019E+00  0.9906487942504061E+00  0.1043811000259633E+04
  0.1286933574408989E+00  0.9917304327004320E+00  0.1089351338138824E+04
  0.1205232127396896E+00  0.9927458650133153E+00  0.1137643138992179E+04
  0.1123531327118049E+00  0.9936950234020883E+00  0.1189749376504373E+04
  0.1041831325528455E+00  0.9945778445047068E+00  0.1244921844024166E+04
  0.9601323262085862E-01  0.9953942693885953E+00  0.1303770121698141E+04
  0.8784346083082471E-01  0.9961442435551087E+00  0.1369683410954905E+04
  0.7967385651719167E-01  0.9968277169440913E+00  0.1444274360770734E+04
  0.7150447693306423E-01  0.9974446439389107E+00  0.1526744603262825E+04
  0.6333540875299180E-01  0.9979949833727938E+00  0.1620627397642887E+04
  0.5516678972815772E-01  0.9984786985384589E+00  0.1734279754637937E+04
  0.4699885272846815E-01  0.9988957572063257E+00  0.1875149901215762E+04
  0.3883202470742381E-01  0.9992461316671845E+00  0.2060301704150524E+04
  0.3066718105470672E-01  0.9995297988558859E+00  0.2334469277234643E+04
  0.2250643816359393E-01  0.9997467408113523E+00  0.2739472328557506E+04
  0.1435650599352885E-01  0.9998969471378596E+00  0.3226622891051879E+04
  0.6254421014113626E-02  0.9999804411726474E+00  0.3617489892631849E+04
