# nlmax, ncor, nside =         383           1         128
  0.3135338232575680E+01 -0.9999804411726474E+00 -0.2442762911956015E+03
  0.3127236147596264E+01 -0.9998969471378596E+00 -0.2397519816979563E+03
  0.3119086215426199E+01 -0.9997467408113523E+00 -0.2322396704381715E+03
  0.3110925472535087E+01 -0.9995297988558859E+00 -0.2230245170064096E+03
  0.3102760628882369E+01 -0.9992461316671845E+00 -0.2128454844642357E+03
  0.3094593800861325E+01 -0.9988957572063257E+00 -0.2016244769796473E+03
  0.3086425863861635E+01 -0.9984786985384589E+00 -0.1887123380691811E+03
  0.3078257244836801E+01 -0.9979949833727938E+00 -0.1747088296132580E+03
  0.3070088176656729E+01 -0.9974446439389107E+00 -0.1611107207001408E+03
  0.3061918797072602E+01 -0.9968277169440913E+00 -0.1488019821610570E+03
  0.3053749192758969E+01 -0.9961442435551087E+00 -0.1373292657772143E+03
  0.3045579420968934E+01 -0.9953942693885953E+00 -0.1257928158635890E+03
  0.3037409521036948E+01 -0.9945778445047068E+00 -0.1136501826449380E+03
  0.3029239520877988E+01 -0.9936950234020883E+00 -0.1011713999343272E+03
  0.3021069440850104E+01 -0.9927458650133153E+00 -0.8918071398528475E+02
  0.3012899296148894E+01 -0.9917304327004320E+00 -0.7830535490968009E+02
  0.3004729098345992E+01 -0.9906487942504061E+00 -0.6855692211461758E+02
  0.2996558856408408E+01 -0.9895010218704087E+00 -0.5910029073919778E+02
  0.2988388577392205E+01 -0.9882871921828699E+00 -0.4916765044503070E+02
  0.2980218266925714E+01 -0.9870073862202815E+00 -0.3832164350716804E+02
  0.2972047929553217E+01 -0.9856616894197333E+00 -0.2670160589660540E+02
  0.2963877568983912E+01 -0.9842501916171713E+00 -0.1504770290722905E+02
  0.2955707188275296E+01 -0.9827729870413743E+00 -0.4341720515434323E+01
  0.2947536789970254E+01 -0.9812301743076443E+00  0.4741272281710736E+01
  0.2939366376200951E+01 -0.9796218564112101E+00  0.1209158470913651E+02
  0.2931195948768531E+01 -0.9779481407203411E+00  0.1829824970229511E+02
  0.2923025509204947E+01 -0.9762091389691724E+00  0.2357919865164285E+02
  0.2914855058821443E+01 -0.9744049672502397E+00  0.2781153550590688E+02
  0.2906684598746917E+01 -0.9725357460067257E+00  0.3125917272403786E+02
  0.2898514129958549E+01 -0.9706016000244151E+00  0.3428649709668752E+02
  0.2890343653306462E+01 -0.9686026584233628E+00  0.3693689406994152E+02
  0.2882173169533725E+01 -0.9665390546492710E+00  0.3888111047943628E+02
  0.2874002679292686E+01 -0.9644109264645802E+00  0.4031790076153354E+02
  0.2865832183158409E+01 -0.9622184159392698E+00  0.4222825132568564E+02
  0.2857661681639792E+01 -0.9599616694413742E+00  0.4557644528372027E+02
  0.2849491175188815E+01 -0.9576408376272095E+00  0.5055618533597481E+02
  0.2841320664208285E+01 -0.9552560754313160E+00  0.5673246044220365E+02
  0.2833150149058343E+01 -0.9528075420561144E+00  0.6372432018099423E+02
  0.2824979630061970E+01 -0.9502954009612771E+00  0.7111662847106311E+02
  0.2816809107509663E+01 -0.9477198198528157E+00  0.7859769757197805E+02
  0.2808638581663412E+01 -0.9450809706718851E+00  0.8573332693076007E+02
  0.2800468052760122E+01 -0.9423790295833044E+00  0.9205204189722984E+02
  0.2792297521014540E+01 -0.9396141769637963E+00  0.9706423808261118E+02
  0.2784126986621790E+01 -0.9367865973899459E+00  0.1007315319770767E+03
  0.2775956449759565E+01 -0.9338964796258775E+00  0.1041741909389073E+03
  0.2767785910590029E+01 -0.9309440166106540E+00  0.1089253730915944E+03
  0.2759615369261481E+01 -0.9279294054453956E+00  0.1154865758477372E+03
  0.2751444825909805E+01 -0.9248528473801222E+00  0.1227184453444025E+03
  0.2743274280659743E+01 -0.9217145478003181E+00  0.1290987895565048E+03
  0.2735103733626014E+01 -0.9185147162132208E+00  0.1338224467650064E+03
  0.2726933184914305E+01 -0.9152535662338340E+00  0.1371755934014624E+03
  0.2718762634622138E+01 -0.9119313155706682E+00  0.1396809503818313E+03
  0.2710592082839649E+01 -0.9085481860112055E+00  0.1415466220679939E+03
  0.2702421529650271E+01 -0.9051044034070944E+00  0.1430138147629841E+03
  0.2694250975131350E+01 -0.9016001976590722E+00  0.1443792938075864E+03
  0.2686080419354687E+01 -0.8980358027016164E+00  0.1459925369622837E+03
  0.2677909862387029E+01 -0.8944114564873288E+00  0.1477482838036450E+03
  0.2669739304290507E+01 -0.8907274009710492E+00  0.1490813968699464E+03
  0.2661568745123026E+01 -0.8869838820937034E+00  0.1494411479599018E+03
  0.2653398184938621E+01 -0.8831811497658847E+00  0.1486253358264753E+03
  0.2645227623787777E+01 -0.8793194578511700E+00  0.1470029839856880E+03
  0.2637057061717711E+01 -0.8753990641491725E+00  0.1451428457005043E+03
  0.2628886498772639E+01 -0.8714202303783312E+00  0.1434432908804621E+03
  0.2620715934994006E+01 -0.8673832221584393E+00  0.1422733288507912E+03
  0.2612545370420704E+01 -0.8632883089929120E+00  0.1419120374241962E+03
  0.2604374805089263E+01 -0.8591357642507945E+00  0.1423633775545966E+03
  0.2596204239034032E+01 -0.8549258651485127E+00  0.1431288088948135E+03
  0.2588033672287335E+01 -0.8506588927313666E+00  0.1435130018820870E+03
  0.2579863104879621E+01 -0.8463351318547683E+00  0.1431538371906724E+03
  0.2571692536839600E+01 -0.8419548711652254E+00  0.1424026681439801E+03
  0.2563521968194363E+01 -0.8375184030810715E+00  0.1420942885826404E+03
  0.2555351398969496E+01 -0.8330260237729452E+00  0.1429688004137147E+03
  0.2547180829189184E+01 -0.8284780331440178E+00  0.1451255978954725E+03
  0.2539010258876304E+01 -0.8238747348099726E+00  0.1482648159933348E+03
  0.2530839688052518E+01 -0.8192164360787360E+00  0.1521414920145979E+03
  0.2522669116738345E+01 -0.8145034479299620E+00  0.1562653165361630E+03
  0.2514498544953243E+01 -0.8097360849942720E+00  0.1600194884748596E+03
  0.2506327972715673E+01 -0.8049146655322506E+00  0.1631030993525438E+03
  0.2498157400043163E+01 -0.8000395114131988E+00  0.1654697974260137E+03
  0.2489986826952370E+01 -0.7951109480936471E+00  0.1672276222917060E+03
  0.2481816253459126E+01 -0.7901293045956280E+00  0.1681946174813567E+03
  0.2473645679578500E+01 -0.7850949134847117E+00  0.1682338136162651E+03
  0.2465475105324832E+01 -0.7800081108478040E+00  0.1676685634844693E+03
  0.2457304530711785E+01 -0.7748692362707100E+00  0.1670142054678040E+03
  0.2449133955752385E+01 -0.7696786328154644E+00  0.1664124955796114E+03
  0.2440963380459050E+01 -0.7644366469974285E+00  0.1656571977916360E+03
  0.2432792804843637E+01 -0.7591436287621580E+00  0.1643104098593893E+03
  0.2424622228917462E+01 -0.7537999314620412E+00  0.1622793026358533E+03
  0.2416451652691339E+01 -0.7484059118327094E+00  0.1599452313371528E+03
  0.2408281076175607E+01 -0.7429619299692227E+00  0.1579631265069100E+03
  0.2400110499380152E+01 -0.7374683493020299E+00  0.1567496403200436E+03
  0.2391939922314436E+01 -0.7319255365727068E+00  0.1563133645625023E+03
  0.2383769344987516E+01 -0.7263338618094733E+00  0.1561601737630022E+03
  0.2375598767408072E+01 -0.7206936983024912E+00  0.1557663777444248E+03
  0.2367428189584419E+01 -0.7150054225789432E+00  0.1549877061736150E+03
  0.2359257611524532E+01 -0.7092694143778975E+00  0.1541098804278055E+03
  0.2351087033236062E+01 -0.7034860566249567E+00  0.1536151380994976E+03
  0.2342916454726351E+01 -0.6976557354066943E+00  0.1540268048691595E+03
  0.2334745876002450E+01 -0.6917788399448808E+00  0.1554275670524700E+03
  0.2326575297071134E+01 -0.6858557625704990E+00  0.1573569118249746E+03
  0.2318404717938913E+01 -0.6798868986975534E+00  0.1590010965235734E+03
  0.2310234138612046E+01 -0.6738726467966731E+00  0.1596040079410190E+03
  0.2302063559096557E+01 -0.6678134083685102E+00  0.1590070562604149E+03
  0.2293892979398239E+01 -0.6617095879169366E+00  0.1577986586385913E+03
  0.2285722399522673E+01 -0.6555615929220400E+00  0.1567900670431711E+03
  0.2277551819475234E+01 -0.6493698338129212E+00  0.1562261525838015E+03
  0.2269381239261100E+01 -0.6431347239402948E+00  0.1555861086829075E+03
  0.2261210658885265E+01 -0.6368566795488945E+00  0.1542188291926438E+03
  0.2253040078352542E+01 -0.6305361197496849E+00  0.1519054292507305E+03
  0.2244869497667577E+01 -0.6241734664918837E+00  0.1489070415667039E+03
  0.2236698916834853E+01 -0.6177691445347914E+00  0.1452541502554947E+03
  0.2228528335858699E+01 -0.6113235814194364E+00  0.1409532763548949E+03
  0.2220357754743295E+01 -0.6048372074400329E+00  0.1362947107021114E+03
  0.2212187173492683E+01 -0.5983104556152549E+00  0.1317023218746612E+03
  0.2204016592110768E+01 -0.5917437616593286E+00  0.1271791028182081E+03
  0.2195846010601326E+01 -0.5851375639529456E+00  0.1224017383719306E+03
  0.2187675428968010E+01 -0.5784923035139965E+00  0.1172112847893401E+03
  0.2179504847214357E+01 -0.5718084239681300E+00  0.1116643119479079E+03
  0.2171334265343789E+01 -0.5650863715191369E+00  0.1057803765892948E+03
  0.2163163683359622E+01 -0.5583265949191624E+00  0.9972945151918728E+02
  0.2154993101265066E+01 -0.5515295454387482E+00  0.9409600267175171E+02
  0.2146822519063234E+01 -0.5446956768367068E+00  0.8950951960190955E+02
  0.2138651936757143E+01 -0.5378254453298289E+00  0.8590732333622580E+02
  0.2130481354349721E+01 -0.5309193095624275E+00  0.8243375699365966E+02
  0.2122310771843806E+01 -0.5239777305757194E+00  0.7810575664570419E+02
  0.2114140189242155E+01 -0.5170011717770473E+00  0.7266153180766041E+02
  0.2105969606547443E+01 -0.5099900989089429E+00  0.6640201678630250E+02
  0.2097799023762269E+01 -0.5029449800180356E+00  0.5994594619519052E+02
  0.2089628440889158E+01 -0.4958662854238058E+00  0.5358140754809651E+02
  0.2081457857930564E+01 -0.4887544876871878E+00  0.4712762909272611E+02
  0.2073287274888874E+01 -0.4816100615790221E+00  0.4029363855384883E+02
  0.2065116691766407E+01 -0.4744334840483606E+00  0.3322452132406739E+02
  0.2056946108565423E+01 -0.4672252341906264E+00  0.2647914076329821E+02
  0.2048775525288118E+01 -0.4599857932156304E+00  0.2065299295552577E+02
  0.2040604941936635E+01 -0.4527156444154464E+00  0.1575255211699721E+02
  0.2032434358513056E+01 -0.4454152731321473E+00  0.1124788156224231E+02
  0.2024263775019413E+01 -0.4380851667254050E+00  0.6601795093696633E+01
  0.2016093191457685E+01 -0.4307258145399545E+00  0.1749189833862941E+01
  0.2007922607829804E+01 -0.4233377078729265E+00 -0.3202100101048299E+01
  0.1999752024137653E+01 -0.4159213399410494E+00 -0.7980753946088226E+01
  0.1991581440383068E+01 -0.4084772058477228E+00 -0.1231394483968170E+02
  0.1983410856567843E+01 -0.4010058025499653E+00 -0.1603012270149001E+02
  0.1975240272693730E+01 -0.3935076288252386E+00 -0.1929300483852835E+02
  0.1967069688762441E+01 -0.3859831852381501E+00 -0.2222311448488480E+02
  0.1958899104775647E+01 -0.3784329741070359E+00 -0.2508115779410040E+02
  0.1950728520734982E+01 -0.3708574994704271E+00 -0.2807274645726928E+02
  0.1942557936642046E+01 -0.3632572670534011E+00 -0.3142730488348796E+02
  0.1934387352498403E+01 -0.3556327842338202E+00 -0.3505246289447659E+02
  0.1926216768305583E+01 -0.3479845600084601E+00 -0.3877286761018391E+02
  0.1918046184065086E+01 -0.3403131049590297E+00 -0.4246034253404174E+02
  0.1909875599778379E+01 -0.3326189312180866E+00 -0.4605759201569287E+02
  0.1901705015446901E+01 -0.3249025524348469E+00 -0.4931007395504670E+02
  0.1893534431072063E+01 -0.3171644837408958E+00 -0.5205770333472928E+02
  0.1885363846655247E+01 -0.3094052417157978E+00 -0.5444405995668758E+02
  0.1877193262197810E+01 -0.3016253443526109E+00 -0.5682493887676755E+02
  0.1869022677701083E+01 -0.2938253110233064E+00 -0.5955358995061795E+02
  0.1860852093166375E+01 -0.2860056624440968E+00 -0.6280615823651285E+02
  0.1852681508594969E+01 -0.2781669206406729E+00 -0.6659968418761004E+02
  0.1844510923988128E+01 -0.2703096089133553E+00 -0.7066680977146741E+02
  0.1836340339347093E+01 -0.2624342518021592E+00 -0.7442424561273450E+02
  0.1828169754673083E+01 -0.2545413750517773E+00 -0.7748019617482183E+02
  0.1819999169967299E+01 -0.2466315055764818E+00 -0.7980293258522846E+02
  0.1811828585230925E+01 -0.2387051714249486E+00 -0.8167926181506515E+02
  0.1803658000465123E+01 -0.2307629017450062E+00 -0.8329527037804345E+02
  0.1795487415671042E+01 -0.2228052267483099E+00 -0.8491138347768558E+02
  0.1787316830849811E+01 -0.2148326776749467E+00 -0.8686737703151694E+02
  0.1779146246002545E+01 -0.2068457867579697E+00 -0.8970579867953340E+02
  0.1770975661130345E+01 -0.1988450871878683E+00 -0.9373981742655967E+02
  0.1762805076234296E+01 -0.1908311130769725E+00 -0.9901397128794656E+02
  0.1754634491315471E+01 -0.1828043994237966E+00 -0.1050570009572116E+03
  0.1746463906374929E+01 -0.1747654820773241E+00 -0.1109914730650387E+03
  0.1738293321413718E+01 -0.1667148977012352E+00 -0.1160496773597974E+03
  0.1730122736432872E+01 -0.1586531837380799E+00 -0.1200995309174774E+03
  0.1721952151433418E+01 -0.1505808783733995E+00 -0.1235860843474773E+03
  0.1713781566416370E+01 -0.1424985204997981E+00 -0.1271809880897743E+03
  0.1705610981382731E+01 -0.1344066496809675E+00 -0.1314113145523447E+03
  0.1697440396333499E+01 -0.1263058061156663E+00 -0.1365073299645007E+03
  0.1689269811269659E+01 -0.1181965306016578E+00 -0.1420898223933181E+03
  0.1681099226192191E+01 -0.1100793644996070E+00 -0.1475455722341208E+03
  0.1672928641102067E+01 -0.1019548496969404E+00 -0.1524748618100950E+03
  0.1664758056000250E+01 -0.9382352857167028E-01 -0.1568843217645211E+03
  0.1656587470887701E+01 -0.8568594395618719E-01 -0.1607613495483552E+03
  0.1648416885765370E+01 -0.7754263910102077E-01 -0.1640111152421820E+03
  0.1640246300634206E+01 -0.6939415763857371E-01 -0.1663303146868159E+03
  0.1632075715495151E+01 -0.6124104354682962E-01 -0.1676083373152453E+03
  0.1623905130349143E+01 -0.5308384111303818E-01 -0.1680055258390809E+03
  0.1615734545197117E+01 -0.4492309489737940E-01 -0.1679786570968925E+03
  0.1607563960040004E+01 -0.3675934969660982E-01 -0.1679330460208374E+03
  0.1599393374878733E+01 -0.2859315050769285E-01 -0.1681155802272750E+03
  0.1591222789714229E+01 -0.2042504249141571E-01 -0.1684251808992418E+03
  0.1583052204547419E+01 -0.1225557093599554E-01 -0.1689686401921799E+03
  0.1574881619379224E+01 -0.4085281220676868E-02 -0.1699267333625953E+03
  0.1566711034210569E+01  0.4085281220676868E-02 -0.1715134991730116E+03
  0.1558540449042374E+01  0.1225557093599554E-01 -0.1733712128937507E+03
  0.1550369863875564E+01  0.2042504249141571E-01 -0.1747575114320993E+03
  0.1542199278711061E+01  0.2859315050769285E-01 -0.1749658691273000E+03
  0.1534028693549790E+01  0.3675934969660982E-01 -0.1742360827451755E+03
  0.1525858108392677E+01  0.4492309489737940E-01 -0.1734742212371966E+03
  0.1517687523240650E+01  0.5308384111303818E-01 -0.1733509855840560E+03
  0.1509516938094642E+01  0.6124104354682962E-01 -0.1737759832266870E+03
  0.1501346352955587E+01  0.6939415763857371E-01 -0.1741387852587318E+03
  0.1493175767824423E+01  0.7754263910102077E-01 -0.1737006833745098E+03
  0.1485005182702093E+01  0.8568594395618719E-01 -0.1722126205814659E+03
  0.1476834597589543E+01  0.9382352857167028E-01 -0.1696485589273031E+03
  0.1468664012487727E+01  0.1019548496969404E+00 -0.1663381506676029E+03
  0.1460493427397602E+01  0.1100793644996070E+00 -0.1628985999669955E+03
  0.1452322842320134E+01  0.1181965306016578E+00 -0.1603444375159226E+03
  0.1444152257256294E+01  0.1263058061156663E+00 -0.1593790739802592E+03
  0.1435981672207062E+01  0.1344066496809675E+00 -0.1598947592423189E+03
  0.1427811087173423E+01  0.1424985204997981E+00 -0.1611131845355939E+03
  0.1419640502156375E+01  0.1505808783733995E+00 -0.1625169216827608E+03
  0.1411469917156921E+01  0.1586531837380799E+00 -0.1637745562418950E+03
  0.1403299332176076E+01  0.1667148977012352E+00 -0.1647939232813750E+03
  0.1395128747214864E+01  0.1747654820773241E+00 -0.1654709679345507E+03
  0.1386958162274323E+01  0.1828043994237966E+00 -0.1660913789306270E+03
  0.1378787577355497E+01  0.1908311130769725E+00 -0.1668732262589875E+03
  0.1370616992459449E+01  0.1988450871878683E+00 -0.1678660633038674E+03
  0.1362446407587248E+01  0.2068457867579697E+00 -0.1690110315217393E+03
  0.1354275822739983E+01  0.2148326776749467E+00 -0.1706622455800603E+03
  0.1346105237918751E+01  0.2228052267483099E+00 -0.1728867872554957E+03
  0.1337934653124670E+01  0.2307629017450062E+00 -0.1754087647043944E+03
  0.1329764068358868E+01  0.2387051714249486E+00 -0.1776081414769856E+03
  0.1321593483622494E+01  0.2466315055764818E+00 -0.1790589564374885E+03
  0.1313422898916710E+01  0.2545413750517773E+00 -0.1795802246249438E+03
  0.1305252314242701E+01  0.2624342518021592E+00 -0.1793423882979069E+03
  0.1297081729601665E+01  0.2703096089133553E+00 -0.1787588176135891E+03
  0.1288911144994824E+01  0.2781669206406729E+00 -0.1783791152839660E+03
  0.1280740560423418E+01  0.2860056624440968E+00 -0.1782192656352957E+03
  0.1272569975888710E+01  0.2938253110233064E+00 -0.1777170484584501E+03
  0.1264399391391984E+01  0.3016253443526109E+00 -0.1761337589224482E+03
  0.1256228806934547E+01  0.3094052417157978E+00 -0.1735399653469210E+03
  0.1248058222517730E+01  0.3171644837408958E+00 -0.1706541818836245E+03
  0.1239887638142892E+01  0.3249025524348469E+00 -0.1683108691009049E+03
  0.1231717053811414E+01  0.3326189312180866E+00 -0.1669821833887124E+03
  0.1223546469524707E+01  0.3403131049590297E+00 -0.1667422613638813E+03
  0.1215375885284210E+01  0.3479845600084601E+00 -0.1671575670225833E+03
  0.1207205301091390E+01  0.3556327842338202E+00 -0.1677076926937154E+03
  0.1199034716947747E+01  0.3632572670534011E+00 -0.1678515314694069E+03
  0.1190864132854811E+01  0.3708574994704271E+00 -0.1673062370201040E+03
  0.1182693548814147E+01  0.3784329741070359E+00 -0.1659560048880064E+03
  0.1174522964827352E+01  0.3859831852381501E+00 -0.1640361479134290E+03
  0.1166352380896063E+01  0.3935076288252386E+00 -0.1619192907285903E+03
  0.1158181797021950E+01  0.4010058025499653E+00 -0.1601502259772444E+03
  0.1150011213206726E+01  0.4084772058477228E+00 -0.1590074737756813E+03
  0.1141840629452141E+01  0.4159213399410494E+00 -0.1585998526447100E+03
  0.1133670045759989E+01  0.4233377078729265E+00 -0.1585480040430479E+03
  0.1125499462132108E+01  0.4307258145399545E+00 -0.1583598685195765E+03
  0.1117328878570381E+01  0.4380851667254050E+00 -0.1575264168861106E+03
  0.1109158295076737E+01  0.4454152731321473E+00 -0.1558766281278643E+03
  0.1100987711653159E+01  0.4527156444154464E+00 -0.1534144422155674E+03
  0.1092817128301675E+01  0.4599857932156304E+00 -0.1505482644339061E+03
  0.1084646545024371E+01  0.4672252341906264E+00 -0.1477694137397938E+03
  0.1076475961823386E+01  0.4744334840483606E+00 -0.1456563220547843E+03
  0.1068305378700920E+01  0.4816100615790221E+00 -0.1440353486838552E+03
  0.1060134795659229E+01  0.4887544876871878E+00 -0.1422715271500063E+03
  0.1051964212700635E+01  0.4958662854238058E+00 -0.1400805343421656E+03
  0.1043793629827524E+01  0.5029449800180356E+00 -0.1380414710803705E+03
  0.1035623047042350E+01  0.5099900989089429E+00 -0.1366752155470869E+03
  0.1027452464347638E+01  0.5170011717770473E+00 -0.1358632262291653E+03
  0.1019281881745987E+01  0.5239777305757194E+00 -0.1351488693991370E+03
  0.1011111299240073E+01  0.5309193095624275E+00 -0.1346739131463066E+03
  0.1002940716832650E+01  0.5378254453298289E+00 -0.1347184724819439E+03
  0.9947701345265596E+00  0.5446956768367068E+00 -0.1354470796299238E+03
  0.9865995523247275E+00  0.5515295454387482E+00 -0.1365729710788343E+03
  0.9784289702301714E+00  0.5583265949191624E+00 -0.1379134287833610E+03
  0.9702583882460036E+00  0.5650863715191369E+00 -0.1392515692423231E+03
  0.9620878063754359E+00  0.5718084239681300E+00 -0.1404212409551618E+03
  0.9539172246217830E+00  0.5784923035139965E+00 -0.1412687904178563E+03
  0.9457466429884676E+00  0.5851375639529456E+00 -0.1419673096435712E+03
  0.9375760614790253E+00  0.5917437616593286E+00 -0.1425207222786793E+03
  0.9294054800971098E+00  0.5983104556152549E+00 -0.1429884236804622E+03
  0.9212348988464978E+00  0.6048372074400329E+00 -0.1432585446257777E+03
  0.9130643177310944E+00  0.6113235814194364E+00 -0.1434298428633086E+03
  0.9048937367549402E+00  0.6177691445347914E+00 -0.1437059598204343E+03
  0.8967231559222163E+00  0.6241734664918837E+00 -0.1446114850864160E+03
  0.8885525752372514E+00  0.6305361197496849E+00 -0.1464042532840212E+03
  0.8803819947045285E+00  0.6368566795488945E+00 -0.1488295801173133E+03
  0.8722114143286931E+00  0.6431347239402948E+00 -0.1507236082184107E+03
  0.8640408341145595E+00  0.6493698338129212E+00 -0.1509777803321996E+03
  0.8558702540671204E+00  0.6555615929220400E+00 -0.1491242378423819E+03
  0.8476996741915547E+00  0.6617095879169366E+00 -0.1457179765802626E+03
  0.8395290944932369E+00  0.6678134083685102E+00 -0.1415397212610136E+03
  0.8313585149777468E+00  0.6738726467966731E+00 -0.1376027090220618E+03
  0.8231879356508802E+00  0.6798868986975534E+00 -0.1343224245552641E+03
  0.8150173565186587E+00  0.6858557625704990E+00 -0.1316920852046620E+03
  0.8068467775873427E+00  0.6917788399448808E+00 -0.1290580865856010E+03
  0.7986761988634423E+00  0.6976557354066943E+00 -0.1259568302023866E+03
  0.7905056203537315E+00  0.7034860566249567E+00 -0.1219695717245806E+03
  0.7823350420652612E+00  0.7092694143778975E+00 -0.1168879521568544E+03
  0.7741644640053743E+00  0.7150054225789432E+00 -0.1104777631309158E+03
  0.7659938861817212E+00  0.7206936983024912E+00 -0.1031532047207336E+03
  0.7578233086022768E+00  0.7263338618094733E+00 -0.9553985049189490E+02
  0.7496527312753575E+00  0.7319255365727068E+00 -0.8816358930629421E+02
  0.7414821542096410E+00  0.7374683493020299E+00 -0.8105070819442832E+02
  0.7333115774141861E+00  0.7429619299692227E+00 -0.7402554937970000E+02
  0.7251410008984539E+00  0.7484059118327094E+00 -0.6656189354758294E+02
  0.7169704246723316E+00  0.7537999314620412E+00 -0.5819760141045455E+02
  0.7087998487461566E+00  0.7591436287621580E+00 -0.4879417853980219E+02
  0.7006292731307425E+00  0.7644366469974285E+00 -0.3924910995155180E+02
  0.6924586978374083E+00  0.7696786328154644E+00 -0.3007821803092108E+02
  0.6842881228780077E+00  0.7748692362707100E+00 -0.2103300753670752E+02
  0.6761175482649616E+00  0.7800081108478040E+00 -0.1139128204754183E+02
  0.6679469740112938E+00  0.7850949134847117E+00 -0.1002789406837528E+01
  0.6597764001306670E+00  0.7901293045956280E+00  0.1022995503542984E+02
  0.6516058266374236E+00  0.7951109480936471E+00  0.2233076771911815E+02
  0.6434352535466297E+00  0.8000395114131988E+00  0.3537695079586302E+02
  0.6352646808741202E+00  0.8049146655322506E+00  0.4878292041122241E+02
  0.6270941086365502E+00  0.8097360849942720E+00  0.6214803113031082E+02
  0.6189235368514482E+00  0.8145034479299620E+00  0.7534626471102094E+02
  0.6107529655372755E+00  0.8192164360787360E+00  0.8855537037300489E+02
  0.6025823947134890E+00  0.8238747348099726E+00  0.1016398687387369E+03
  0.5944118244006098E+00  0.8284780331440178E+00  0.1147338491716909E+03
  0.5862412546202973E+00  0.8330260237729452E+00  0.1283321986931131E+03
  0.5780706853954301E+00  0.8375184030810715E+00  0.1430450591604184E+03
  0.5699001167501928E+00  0.8419548711652254E+00  0.1587632595935512E+03
  0.5617295487101719E+00  0.8463351318547683E+00  0.1751026647233917E+03
  0.5535589813024583E+00  0.8506588927313666E+00  0.1913016699605095E+03
  0.5453884145557613E+00  0.8549258651485127E+00  0.2067752517605988E+03
  0.5372178485005299E+00  0.8591357642507945E+00  0.2211608257634502E+03
  0.5290472831690897E+00  0.8632883089929120E+00  0.2353012603334080E+03
  0.5208767185957875E+00  0.8673832221584393E+00  0.2500528599911557E+03
  0.5127061548171545E+00  0.8714202303783312E+00  0.2656718559281209E+03
  0.5045355918720822E+00  0.8753990641491725E+00  0.2813156873736945E+03
  0.4963650298020162E+00  0.8793194578511700E+00  0.2965454220391076E+03
  0.4881944686511717E+00  0.8831811497658847E+00  0.3112602053652347E+03
  0.4800239084667671E+00  0.8869838820937034E+00  0.3258679411816481E+03
  0.4718533492992859E+00  0.8907274009710492E+00  0.3402834311409565E+03
  0.4636827912027636E+00  0.8944114564873288E+00  0.3546499913869481E+03
  0.4555122342351060E+00  0.8980358027016164E+00  0.3685201324241356E+03
  0.4473416784584431E+00  0.9016001976590722E+00  0.3815068312105159E+03
  0.4391711239395221E+00  0.9051044034070944E+00  0.3938492324186968E+03
  0.4310005707501444E+00  0.9085481860112055E+00  0.4068766136529717E+03
  0.4228300189676551E+00  0.9119313155706682E+00  0.4215459210806994E+03
  0.4146594686754885E+00  0.9152535662338340E+00  0.4382060867222735E+03
  0.4064889199637791E+00  0.9185147162132208E+00  0.4563708957079498E+03
  0.3983183729300507E+00  0.9217145478003181E+00  0.4759094673528176E+03
  0.3901478276799883E+00  0.9248528473801222E+00  0.4962912051975321E+03
  0.3819772843283120E+00  0.9279294054453956E+00  0.5169186571077660E+03
  0.3738067429997641E+00  0.9309440166106540E+00  0.5370423194460475E+03
  0.3656362038302282E+00  0.9338964796258775E+00  0.5566476619784053E+03
  0.3574656669680030E+00  0.9367865973899459E+00  0.5753771256188521E+03
  0.3492951325752533E+00  0.9396141769637963E+00  0.5934264579961456E+03
  0.3411246008296713E+00  0.9423790295833044E+00  0.6108739622788447E+03
  0.3329540719263814E+00  0.9450809706718851E+00  0.6282445970617269E+03
  0.3247835460801308E+00  0.9477198198528157E+00  0.6452857576589397E+03
  0.3166130235278230E+00  0.9502954009612771E+00  0.6625725981292703E+03
  0.3084425045314506E+00  0.9528075420561144E+00  0.6811428434274945E+03
  0.3002719893815085E+00  0.9552560754313160E+00  0.7022011336299391E+03
  0.2921014784009779E+00  0.9576408376272095E+00  0.7255634707779942E+03
  0.2839309719500016E+00  0.9599616694413742E+00  0.7511348018391325E+03
  0.2757604704313845E+00  0.9622184159392698E+00  0.7783284631026710E+03
  0.2675899742971076E+00  0.9644109264645802E+00  0.8069465626337446E+03
  0.2594194840560681E+00  0.9665390546492710E+00  0.8358395326071557E+03
  0.2512490002833307E+00  0.9686026584233628E+00  0.8643825419934188E+03
  0.2430785236312446E+00  0.9706016000244151E+00  0.8917514561239954E+03
  0.2349080548428762E+00  0.9725357460067257E+00  0.9177931428079011E+03
  0.2267375947683499E+00  0.9744049672502397E+00  0.9426251962076749E+03
  0.2185671443848464E+00  0.9762091389691724E+00  0.9683657509501763E+03
  0.2103967048212628E+00  0.9779481407203411E+00  0.9964295825363304E+03
  0.2022262773888417E+00  0.9796218564112101E+00  0.1026782923395697E+04
  0.1940558636195398E+00  0.9812301743076443E+00  0.1057718342000025E+04
  0.1858854653144977E+00  0.9827729870413743E+00  0.1089876899251165E+04
  0.1777150846058812E+00  0.9842501916171713E+00  0.1124176098203055E+04
  0.1695447240365762E+00  0.9856616894197333E+00  0.1160690525517698E+04
  0.1613743866640789E+00  0.9870073862202815E+00  0.1198051653103610E+04
  0.1532040761975885E+00  0.9882871921828699E+00  0.1237734942328978E+04
  0.1450337971813853E+00  0.9895010218704087E+00  0.1280385354175687E+04
  0.1368635552438019E+00  0.9906487942504061E+00  0.1325766158635344E+04
  0.1286933574408989E+00  0.9917304327004320E+00  0.1372649538820996E+04
  0.1205232127396896E+00  0.9927458650133153E+00  0.1423794542726408E+04
  0.1123531327118049E+00  0.9936950234020883E+00  0.1480939667471290E+04
  0.1041831325528455E+00  0.9945778445047068E+00  0.1544365151461246E+04
  0.9601323262085862E-01  0.9953942693885953E+00  0.1612508810471070E+04
  0.8784346083082471E-01  0.9961442435551087E+00  0.1686962952554641E+04
  0.7967385651719167E-01  0.9968277169440913E+00  0.1766649445569738E+04
  0.7150447693306423E-01  0.9974446439389107E+00  0.1852090007327897E+04
  0.6333540875299180E-01  0.9979949833727938E+00  0.1947747662319223E+04
  0.5516678972815772E-01  0.9984786985384589E+00  0.2064110514537107E+04
  0.4699885272846815E-01  0.9988957572063257E+00  0.2205513188731951E+04
  0.3883202470742381E-01  0.9992461316671845E+00  0.2388243205512528E+04
  0.3066718105470672E-01  0.9995297988558859E+00  0.2654156315725780E+04
  0.2250643816359393E-01  0.9997467408113523E+00  0.3048136842383143E+04
  0.1435650599352885E-01  0.9998969471378596E+00  0.3523596340523085E+04
  0.6254421014113626E-02  0.9999804411726474E+00  0.3907017803704801E+04
