# nlmax, ncor, nside =         383           1         128
  0.3135338232575680E+01 -0.9999804411726474E+00  0.5875291956975772E+06
  0.3127236147596264E+01 -0.9998969471378596E+00  0.5804335121397781E+06
  0.3119086215426199E+01 -0.9997467408113523E+00  0.5722253544767755E+06
  0.3110925472535087E+01 -0.9995297988558859E+00  0.5651506087585376E+06
  0.3102760628882369E+01 -0.9992461316671845E+00  0.5589246905537496E+06
  0.3094593800861325E+01 -0.9988957572063257E+00  0.5550900363129237E+06
  0.3086425863861635E+01 -0.9984786985384589E+00  0.5538629536190314E+06
  0.3078257244836801E+01 -0.9979949833727938E+00  0.5520432298995772E+06
  0.3070088176656729E+01 -0.9974446439389107E+00  0.5471032886852798E+06
  0.3061918797072602E+01 -0.9968277169440913E+00  0.5410605961849783E+06
  0.3053749192758969E+01 -0.9961442435551087E+00  0.5362988218393094E+06
  0.3045579420968934E+01 -0.9953942693885953E+00  0.5330272935869093E+06
  0.3037409521036948E+01 -0.9945778445047068E+00  0.5318615228061955E+06
  0.3029239520877988E+01 -0.9936950234020883E+00  0.5305520311860361E+06
  0.3021069440850104E+01 -0.9927458650133153E+00  0.5289483463468970E+06
  0.3012899296148894E+01 -0.9917304327004320E+00  0.5267026587665097E+06
  0.3004729098345992E+01 -0.9906487942504061E+00  0.5238120094774176E+06
  0.2996558856408408E+01 -0.9895010218704087E+00  0.5203804295204993E+06
  0.2988388577392205E+01 -0.9882871921828699E+00  0.5176348365429931E+06
  0.2980218266925714E+01 -0.9870073862202815E+00  0.5162245311474909E+06
  0.2972047929553217E+01 -0.9856616894197333E+00  0.5160832932639803E+06
  0.2963877568983912E+01 -0.9842501916171713E+00  0.5157800028401171E+06
  0.2955707188275296E+01 -0.9827729870413743E+00  0.5149359539663738E+06
  0.2947536789970254E+01 -0.9812301743076443E+00  0.5138506284006763E+06
  0.2939366376200951E+01 -0.9796218564112101E+00  0.5126959752195759E+06
  0.2931195948768531E+01 -0.9779481407203411E+00  0.5113495215724306E+06
  0.2923025509204947E+01 -0.9762091389691724E+00  0.5106444756116964E+06
  0.2914855058821443E+01 -0.9744049672502397E+00  0.5103681761231120E+06
  0.2906684598746917E+01 -0.9725357460067257E+00  0.5109139628018274E+06
  0.2898514129958549E+01 -0.9706016000244151E+00  0.5119707383089238E+06
  0.2890343653306462E+01 -0.9686026584233628E+00  0.5128700843659671E+06
  0.2882173169533725E+01 -0.9665390546492710E+00  0.5124216079162052E+06
  0.2874002679292686E+01 -0.9644109264645802E+00  0.5107528104631250E+06
  0.2865832183158409E+01 -0.9622184159392698E+00  0.5085307775381676E+06
  0.2857661681639792E+01 -0.9599616694413742E+00  0.5059107677560459E+06
  0.2849491175188815E+01 -0.9576408376272095E+00  0.5035933680982433E+06
  0.2841320664208285E+01 -0.9552560754313160E+00  0.5023916391038689E+06
  0.2833150149058343E+01 -0.9528075420561144E+00  0.5022831093562294E+06
  0.2824979630061970E+01 -0.9502954009612771E+00  0.5019498652951794E+06
  0.2816809107509663E+01 -0.9477198198528157E+00  0.5014601204888795E+06
  0.2808638581663412E+01 -0.9450809706718851E+00  0.5003542292459565E+06
  0.2800468052760122E+01 -0.9423790295833044E+00  0.4992680409050798E+06
  0.2792297521014540E+01 -0.9396141769637963E+00  0.4983373737068669E+06
  0.2784126986621790E+01 -0.9367865973899459E+00  0.4980340233532033E+06
  0.2775956449759565E+01 -0.9338964796258775E+00  0.4988481132669425E+06
  0.2767785910590029E+01 -0.9309440166106540E+00  0.5011135663738318E+06
  0.2759615369261481E+01 -0.9279294054453956E+00  0.5047667498220728E+06
  0.2751444825909805E+01 -0.9248528473801222E+00  0.5085659034231621E+06
  0.2743274280659743E+01 -0.9217145478003181E+00  0.5119189825228982E+06
  0.2735103733626014E+01 -0.9185147162132208E+00  0.5153610495170552E+06
  0.2726933184914305E+01 -0.9152535662338340E+00  0.5181405776825035E+06
  0.2718762634622138E+01 -0.9119313155706682E+00  0.5206227927687640E+06
  0.2710592082839649E+01 -0.9085481860112055E+00  0.5229881295220086E+06
  0.2702421529650271E+01 -0.9051044034070944E+00  0.5243501497484009E+06
  0.2694250975131350E+01 -0.9016001976590722E+00  0.5248347012313168E+06
  0.2686080419354687E+01 -0.8980358027016164E+00  0.5254764635391574E+06
  0.2677909862387029E+01 -0.8944114564873288E+00  0.5271845113082897E+06
  0.2669739304290507E+01 -0.8907274009710492E+00  0.5295570821327992E+06
  0.2661568745123026E+01 -0.8869838820937034E+00  0.5319844527116718E+06
  0.2653398184938621E+01 -0.8831811497658847E+00  0.5340784643515589E+06
  0.2645227623787777E+01 -0.8793194578511700E+00  0.5352964331940333E+06
  0.2637057061717711E+01 -0.8753990641491725E+00  0.5365444620953512E+06
  0.2628886498772639E+01 -0.8714202303783312E+00  0.5381507990349211E+06
  0.2620715934994006E+01 -0.8673832221584393E+00  0.5398282870874660E+06
  0.2612545370420704E+01 -0.8632883089929120E+00  0.5415816129209131E+06
  0.2604374805089263E+01 -0.8591357642507945E+00  0.5433762727938718E+06
  0.2596204239034032E+01 -0.8549258651485127E+00  0.5447888235533570E+06
  0.2588033672287335E+01 -0.8506588927313666E+00  0.5449016619169702E+06
  0.2579863104879621E+01 -0.8463351318547683E+00  0.5449288590013263E+06
  0.2571692536839600E+01 -0.8419548711652254E+00  0.5454220258684412E+06
  0.2563521968194363E+01 -0.8375184030810715E+00  0.5457210993454339E+06
  0.2555351398969496E+01 -0.8330260237729452E+00  0.5452725982470432E+06
  0.2547180829189184E+01 -0.8284780331440178E+00  0.5441163187816355E+06
  0.2539010258876304E+01 -0.8238747348099726E+00  0.5428322869189836E+06
  0.2530839688052518E+01 -0.8192164360787360E+00  0.5416250361404172E+06
  0.2522669116738345E+01 -0.8145034479299620E+00  0.5412605998978767E+06
  0.2514498544953243E+01 -0.8097360849942720E+00  0.5408999558567454E+06
  0.2506327972715673E+01 -0.8049146655322506E+00  0.5403861907161380E+06
  0.2498157400043163E+01 -0.8000395114131988E+00  0.5395179862361044E+06
  0.2489986826952370E+01 -0.7951109480936471E+00  0.5386286040220010E+06
  0.2481816253459126E+01 -0.7901293045956280E+00  0.5373131632820523E+06
  0.2473645679578500E+01 -0.7850949134847117E+00  0.5354608129913392E+06
  0.2465475105324832E+01 -0.7800081108478040E+00  0.5336272204734340E+06
  0.2457304530711785E+01 -0.7748692362707100E+00  0.5326970276243394E+06
  0.2449133955752385E+01 -0.7696786328154644E+00  0.5331667062364850E+06
  0.2440963380459050E+01 -0.7644366469974285E+00  0.5351173605199200E+06
  0.2432792804843637E+01 -0.7591436287621580E+00  0.5377258613618441E+06
  0.2424622228917462E+01 -0.7537999314620412E+00  0.5394258156281331E+06
  0.2416451652691339E+01 -0.7484059118327094E+00  0.5399498973614216E+06
  0.2408281076175607E+01 -0.7429619299692227E+00  0.5395555167665196E+06
  0.2400110499380152E+01 -0.7374683493020299E+00  0.5381293905976753E+06
  0.2391939922314436E+01 -0.7319255365727068E+00  0.5357395765638944E+06
  0.2383769344987516E+01 -0.7263338618094733E+00  0.5331843965154745E+06
  0.2375598767408072E+01 -0.7206936983024912E+00  0.5307456984369523E+06
  0.2367428189584419E+01 -0.7150054225789432E+00  0.5288915630037022E+06
  0.2359257611524532E+01 -0.7092694143778975E+00  0.5272919330604717E+06
  0.2351087033236062E+01 -0.7034860566249567E+00  0.5255279064069360E+06
  0.2342916454726351E+01 -0.6976557354066943E+00  0.5241645336913717E+06
  0.2334745876002450E+01 -0.6917788399448808E+00  0.5238486307220531E+06
  0.2326575297071134E+01 -0.6858557625704990E+00  0.5237277685789941E+06
  0.2318404717938913E+01 -0.6798868986975534E+00  0.5233059924896493E+06
  0.2310234138612046E+01 -0.6738726467966731E+00  0.5224257052861787E+06
  0.2302063559096557E+01 -0.6678134083685102E+00  0.5206797489225228E+06
  0.2293892979398239E+01 -0.6617095879169366E+00  0.5186560065126237E+06
  0.2285722399522673E+01 -0.6555615929220400E+00  0.5169475540522643E+06
  0.2277551819475234E+01 -0.6493698338129212E+00  0.5154628354928754E+06
  0.2269381239261100E+01 -0.6431347239402948E+00  0.5144265946331512E+06
  0.2261210658885265E+01 -0.6368566795488945E+00  0.5134149943892788E+06
  0.2253040078352542E+01 -0.6305361197496849E+00  0.5119928652234670E+06
  0.2244869497667577E+01 -0.6241734664918837E+00  0.5102560416257166E+06
  0.2236698916834853E+01 -0.6177691445347914E+00  0.5083866774593816E+06
  0.2228528335858699E+01 -0.6113235814194364E+00  0.5065447817562448E+06
  0.2220357754743295E+01 -0.6048372074400329E+00  0.5045980540097886E+06
  0.2212187173492683E+01 -0.5983104556152549E+00  0.5025080313797026E+06
  0.2204016592110768E+01 -0.5917437616593286E+00  0.5000108736944264E+06
  0.2195846010601326E+01 -0.5851375639529456E+00  0.4978598541483791E+06
  0.2187675428968010E+01 -0.5784923035139965E+00  0.4963709178813023E+06
  0.2179504847214357E+01 -0.5718084239681300E+00  0.4958038309769770E+06
  0.2171334265343789E+01 -0.5650863715191369E+00  0.4959545307679180E+06
  0.2163163683359622E+01 -0.5583265949191624E+00  0.4960358693337883E+06
  0.2154993101265066E+01 -0.5515295454387482E+00  0.4954265030274282E+06
  0.2146822519063234E+01 -0.5446956768367068E+00  0.4945507778931628E+06
  0.2138651936757143E+01 -0.5378254453298289E+00  0.4938033908755518E+06
  0.2130481354349721E+01 -0.5309193095624275E+00  0.4930914019836758E+06
  0.2122310771843806E+01 -0.5239777305757194E+00  0.4923251103219484E+06
  0.2114140189242155E+01 -0.5170011717770473E+00  0.4915437326672450E+06
  0.2105969606547443E+01 -0.5099900989089429E+00  0.4909819764666986E+06
  0.2097799023762269E+01 -0.5029449800180356E+00  0.4908483482217114E+06
  0.2089628440889158E+01 -0.4958662854238058E+00  0.4911895351394319E+06
  0.2081457857930564E+01 -0.4887544876871878E+00  0.4923634422533563E+06
  0.2073287274888874E+01 -0.4816100615790221E+00  0.4942917641182621E+06
  0.2065116691766407E+01 -0.4744334840483606E+00  0.4963535289565969E+06
  0.2056946108565423E+01 -0.4672252341906264E+00  0.4978828425527436E+06
  0.2048775525288118E+01 -0.4599857932156304E+00  0.4987992379851725E+06
  0.2040604941936635E+01 -0.4527156444154464E+00  0.4992464173262174E+06
  0.2032434358513056E+01 -0.4454152731321473E+00  0.4997865860294650E+06
  0.2024263775019413E+01 -0.4380851667254050E+00  0.5007505301956597E+06
  0.2016093191457685E+01 -0.4307258145399545E+00  0.5025033841528963E+06
  0.2007922607829804E+01 -0.4233377078729265E+00  0.5041134123687833E+06
  0.1999752024137653E+01 -0.4159213399410494E+00  0.5051899474976535E+06
  0.1991581440383068E+01 -0.4084772058477228E+00  0.5055132528635436E+06
  0.1983410856567843E+01 -0.4010058025499653E+00  0.5057573877488280E+06
  0.1975240272693730E+01 -0.3935076288252386E+00  0.5063043167731354E+06
  0.1967069688762441E+01 -0.3859831852381501E+00  0.5071150154227653E+06
  0.1958899104775647E+01 -0.3784329741070359E+00  0.5082670975048231E+06
  0.1950728520734982E+01 -0.3708574994704271E+00  0.5097045966349178E+06
  0.1942557936642046E+01 -0.3632572670534011E+00  0.5108494193960245E+06
  0.1934387352498403E+01 -0.3556327842338202E+00  0.5113288853127808E+06
  0.1926216768305583E+01 -0.3479845600084601E+00  0.5112683104535611E+06
  0.1918046184065086E+01 -0.3403131049590297E+00  0.5109396138098811E+06
  0.1909875599778379E+01 -0.3326189312180866E+00  0.5104040707537193E+06
  0.1901705015446901E+01 -0.3249025524348469E+00  0.5098287695452054E+06
  0.1893534431072063E+01 -0.3171644837408958E+00  0.5093133861073395E+06
  0.1885363846655247E+01 -0.3094052417157978E+00  0.5090530471672839E+06
  0.1877193262197810E+01 -0.3016253443526109E+00  0.5091566816095352E+06
  0.1869022677701083E+01 -0.2938253110233064E+00  0.5099355927280733E+06
  0.1860852093166375E+01 -0.2860056624440968E+00  0.5110123791060479E+06
  0.1852681508594969E+01 -0.2781669206406729E+00  0.5123329880305707E+06
  0.1844510923988128E+01 -0.2703096089133553E+00  0.5131706744628613E+06
  0.1836340339347093E+01 -0.2624342518021592E+00  0.5137739627512731E+06
  0.1828169754673083E+01 -0.2545413750517773E+00  0.5138320207592692E+06
  0.1819999169967299E+01 -0.2466315055764818E+00  0.5134098214531378E+06
  0.1811828585230925E+01 -0.2387051714249486E+00  0.5122290918845668E+06
  0.1803658000465123E+01 -0.2307629017450062E+00  0.5102072575481049E+06
  0.1795487415671042E+01 -0.2228052267483099E+00  0.5076461154487742E+06
  0.1787316830849811E+01 -0.2148326776749467E+00  0.5046189480806416E+06
  0.1779146246002545E+01 -0.2068457867579697E+00  0.5015391183713439E+06
  0.1770975661130345E+01 -0.1988450871878683E+00  0.4988110426202276E+06
  0.1762805076234296E+01 -0.1908311130769725E+00  0.4964864898647165E+06
  0.1754634491315471E+01 -0.1828043994237966E+00  0.4954717705620801E+06
  0.1746463906374929E+01 -0.1747654820773241E+00  0.4950341013651700E+06
  0.1738293321413718E+01 -0.1667148977012352E+00  0.4947860097131634E+06
  0.1730122736432872E+01 -0.1586531837380799E+00  0.4944818690183125E+06
  0.1721952151433418E+01 -0.1505808783733995E+00  0.4943919045954673E+06
  0.1713781566416370E+01 -0.1424985204997981E+00  0.4938629611884207E+06
  0.1705610981382731E+01 -0.1344066496809675E+00  0.4934599802817761E+06
  0.1697440396333499E+01 -0.1263058061156663E+00  0.4932673021180735E+06
  0.1689269811269659E+01 -0.1181965306016578E+00  0.4932186955888048E+06
  0.1681099226192191E+01 -0.1100793644996070E+00  0.4929635104242939E+06
  0.1672928641102067E+01 -0.1019548496969404E+00  0.4927219293321734E+06
  0.1664758056000250E+01 -0.9382352857167028E-01  0.4926123836107232E+06
  0.1656587470887701E+01 -0.8568594395618719E-01  0.4929332186133378E+06
  0.1648416885765370E+01 -0.7754263910102077E-01  0.4931854072462465E+06
  0.1640246300634206E+01 -0.6939415763857371E-01  0.4932136376067816E+06
  0.1632075715495151E+01 -0.6124104354682962E-01  0.4930888275209180E+06
  0.1623905130349143E+01 -0.5308384111303818E-01  0.4928574378293567E+06
  0.1615734545197117E+01 -0.4492309489737940E-01  0.4931215322695781E+06
  0.1607563960040004E+01 -0.3675934969660982E-01  0.4938201947912200E+06
  0.1599393374878733E+01 -0.2859315050769285E-01  0.4948200971600216E+06
  0.1591222789714229E+01 -0.2042504249141571E-01  0.4964368237290007E+06
  0.1583052204547419E+01 -0.1225557093599554E-01  0.4982674893006654E+06
  0.1574881619379224E+01 -0.4085281220676868E-02  0.5001315049794966E+06
  0.1566711034210569E+01  0.4085281220676868E-02  0.5015076886145762E+06
  0.1558540449042374E+01  0.1225557093599554E-01  0.5026442259390917E+06
  0.1550369863875564E+01  0.2042504249141571E-01  0.5037074522765928E+06
  0.1542199278711061E+01  0.2859315050769285E-01  0.5053455654353867E+06
  0.1534028693549790E+01  0.3675934969660982E-01  0.5071158914621693E+06
  0.1525858108392677E+01  0.4492309489737940E-01  0.5086785696795764E+06
  0.1517687523240650E+01  0.5308384111303818E-01  0.5090957680533305E+06
  0.1509516938094642E+01  0.6124104354682962E-01  0.5080428274720385E+06
  0.1501346352955587E+01  0.6939415763857371E-01  0.5060008673692033E+06
  0.1493175767824423E+01  0.7754263910102077E-01  0.5044123117803618E+06
  0.1485005182702093E+01  0.8568594395618719E-01  0.5036157293065729E+06
  0.1476834597589543E+01  0.9382352857167028E-01  0.5033493873415281E+06
  0.1468664012487727E+01  0.1019548496969404E+00  0.5027764578254030E+06
  0.1460493427397602E+01  0.1100793644996070E+00  0.5020268783808945E+06
  0.1452322842320134E+01  0.1181965306016578E+00  0.5004583265114263E+06
  0.1444152257256294E+01  0.1263058061156663E+00  0.4980191164289278E+06
  0.1435981672207062E+01  0.1344066496809675E+00  0.4951217424990526E+06
  0.1427811087173423E+01  0.1424985204997981E+00  0.4927073349981871E+06
  0.1419640502156375E+01  0.1505808783733995E+00  0.4912361791762709E+06
  0.1411469917156921E+01  0.1586531837380799E+00  0.4907840412914238E+06
  0.1403299332176076E+01  0.1667148977012352E+00  0.4910454198496296E+06
  0.1395128747214864E+01  0.1747654820773241E+00  0.4922169858498767E+06
  0.1386958162274323E+01  0.1828043994237966E+00  0.4941082707174727E+06
  0.1378787577355497E+01  0.1908311130769725E+00  0.4959739786493367E+06
  0.1370616992459449E+01  0.1988450871878683E+00  0.4980296846025132E+06
  0.1362446407587248E+01  0.2068457867579697E+00  0.5002912715880256E+06
  0.1354275822739983E+01  0.2148326776749467E+00  0.5023078230604174E+06
  0.1346105237918751E+01  0.2228052267483099E+00  0.5042238574702914E+06
  0.1337934653124670E+01  0.2307629017450062E+00  0.5060998826253277E+06
  0.1329764068358868E+01  0.2387051714249486E+00  0.5078347974142014E+06
  0.1321593483622494E+01  0.2466315055764818E+00  0.5091782592654941E+06
  0.1313422898916710E+01  0.2545413750517773E+00  0.5105220443806627E+06
  0.1305252314242701E+01  0.2624342518021592E+00  0.5115265802326459E+06
  0.1297081729601665E+01  0.2703096089133553E+00  0.5121469066218903E+06
  0.1288911144994824E+01  0.2781669206406729E+00  0.5123440168308401E+06
  0.1280740560423418E+01  0.2860056624440968E+00  0.5122269355170889E+06
  0.1272569975888710E+01  0.2938253110233064E+00  0.5115877097789348E+06
  0.1264399391391984E+01  0.3016253443526109E+00  0.5113297586318654E+06
  0.1256228806934547E+01  0.3094052417157978E+00  0.5112938963329428E+06
  0.1248058222517730E+01  0.3171644837408958E+00  0.5123817109810528E+06
  0.1239887638142892E+01  0.3249025524348469E+00  0.5139191185788120E+06
  0.1231717053811414E+01  0.3326189312180866E+00  0.5151127097271357E+06
  0.1223546469524707E+01  0.3403131049590297E+00  0.5157346075375161E+06
  0.1215375885284210E+01  0.3479845600084601E+00  0.5165191080623721E+06
  0.1207205301091390E+01  0.3556327842338202E+00  0.5168465134338737E+06
  0.1199034716947747E+01  0.3632572670534011E+00  0.5170187498176029E+06
  0.1190864132854811E+01  0.3708574994704271E+00  0.5174050608716949E+06
  0.1182693548814147E+01  0.3784329741070359E+00  0.5174894913332609E+06
  0.1174522964827352E+01  0.3859831852381501E+00  0.5167436448819570E+06
  0.1166352380896063E+01  0.3935076288252386E+00  0.5157821519020338E+06
  0.1158181797021950E+01  0.4010058025499653E+00  0.5148361838648746E+06
  0.1150011213206726E+01  0.4084772058477228E+00  0.5149713472585021E+06
  0.1141840629452141E+01  0.4159213399410494E+00  0.5157893953457880E+06
  0.1133670045759989E+01  0.4233377078729265E+00  0.5167153197947846E+06
  0.1125499462132108E+01  0.4307258145399545E+00  0.5166601588539959E+06
  0.1117328878570381E+01  0.4380851667254050E+00  0.5156823740975376E+06
  0.1109158295076737E+01  0.4454152731321473E+00  0.5145784502216561E+06
  0.1100987711653159E+01  0.4527156444154464E+00  0.5147246296671848E+06
  0.1092817128301675E+01  0.4599857932156304E+00  0.5148103549550526E+06
  0.1084646545024371E+01  0.4672252341906264E+00  0.5150797857470515E+06
  0.1076475961823386E+01  0.4744334840483606E+00  0.5159908270798986E+06
  0.1068305378700920E+01  0.4816100615790221E+00  0.5180895484820320E+06
  0.1060134795659229E+01  0.4887544876871878E+00  0.5203577037571009E+06
  0.1051964212700635E+01  0.4958662854238058E+00  0.5225398821695173E+06
  0.1043793629827524E+01  0.5029449800180356E+00  0.5242197095857558E+06
  0.1035623047042350E+01  0.5099900989089429E+00  0.5257869312241934E+06
  0.1027452464347638E+01  0.5170011717770473E+00  0.5271599865045279E+06
  0.1019281881745987E+01  0.5239777305757194E+00  0.5280572276153549E+06
  0.1011111299240073E+01  0.5309193095624275E+00  0.5276456403660540E+06
  0.1002940716832650E+01  0.5378254453298289E+00  0.5272854739322311E+06
  0.9947701345265596E+00  0.5446956768367068E+00  0.5268674105851885E+06
  0.9865995523247275E+00  0.5515295454387482E+00  0.5261025991611209E+06
  0.9784289702301714E+00  0.5583265949191624E+00  0.5249407190890656E+06
  0.9702583882460036E+00  0.5650863715191369E+00  0.5242014595196839E+06
  0.9620878063754359E+00  0.5718084239681300E+00  0.5237639226729351E+06
  0.9539172246217830E+00  0.5784923035139965E+00  0.5239983422320464E+06
  0.9457466429884676E+00  0.5851375639529456E+00  0.5239224904164023E+06
  0.9375760614790253E+00  0.5917437616593286E+00  0.5241073760085571E+06
  0.9294054800971098E+00  0.5983104556152549E+00  0.5237141301464289E+06
  0.9212348988464978E+00  0.6048372074400329E+00  0.5232110132861609E+06
  0.9130643177310944E+00  0.6113235814194364E+00  0.5227601342743500E+06
  0.9048937367549402E+00  0.6177691445347914E+00  0.5231359726049478E+06
  0.8967231559222163E+00  0.6241734664918837E+00  0.5242107299319806E+06
  0.8885525752372514E+00  0.6305361197496849E+00  0.5258187409966920E+06
  0.8803819947045285E+00  0.6368566795488945E+00  0.5265402325889372E+06
  0.8722114143286931E+00  0.6431347239402948E+00  0.5270483899842994E+06
  0.8640408341145595E+00  0.6493698338129212E+00  0.5271760318248546E+06
  0.8558702540671204E+00  0.6555615929220400E+00  0.5274215634434585E+06
  0.8476996741915547E+00  0.6617095879169366E+00  0.5276415135833638E+06
  0.8395290944932369E+00  0.6678134083685102E+00  0.5279582139696025E+06
  0.8313585149777468E+00  0.6738726467966731E+00  0.5277986588482320E+06
  0.8231879356508802E+00  0.6798868986975534E+00  0.5277487242672973E+06
  0.8150173565186587E+00  0.6858557625704990E+00  0.5273489190025425E+06
  0.8068467775873427E+00  0.6917788399448808E+00  0.5277901785025194E+06
  0.7986761988634423E+00  0.6976557354066943E+00  0.5295257271165110E+06
  0.7905056203537315E+00  0.7034860566249567E+00  0.5321720329314686E+06
  0.7823350420652612E+00  0.7092694143778975E+00  0.5340330258756388E+06
  0.7741644640053743E+00  0.7150054225789432E+00  0.5350292912064039E+06
  0.7659938861817212E+00  0.7206936983024912E+00  0.5346917019242635E+06
  0.7578233086022768E+00  0.7263338618094733E+00  0.5338539050932695E+06
  0.7496527312753575E+00  0.7319255365727068E+00  0.5327438346930258E+06
  0.7414821542096410E+00  0.7374683493020299E+00  0.5320700455658728E+06
  0.7333115774141861E+00  0.7429619299692227E+00  0.5311550858761551E+06
  0.7251410008984539E+00  0.7484059118327094E+00  0.5308930853735305E+06
  0.7169704246723316E+00  0.7537999314620412E+00  0.5303189219179369E+06
  0.7087998487461566E+00  0.7591436287621580E+00  0.5296280614805287E+06
  0.7006292731307425E+00  0.7644366469974285E+00  0.5269302305146704E+06
  0.6924586978374083E+00  0.7696786328154644E+00  0.5234983949593402E+06
  0.6842881228780077E+00  0.7748692362707100E+00  0.5199137686043732E+06
  0.6761175482649616E+00  0.7800081108478040E+00  0.5170421763367245E+06
  0.6679469740112938E+00  0.7850949134847117E+00  0.5145484135742413E+06
  0.6597764001306670E+00  0.7901293045956280E+00  0.5127605203897012E+06
  0.6516058266374236E+00  0.7951109480936471E+00  0.5108501200145875E+06
  0.6434352535466297E+00  0.8000395114131988E+00  0.5097739817717481E+06
  0.6352646808741202E+00  0.8049146655322506E+00  0.5089390952660506E+06
  0.6270941086365502E+00  0.8097360849942720E+00  0.5084442098948274E+06
  0.6189235368514482E+00  0.8145034479299620E+00  0.5075820009595075E+06
  0.6107529655372755E+00  0.8192164360787360E+00  0.5073595100572412E+06
  0.6025823947134890E+00  0.8238747348099726E+00  0.5072062878837146E+06
  0.5944118244006098E+00  0.8284780331440178E+00  0.5076980332999789E+06
  0.5862412546202973E+00  0.8330260237729452E+00  0.5080621787807510E+06
  0.5780706853954301E+00  0.8375184030810715E+00  0.5094328603103248E+06
  0.5699001167501928E+00  0.8419548711652254E+00  0.5117968695360434E+06
  0.5617295487101719E+00  0.8463351318547683E+00  0.5153602859928327E+06
  0.5535589813024583E+00  0.8506588927313666E+00  0.5186750215464563E+06
  0.5453884145557613E+00  0.8549258651485127E+00  0.5211387792177401E+06
  0.5372178485005299E+00  0.8591357642507945E+00  0.5206806663139551E+06
  0.5290472831690897E+00  0.8632883089929120E+00  0.5190872602437069E+06
  0.5208767185957875E+00  0.8673832221584393E+00  0.5173213975363237E+06
  0.5127061548171545E+00  0.8714202303783312E+00  0.5171640564404470E+06
  0.5045355918720822E+00  0.8753990641491725E+00  0.5174774590882121E+06
  0.4963650298020162E+00  0.8793194578511700E+00  0.5190801734109686E+06
  0.4881944686511717E+00  0.8831811497658847E+00  0.5207378922322281E+06
  0.4800239084667671E+00  0.8869838820937034E+00  0.5228362442363374E+06
  0.4718533492992859E+00  0.8907274009710492E+00  0.5243377240542372E+06
  0.4636827912027636E+00  0.8944114564873288E+00  0.5264551135267931E+06
  0.4555122342351060E+00  0.8980358027016164E+00  0.5290766100213855E+06
  0.4473416784584431E+00  0.9016001976590722E+00  0.5336365522390623E+06
  0.4391711239395221E+00  0.9051044034070944E+00  0.5376918173492448E+06
  0.4310005707501444E+00  0.9085481860112055E+00  0.5398113317770927E+06
  0.4228300189676551E+00  0.9119313155706682E+00  0.5398843086090859E+06
  0.4146594686754885E+00  0.9152535662338340E+00  0.5396699171674064E+06
  0.4064889199637791E+00  0.9185147162132208E+00  0.5388549700116116E+06
  0.3983183729300507E+00  0.9217145478003181E+00  0.5379602451183577E+06
  0.3901478276799883E+00  0.9248528473801222E+00  0.5351878839036981E+06
  0.3819772843283120E+00  0.9279294054453956E+00  0.5313006979511265E+06
  0.3738067429997641E+00  0.9309440166106540E+00  0.5248631763364722E+06
  0.3656362038302282E+00  0.9338964796258775E+00  0.5207580155886207E+06
  0.3574656669680030E+00  0.9367865973899459E+00  0.5181204680188646E+06
  0.3492951325752533E+00  0.9396141769637963E+00  0.5180445819638825E+06
  0.3411246008296713E+00  0.9423790295833044E+00  0.5174973150131512E+06
  0.3329540719263814E+00  0.9450809706718851E+00  0.5164757558564215E+06
  0.3247835460801308E+00  0.9477198198528157E+00  0.5133825634204534E+06
  0.3166130235278230E+00  0.9502954009612771E+00  0.5106589462983008E+06
  0.3084425045314506E+00  0.9528075420561144E+00  0.5082890589358862E+06
  0.3002719893815085E+00  0.9552560754313160E+00  0.5083047820931056E+06
  0.2921014784009779E+00  0.9576408376272095E+00  0.5093448064135625E+06
  0.2839309719500016E+00  0.9599616694413742E+00  0.5124867632435679E+06
  0.2757604704313845E+00  0.9622184159392698E+00  0.5156068995154384E+06
  0.2675899742971076E+00  0.9644109264645802E+00  0.5195136547541741E+06
  0.2594194840560681E+00  0.9665390546492710E+00  0.5212471191975886E+06
  0.2512490002833307E+00  0.9686026584233628E+00  0.5227667626185420E+06
  0.2430785236312446E+00  0.9706016000244151E+00  0.5233173241483927E+06
  0.2349080548428762E+00  0.9725357460067257E+00  0.5266914923476800E+06
  0.2267375947683499E+00  0.9744049672502397E+00  0.5312895554371190E+06
  0.2185671443848464E+00  0.9762091389691724E+00  0.5408742676650813E+06
  0.2103967048212628E+00  0.9779481407203411E+00  0.5513645450278356E+06
  0.2022262773888417E+00  0.9796218564112101E+00  0.5634688156318987E+06
  0.1940558636195398E+00  0.9812301743076443E+00  0.5731372172797585E+06
  0.1858854653144977E+00  0.9827729870413743E+00  0.5832283073394974E+06
  0.1777150846058812E+00  0.9842501916171713E+00  0.5926893463117542E+06
  0.1695447240365762E+00  0.9856616894197333E+00  0.6063014928494783E+06
  0.1613743866640789E+00  0.9870073862202815E+00  0.6215603681410071E+06
  0.1532040761975885E+00  0.9882871921828699E+00  0.6415486419311237E+06
  0.1450337971813853E+00  0.9895010218704087E+00  0.6596272580349763E+06
  0.1368635552438019E+00  0.9906487942504061E+00  0.6792800253328937E+06
  0.1286933574408989E+00  0.9917304327004320E+00  0.6958331165592171E+06
  0.1205232127396896E+00  0.9927458650133153E+00  0.7159231176168331E+06
  0.1123531327118049E+00  0.9936950234020883E+00  0.7344527899581996E+06
  0.1041831325528455E+00  0.9945778445047068E+00  0.7600231057313051E+06
  0.9601323262085862E-01  0.9953942693885953E+00  0.7894297494784524E+06
  0.8784346083082471E-01  0.9961442435551087E+00  0.8334659717871575E+06
  0.7967385651719167E-01  0.9968277169440913E+00  0.8841435877494640E+06
  0.7150447693306423E-01  0.9974446439389107E+00  0.9499529710087854E+06
  0.6333540875299180E-01  0.9979949833727938E+00  0.1015612223833914E+07
  0.5516678972815772E-01  0.9984786985384589E+00  0.1099772086903794E+07
  0.4699885272846815E-01  0.9988957572063257E+00  0.1193014167978467E+07
  0.3883202470742381E-01  0.9992461316671845E+00  0.1335461815630540E+07
  0.3066718105470672E-01  0.9995297988558859E+00  0.1520745999445102E+07
  0.2250643816359393E-01  0.9997467408113523E+00  0.1829071384870867E+07
  0.1435650599352885E-01  0.9998969471378596E+00  0.2224281455526091E+07
  0.6254421014113626E-02  0.9999804411726474E+00  0.2758496782968142E+07
