# nlmax, ncor, nside =         383           1         128
  0.3135338232575680E+01 -0.9999804411726474E+00 -0.2417943288540631E+03
  0.3127236147596264E+01 -0.9998969471378596E+00 -0.2372778660067913E+03
  0.3119086215426199E+01 -0.9997467408113523E+00 -0.2297747519404853E+03
  0.3110925472535087E+01 -0.9995297988558859E+00 -0.2205743678954710E+03
  0.3102760628882369E+01 -0.9992461316671845E+00 -0.2104096709308022E+03
  0.3094593800861325E+01 -0.9988957572063257E+00 -0.1991940069277942E+03
  0.3086425863861635E+01 -0.9984786985384589E+00 -0.1862729306697358E+03
  0.3078257244836801E+01 -0.9979949833727938E+00 -0.1722448348975929E+03
  0.3070088176656729E+01 -0.9974446439389107E+00 -0.1586053542357074E+03
  0.3061918797072602E+01 -0.9968277169440913E+00 -0.1462414747547952E+03
  0.3053749192758969E+01 -0.9961442435551087E+00 -0.1347129868737681E+03
  0.3045579420968934E+01 -0.9953942693885953E+00 -0.1231302505164363E+03
  0.3037409521036948E+01 -0.9945778445047068E+00 -0.1109560889243704E+03
  0.3029239520877988E+01 -0.9936950234020883E+00 -0.9846111877059208E+02
  0.3021069440850104E+01 -0.9927458650133153E+00 -0.8646305067365053E+02
  0.3012899296148894E+01 -0.9917304327004320E+00 -0.7558763664574265E+02
  0.3004729098345992E+01 -0.9906487942504061E+00 -0.6584684181036425E+02
  0.2996558856408408E+01 -0.9895010218704087E+00 -0.5640402510596997E+02
  0.2988388577392205E+01 -0.9882871921828699E+00 -0.4648974760836412E+02
  0.2980218266925714E+01 -0.9870073862202815E+00 -0.3566649168151078E+02
  0.2972047929553217E+01 -0.9856616894197333E+00 -0.2407476677464513E+02
  0.2963877568983912E+01 -0.9842501916171713E+00 -0.1245132657914217E+02
  0.2955707188275296E+01 -0.9827729870413743E+00 -0.1776922260880150E+01
  0.2947536789970254E+01 -0.9812301743076443E+00  0.7273172965700518E+01
  0.2939366376200951E+01 -0.9796218564112101E+00  0.1459181646791138E+02
  0.2931195948768531E+01 -0.9779481407203411E+00  0.2077184160058056E+02
  0.2923025509204947E+01 -0.9762091389691724E+00  0.2603326236875731E+02
  0.2914855058821443E+01 -0.9744049672502397E+00  0.3025304751714336E+02
  0.2906684598746917E+01 -0.9725357460067257E+00  0.3369307975002268E+02
  0.2898514129958549E+01 -0.9706016000244151E+00  0.3672030675135740E+02
  0.2890343653306462E+01 -0.9686026584233628E+00  0.3938244154844259E+02
  0.2882173169533725E+01 -0.9665390546492710E+00  0.4134918953331491E+02
  0.2874002679292686E+01 -0.9644109264645802E+00  0.4281104094003495E+02
  0.2865832183158409E+01 -0.9622184159392698E+00  0.4474000909685381E+02
  0.2857661681639792E+01 -0.9599616694413742E+00  0.4810026115938597E+02
  0.2849491175188815E+01 -0.9576408376272095E+00  0.5309089658483200E+02
  0.2841320664208285E+01 -0.9552560754313160E+00  0.5927892243902651E+02
  0.2833150149058343E+01 -0.9528075420561144E+00  0.6628328170868366E+02
  0.2824979630061970E+01 -0.9502954009612771E+00  0.7368557578700575E+02
  0.2816809107509663E+01 -0.9477198198528157E+00  0.8117231232552170E+02
  0.2808638581663412E+01 -0.9450809706718851E+00  0.8830622631166145E+02
  0.2800468052760122E+01 -0.9423790295833044E+00  0.9461207068967045E+02
  0.2792297521014540E+01 -0.9396141769637963E+00  0.9960122256830387E+02
  0.2784126986621790E+01 -0.9367865973899459E+00  0.1032449456910920E+03
  0.2775956449759565E+01 -0.9338964796258775E+00  0.1066667367201335E+03
  0.2767785910590029E+01 -0.9309440166106540E+00  0.1113979666824633E+03
  0.2759615369261481E+01 -0.9279294054453956E+00  0.1179363564671304E+03
  0.2751444825909805E+01 -0.9248528473801222E+00  0.1251416696528184E+03
  0.2743274280659743E+01 -0.9217145478003181E+00  0.1314977728780063E+03
  0.2735103733626014E+01 -0.9185147162132208E+00  0.1362050808940619E+03
  0.2726933184914305E+01 -0.9152535662338340E+00  0.1395496045559209E+03
  0.2718762634622138E+01 -0.9119313155706682E+00  0.1420487492588292E+03
  0.2710592082839649E+01 -0.9085481860112055E+00  0.1439083634125443E+03
  0.2702421529650271E+01 -0.9051044034070944E+00  0.1453678226164837E+03
  0.2694250975131350E+01 -0.9016001976590722E+00  0.1467262595230704E+03
  0.2686080419354687E+01 -0.8980358027016164E+00  0.1483383526983601E+03
  0.2677909862387029E+01 -0.8944114564873288E+00  0.1500992665324009E+03
  0.2669739304290507E+01 -0.8907274009710492E+00  0.1514405067037759E+03
  0.2661568745123026E+01 -0.8869838820937034E+00  0.1518073192673781E+03
  0.2653398184938621E+01 -0.8831811497658847E+00  0.1510003410642207E+03
  0.2645227623787777E+01 -0.8793194578511700E+00  0.1493901096521151E+03
  0.2637057061717711E+01 -0.8753990641491725E+00  0.1475443669627669E+03
  0.2628886498772639E+01 -0.8714202303783312E+00  0.1458589874048986E+03
  0.2620715934994006E+01 -0.8673832221584393E+00  0.1447017981966047E+03
  0.2612545370420704E+01 -0.8632883089929120E+00  0.1443538031241471E+03
  0.2604374805089263E+01 -0.8591357642507945E+00  0.1448219301675953E+03
  0.2596204239034032E+01 -0.8549258651485127E+00  0.1456066919114648E+03
  0.2588033672287335E+01 -0.8506588927313666E+00  0.1460138179589790E+03
  0.2579863104879621E+01 -0.8463351318547683E+00  0.1456772827007561E+03
  0.2571692536839600E+01 -0.8419548711652254E+00  0.1449455202170780E+03
  0.2563521968194363E+01 -0.8375184030810715E+00  0.1446533832980724E+03
  0.2555351398969496E+01 -0.8330260237729452E+00  0.1455428178542371E+03
  0.2547180829189184E+01 -0.8284780331440178E+00  0.1477172566584597E+03
  0.2539010258876304E+01 -0.8238747348099726E+00  0.1508782058515027E+03
  0.2530839688052518E+01 -0.8192164360787360E+00  0.1547806458080452E+03
  0.2522669116738345E+01 -0.8145034479299620E+00  0.1589287987855391E+03
  0.2514498544953243E+01 -0.8097360849942720E+00  0.1626987509679447E+03
  0.2506327972715673E+01 -0.8049146655322506E+00  0.1657858923069657E+03
  0.2498157400043163E+01 -0.8000395114131988E+00  0.1681454069749639E+03
  0.2489986826952370E+01 -0.7951109480936471E+00  0.1698934998589461E+03
  0.2481816253459126E+01 -0.7901293045956280E+00  0.1708541430791408E+03
  0.2473645679578500E+01 -0.7850949134847117E+00  0.1708888364844734E+03
  0.2465475105324832E+01 -0.7800081108478040E+00  0.1703191065112532E+03
  0.2457304530711785E+01 -0.7748692362707100E+00  0.1696623199668504E+03
  0.2449133955752385E+01 -0.7696786328154644E+00  0.1690623447512982E+03
  0.2440963380459050E+01 -0.7644366469974285E+00  0.1683112932218496E+03
  0.2432792804843637E+01 -0.7591436287621580E+00  0.1669684271989949E+03
  0.2424622228917462E+01 -0.7537999314620412E+00  0.1649409496725066E+03
  0.2416451652691339E+01 -0.7484059118327094E+00  0.1626104720489759E+03
  0.2408281076175607E+01 -0.7429619299692227E+00  0.1606313370705531E+03
  0.2400110499380152E+01 -0.7374683493020299E+00  0.1594194511936721E+03
  0.2391939922314436E+01 -0.7319255365727068E+00  0.1589812741838093E+03
  0.2383769344987516E+01 -0.7263338618094733E+00  0.1588248044430585E+03
  0.2375598767408072E+01 -0.7206936983024912E+00  0.1584291555259547E+03
  0.2367428189584419E+01 -0.7150054225789432E+00  0.1576507887059926E+03
  0.2359257611524532E+01 -0.7092694143778975E+00  0.1567758582120590E+03
  0.2351087033236062E+01 -0.7034860566249567E+00  0.1562882575712710E+03
  0.2342916454726351E+01 -0.6976557354066943E+00  0.1567105217723754E+03
  0.2334745876002450E+01 -0.6917788399448808E+00  0.1581210885928991E+03
  0.2326575297071134E+01 -0.6858557625704990E+00  0.1600565068296185E+03
  0.2318404717938913E+01 -0.6798868986975534E+00  0.1617030823162400E+03
  0.2310234138612046E+01 -0.6738726467966731E+00  0.1623069741578202E+03
  0.2302063559096557E+01 -0.6678134083685102E+00  0.1617116883484216E+03
  0.2293892979398239E+01 -0.6617095879169366E+00  0.1605074842895095E+03
  0.2285722399522673E+01 -0.6555615929220400E+00  0.1595064525071420E+03
  0.2277551819475234E+01 -0.6493698338129212E+00  0.1589524754517533E+03
  0.2269381239261100E+01 -0.6431347239402948E+00  0.1583221474733907E+03
  0.2261210658885265E+01 -0.6368566795488945E+00  0.1569622478084848E+03
  0.2253040078352542E+01 -0.6305361197496849E+00  0.1546551819325593E+03
  0.2244869497667577E+01 -0.6241734664918837E+00  0.1516626891319932E+03
  0.2236698916834853E+01 -0.6177691445347914E+00  0.1480155077927174E+03
  0.2228528335858699E+01 -0.6113235814194364E+00  0.1437173101474150E+03
  0.2220357754743295E+01 -0.6048372074400329E+00  0.1390558809187849E+03
  0.2212187173492683E+01 -0.5983104556152549E+00  0.1344536790064752E+03
  0.2204016592110768E+01 -0.5917437616593286E+00  0.1299176346147915E+03
  0.2195846010601326E+01 -0.5851375639529456E+00  0.1251273657088460E+03
  0.2187675428968010E+01 -0.5784923035139965E+00  0.1199256927877821E+03
  0.2179504847214357E+01 -0.5718084239681300E+00  0.1143695112091817E+03
  0.2171334265343789E+01 -0.5650863715191369E+00  0.1084782265794976E+03
  0.2163163683359622E+01 -0.5583265949191624E+00  0.1024210539948399E+03
  0.2154993101265066E+01 -0.5515295454387482E+00  0.9677951317778469E+02
  0.2146822519063234E+01 -0.5446956768367068E+00  0.9218206024883476E+02
  0.2138651936757143E+01 -0.5378254453298289E+00  0.8856655942640865E+02
  0.2130481354349721E+01 -0.5309193095624275E+00  0.8507819255586756E+02
  0.2122310771843806E+01 -0.5239777305757194E+00  0.8073434933634761E+02
  0.2114140189242155E+01 -0.5170011717770473E+00  0.7527281584535076E+02
  0.2105969606547443E+01 -0.5099900989089429E+00  0.6899418501662498E+02
  0.2097799023762269E+01 -0.5029449800180356E+00  0.6251704646887463E+02
  0.2089628440889158E+01 -0.4958662854238058E+00  0.5613259626025968E+02
  0.2081457857930564E+01 -0.4887544876871878E+00  0.4966345370423256E+02
  0.2073287274888874E+01 -0.4816100615790221E+00  0.4281905172985159E+02
  0.2065116691766407E+01 -0.4744334840483606E+00  0.3574164454211585E+02
  0.2056946108565423E+01 -0.4672252341906264E+00  0.2898771379869175E+02
  0.2048775525288118E+01 -0.4599857932156304E+00  0.2315167092694075E+02
  0.2040604941936635E+01 -0.4527156444154464E+00  0.1823743723530986E+02
  0.2032434358513056E+01 -0.4454152731321473E+00  0.1371199726911203E+02
  0.2024263775019413E+01 -0.4380851667254050E+00  0.9038178891323929E+01
  0.2016093191457685E+01 -0.4307258145399545E+00  0.4154561994847448E+01
  0.2007922607829804E+01 -0.4233377078729265E+00 -0.8251498678935435E+00
  0.1999752024137653E+01 -0.4159213399410494E+00 -0.5626481302942526E+01
  0.1991581440383068E+01 -0.4084772058477228E+00 -0.9976639020490452E+01
  0.1983410856567843E+01 -0.4010058025499653E+00 -0.1370763782839204E+02
  0.1975240272693730E+01 -0.3935076288252386E+00 -0.1698894350103693E+02
  0.1967069688762441E+01 -0.3859831852381501E+00 -0.1994504077245304E+02
  0.1958899104775647E+01 -0.3784329741070359E+00 -0.2283582790721186E+02
  0.1950728520734982E+01 -0.3708574994704271E+00 -0.2586652722794332E+02
  0.1942557936642046E+01 -0.3632572670534011E+00 -0.2926587761606033E+02
  0.1934387352498403E+01 -0.3556327842338202E+00 -0.3294277729436052E+02
  0.1926216768305583E+01 -0.3479845600084601E+00 -0.3671869026319772E+02
  0.1918046184065086E+01 -0.3403131049590297E+00 -0.4046051262290229E+02
  0.1909875599778379E+01 -0.3326189312180866E+00 -0.4410769067942658E+02
  0.1901705015446901E+01 -0.3249025524348469E+00 -0.4740468866502046E+02
  0.1893534431072063E+01 -0.3171644837408958E+00 -0.5019066089952472E+02
  0.1885363846655247E+01 -0.3094052417157978E+00 -0.5260895904056231E+02
  0.1877193262197810E+01 -0.3016253443526109E+00 -0.5501979162201383E+02
  0.1869022677701083E+01 -0.2938253110233064E+00 -0.5778263637484873E+02
  0.1860852093166375E+01 -0.2860056624440968E+00 -0.6107667360560952E+02
  0.1852681508594969E+01 -0.2781669206406729E+00 -0.6491573930181940E+02
  0.1844510923988128E+01 -0.2703096089133553E+00 -0.6902721220538690E+02
  0.1836340339347093E+01 -0.2624342518021592E+00 -0.7282501772997659E+02
  0.1828169754673083E+01 -0.2545413750517773E+00 -0.7591732242921280E+02
  0.1819999169967299E+01 -0.2466315055764818E+00 -0.7827094441627382E+02
  0.1811828585230925E+01 -0.2387051714249486E+00 -0.8017321311722000E+02
  0.1803658000465123E+01 -0.2307629017450062E+00 -0.8181313383843788E+02
  0.1795487415671042E+01 -0.2228052267483099E+00 -0.8345336655547537E+02
  0.1787316830849811E+01 -0.2148326776749467E+00 -0.8543352055422093E+02
  0.1779146246002545E+01 -0.2068457867579697E+00 -0.8829376805561937E+02
  0.1770975661130345E+01 -0.1988450871878683E+00 -0.9234417976874522E+02
  0.1762805076234296E+01 -0.1908311130769725E+00 -0.9763170955376928E+02
  0.1754634491315471E+01 -0.1828043994237966E+00 -0.1036905989347659E+03
  0.1746463906374929E+01 -0.1747654820773241E+00 -0.1096454704392156E+03
  0.1738293321413718E+01 -0.1667148977012352E+00 -0.1147272081438690E+03
  0.1730122736432872E+01 -0.1586531837380799E+00 -0.1188016932936039E+03
  0.1721952151433418E+01 -0.1505808783733995E+00 -0.1223161678663890E+03
  0.1713781566416370E+01 -0.1424985204997981E+00 -0.1259448169583117E+03
  0.1705610981382731E+01 -0.1344066496809675E+00 -0.1302145486432990E+03
  0.1697440396333499E+01 -0.1263058061156663E+00 -0.1353506212689277E+03
  0.1689269811269659E+01 -0.1181965306016578E+00 -0.1409678824161114E+03
  0.1681099226192191E+01 -0.1100793644996070E+00 -0.1464489834420283E+03
  0.1672928641102067E+01 -0.1019548496969404E+00 -0.1513948876691255E+03
  0.1664758056000250E+01 -0.9382352857167028E-01 -0.1558126198088949E+03
  0.1656587470887701E+01 -0.8568594395618719E-01 -0.1596902133172763E+03
  0.1648416885765370E+01 -0.7754263910102077E-01 -0.1629342217148238E+03
  0.1640246300634206E+01 -0.6939415763857371E-01 -0.1652463206994758E+03
  0.1632075715495151E+01 -0.6124104354682962E-01 -0.1665211882451513E+03
  0.1623905130349143E+01 -0.5308384111303818E-01 -0.1669207375436071E+03
  0.1615734545197117E+01 -0.4492309489737940E-01 -0.1669020467810472E+03
  0.1607563960040004E+01 -0.3675934969660982E-01 -0.1668678744161943E+03
  0.1599393374878733E+01 -0.2859315050769285E-01 -0.1670604445932883E+03
  0.1591222789714229E+01 -0.2042504249141571E-01 -0.1673735014561637E+03
  0.1583052204547419E+01 -0.1225557093599554E-01 -0.1679128706665732E+03
  0.1574881619379224E+01 -0.4085281220676868E-02 -0.1688631834150023E+03
  0.1566711034210569E+01  0.4085281220676868E-02 -0.1704411522947443E+03
  0.1558540449042374E+01  0.1225557093599554E-01 -0.1722906460093471E+03
  0.1550369863875564E+01  0.2042504249141571E-01 -0.1736696215397438E+03
  0.1542199278711061E+01  0.2859315050769285E-01 -0.1738700603630280E+03
  0.1534028693549790E+01  0.3675934969660982E-01 -0.1731279293046061E+03
  0.1525858108392677E+01  0.4492309489737940E-01 -0.1723470234031965E+03
  0.1517687523240650E+01  0.5308384111303818E-01 -0.1721997392222057E+03
  0.1509516938094642E+01  0.6124104354682962E-01 -0.1725994465008933E+03
  0.1501346352955587E+01  0.6939415763857371E-01 -0.1729377962588403E+03
  0.1493175767824423E+01  0.7754263910102077E-01 -0.1724748777474968E+03
  0.1485005182702093E+01  0.8568594395618719E-01 -0.1709587218820846E+03
  0.1476834597589543E+01  0.9382352857167028E-01 -0.1683633229430444E+03
  0.1468664012487727E+01  0.1019548496969404E+00 -0.1650206019958322E+03
  0.1460493427397602E+01  0.1100793644996070E+00 -0.1615504361091094E+03
  0.1452322842320134E+01  0.1181965306016578E+00 -0.1589675032735789E+03
  0.1444152257256294E+01  0.1263058061156663E+00 -0.1579747499669092E+03
  0.1435981672207062E+01  0.1344066496809675E+00 -0.1584606709416435E+03
  0.1427811087173423E+01  0.1424985204997981E+00 -0.1596449933503083E+03
  0.1419640502156375E+01  0.1505808783733995E+00 -0.1610094564821680E+03
  0.1411469917156921E+01  0.1586531837380799E+00 -0.1622260595181002E+03
  0.1403299332176076E+01  0.1667148977012352E+00 -0.1632041155024789E+03
  0.1395128747214864E+01  0.1747654820773241E+00 -0.1638384434616971E+03
  0.1386958162274323E+01  0.1828043994237966E+00 -0.1644159430207529E+03
  0.1378787577355497E+01  0.1908311130769725E+00 -0.1651546883302500E+03
  0.1370616992459449E+01  0.1988450871878683E+00 -0.1661047981147531E+03
  0.1362446407587248E+01  0.2068457867579697E+00 -0.1672087550030460E+03
  0.1354275822739983E+01  0.2148326776749467E+00 -0.1688206293776980E+03
  0.1346105237918751E+01  0.2228052267483099E+00 -0.1710061920020838E+03
  0.1337934653124670E+01  0.2307629017450062E+00 -0.1734869822493385E+03
  0.1329764068358868E+01  0.2387051714249486E+00 -0.1756390951062062E+03
  0.1321593483622494E+01  0.2466315055764818E+00 -0.1770361943396570E+03
  0.1313422898916710E+01  0.2545413750517773E+00 -0.1775009343723578E+03
  0.1305252314242701E+01  0.2624342518021592E+00 -0.1772057434590554E+03
  0.1297081729601665E+01  0.2703096089133553E+00 -0.1765652479771946E+03
  0.1288911144994824E+01  0.2781669206406729E+00 -0.1761272593097760E+03
  0.1280740560423418E+01  0.2860056624440968E+00 -0.1759068703067854E+03
  0.1272569975888710E+01  0.2938253110233064E+00 -0.1753434731385303E+03
  0.1264399391391984E+01  0.3016253443526109E+00 -0.1737007560808657E+03
  0.1256228806934547E+01  0.3094052417157978E+00 -0.1710486298402972E+03
  0.1248058222517730E+01  0.3171644837408958E+00 -0.1681030537309725E+03
  0.1239887638142892E+01  0.3249025524348469E+00 -0.1656991844334572E+03
  0.1231717053811414E+01  0.3326189312180866E+00 -0.1643106945475546E+03
  0.1223546469524707E+01  0.3403131049590297E+00 -0.1640117576531347E+03
  0.1215375885284210E+01  0.3479845600084601E+00 -0.1643677306938328E+03
  0.1207205301091390E+01  0.3556327842338202E+00 -0.1648613743456280E+03
  0.1199034716947747E+01  0.3632572670534011E+00 -0.1649581844710906E+03
  0.1190864132854811E+01  0.3708574994704271E+00 -0.1643778027674629E+03
  0.1182693548814147E+01  0.3784329741070359E+00 -0.1630039962549162E+03
  0.1174522964827352E+01  0.3859831852381501E+00 -0.1610672658090507E+03
  0.1166352380896063E+01  0.3935076288252386E+00 -0.1589369624070618E+03
  0.1158181797021950E+01  0.4010058025499653E+00 -0.1571561646751590E+03
  0.1150011213206726E+01  0.4084772058477228E+00 -0.1560031708836597E+03
  0.1141840629452141E+01  0.4159213399410494E+00 -0.1555851095319511E+03
  0.1133670045759989E+01  0.4233377078729265E+00 -0.1555221416762925E+03
  0.1125499462132108E+01  0.4307258145399545E+00 -0.1553211112143604E+03
  0.1117328878570381E+01  0.4380851667254050E+00 -0.1544747637895459E+03
  0.1109158295076737E+01  0.4454152731321473E+00 -0.1528147787778931E+03
  0.1100987711653159E+01  0.4527156444154464E+00 -0.1503473665654220E+03
  0.1092817128301675E+01  0.4599857932156304E+00 -0.1474822848997126E+03
  0.1084646545024371E+01  0.4672252341906264E+00 -0.1447093323083490E+03
  0.1076475961823386E+01  0.4744334840483606E+00 -0.1426008086918949E+03
  0.1068305378700920E+01  0.4816100615790221E+00 -0.1409787515368706E+03
  0.1060134795659229E+01  0.4887544876871878E+00 -0.1392092268935690E+03
  0.1051964212700635E+01  0.4958662854238058E+00 -0.1370137644615486E+03
  0.1043793629827524E+01  0.5029449800180356E+00 -0.1349745717804908E+03
  0.1035623047042350E+01  0.5099900989089429E+00 -0.1336111179173924E+03
  0.1027452464347638E+01  0.5170011717770473E+00 -0.1327983967253329E+03
  0.1019281881745987E+01  0.5239777305757194E+00 -0.1320751733210512E+03
  0.1011111299240073E+01  0.5309193095624275E+00 -0.1315854723045148E+03
  0.1002940716832650E+01  0.5378254453298289E+00 -0.1316168539309544E+03
  0.9947701345265596E+00  0.5446956768367068E+00 -0.1323390750758793E+03
  0.9865995523247275E+00  0.5515295454387482E+00 -0.1334676166278007E+03
  0.9784289702301714E+00  0.5583265949191624E+00 -0.1348193160645283E+03
  0.9702583882460036E+00  0.5650863715191369E+00 -0.1361750649320794E+03
  0.9620878063754359E+00  0.5718084239681300E+00 -0.1373665194958512E+03
  0.9539172246217830E+00  0.5784923035139965E+00 -0.1382390267241813E+03
  0.9457466429884676E+00  0.5851375639529456E+00 -0.1389657137700571E+03
  0.9375760614790253E+00  0.5917437616593286E+00 -0.1395475500964845E+03
  0.9294054800971098E+00  0.5983104556152549E+00 -0.1400415055558435E+03
  0.9212348988464978E+00  0.6048372074400329E+00 -0.1403358437961423E+03
  0.9130643177310944E+00  0.6113235814194364E+00 -0.1405298929980982E+03
  0.9048937367549402E+00  0.6177691445347914E+00 -0.1408265790323476E+03
  0.8967231559222163E+00  0.6241734664918837E+00 -0.1417505221295550E+03
  0.8885525752372514E+00  0.6305361197496849E+00 -0.1435577370972979E+03
  0.8803819947045285E+00  0.6368566795488945E+00 -0.1459928037605909E+03
  0.8722114143286931E+00  0.6431347239402948E+00 -0.1478954315585608E+03
  0.8640408341145595E+00  0.6493698338129212E+00 -0.1481583083205973E+03
  0.8558702540671204E+00  0.6555615929220400E+00 -0.1463141675423471E+03
  0.8476996741915547E+00  0.6617095879169366E+00 -0.1429179082303091E+03
  0.8395290944932369E+00  0.6678134083685102E+00 -0.1387512892743669E+03
  0.8313585149777468E+00  0.6738726467966731E+00 -0.1348292208189935E+03
  0.8231879356508802E+00  0.6798868986975534E+00 -0.1315707840274754E+03
  0.8150173565186587E+00  0.6858557625704990E+00 -0.1289695533927874E+03
  0.8068467775873427E+00  0.6917788399448808E+00 -0.1263672723273025E+03
  0.7986761988634423E+00  0.6976557354066943E+00 -0.1232942878871264E+03
  0.7905056203537315E+00  0.7034860566249567E+00 -0.1193311839680265E+03
  0.7823350420652612E+00  0.7092694143778975E+00 -0.1142707835835864E+03
  0.7741644640053743E+00  0.7150054225789432E+00 -0.1078823417502142E+03
  0.7659938861817212E+00  0.7206936983024912E+00 -0.1005830223461553E+03
  0.7578233086022768E+00  0.7263338618094733E+00 -0.9300193459772700E+02
  0.7496527312753575E+00  0.7319255365727068E+00 -0.8566875713050770E+02
  0.7414821542096410E+00  0.7374683493020299E+00 -0.7860997962140729E+02
  0.7333115774141861E+00  0.7429619299692227E+00 -0.7164522787828703E+02
  0.7251410008984539E+00  0.7484059118327094E+00 -0.6424356955003658E+02
  0.7169704246723316E+00  0.7537999314620412E+00 -0.5594009544517000E+02
  0.7087998487461566E+00  0.7591436287621580E+00 -0.4659332687913475E+02
  0.7006292731307425E+00  0.7644366469974285E+00 -0.3709740694784185E+02
  0.6924586978374083E+00  0.7696786328154644E+00 -0.2796906383707339E+02
  0.6842881228780077E+00  0.7748692362707100E+00 -0.1896201924062055E+02
  0.6761175482649616E+00  0.7800081108478040E+00 -0.9354957585837159E+01
  0.6679469740112938E+00  0.7850949134847117E+00  0.1002719581115706E+01
  0.6597764001306670E+00  0.7901293045956280E+00  0.1220838550699190E+02
  0.6516058266374236E+00  0.7951109480936471E+00  0.2428508195455676E+02
  0.6434352535466297E+00  0.8000395114131988E+00  0.3731007403605090E+02
  0.6352646808741202E+00  0.8049146655322506E+00  0.5069824410854547E+02
  0.6270941086365502E+00  0.8097360849942720E+00  0.6404702113831200E+02
  0.6189235368514482E+00  0.8145034479299620E+00  0.7722892574706134E+02
  0.6107529655372755E+00  0.8192164360787360E+00  0.9041885959552441E+02
  0.6025823947134890E+00  0.8238747348099726E+00  0.1034850882836401E+03
  0.5944118244006098E+00  0.8284780331440178E+00  0.1165633320092261E+03
  0.5862412546202973E+00  0.8330260237729452E+00  0.1301451882366626E+03
  0.5780706853954301E+00  0.8375184030810715E+00  0.1448355159922519E+03
  0.5699001167501928E+00  0.8419548711652254E+00  0.1605235004903273E+03
  0.5617295487101719E+00  0.8463351318547683E+00  0.1768283999716899E+03
  0.5535589813024583E+00  0.8506588927313666E+00  0.1929928401537045E+03
  0.5453884145557613E+00  0.8549258651485127E+00  0.2084289608192987E+03
  0.5372178485005299E+00  0.8591357642507945E+00  0.2227727198463910E+03
  0.5290472831690897E+00  0.8632883089929120E+00  0.2368703087324246E+03
  0.5208767185957875E+00  0.8673832221584393E+00  0.2515789676111194E+03
  0.5127061548171545E+00  0.8714202303783312E+00  0.2671574826884887E+03
  0.5045355918720822E+00  0.8753990641491725E+00  0.2827651022553310E+03
  0.4963650298020162E+00  0.8793194578511700E+00  0.2979638497432717E+03
  0.4881944686511717E+00  0.8831811497658847E+00  0.3126545641681463E+03
  0.4800239084667671E+00  0.8869838820937034E+00  0.3272475715710365E+03
  0.4718533492992859E+00  0.8907274009710492E+00  0.3416590446782843E+03
  0.4636827912027636E+00  0.8944114564873288E+00  0.3560257883526344E+03
  0.4555122342351060E+00  0.8980358027016164E+00  0.3698942049120640E+03
  0.4473416784584431E+00  0.9016001976590722E+00  0.3828725150818658E+03
  0.4391711239395221E+00  0.9051044034070944E+00  0.3951978164012419E+03
  0.4310005707501444E+00  0.9085481860112055E+00  0.4082003522190375E+03
  0.4228300189676551E+00  0.9119313155706682E+00  0.4228448285950959E+03
  0.4146594686754885E+00  0.9152535662338340E+00  0.4394846130663685E+03
  0.4064889199637791E+00  0.9185147162132208E+00  0.4576398626293998E+03
  0.3983183729300507E+00  0.9217145478003181E+00  0.4771780503770665E+03
  0.3901478276799883E+00  0.9248528473801222E+00  0.4975664648242117E+03
  0.3819772843283120E+00  0.9279294054453956E+00  0.5182029362832925E+03
  0.3738067429997641E+00  0.9309440166106540E+00  0.5383361387962613E+03
  0.3656362038302282E+00  0.9338964796258775E+00  0.5579535280150309E+03
  0.3574656669680030E+00  0.9367865973899459E+00  0.5766990527318798E+03
  0.3492951325752533E+00  0.9396141769637963E+00  0.5947684336071420E+03
  0.3411246008296713E+00  0.9423790295833044E+00  0.6122361550610899E+03
  0.3329540719263814E+00  0.9450809706718851E+00  0.6296255201764042E+03
  0.3247835460801308E+00  0.9477198198528157E+00  0.6466835225299993E+03
  0.3166130235278230E+00  0.9502954009612771E+00  0.6639848563246246E+03
  0.3084425045314506E+00  0.9528075420561144E+00  0.6825672131979225E+03
  0.3002719893815085E+00  0.9552560754313160E+00  0.7036370922715050E+03
  0.2921014784009779E+00  0.9576408376272095E+00  0.7270107568854364E+03
  0.2839309719500016E+00  0.9599616694413742E+00  0.7525926667349847E+03
  0.2757604704313845E+00  0.9622184159392698E+00  0.7797973678664666E+03
  0.2675899742971076E+00  0.9644109264645802E+00  0.8084227019838604E+03
  0.2594194840560681E+00  0.9665390546492710E+00  0.8373200203976909E+03
  0.2512490002833307E+00  0.9686026584233628E+00  0.8658661510777318E+03
  0.2430785236312446E+00  0.9706016000244151E+00  0.8932395758655429E+03
  0.2349080548428762E+00  0.9725357460067257E+00  0.9192872131260708E+03
  0.2267375947683499E+00  0.9744049672502397E+00  0.9441270939548272E+03
  0.2185671443848464E+00  0.9762091389691724E+00  0.9698745937547903E+03
  0.2103967048212628E+00  0.9779481407203411E+00  0.9979450098554594E+03
  0.2022262773888417E+00  0.9796218564112101E+00  0.1028298666801579E+04
  0.1940558636195398E+00  0.9812301743076443E+00  0.1059228932762549E+04
  0.1858854653144977E+00  0.9827729870413743E+00  0.1091375894733265E+04
  0.1777150846058812E+00  0.9842501916171713E+00  0.1125663098559295E+04
  0.1695447240365762E+00  0.9856616894197333E+00  0.1162168320685303E+04
  0.1613743866640789E+00  0.9870073862202815E+00  0.1199526659799309E+04
  0.1532040761975885E+00  0.9882871921828699E+00  0.1239207531914217E+04
  0.1450337971813853E+00  0.9895010218704087E+00  0.1281852108521434E+04
  0.1368635552438019E+00  0.9906487942504061E+00  0.1327219255112272E+04
  0.1286933574408989E+00  0.9917304327004320E+00  0.1374081165911787E+04
  0.1205232127396896E+00  0.9927458650133153E+00  0.1425195113103259E+04
  0.1123531327118049E+00  0.9936950234020883E+00  0.1482304077017161E+04
  0.1041831325528455E+00  0.9945778445047068E+00  0.1545678050705965E+04
  0.9601323262085862E-01  0.9953942693885953E+00  0.1613753252266259E+04
  0.8784346083082471E-01  0.9961442435551087E+00  0.1688118775533227E+04
  0.7967385651719167E-01  0.9968277169440913E+00  0.1767709931046172E+04
  0.7150447693306423E-01  0.9974446439389107E+00  0.1853052266744749E+04
  0.6333540875299180E-01  0.9979949833727938E+00  0.1948622044254578E+04
  0.5516678972815772E-01  0.9984786985384589E+00  0.2064900924374992E+04
  0.4699885272846815E-01  0.9988957572063257E+00  0.2206220748644230E+04
  0.3883202470742381E-01  0.9992461316671845E+00  0.2388856238756966E+04
  0.3066718105470672E-01  0.9995297988558859E+00  0.2654667056906302E+04
  0.2250643816359393E-01  0.9997467408113523E+00  0.3048520974814004E+04
  0.1435650599352885E-01  0.9998969471378596E+00  0.3523860742488808E+04
  0.6254421014113626E-02  0.9999804411726474E+00  0.3907121537989878E+04
