# nlmax, ncor, nside =         383           1         128
  0.3135338232575680E+01 -0.9999804411726474E+00  0.1647078185251134E+04
  0.3127236147596264E+01 -0.9998969471378596E+00  0.1654387927829984E+04
  0.3119086215426199E+01 -0.9997467408113523E+00  0.1667182202444091E+04
  0.3110925472535087E+01 -0.9995297988558859E+00  0.1681032422102693E+04
  0.3102760628882369E+01 -0.9992461316671845E+00  0.1690879794105330E+04
  0.3094593800861325E+01 -0.9988957572063257E+00  0.1694192240448040E+04
  0.3086425863861635E+01 -0.9984786985384589E+00  0.1691581134429800E+04
  0.3078257244836801E+01 -0.9979949833727938E+00  0.1684121098228278E+04
  0.3070088176656729E+01 -0.9974446439389107E+00  0.1673126737545961E+04
  0.3061918797072602E+01 -0.9968277169440913E+00  0.1660356590780007E+04
  0.3053749192758969E+01 -0.9961442435551087E+00  0.1647716836759026E+04
  0.3045579420968934E+01 -0.9953942693885953E+00  0.1634955781086349E+04
  0.3037409521036948E+01 -0.9945778445047068E+00  0.1620982291593317E+04
  0.3029239520877988E+01 -0.9936950234020883E+00  0.1605342591355155E+04
  0.3021069440850104E+01 -0.9927458650133153E+00  0.1587827503772324E+04
  0.3012899296148894E+01 -0.9917304327004320E+00  0.1568831869997921E+04
  0.3004729098345992E+01 -0.9906487942504061E+00  0.1548733142458890E+04
  0.2996558856408408E+01 -0.9895010218704087E+00  0.1528979905920464E+04
  0.2988388577392205E+01 -0.9882871921828699E+00  0.1510946830329699E+04
  0.2980218266925714E+01 -0.9870073862202815E+00  0.1494431077932793E+04
  0.2972047929553217E+01 -0.9856616894197333E+00  0.1478051487297132E+04
  0.2963877568983912E+01 -0.9842501916171713E+00  0.1460898434055420E+04
  0.2955707188275296E+01 -0.9827729870413743E+00  0.1442923069089250E+04
  0.2947536789970254E+01 -0.9812301743076443E+00  0.1424728954363758E+04
  0.2939366376200951E+01 -0.9796218564112101E+00  0.1406435584792126E+04
  0.2931195948768531E+01 -0.9779481407203411E+00  0.1388276201785097E+04
  0.2923025509204947E+01 -0.9762091389691724E+00  0.1369594738710173E+04
  0.2914855058821443E+01 -0.9744049672502397E+00  0.1349322169477217E+04
  0.2906684598746917E+01 -0.9725357460067257E+00  0.1326951016934281E+04
  0.2898514129958549E+01 -0.9706016000244151E+00  0.1303680058200490E+04
  0.2890343653306462E+01 -0.9686026584233628E+00  0.1281472029843691E+04
  0.2882173169533725E+01 -0.9665390546492710E+00  0.1260781588236689E+04
  0.2874002679292686E+01 -0.9644109264645802E+00  0.1241493907889249E+04
  0.2865832183158409E+01 -0.9622184159392698E+00  0.1223170342551082E+04
  0.2857661681639792E+01 -0.9599616694413742E+00  0.1204750009405783E+04
  0.2849491175188815E+01 -0.9576408376272095E+00  0.1185220796725112E+04
  0.2841320664208285E+01 -0.9552560754313160E+00  0.1164194040156575E+04
  0.2833150149058343E+01 -0.9528075420561144E+00  0.1141875480072640E+04
  0.2824979630061970E+01 -0.9502954009612771E+00  0.1118932677930963E+04
  0.2816809107509663E+01 -0.9477198198528157E+00  0.1095867606249663E+04
  0.2808638581663412E+01 -0.9450809706718851E+00  0.1073338313668380E+04
  0.2800468052760122E+01 -0.9423790295833044E+00  0.1053086252432728E+04
  0.2792297521014540E+01 -0.9396141769637963E+00  0.1036295250104744E+04
  0.2784126986621790E+01 -0.9367865973899459E+00  0.1022346664463399E+04
  0.2775956449759565E+01 -0.9338964796258775E+00  0.1009940810815529E+04
  0.2767785910590029E+01 -0.9309440166106540E+00  0.9984658654733606E+03
  0.2759615369261481E+01 -0.9279294054453956E+00  0.9876555049233634E+03
  0.2751444825909805E+01 -0.9248528473801222E+00  0.9776644128699772E+03
  0.2743274280659743E+01 -0.9217145478003181E+00  0.9677960486707161E+03
  0.2735103733626014E+01 -0.9185147162132208E+00  0.9571917517347208E+03
  0.2726933184914305E+01 -0.9152535662338340E+00  0.9449013385111396E+03
  0.2718762634622138E+01 -0.9119313155706682E+00  0.9309410104703455E+03
  0.2710592082839649E+01 -0.9085481860112055E+00  0.9166562782500515E+03
  0.2702421529650271E+01 -0.9051044034070944E+00  0.9034350863096417E+03
  0.2694250975131350E+01 -0.9016001976590722E+00  0.8915869596924077E+03
  0.2686080419354687E+01 -0.8980358027016164E+00  0.8805946354674562E+03
  0.2677909862387029E+01 -0.8944114564873288E+00  0.8699313653001466E+03
  0.2669739304290507E+01 -0.8907274009710492E+00  0.8595989868649090E+03
  0.2661568745123026E+01 -0.8869838820937034E+00  0.8492279871926688E+03
  0.2653398184938621E+01 -0.8831811497658847E+00  0.8381439289376319E+03
  0.2645227623787777E+01 -0.8793194578511700E+00  0.8261425480814989E+03
  0.2637057061717711E+01 -0.8753990641491725E+00  0.8140043727056718E+03
  0.2628886498772639E+01 -0.8714202303783312E+00  0.8031406045475745E+03
  0.2620715934994006E+01 -0.8673832221584393E+00  0.7940328385633123E+03
  0.2612545370420704E+01 -0.8632883089929120E+00  0.7859599321413856E+03
  0.2604374805089263E+01 -0.8591357642507945E+00  0.7779324697989872E+03
  0.2596204239034032E+01 -0.8549258651485127E+00  0.7696072079813497E+03
  0.2588033672287335E+01 -0.8506588927313666E+00  0.7614237006045172E+03
  0.2579863104879621E+01 -0.8463351318547683E+00  0.7540132915484862E+03
  0.2571692536839600E+01 -0.8419548711652254E+00  0.7475398193713563E+03
  0.2563521968194363E+01 -0.8375184030810715E+00  0.7417602350151410E+03
  0.2555351398969496E+01 -0.8330260237729452E+00  0.7368701417145036E+03
  0.2547180829189184E+01 -0.8284780331440178E+00  0.7328137291701258E+03
  0.2539010258876304E+01 -0.8238747348099726E+00  0.7296780235098137E+03
  0.2530839688052518E+01 -0.8192164360787360E+00  0.7269830431192851E+03
  0.2522669116738345E+01 -0.8145034479299620E+00  0.7243360318389547E+03
  0.2514498544953243E+01 -0.8097360849942720E+00  0.7211002217457633E+03
  0.2506327972715673E+01 -0.8049146655322506E+00  0.7168043879342566E+03
  0.2498157400043163E+01 -0.8000395114131988E+00  0.7120387452191919E+03
  0.2489986826952370E+01 -0.7951109480936471E+00  0.7074517159598660E+03
  0.2481816253459126E+01 -0.7901293045956280E+00  0.7032958085957773E+03
  0.2473645679578500E+01 -0.7850949134847117E+00  0.6991856028882912E+03
  0.2465475105324832E+01 -0.7800081108478040E+00  0.6945346144531704E+03
  0.2457304530711785E+01 -0.7748692362707100E+00  0.6891812995138879E+03
  0.2449133955752385E+01 -0.7696786328154644E+00  0.6836088048627405E+03
  0.2440963380459050E+01 -0.7644366469974285E+00  0.6785909379270123E+03
  0.2432792804843637E+01 -0.7591436287621580E+00  0.6746067280509697E+03
  0.2424622228917462E+01 -0.7537999314620412E+00  0.6721004805848283E+03
  0.2416451652691339E+01 -0.7484059118327094E+00  0.6714336560599568E+03
  0.2408281076175607E+01 -0.7429619299692227E+00  0.6718021293111386E+03
  0.2400110499380152E+01 -0.7374683493020299E+00  0.6719988776653904E+03
  0.2391939922314436E+01 -0.7319255365727068E+00  0.6711634691399250E+03
  0.2383769344987516E+01 -0.7263338618094733E+00  0.6692738471239813E+03
  0.2375598767408072E+01 -0.7206936983024912E+00  0.6666934044085812E+03
  0.2367428189584419E+01 -0.7150054225789432E+00  0.6641390693136133E+03
  0.2359257611524532E+01 -0.7092694143778975E+00  0.6617479943644544E+03
  0.2351087033236062E+01 -0.7034860566249567E+00  0.6598345715820379E+03
  0.2342916454726351E+01 -0.6976557354066943E+00  0.6585609376529360E+03
  0.2334745876002450E+01 -0.6917788399448808E+00  0.6577847155587016E+03
  0.2326575297071134E+01 -0.6858557625704990E+00  0.6568646632686796E+03
  0.2318404717938913E+01 -0.6798868986975534E+00  0.6557025973439478E+03
  0.2310234138612046E+01 -0.6738726467966731E+00  0.6546783412270541E+03
  0.2302063559096557E+01 -0.6678134083685102E+00  0.6542593815498901E+03
  0.2293892979398239E+01 -0.6617095879169366E+00  0.6548124744885638E+03
  0.2285722399522673E+01 -0.6555615929220400E+00  0.6561032895856447E+03
  0.2277551819475234E+01 -0.6493698338129212E+00  0.6575663174458805E+03
  0.2269381239261100E+01 -0.6431347239402948E+00  0.6585666156114725E+03
  0.2261210658885265E+01 -0.6368566795488945E+00  0.6584181290835774E+03
  0.2253040078352542E+01 -0.6305361197496849E+00  0.6569174671576691E+03
  0.2244869497667577E+01 -0.6241734664918837E+00  0.6546551477027423E+03
  0.2236698916834853E+01 -0.6177691445347914E+00  0.6523584526109496E+03
  0.2228528335858699E+01 -0.6113235814194364E+00  0.6503528587156667E+03
  0.2220357754743295E+01 -0.6048372074400329E+00  0.6483330635853248E+03
  0.2212187173492683E+01 -0.5983104556152549E+00  0.6460170948013789E+03
  0.2204016592110768E+01 -0.5917437616593286E+00  0.6423012280979466E+03
  0.2195846010601326E+01 -0.5851375639529456E+00  0.6371458251718724E+03
  0.2187675428968010E+01 -0.5784923035139965E+00  0.6310172050374874E+03
  0.2179504847214357E+01 -0.5718084239681300E+00  0.6247004987095395E+03
  0.2171334265343789E+01 -0.5650863715191369E+00  0.6186337326977101E+03
  0.2163163683359622E+01 -0.5583265949191624E+00  0.6132444582492049E+03
  0.2154993101265066E+01 -0.5515295454387482E+00  0.6088954807395137E+03
  0.2146822519063234E+01 -0.5446956768367068E+00  0.6059005078347453E+03
  0.2138651936757143E+01 -0.5378254453298289E+00  0.6047370751243434E+03
  0.2130481354349721E+01 -0.5309193095624275E+00  0.6056664124655354E+03
  0.2122310771843806E+01 -0.5239777305757194E+00  0.6084392639494840E+03
  0.2114140189242155E+01 -0.5170011717770473E+00  0.6125265368243334E+03
  0.2105969606547443E+01 -0.5099900989089429E+00  0.6163009109277667E+03
  0.2097799023762269E+01 -0.5029449800180356E+00  0.6187287769454358E+03
  0.2089628440889158E+01 -0.4958662854238058E+00  0.6196442028520029E+03
  0.2081457857930564E+01 -0.4887544876871878E+00  0.6199609572702476E+03
  0.2073287274888874E+01 -0.4816100615790221E+00  0.6195269464346185E+03
  0.2065116691766407E+01 -0.4744334840483606E+00  0.6180740655664231E+03
  0.2056946108565423E+01 -0.4672252341906264E+00  0.6155337802074298E+03
  0.2048775525288118E+01 -0.4599857932156304E+00  0.6123987982783824E+03
  0.2040604941936635E+01 -0.4527156444154464E+00  0.6092873113731368E+03
  0.2032434358513056E+01 -0.4454152731321473E+00  0.6064665207019232E+03
  0.2024263775019413E+01 -0.4380851667254050E+00  0.6035742902552493E+03
  0.2016093191457685E+01 -0.4307258145399545E+00  0.6003488629693150E+03
  0.2007922607829804E+01 -0.4233377078729265E+00  0.5964370270429765E+03
  0.1999752024137653E+01 -0.4159213399410494E+00  0.5915408812797211E+03
  0.1991581440383068E+01 -0.4084772058477228E+00  0.5862176913812056E+03
  0.1983410856567843E+01 -0.4010058025499653E+00  0.5812321157984633E+03
  0.1975240272693730E+01 -0.3935076288252386E+00  0.5766802762098814E+03
  0.1967069688762441E+01 -0.3859831852381501E+00  0.5723464327074223E+03
  0.1958899104775647E+01 -0.3784329741070359E+00  0.5676487795951774E+03
  0.1950728520734982E+01 -0.3708574994704271E+00  0.5627060365111671E+03
  0.1942557936642046E+01 -0.3632572670534011E+00  0.5576858765655322E+03
  0.1934387352498403E+01 -0.3556327842338202E+00  0.5525111732635949E+03
  0.1926216768305583E+01 -0.3479845600084601E+00  0.5467260615374096E+03
  0.1918046184065086E+01 -0.3403131049590297E+00  0.5400762390057009E+03
  0.1909875599778379E+01 -0.3326189312180866E+00  0.5329475889968447E+03
  0.1901705015446901E+01 -0.3249025524348469E+00  0.5256737265800595E+03
  0.1893534431072063E+01 -0.3171644837408958E+00  0.5181664153742686E+03
  0.1885363846655247E+01 -0.3094052417157978E+00  0.5108270656418500E+03
  0.1877193262197810E+01 -0.3016253443526109E+00  0.5037058903444808E+03
  0.1869022677701083E+01 -0.2938253110233064E+00  0.4967939102906556E+03
  0.1860852093166375E+01 -0.2860056624440968E+00  0.4898310725687728E+03
  0.1852681508594969E+01 -0.2781669206406729E+00  0.4825737151994247E+03
  0.1844510923988128E+01 -0.2703096089133553E+00  0.4749141810521335E+03
  0.1836340339347093E+01 -0.2624342518021592E+00  0.4672647311609651E+03
  0.1828169754673083E+01 -0.2545413750517773E+00  0.4596020830084585E+03
  0.1819999169967299E+01 -0.2466315055764818E+00  0.4517876696746599E+03
  0.1811828585230925E+01 -0.2387051714249486E+00  0.4433708423124617E+03
  0.1803658000465123E+01 -0.2307629017450062E+00  0.4345573982700432E+03
  0.1795487415671042E+01 -0.2228052267483099E+00  0.4254252491342241E+03
  0.1787316830849811E+01 -0.2148326776749467E+00  0.4159446772187380E+03
  0.1779146246002545E+01 -0.2068457867579697E+00  0.4056783487902252E+03
  0.1770975661130345E+01 -0.1988450871878683E+00  0.3944023718837885E+03
  0.1762805076234296E+01 -0.1908311130769725E+00  0.3823687446087214E+03
  0.1754634491315471E+01 -0.1828043994237966E+00  0.3703120082408835E+03
  0.1746463906374929E+01 -0.1747654820773241E+00  0.3585210663014260E+03
  0.1738293321413718E+01 -0.1667148977012352E+00  0.3471216697327159E+03
  0.1730122736432872E+01 -0.1586531837380799E+00  0.3358560861557762E+03
  0.1721952151433418E+01 -0.1505808783733995E+00  0.3242028918405535E+03
  0.1713781566416370E+01 -0.1424985204997981E+00  0.3114176866247329E+03
  0.1705610981382731E+01 -0.1344066496809675E+00  0.2971311048116052E+03
  0.1697440396333499E+01 -0.1263058061156663E+00  0.2813623600231724E+03
  0.1689269811269659E+01 -0.1181965306016578E+00  0.2648567498333617E+03
  0.1681099226192191E+01 -0.1100793644996070E+00  0.2489224698518143E+03
  0.1672928641102067E+01 -0.1019548496969404E+00  0.2351602604776737E+03
  0.1664758056000250E+01 -0.9382352857167028E-01  0.2240856155531970E+03
  0.1656587470887701E+01 -0.8568594395618719E-01  0.2156284218572164E+03
  0.1648416885765370E+01 -0.7754263910102077E-01  0.2085498001121754E+03
  0.1640246300634206E+01 -0.6939415763857371E-01  0.2018532749528632E+03
  0.1632075715495151E+01 -0.6124104354682962E-01  0.1949972263129375E+03
  0.1623905130349143E+01 -0.5308384111303818E-01  0.1881515673422737E+03
  0.1615734545197117E+01 -0.4492309489737940E-01  0.1814824920519665E+03
  0.1607563960040004E+01 -0.3675934969660982E-01  0.1752078157160229E+03
  0.1599393374878733E+01 -0.2859315050769285E-01  0.1691778937407697E+03
  0.1591222789714229E+01 -0.2042504249141571E-01  0.1635987511352150E+03
  0.1583052204547419E+01 -0.1225557093599554E-01  0.1583311027248480E+03
  0.1574881619379224E+01 -0.4085281220676868E-02  0.1531354081039705E+03
  0.1566711034210569E+01  0.4085281220676868E-02  0.1478988890010570E+03
  0.1558540449042374E+01  0.1225557093599554E-01  0.1430028624847818E+03
  0.1550369863875564E+01  0.2042504249141571E-01  0.1383290803220880E+03
  0.1542199278711061E+01  0.2859315050769285E-01  0.1340017728835516E+03
  0.1534028693549790E+01  0.3675934969660982E-01  0.1299042953564259E+03
  0.1525858108392677E+01  0.4492309489737940E-01  0.1260934686345366E+03
  0.1517687523240650E+01  0.5308384111303818E-01  0.1218063324595505E+03
  0.1509516938094642E+01  0.6124104354682962E-01  0.1164147347315970E+03
  0.1501346352955587E+01  0.6939415763857371E-01  0.1098545190427084E+03
  0.1493175767824423E+01  0.7754263910102077E-01  0.1029560254076095E+03
  0.1485005182702093E+01  0.8568594395618719E-01  0.9670837302647378E+02
  0.1476834597589543E+01  0.9382352857167028E-01  0.9239965751157878E+02
  0.1468664012487727E+01  0.1019548496969404E+00  0.9046842516454396E+02
  0.1460493427397602E+01  0.1100793644996070E+00  0.9092597233639201E+02
  0.1452322842320134E+01  0.1181965306016578E+00  0.9264856505570303E+02
  0.1444152257256294E+01  0.1263058061156663E+00  0.9464732682310263E+02
  0.1435981672207062E+01  0.1344066496809675E+00  0.9619423566369257E+02
  0.1427811087173423E+01  0.1424985204997981E+00  0.9756477899112906E+02
  0.1419640502156375E+01  0.1505808783733995E+00  0.9890169675058884E+02
  0.1411469917156921E+01  0.1586531837380799E+00  0.1002075504239382E+03
  0.1403299332176076E+01  0.1667148977012352E+00  0.1012932277433977E+03
  0.1395128747214864E+01  0.1747654820773241E+00  0.1026018630665945E+03
  0.1386958162274323E+01  0.1828043994237966E+00  0.1047005940136964E+03
  0.1378787577355497E+01  0.1908311130769725E+00  0.1074738510031673E+03
  0.1370616992459449E+01  0.1988450871878683E+00  0.1107163902836180E+03
  0.1362446407587248E+01  0.2068457867579697E+00  0.1139335208799341E+03
  0.1354275822739983E+01  0.2148326776749467E+00  0.1170071207628054E+03
  0.1346105237918751E+01  0.2228052267483099E+00  0.1205436176532035E+03
  0.1337934653124670E+01  0.2307629017450062E+00  0.1252920204028699E+03
  0.1329764068358868E+01  0.2387051714249486E+00  0.1317101687077817E+03
  0.1321593483622494E+01  0.2466315055764818E+00  0.1395663815632556E+03
  0.1313422898916710E+01  0.2545413750517773E+00  0.1487270828764657E+03
  0.1305252314242701E+01  0.2624342518021592E+00  0.1590572282805032E+03
  0.1297081729601665E+01  0.2703096089133553E+00  0.1705230565694758E+03
  0.1288911144994824E+01  0.2781669206406729E+00  0.1826644779496059E+03
  0.1280740560423418E+01  0.2860056624440968E+00  0.1952346410397375E+03
  0.1272569975888710E+01  0.2938253110233064E+00  0.2076155475504868E+03
  0.1264399391391984E+01  0.3016253443526109E+00  0.2196167280629961E+03
  0.1256228806934547E+01  0.3094052417157978E+00  0.2306177310033863E+03
  0.1248058222517730E+01  0.3171644837408958E+00  0.2405499980186306E+03
  0.1239887638142892E+01  0.3249025524348469E+00  0.2498604338925133E+03
  0.1231717053811414E+01  0.3326189312180866E+00  0.2591166393813294E+03
  0.1223546469524707E+01  0.3403131049590297E+00  0.2685351743987171E+03
  0.1215375885284210E+01  0.3479845600084601E+00  0.2782909731903808E+03
  0.1207205301091390E+01  0.3556327842338202E+00  0.2876841145698944E+03
  0.1199034716947747E+01  0.3632572670534011E+00  0.2967282341141592E+03
  0.1190864132854811E+01  0.3708574994704271E+00  0.3053484567630085E+03
  0.1182693548814147E+01  0.3784329741070359E+00  0.3137579801241029E+03
  0.1174522964827352E+01  0.3859831852381501E+00  0.3216301896230654E+03
  0.1166352380896063E+01  0.3935076288252386E+00  0.3290189941725300E+03
  0.1158181797021950E+01  0.4010058025499653E+00  0.3357527848799807E+03
  0.1150011213206726E+01  0.4084772058477228E+00  0.3421469934121812E+03
  0.1141840629452141E+01  0.4159213399410494E+00  0.3480638085408185E+03
  0.1133670045759989E+01  0.4233377078729265E+00  0.3534971469817216E+03
  0.1125499462132108E+01  0.4307258145399545E+00  0.3585605619721973E+03
  0.1117328878570381E+01  0.4380851667254050E+00  0.3642813760519622E+03
  0.1109158295076737E+01  0.4454152731321473E+00  0.3713648086995319E+03
  0.1100987711653159E+01  0.4527156444154464E+00  0.3802361698508046E+03
  0.1092817128301675E+01  0.4599857932156304E+00  0.3903812523962914E+03
  0.1084646545024371E+01  0.4672252341906264E+00  0.4012669480521154E+03
  0.1076475961823386E+01  0.4744334840483606E+00  0.4122032467863259E+03
  0.1068305378700920E+01  0.4816100615790221E+00  0.4226865661348432E+03
  0.1060134795659229E+01  0.4887544876871878E+00  0.4324382845306720E+03
  0.1051964212700635E+01  0.4958662854238058E+00  0.4415712521938365E+03
  0.1043793629827524E+01  0.5029449800180356E+00  0.4497645742883312E+03
  0.1035623047042350E+01  0.5099900989089429E+00  0.4565972317962357E+03
  0.1027452464347638E+01  0.5170011717770473E+00  0.4619513789806940E+03
  0.1019281881745987E+01  0.5239777305757194E+00  0.4663293256248846E+03
  0.1011111299240073E+01  0.5309193095624275E+00  0.4695776915042069E+03
  0.1002940716832650E+01  0.5378254453298289E+00  0.4723912860306898E+03
  0.9947701345265596E+00  0.5446956768367068E+00  0.4752648900092715E+03
  0.9865995523247275E+00  0.5515295454387482E+00  0.4786856023984889E+03
  0.9784289702301714E+00  0.5583265949191624E+00  0.4817477462715993E+03
  0.9702583882460036E+00  0.5650863715191369E+00  0.4839897146850781E+03
  0.9620878063754359E+00  0.5718084239681300E+00  0.4851565288611239E+03
  0.9539172246217830E+00  0.5784923035139965E+00  0.4862044864559192E+03
  0.9457466429884676E+00  0.5851375639529456E+00  0.4876840743296432E+03
  0.9375760614790253E+00  0.5917437616593286E+00  0.4902176074831784E+03
  0.9294054800971098E+00  0.5983104556152549E+00  0.4936791951349706E+03
  0.9212348988464978E+00  0.6048372074400329E+00  0.4980616954614301E+03
  0.9130643177310944E+00  0.6113235814194364E+00  0.5032511103948121E+03
  0.9048937367549402E+00  0.6177691445347914E+00  0.5094528663572797E+03
  0.8967231559222163E+00  0.6241734664918837E+00  0.5159389851889100E+03
  0.8885525752372514E+00  0.6305361197496849E+00  0.5220856499583459E+03
  0.8803819947045285E+00  0.6368566795488945E+00  0.5275005684609458E+03
  0.8722114143286931E+00  0.6431347239402948E+00  0.5324357360356265E+03
  0.8640408341145595E+00  0.6493698338129212E+00  0.5367005935760264E+03
  0.8558702540671204E+00  0.6555615929220400E+00  0.5400640715036081E+03
  0.8476996741915547E+00  0.6617095879169366E+00  0.5418444771531533E+03
  0.8395290944932369E+00  0.6678134083685102E+00  0.5421123790384362E+03
  0.8313585149777468E+00  0.6738726467966731E+00  0.5408256686643102E+03
  0.8231879356508802E+00  0.6798868986975534E+00  0.5389125063411732E+03
  0.8150173565186587E+00  0.6858557625704990E+00  0.5365285805667390E+03
  0.8068467775873427E+00  0.6917788399448808E+00  0.5342455011398075E+03
  0.7986761988634423E+00  0.6976557354066943E+00  0.5320330056085270E+03
  0.7905056203537315E+00  0.7034860566249567E+00  0.5303337884631982E+03
  0.7823350420652612E+00  0.7092694143778975E+00  0.5290622787812117E+03
  0.7741644640053743E+00  0.7150054225789432E+00  0.5285347235838743E+03
  0.7659938861817212E+00  0.7206936983024912E+00  0.5281374267313936E+03
  0.7578233086022768E+00  0.7263338618094733E+00  0.5274311252316023E+03
  0.7496527312753575E+00  0.7319255365727068E+00  0.5257336862336392E+03
  0.7414821542096410E+00  0.7374683493020299E+00  0.5235275495247006E+03
  0.7333115774141861E+00  0.7429619299692227E+00  0.5208188820072342E+03
  0.7251410008984539E+00  0.7484059118327094E+00  0.5184269206120184E+03
  0.7169704246723316E+00  0.7537999314620412E+00  0.5175185518830009E+03
  0.7087998487461566E+00  0.7591436287621580E+00  0.5195426448203891E+03
  0.7006292731307425E+00  0.7644366469974285E+00  0.5236379323297720E+03
  0.6924586978374083E+00  0.7696786328154644E+00  0.5288149923681915E+03
  0.6842881228780077E+00  0.7748692362707100E+00  0.5334884703850602E+03
  0.6761175482649616E+00  0.7800081108478040E+00  0.5376831344866057E+03
  0.6679469740112938E+00  0.7850949134847117E+00  0.5412973255612119E+03
  0.6597764001306670E+00  0.7901293045956280E+00  0.5449817589554015E+03
  0.6516058266374236E+00  0.7951109480936471E+00  0.5491323023351233E+03
  0.6434352535466297E+00  0.8000395114131988E+00  0.5549578273574945E+03
  0.6352646808741202E+00  0.8049146655322506E+00  0.5621836827054796E+03
  0.6270941086365502E+00  0.8097360849942720E+00  0.5707705479797444E+03
  0.6189235368514482E+00  0.8145034479299620E+00  0.5800000675923038E+03
  0.6107529655372755E+00  0.8192164360787360E+00  0.5902982129299049E+03
  0.6025823947134890E+00  0.8238747348099726E+00  0.6013957138313282E+03
  0.5944118244006098E+00  0.8284780331440178E+00  0.6137023638376785E+03
  0.5862412546202973E+00  0.8330260237729452E+00  0.6275265026463942E+03
  0.5780706853954301E+00  0.8375184030810715E+00  0.6431765470890874E+03
  0.5699001167501928E+00  0.8419548711652254E+00  0.6602044672142669E+03
  0.5617295487101719E+00  0.8463351318547683E+00  0.6784466854984847E+03
  0.5535589813024583E+00  0.8506588927313666E+00  0.6971790489704586E+03
  0.5453884145557613E+00  0.8549258651485127E+00  0.7166208843845081E+03
  0.5372178485005299E+00  0.8591357642507945E+00  0.7359782920458590E+03
  0.5290472831690897E+00  0.8632883089929120E+00  0.7560255637438337E+03
  0.5208767185957875E+00  0.8673832221584393E+00  0.7763998606516590E+03
  0.5127061548171545E+00  0.8714202303783312E+00  0.7971968242864577E+03
  0.5045355918720822E+00  0.8753990641491725E+00  0.8177841669526729E+03
  0.4963650298020162E+00  0.8793194578511700E+00  0.8388702307492355E+03
  0.4881944686511717E+00  0.8831811497658847E+00  0.8606427681270534E+03
  0.4800239084667671E+00  0.8869838820937034E+00  0.8842265666411721E+03
  0.4718533492992859E+00  0.8907274009710492E+00  0.9093412209357958E+03
  0.4636827912027636E+00  0.8944114564873288E+00  0.9368238590370439E+03
  0.4555122342351060E+00  0.8980358027016164E+00  0.9667454952946958E+03
  0.4473416784584431E+00  0.9016001976590722E+00  0.9997330842348412E+03
  0.4391711239395221E+00  0.9051044034070944E+00  0.1034493147183850E+04
  0.4310005707501444E+00  0.9085481860112055E+00  0.1070483485705999E+04
  0.4228300189676551E+00  0.9119313155706682E+00  0.1106459024269723E+04
  0.4146594686754885E+00  0.9152535662338340E+00  0.1142707048674801E+04
  0.4064889199637791E+00  0.9185147162132208E+00  0.1179086486271767E+04
  0.3983183729300507E+00  0.9217145478003181E+00  0.1216317385505131E+04
  0.3901478276799883E+00  0.9248528473801222E+00  0.1254317943754916E+04
  0.3819772843283120E+00  0.9279294054453956E+00  0.1294082539216803E+04
  0.3738067429997641E+00  0.9309440166106540E+00  0.1335271456460739E+04
  0.3656362038302282E+00  0.9338964796258775E+00  0.1378509840412276E+04
  0.3574656669680030E+00  0.9367865973899459E+00  0.1421614211639423E+04
  0.3492951325752533E+00  0.9396141769637963E+00  0.1464251226006910E+04
  0.3411246008296713E+00  0.9423790295833044E+00  0.1506467053144382E+04
  0.3329540719263814E+00  0.9450809706718851E+00  0.1550268824138075E+04
  0.3247835460801308E+00  0.9477198198528157E+00  0.1594784093551913E+04
  0.3166130235278230E+00  0.9502954009612771E+00  0.1640276309946391E+04
  0.3084425045314506E+00  0.9528075420561144E+00  0.1685945549251511E+04
  0.3002719893815085E+00  0.9552560754313160E+00  0.1733007911877772E+04
  0.2921014784009779E+00  0.9576408376272095E+00  0.1780343644891600E+04
  0.2839309719500016E+00  0.9599616694413742E+00  0.1828546405166506E+04
  0.2757604704313845E+00  0.9622184159392698E+00  0.1877931856239232E+04
  0.2675899742971076E+00  0.9644109264645802E+00  0.1930303724852450E+04
  0.2594194840560681E+00  0.9665390546492710E+00  0.1984951676083813E+04
  0.2512490002833307E+00  0.9686026584233628E+00  0.2042581735659453E+04
  0.2430785236312446E+00  0.9706016000244151E+00  0.2103156571830712E+04
  0.2349080548428762E+00  0.9725357460067257E+00  0.2167722271402268E+04
  0.2267375947683499E+00  0.9744049672502397E+00  0.2234098853453416E+04
  0.2185671443848464E+00  0.9762091389691724E+00  0.2302781484777583E+04
  0.2103967048212628E+00  0.9779481407203411E+00  0.2371518522980679E+04
  0.2022262773888417E+00  0.9796218564112101E+00  0.2440358878165500E+04
  0.1940558636195398E+00  0.9812301743076443E+00  0.2507639090927957E+04
  0.1858854653144977E+00  0.9827729870413743E+00  0.2575540357376483E+04
  0.1777150846058812E+00  0.9842501916171713E+00  0.2643146661075966E+04
  0.1695447240365762E+00  0.9856616894197333E+00  0.2710408589054263E+04
  0.1613743866640789E+00  0.9870073862202815E+00  0.2775260065992336E+04
  0.1532040761975885E+00  0.9882871921828699E+00  0.2840651617444257E+04
  0.1450337971813853E+00  0.9895010218704087E+00  0.2906439269557181E+04
  0.1368635552438019E+00  0.9906487942504061E+00  0.2974136101704260E+04
  0.1286933574408989E+00  0.9917304327004320E+00  0.3041704791125673E+04
  0.1205232127396896E+00  0.9927458650133153E+00  0.3114470986349067E+04
  0.1123531327118049E+00  0.9936950234020883E+00  0.3191509728575669E+04
  0.1041831325528455E+00  0.9945778445047068E+00  0.3275291123029730E+04
  0.9601323262085862E-01  0.9953942693885953E+00  0.3363659854401204E+04
  0.8784346083082471E-01  0.9961442435551087E+00  0.3464240964730659E+04
  0.7967385651719167E-01  0.9968277169440913E+00  0.3575660585554884E+04
  0.7150447693306423E-01  0.9974446439389107E+00  0.3701532532489781E+04
  0.6333540875299180E-01  0.9979949833727938E+00  0.3841025067524494E+04
  0.5516678972815772E-01  0.9984786985384589E+00  0.4008086065665120E+04
  0.4699885272846815E-01  0.9988957572063257E+00  0.4201705563913985E+04
  0.3883202470742381E-01  0.9992461316671845E+00  0.4446984933716010E+04
  0.3066718105470672E-01  0.9995297988558859E+00  0.4779167778451748E+04
  0.2250643816359393E-01  0.9997467408113523E+00  0.5259015563384159E+04
  0.1435650599352885E-01  0.9998969471378596E+00  0.5817859045451033E+04
  0.6254421014113626E-02  0.9999804411726474E+00  0.6317352826215169E+04
