# nlmax, ncor, nside =         383           1         128
  0.3135338232575680E+01 -0.9999804411726474E+00  0.1870084224599763E+03
  0.3127236147596264E+01 -0.9998969471378596E+00  0.1786216895779752E+03
  0.3119086215426199E+01 -0.9997467408113523E+00  0.1679614202240639E+03
  0.3110925472535087E+01 -0.9995297988558859E+00  0.1588961251673331E+03
  0.3102760628882369E+01 -0.9992461316671845E+00  0.1527789087410387E+03
  0.3094593800861325E+01 -0.9988957572063257E+00  0.1497189531854642E+03
  0.3086425863861635E+01 -0.9984786985384589E+00  0.1493345864575557E+03
  0.3078257244836801E+01 -0.9979949833727938E+00  0.1513104323690143E+03
  0.3070088176656729E+01 -0.9974446439389107E+00  0.1545537768218851E+03
  0.3061918797072602E+01 -0.9968277169440913E+00  0.1580378044099342E+03
  0.3053749192758969E+01 -0.9961442435551087E+00  0.1615275036294055E+03
  0.3045579420968934E+01 -0.9953942693885953E+00  0.1653383160021847E+03
  0.3037409521036948E+01 -0.9945778445047068E+00  0.1697855435440363E+03
  0.3029239520877988E+01 -0.9936950234020883E+00  0.1745594832520729E+03
  0.3021069440850104E+01 -0.9927458650133153E+00  0.1790592093652066E+03
  0.3012899296148894E+01 -0.9917304327004320E+00  0.1833679260734261E+03
  0.3004729098345992E+01 -0.9906487942504061E+00  0.1881053882924585E+03
  0.2996558856408408E+01 -0.9895010218704087E+00  0.1938279360002748E+03
  0.2988388577392205E+01 -0.9882871921828699E+00  0.2002613685151665E+03
  0.2980218266925714E+01 -0.9870073862202815E+00  0.2064235381752005E+03
  0.2972047929553217E+01 -0.9856616894197333E+00  0.2116433030504780E+03
  0.2963877568983912E+01 -0.9842501916171713E+00  0.2160059921488195E+03
  0.2955707188275296E+01 -0.9827729870413743E+00  0.2196602518798545E+03
  0.2947536789970254E+01 -0.9812301743076443E+00  0.2223759622759271E+03
  0.2939366376200951E+01 -0.9796218564112101E+00  0.2238867703129624E+03
  0.2931195948768531E+01 -0.9779481407203411E+00  0.2244037964599929E+03
  0.2923025509204947E+01 -0.9762091389691724E+00  0.2246490116547041E+03
  0.2914855058821443E+01 -0.9744049672502397E+00  0.2250447026087265E+03
  0.2906684598746917E+01 -0.9725357460067257E+00  0.2253919134400586E+03
  0.2898514129958549E+01 -0.9706016000244151E+00  0.2251997199803798E+03
  0.2890343653306462E+01 -0.9686026584233628E+00  0.2245722036975363E+03
  0.2882173169533725E+01 -0.9665390546492710E+00  0.2244169759735034E+03
  0.2874002679292686E+01 -0.9644109264645802E+00  0.2254036272679553E+03
  0.2865832183158409E+01 -0.9622184159392698E+00  0.2273298953014333E+03
  0.2857661681639792E+01 -0.9599616694413742E+00  0.2292465840052538E+03
  0.2849491175188815E+01 -0.9576408376272095E+00  0.2306922674785407E+03
  0.2841320664208285E+01 -0.9552560754313160E+00  0.2317310640150401E+03
  0.2833150149058343E+01 -0.9528075420561144E+00  0.2323507787087294E+03
  0.2824979630061970E+01 -0.9502954009612771E+00  0.2319183255605584E+03
  0.2816809107509663E+01 -0.9477198198528157E+00  0.2298874960321619E+03
  0.2808638581663412E+01 -0.9450809706718851E+00  0.2265241515275246E+03
  0.2800468052760122E+01 -0.9423790295833044E+00  0.2229163698554604E+03
  0.2792297521014540E+01 -0.9396141769637963E+00  0.2197815213821440E+03
  0.2784126986621790E+01 -0.9367865973899459E+00  0.2171919076279102E+03
  0.2775956449759565E+01 -0.9338964796258775E+00  0.2145655768992960E+03
  0.2767785910590029E+01 -0.9309440166106540E+00  0.2111480904936813E+03
  0.2759615369261481E+01 -0.9279294054453956E+00  0.2065264034173522E+03
  0.2751444825909805E+01 -0.9248528473801222E+00  0.2011804585673387E+03
  0.2743274280659743E+01 -0.9217145478003181E+00  0.1962150860855927E+03
  0.2735103733626014E+01 -0.9185147162132208E+00  0.1922281402655474E+03
  0.2726933184914305E+01 -0.9152535662338340E+00  0.1889979752315370E+03
  0.2718762634622138E+01 -0.9119313155706682E+00  0.1858702912565635E+03
  0.2710592082839649E+01 -0.9085481860112055E+00  0.1822632590439035E+03
  0.2702421529650271E+01 -0.9051044034070944E+00  0.1779121848153135E+03
  0.2694250975131350E+01 -0.9016001976590722E+00  0.1731584130586049E+03
  0.2686080419354687E+01 -0.8980358027016164E+00  0.1687583427845631E+03
  0.2677909862387029E+01 -0.8944114564873288E+00  0.1649952569676688E+03
  0.2669739304290507E+01 -0.8907274009710492E+00  0.1613941435695928E+03
  0.2661568745123026E+01 -0.8869838820937034E+00  0.1570518988552993E+03
  0.2653398184938621E+01 -0.8831811497658847E+00  0.1511929731174478E+03
  0.2645227623787777E+01 -0.8793194578511700E+00  0.1436110226890235E+03
  0.2637057061717711E+01 -0.8753990641491725E+00  0.1345534870684475E+03
  0.2628886498772639E+01 -0.8714202303783312E+00  0.1245800968022244E+03
  0.2620715934994006E+01 -0.8673832221584393E+00  0.1144947609415762E+03
  0.2612545370420704E+01 -0.8632883089929120E+00  0.1049413439887949E+03
  0.2604374805089263E+01 -0.8591357642507945E+00  0.9627585102979170E+02
  0.2596204239034032E+01 -0.8549258651485127E+00  0.8863447202021550E+02
  0.2588033672287335E+01 -0.8506588927313666E+00  0.8212672751560116E+02
  0.2579863104879621E+01 -0.8463351318547683E+00  0.7663323242290136E+02
  0.2571692536839600E+01 -0.8419548711652254E+00  0.7204128772606629E+02
  0.2563521968194363E+01 -0.8375184030810715E+00  0.6839149964323040E+02
  0.2555351398969496E+01 -0.8330260237729452E+00  0.6561041176155996E+02
  0.2547180829189184E+01 -0.8284780331440178E+00  0.6309215815272680E+02
  0.2539010258876304E+01 -0.8238747348099726E+00  0.6006910499693840E+02
  0.2530839688052518E+01 -0.8192164360787360E+00  0.5613305219493034E+02
  0.2522669116738345E+01 -0.8145034479299620E+00  0.5140433151294378E+02
  0.2514498544953243E+01 -0.8097360849942720E+00  0.4609199521385398E+02
  0.2506327972715673E+01 -0.8049146655322506E+00  0.4082026544574391E+02
  0.2498157400043163E+01 -0.8000395114131988E+00  0.3668704767871640E+02
  0.2489986826952370E+01 -0.7951109480936471E+00  0.3440416147264197E+02
  0.2481816253459126E+01 -0.7901293045956280E+00  0.3352600584640461E+02
  0.2473645679578500E+01 -0.7850949134847117E+00  0.3275501235634628E+02
  0.2465475105324832E+01 -0.7800081108478040E+00  0.3138473135740933E+02
  0.2457304530711785E+01 -0.7748692362707100E+00  0.2997768043899384E+02
  0.2449133955752385E+01 -0.7696786328154644E+00  0.2943986674469965E+02
  0.2440963380459050E+01 -0.7644366469974285E+00  0.2987379919862020E+02
  0.2432792804843637E+01 -0.7591436287621580E+00  0.3053620613929651E+02
  0.2424622228917462E+01 -0.7537999314620412E+00  0.3065894348239401E+02
  0.2416451652691339E+01 -0.7484059118327094E+00  0.3006764559729917E+02
  0.2408281076175607E+01 -0.7429619299692227E+00  0.2904517339014701E+02
  0.2400110499380152E+01 -0.7374683493020299E+00  0.2788844577043676E+02
  0.2391939922314436E+01 -0.7319255365727068E+00  0.2690024707272445E+02
  0.2383769344987516E+01 -0.7263338618094733E+00  0.2621156424949348E+02
  0.2375598767408072E+01 -0.7206936983024912E+00  0.2592403032613184E+02
  0.2367428189584419E+01 -0.7150054225789432E+00  0.2607493840343258E+02
  0.2359257611524532E+01 -0.7092694143778975E+00  0.2674697876446609E+02
  0.2351087033236062E+01 -0.7034860566249567E+00  0.2807651434922229E+02
  0.2342916454726351E+01 -0.6976557354066943E+00  0.3044105137826349E+02
  0.2334745876002450E+01 -0.6917788399448808E+00  0.3386318809820094E+02
  0.2326575297071134E+01 -0.6858557625704990E+00  0.3771515521201567E+02
  0.2318404717938913E+01 -0.6798868986975534E+00  0.4110681640539093E+02
  0.2310234138612046E+01 -0.6738726467966731E+00  0.4371200808874410E+02
  0.2302063559096557E+01 -0.6678134083685102E+00  0.4591014633962924E+02
  0.2293892979398239E+01 -0.6617095879169366E+00  0.4793405808264043E+02
  0.2285722399522673E+01 -0.6555615929220400E+00  0.4963337740521276E+02
  0.2277551819475234E+01 -0.6493698338129212E+00  0.5072055924321099E+02
  0.2269381239261100E+01 -0.6431347239402948E+00  0.5099297568665782E+02
  0.2261210658885265E+01 -0.6368566795488945E+00  0.5044028372340655E+02
  0.2253040078352542E+01 -0.6305361197496849E+00  0.4931467091797929E+02
  0.2244869497667577E+01 -0.6241734664918837E+00  0.4831757410513789E+02
  0.2236698916834853E+01 -0.6177691445347914E+00  0.4817352487824087E+02
  0.2228528335858699E+01 -0.6113235814194364E+00  0.4918093529965469E+02
  0.2220357754743295E+01 -0.6048372074400329E+00  0.5092911157033404E+02
  0.2212187173492683E+01 -0.5983104556152549E+00  0.5279348892532085E+02
  0.2204016592110768E+01 -0.5917437616593286E+00  0.5419567325876572E+02
  0.2195846010601326E+01 -0.5851375639529456E+00  0.5478527967722439E+02
  0.2187675428968010E+01 -0.5784923035139965E+00  0.5428800639371294E+02
  0.2179504847214357E+01 -0.5718084239681300E+00  0.5255004660219093E+02
  0.2171334265343789E+01 -0.5650863715191369E+00  0.4973067557394788E+02
  0.2163163683359622E+01 -0.5583265949191624E+00  0.4634818443929395E+02
  0.2154993101265066E+01 -0.5515295454387482E+00  0.4302157334030581E+02
  0.2146822519063234E+01 -0.5446956768367068E+00  0.4022833417023320E+02
  0.2138651936757143E+01 -0.5378254453298289E+00  0.3799427813036765E+02
  0.2130481354349721E+01 -0.5309193095624275E+00  0.3599995211233989E+02
  0.2122310771843806E+01 -0.5239777305757194E+00  0.3380015806422590E+02
  0.2114140189242155E+01 -0.5170011717770473E+00  0.3110748494855113E+02
  0.2105969606547443E+01 -0.5099900989089429E+00  0.2802694448557911E+02
  0.2097799023762269E+01 -0.5029449800180356E+00  0.2489351151590770E+02
  0.2089628440889158E+01 -0.4958662854238058E+00  0.2190943252137236E+02
  0.2081457857930564E+01 -0.4887544876871878E+00  0.1909743255914666E+02
  0.2073287274888874E+01 -0.4816100615790221E+00  0.1628194296042609E+02
  0.2065116691766407E+01 -0.4744334840483606E+00  0.1317485787573959E+02
  0.2056946108565423E+01 -0.4672252341906264E+00  0.9421230121857299E+01
  0.2048775525288118E+01 -0.4599857932156304E+00  0.4924784228405538E+01
  0.2040604941936635E+01 -0.4527156444154464E+00  0.4610458812774888E-01
  0.2032434358513056E+01 -0.4454152731321473E+00 -0.4398250113343845E+01
  0.2024263775019413E+01 -0.4380851667254050E+00 -0.7653184102256363E+01
  0.2016093191457685E+01 -0.4307258145399545E+00 -0.9482084621904002E+01
  0.2007922607829804E+01 -0.4233377078729265E+00 -0.1025468109554851E+02
  0.1999752024137653E+01 -0.4159213399410494E+00 -0.1061113922444277E+02
  0.1991581440383068E+01 -0.4084772058477228E+00 -0.1129202916515437E+02
  0.1983410856567843E+01 -0.4010058025499653E+00 -0.1260764975770866E+02
  0.1975240272693730E+01 -0.3935076288252386E+00 -0.1431987238996886E+02
  0.1967069688762441E+01 -0.3859831852381501E+00 -0.1594294817412170E+02
  0.1958899104775647E+01 -0.3784329741070359E+00 -0.1743413218430113E+02
  0.1950728520734982E+01 -0.3708574994704271E+00 -0.1920613783021088E+02
  0.1942557936642046E+01 -0.3632572670534011E+00 -0.2160113085946306E+02
  0.1934387352498403E+01 -0.3556327842338202E+00 -0.2447218625221703E+02
  0.1926216768305583E+01 -0.3479845600084601E+00 -0.2747876299963975E+02
  0.1918046184065086E+01 -0.3403131049590297E+00 -0.3052569105067496E+02
  0.1909875599778379E+01 -0.3326189312180866E+00 -0.3362175030796021E+02
  0.1901705015446901E+01 -0.3249025524348469E+00 -0.3648306782580909E+02
  0.1893534431072063E+01 -0.3171644837408958E+00 -0.3873623866115265E+02
  0.1885363846655247E+01 -0.3094052417157978E+00 -0.4027801302976246E+02
  0.1877193262197810E+01 -0.3016253443526109E+00 -0.4129505827794697E+02
  0.1869022677701083E+01 -0.2938253110233064E+00 -0.4194891636819376E+02
  0.1860852093166375E+01 -0.2860056624440968E+00 -0.4247216212443395E+02
  0.1852681508594969E+01 -0.2781669206406729E+00 -0.4326662487211573E+02
  0.1844510923988128E+01 -0.2703096089133553E+00 -0.4457153506157221E+02
  0.1836340339347093E+01 -0.2624342518021592E+00 -0.4626694487984997E+02
  0.1828169754673083E+01 -0.2545413750517773E+00 -0.4807117689668761E+02
  0.1819999169967299E+01 -0.2466315055764818E+00 -0.4972636933176393E+02
  0.1811828585230925E+01 -0.2387051714249486E+00 -0.5118492104247863E+02
  0.1803658000465123E+01 -0.2307629017450062E+00 -0.5235938980285380E+02
  0.1795487415671042E+01 -0.2228052267483099E+00 -0.5344640153572017E+02
  0.1787316830849811E+01 -0.2148326776749467E+00 -0.5477284596485614E+02
  0.1779146246002545E+01 -0.2068457867579697E+00 -0.5667292185313126E+02
  0.1770975661130345E+01 -0.1988450871878683E+00 -0.5912447202584162E+02
  0.1762805076234296E+01 -0.1908311130769725E+00 -0.6201854619725538E+02
  0.1754634491315471E+01 -0.1828043994237966E+00 -0.6528606087406401E+02
  0.1746463906374929E+01 -0.1747654820773241E+00 -0.6870663856928397E+02
  0.1738293321413718E+01 -0.1667148977012352E+00 -0.7199795399967338E+02
  0.1730122736432872E+01 -0.1586531837380799E+00 -0.7510579958490800E+02
  0.1721952151433418E+01 -0.1505808783733995E+00 -0.7808933590477656E+02
  0.1713781566416370E+01 -0.1424985204997981E+00 -0.8086120708728630E+02
  0.1705610981382731E+01 -0.1344066496809675E+00 -0.8319687190654874E+02
  0.1697440396333499E+01 -0.1263058061156663E+00 -0.8513497743717929E+02
  0.1689269811269659E+01 -0.1181965306016578E+00 -0.8686941109590833E+02
  0.1681099226192191E+01 -0.1100793644996070E+00 -0.8847442137527482E+02
  0.1672928641102067E+01 -0.1019548496969404E+00 -0.8995072673477469E+02
  0.1664758056000250E+01 -0.9382352857167028E-01 -0.9134421057657507E+02
  0.1656587470887701E+01 -0.8568594395618719E-01 -0.9267521624005643E+02
  0.1648416885765370E+01 -0.7754263910102077E-01 -0.9390153548396810E+02
  0.1640246300634206E+01 -0.6939415763857371E-01 -0.9507529446190777E+02
  0.1632075715495151E+01 -0.6124104354682962E-01 -0.9658693212259269E+02
  0.1623905130349143E+01 -0.5308384111303818E-01 -0.9866374031697517E+02
  0.1615734545197117E+01 -0.4492309489737940E-01 -0.1009600923566619E+03
  0.1607563960040004E+01 -0.3675934969660982E-01 -0.1027557873693299E+03
  0.1599393374878733E+01 -0.2859315050769285E-01 -0.1036368202638501E+03
  0.1591222789714229E+01 -0.2042504249141571E-01 -0.1037088862669778E+03
  0.1583052204547419E+01 -0.1225557093599554E-01 -0.1033500493320152E+03
  0.1574881619379224E+01 -0.4085281220676868E-02 -0.1030102254784443E+03
  0.1566711034210569E+01  0.4085281220676868E-02 -0.1028958264267379E+03
  0.1558540449042374E+01  0.1225557093599554E-01 -0.1030141526628101E+03
  0.1550369863875564E+01  0.2042504249141571E-01 -0.1032568695567005E+03
  0.1542199278711061E+01  0.2859315050769285E-01 -0.1034093840051091E+03
  0.1534028693549790E+01  0.3675934969660982E-01 -0.1033094615578780E+03
  0.1525858108392677E+01  0.4492309489737940E-01 -0.1029688414248023E+03
  0.1517687523240650E+01  0.5308384111303818E-01 -0.1026083974949018E+03
  0.1509516938094642E+01  0.6124104354682962E-01 -0.1024249772119866E+03
  0.1501346352955587E+01  0.6939415763857371E-01 -0.1025984653268014E+03
  0.1493175767824423E+01  0.7754263910102077E-01 -0.1031384668697139E+03
  0.1485005182702093E+01  0.8568594395618719E-01 -0.1041053521242905E+03
  0.1476834597589543E+01  0.9382352857167028E-01 -0.1054745705826134E+03
  0.1468664012487727E+01  0.1019548496969404E+00 -0.1070760270434101E+03
  0.1460493427397602E+01  0.1100793644996070E+00 -0.1085041235686397E+03
  0.1452322842320134E+01  0.1181965306016578E+00 -0.1094538915161622E+03
  0.1444152257256294E+01  0.1263058061156663E+00 -0.1096664094147482E+03
  0.1435981672207062E+01  0.1344066496809675E+00 -0.1090579381742062E+03
  0.1427811087173423E+01  0.1424985204997981E+00 -0.1077983787385326E+03
  0.1419640502156375E+01  0.1505808783733995E+00 -0.1065774078787396E+03
  0.1411469917156921E+01  0.1586531837380799E+00 -0.1060511469368552E+03
  0.1403299332176076E+01  0.1667148977012352E+00 -0.1063548167015642E+03
  0.1395128747214864E+01  0.1747654820773241E+00 -0.1070879621991566E+03
  0.1386958162274323E+01  0.1828043994237966E+00 -0.1079391456090956E+03
  0.1378787577355497E+01  0.1908311130769725E+00 -0.1087425352183414E+03
  0.1370616992459449E+01  0.1988450871878683E+00 -0.1093508973401321E+03
  0.1362446407587248E+01  0.2068457867579697E+00 -0.1094252734922208E+03
  0.1354275822739983E+01  0.2148326776749467E+00 -0.1086775619525755E+03
  0.1346105237918751E+01  0.2228052267483099E+00 -0.1071879640436121E+03
  0.1337934653124670E+01  0.2307629017450062E+00 -0.1053330007986041E+03
  0.1329764068358868E+01  0.2387051714249486E+00 -0.1035031742702236E+03
  0.1321593483622494E+01  0.2466315055764818E+00 -0.1019652636665728E+03
  0.1313422898916710E+01  0.2545413750517773E+00 -0.1006094284530243E+03
  0.1305252314242701E+01  0.2624342518021592E+00 -0.9935693804481984E+02
  0.1297081729601665E+01  0.2703096089133553E+00 -0.9820489092366640E+02
  0.1288911144994824E+01  0.2781669206406729E+00 -0.9731507330903526E+02
  0.1280740560423418E+01  0.2860056624440968E+00 -0.9656981516085111E+02
  0.1272569975888710E+01  0.2938253110233064E+00 -0.9550884455994196E+02
  0.1264399391391984E+01  0.3016253443526109E+00 -0.9364473278634337E+02
  0.1256228806934547E+01  0.3094052417157978E+00 -0.9080447333309040E+02
  0.1248058222517730E+01  0.3171644837408958E+00 -0.8714239680329733E+02
  0.1239887638142892E+01  0.3249025524348469E+00 -0.8304749736345200E+02
  0.1231717053811414E+01  0.3326189312180866E+00 -0.7857709091689766E+02
  0.1223546469524707E+01  0.3403131049590297E+00 -0.7329598435004195E+02
  0.1215375885284210E+01  0.3479845600084601E+00 -0.6659334656471147E+02
  0.1207205301091390E+01  0.3556327842338202E+00 -0.5879005046924178E+02
  0.1199034716947747E+01  0.3632572670534011E+00 -0.5101548409712183E+02
  0.1190864132854811E+01  0.3708574994704271E+00 -0.4456103882241487E+02
  0.1182693548814147E+01  0.3784329741070359E+00 -0.4008005798219941E+02
  0.1174522964827352E+01  0.3859831852381501E+00 -0.3753503103920510E+02
  0.1166352380896063E+01  0.3935076288252386E+00 -0.3621817847894206E+02
  0.1158181797021950E+01  0.4010058025499653E+00 -0.3520715132939270E+02
  0.1150011213206726E+01  0.4084772058477228E+00 -0.3380260885238624E+02
  0.1141840629452141E+01  0.4159213399410494E+00 -0.3232148078739296E+02
  0.1133670045759989E+01  0.4233377078729265E+00 -0.3146610734748886E+02
  0.1125499462132108E+01  0.4307258145399545E+00 -0.3158936642824596E+02
  0.1117328878570381E+01  0.4380851667254050E+00 -0.3227590124118721E+02
  0.1109158295076737E+01  0.4454152731321473E+00 -0.3310973665462434E+02
  0.1100987711653159E+01  0.4527156444154464E+00 -0.3387952356065360E+02
  0.1092817128301675E+01  0.4599857932156304E+00 -0.3464050841128043E+02
  0.1084646545024371E+01  0.4672252341906264E+00 -0.3541229207662915E+02
  0.1076475961823386E+01  0.4744334840483606E+00 -0.3628827507501821E+02
  0.1068305378700920E+01  0.4816100615790221E+00 -0.3692447154276847E+02
  0.1060134795659229E+01  0.4887544876871878E+00 -0.3693719005287466E+02
  0.1051964212700635E+01  0.4958662854238058E+00 -0.3635615552535175E+02
  0.1043793629827524E+01  0.5029449800180356E+00 -0.3599737666299657E+02
  0.1035623047042350E+01  0.5099900989089429E+00 -0.3659191622091011E+02
  0.1027452464347638E+01  0.5170011717770473E+00 -0.3801221007757742E+02
  0.1019281881745987E+01  0.5239777305757194E+00 -0.3938219712246882E+02
  0.1011111299240073E+01  0.5309193095624275E+00 -0.4019991409233010E+02
  0.1002940716832650E+01  0.5378254453298289E+00 -0.4038710605742065E+02
  0.9947701345265596E+00  0.5446956768367068E+00 -0.4010595162912653E+02
  0.9865995523247275E+00  0.5515295454387482E+00 -0.3926399976110952E+02
  0.9784289702301714E+00  0.5583265949191624E+00 -0.3776336697697878E+02
  0.9702583882460036E+00  0.5650863715191369E+00 -0.3525753363250487E+02
  0.9620878063754359E+00  0.5718084239681300E+00 -0.3168133181401606E+02
  0.9539172246217830E+00  0.5784923035139965E+00 -0.2732475149902976E+02
  0.9457466429884676E+00  0.5851375639529456E+00 -0.2268563375031767E+02
  0.9375760614790253E+00  0.5917437616593286E+00 -0.1774218312754963E+02
  0.9294054800971098E+00  0.5983104556152549E+00 -0.1235664334298409E+02
  0.9212348988464978E+00  0.6048372074400329E+00 -0.6688176947436081E+01
  0.9130643177310944E+00  0.6113235814194364E+00 -0.1572467852399686E+01
  0.9048937367549402E+00  0.6177691445347914E+00  0.2415572526823174E+01
  0.8967231559222163E+00  0.6241734664918837E+00  0.5616961987999246E+01
  0.8885525752372514E+00  0.6305361197496849E+00  0.8739207550153113E+01
  0.8803819947045285E+00  0.6368566795488945E+00  0.1203709624085172E+02
  0.8722114143286931E+00  0.6431347239402948E+00  0.1527981722385826E+02
  0.8640408341145595E+00  0.6493698338129212E+00  0.1776755639104930E+02
  0.8558702540671204E+00  0.6555615929220400E+00  0.1927734663014962E+02
  0.8476996741915547E+00  0.6617095879169366E+00  0.2012705303535790E+02
  0.8395290944932369E+00  0.6678134083685102E+00  0.2124329142604851E+02
  0.8313585149777468E+00  0.6738726467966731E+00  0.2291278923315507E+02
  0.8231879356508802E+00  0.6798868986975534E+00  0.2459129122514193E+02
  0.8150173565186587E+00  0.6858557625704990E+00  0.2538986877910151E+02
  0.8068467775873427E+00  0.6917788399448808E+00  0.2512993243411809E+02
  0.7986761988634423E+00  0.6976557354066943E+00  0.2421523547691706E+02
  0.7905056203537315E+00  0.7034860566249567E+00  0.2318621547405039E+02
  0.7823350420652612E+00  0.7092694143778975E+00  0.2214727781552496E+02
  0.7741644640053743E+00  0.7150054225789432E+00  0.2096037280572827E+02
  0.7659938861817212E+00  0.7206936983024912E+00  0.1922775415488714E+02
  0.7578233086022768E+00  0.7263338618094733E+00  0.1684854270746810E+02
  0.7496527312753575E+00  0.7319255365727068E+00  0.1399167384880958E+02
  0.7414821542096410E+00  0.7374683493020299E+00  0.1125208732389100E+02
  0.7333115774141861E+00  0.7429619299692227E+00  0.8801824666740403E+01
  0.7251410008984539E+00  0.7484059118327094E+00  0.6454028084456547E+01
  0.7169704246723316E+00  0.7537999314620412E+00  0.3946852716414373E+01
  0.7087998487461566E+00  0.7591436287621580E+00  0.1364961241456994E+01
  0.7006292731307425E+00  0.7644366469974285E+00 -0.1269554752083019E+01
  0.6924586978374083E+00  0.7696786328154644E+00 -0.3778774571043829E+01
  0.6842881228780077E+00  0.7748692362707100E+00 -0.5895591769450995E+01
  0.6761175482649616E+00  0.7800081108478040E+00 -0.6856015107933436E+01
  0.6679469740112938E+00  0.7850949134847117E+00 -0.6264387720922705E+01
  0.6597764001306670E+00  0.7901293045956280E+00 -0.4398059317313499E+01
  0.6516058266374236E+00  0.7951109480936471E+00 -0.2256661283787843E+01
  0.6434352535466297E+00  0.8000395114131988E+00 -0.4521986104373911E+00
  0.6352646808741202E+00  0.8049146655322506E+00  0.7641417986943276E+00
  0.6270941086365502E+00  0.8097360849942720E+00  0.1679537998698772E+01
  0.6189235368514482E+00  0.8145034479299620E+00  0.2454559909189368E+01
  0.6107529655372755E+00  0.8192164360787360E+00  0.3233002541368035E+01
  0.6025823947134890E+00  0.8238747348099726E+00  0.3753247565333198E+01
  0.5944118244006098E+00  0.8284780331440178E+00  0.4077018886061795E+01
  0.5862412546202973E+00  0.8330260237729452E+00  0.4162890416353578E+01
  0.5780706853954301E+00  0.8375184030810715E+00  0.4265201596195793E+01
  0.5699001167501928E+00  0.8419548711652254E+00  0.4482351793239011E+01
  0.5617295487101719E+00  0.8463351318547683E+00  0.5247796290718721E+01
  0.5535589813024583E+00  0.8506588927313666E+00  0.6766688510781405E+01
  0.5453884145557613E+00  0.8549258651485127E+00  0.8952585847793001E+01
  0.5372178485005299E+00  0.8591357642507945E+00  0.1147460447596567E+02
  0.5290472831690897E+00  0.8632883089929120E+00  0.1479003095314790E+02
  0.5208767185957875E+00  0.8673832221584393E+00  0.1935207937557834E+02
  0.5127061548171545E+00  0.8714202303783312E+00  0.2501069007817035E+02
  0.5045355918720822E+00  0.8753990641491725E+00  0.3057176938333334E+02
  0.4963650298020162E+00  0.8793194578511700E+00  0.3538626755599687E+02
  0.4881944686511717E+00  0.8831811497658847E+00  0.3954161012101866E+02
  0.4800239084667671E+00  0.8869838820937034E+00  0.4374441098445164E+02
  0.4718533492992859E+00  0.8907274009710492E+00  0.4838657880157124E+02
  0.4636827912027636E+00  0.8944114564873288E+00  0.5380098571892866E+02
  0.4555122342351060E+00  0.8980358027016164E+00  0.5954989183141034E+02
  0.4473416784584431E+00  0.9016001976590722E+00  0.6515393030904855E+02
  0.4391711239395221E+00  0.9051044034070944E+00  0.7028727607947461E+02
  0.4310005707501444E+00  0.9085481860112055E+00  0.7552249109092942E+02
  0.4228300189676551E+00  0.9119313155706682E+00  0.8134175602647092E+02
  0.4146594686754885E+00  0.9152535662338340E+00  0.8825802269241483E+02
  0.4064889199637791E+00  0.9185147162132208E+00  0.9634486073719675E+02
  0.3983183729300507E+00  0.9217145478003181E+00  0.1059888262368406E+03
  0.3901478276799883E+00  0.9248528473801222E+00  0.1168806220576534E+03
  0.3819772843283120E+00  0.9279294054453956E+00  0.1289629492621525E+03
  0.3738067429997641E+00  0.9309440166106540E+00  0.1423279614892942E+03
  0.3656362038302282E+00  0.9338964796258775E+00  0.1577196385745475E+03
  0.3574656669680030E+00  0.9367865973899459E+00  0.1749590061504604E+03
  0.3492951325752533E+00  0.9396141769637963E+00  0.1931764347324504E+03
  0.3411246008296713E+00  0.9423790295833044E+00  0.2109568254871193E+03
  0.3329540719263814E+00  0.9450809706718851E+00  0.2277201398855985E+03
  0.3247835460801308E+00  0.9477198198528157E+00  0.2429526658827701E+03
  0.3166130235278230E+00  0.9502954009612771E+00  0.2577165418902908E+03
  0.3084425045314506E+00  0.9528075420561144E+00  0.2735241513369887E+03
  0.3002719893815085E+00  0.9552560754313160E+00  0.2917694283270785E+03
  0.2921014784009779E+00  0.9576408376272095E+00  0.3118788436755484E+03
  0.2839309719500016E+00  0.9599616694413742E+00  0.3328456191452058E+03
  0.2757604704313845E+00  0.9622184159392698E+00  0.3537999155942908E+03
  0.2675899742971076E+00  0.9644109264645802E+00  0.3747397168006279E+03
  0.2594194840560681E+00  0.9665390546492710E+00  0.3952517828776184E+03
  0.2512490002833307E+00  0.9686026584233628E+00  0.4161663841236278E+03
  0.2430785236312446E+00  0.9706016000244151E+00  0.4382949231958663E+03
  0.2349080548428762E+00  0.9725357460067257E+00  0.4624075373229672E+03
  0.2267375947683499E+00  0.9744049672502397E+00  0.4881382614477464E+03
  0.2185671443848464E+00  0.9762091389691724E+00  0.5164160903810410E+03
  0.2103967048212628E+00  0.9779481407203411E+00  0.5483722088100849E+03
  0.2022262773888417E+00  0.9796218564112101E+00  0.5847174709195608E+03
  0.1940558636195398E+00  0.9812301743076443E+00  0.6242124776327870E+03
  0.1858854653144977E+00  0.9827729870413743E+00  0.6657883165848449E+03
  0.1777150846058812E+00  0.9842501916171713E+00  0.7075661199136132E+03
  0.1695447240365762E+00  0.9856616894197333E+00  0.7480986300398470E+03
  0.1613743866640789E+00  0.9870073862202815E+00  0.7864668569273608E+03
  0.1532040761975885E+00  0.9882871921828699E+00  0.8248441787402993E+03
  0.1450337971813853E+00  0.9895010218704087E+00  0.8647001741822698E+03
  0.1368635552438019E+00  0.9906487942504061E+00  0.9066203849586450E+03
  0.1286933574408989E+00  0.9917304327004320E+00  0.9497983315546174E+03
  0.1205232127396896E+00  0.9927458650133153E+00  0.9965557714290752E+03
  0.1123531327118049E+00  0.9936950234020883E+00  0.1047219219765931E+04
  0.1041831325528455E+00  0.9945778445047068E+00  0.1101677194197341E+04
  0.9601323262085862E-01  0.9953942693885953E+00  0.1159654271471324E+04
  0.8784346083082471E-01  0.9961442435551087E+00  0.1225492920754173E+04
  0.7967385651719167E-01  0.9968277169440913E+00  0.1300216470457670E+04
  0.7150447693306423E-01  0.9974446439389107E+00  0.1384839928570372E+04
  0.6333540875299180E-01  0.9979949833727938E+00  0.1482668609926105E+04
  0.5516678972815772E-01  0.9984786985384589E+00  0.1603209658985864E+04
  0.4699885272846815E-01  0.9988957572063257E+00  0.1751173025633081E+04
  0.3883202470742381E-01  0.9992461316671845E+00  0.1942483038387490E+04
  0.3066718105470672E-01  0.9995297988558859E+00  0.2218762033768399E+04
  0.2250643816359393E-01  0.9997467408113523E+00  0.2624718719831722E+04
  0.1435650599352885E-01  0.9998969471378596E+00  0.3109699677572809E+04
  0.6254421014113626E-02  0.9999804411726474E+00  0.3498490486430528E+04
