# nlmax, ncor, nside =         383           1         128
  0.3135338232575680E+01 -0.9999804411726474E+00  0.2802998226152635E+03
  0.3127236147596264E+01 -0.9998969471378596E+00  0.2844371041141642E+03
  0.3119086215426199E+01 -0.9997467408113523E+00  0.2918367326475454E+03
  0.3110925472535087E+01 -0.9995297988558859E+00  0.3010046483519595E+03
  0.3102760628882369E+01 -0.9992461316671845E+00  0.3096588001735747E+03
  0.3094593800861325E+01 -0.9988957572063257E+00  0.3164967864260693E+03
  0.3086425863861635E+01 -0.9984786985384589E+00  0.3217062473130716E+03
  0.3078257244836801E+01 -0.9979949833727938E+00  0.3259272870537254E+03
  0.3070088176656729E+01 -0.9974446439389107E+00  0.3296441263076574E+03
  0.3061918797072602E+01 -0.9968277169440913E+00  0.3333165175144505E+03
  0.3053749192758969E+01 -0.9961442435551087E+00  0.3372307674479146E+03
  0.3045579420968934E+01 -0.9953942693885953E+00  0.3411493431808678E+03
  0.3037409521036948E+01 -0.9945778445047068E+00  0.3446887126289847E+03
  0.3029239520877988E+01 -0.9936950234020883E+00  0.3479049979936029E+03
  0.3021069440850104E+01 -0.9927458650133153E+00  0.3511233446331414E+03
  0.3012899296148894E+01 -0.9917304327004320E+00  0.3544639265972099E+03
  0.3004729098345992E+01 -0.9906487942504061E+00  0.3579687301130642E+03
  0.2996558856408408E+01 -0.9895010218704087E+00  0.3618062236873666E+03
  0.2988388577392205E+01 -0.9882871921828699E+00  0.3658859413647987E+03
  0.2980218266925714E+01 -0.9870073862202815E+00  0.3695707945693730E+03
  0.2972047929553217E+01 -0.9856616894197333E+00  0.3722293322751365E+03
  0.2963877568983912E+01 -0.9842501916171713E+00  0.3738538337590301E+03
  0.2955707188275296E+01 -0.9827729870413743E+00  0.3748706028235161E+03
  0.2947536789970254E+01 -0.9812301743076443E+00  0.3755767187181229E+03
  0.2939366376200951E+01 -0.9796218564112101E+00  0.3759188729486144E+03
  0.2931195948768531E+01 -0.9779481407203411E+00  0.3754844235349339E+03
  0.2923025509204947E+01 -0.9762091389691724E+00  0.3736253297183297E+03
  0.2914855058821443E+01 -0.9744049672502397E+00  0.3700271279095901E+03
  0.2906684598746917E+01 -0.9725357460067257E+00  0.3653459520294477E+03
  0.2898514129958549E+01 -0.9706016000244151E+00  0.3609323837780611E+03
  0.2890343653306462E+01 -0.9686026584233628E+00  0.3577935257750673E+03
  0.2882173169533725E+01 -0.9665390546492710E+00  0.3560380190569427E+03
  0.2874002679292686E+01 -0.9644109264645802E+00  0.3552073106160590E+03
  0.2865832183158409E+01 -0.9622184159392698E+00  0.3546632743196533E+03
  0.2857661681639792E+01 -0.9599616694413742E+00  0.3536660915652117E+03
  0.2849491175188815E+01 -0.9576408376272095E+00  0.3516039588678641E+03
  0.2841320664208285E+01 -0.9552560754313160E+00  0.3483736540545510E+03
  0.2833150149058343E+01 -0.9528075420561144E+00  0.3443132330193264E+03
  0.2824979630061970E+01 -0.9502954009612771E+00  0.3397606323909794E+03
  0.2816809107509663E+01 -0.9477198198528157E+00  0.3349396450203796E+03
  0.2808638581663412E+01 -0.9450809706718851E+00  0.3302584516599957E+03
  0.2800468052760122E+01 -0.9423790295833044E+00  0.3263904595728593E+03
  0.2792297521014540E+01 -0.9396141769637963E+00  0.3239051274943880E+03
  0.2784126986621790E+01 -0.9367865973899459E+00  0.3228553487188085E+03
  0.2775956449759565E+01 -0.9338964796258775E+00  0.3227159089407986E+03
  0.2767785910590029E+01 -0.9309440166106540E+00  0.3227215002336880E+03
  0.2759615369261481E+01 -0.9279294054453956E+00  0.3223698218269978E+03
  0.2751444825909805E+01 -0.9248528473801222E+00  0.3216162138641145E+03
  0.2743274280659743E+01 -0.9217145478003181E+00  0.3205428893187208E+03
  0.2735103733626014E+01 -0.9185147162132208E+00  0.3190058726357105E+03
  0.2726933184914305E+01 -0.9152535662338340E+00  0.3168328888669129E+03
  0.2718762634622138E+01 -0.9119313155706682E+00  0.3142105067271063E+03
  0.2710592082839649E+01 -0.9085481860112055E+00  0.3115316830408693E+03
  0.2702421529650271E+01 -0.9051044034070944E+00  0.3089029319569350E+03
  0.2694250975131350E+01 -0.9016001976590722E+00  0.3061342084494663E+03
  0.2686080419354687E+01 -0.8980358027016164E+00  0.3032250231221237E+03
  0.2677909862387029E+01 -0.8944114564873288E+00  0.3005620575243828E+03
  0.2669739304290507E+01 -0.8907274009710492E+00  0.2985295902660702E+03
  0.2661568745123026E+01 -0.8869838820937034E+00  0.2970525398572993E+03
  0.2653398184938621E+01 -0.8831811497658847E+00  0.2955577633742320E+03
  0.2645227623787777E+01 -0.8793194578511700E+00  0.2933803984226407E+03
  0.2637057061717711E+01 -0.8753990641491725E+00  0.2903210288857825E+03
  0.2628886498772639E+01 -0.8714202303783312E+00  0.2868424841446306E+03
  0.2620715934994006E+01 -0.8673832221584393E+00  0.2835926538070707E+03
  0.2612545370420704E+01 -0.8632883089929120E+00  0.2807743370442303E+03
  0.2604374805089263E+01 -0.8591357642507945E+00  0.2781972256605021E+03
  0.2596204239034032E+01 -0.8549258651485127E+00  0.2758655894020822E+03
  0.2588033672287335E+01 -0.8506588927313666E+00  0.2741452258702341E+03
  0.2579863104879621E+01 -0.8463351318547683E+00  0.2733260990464276E+03
  0.2571692536839600E+01 -0.8419548711652254E+00  0.2733587401228099E+03
  0.2563521968194363E+01 -0.8375184030810715E+00  0.2740455797212778E+03
  0.2555351398969496E+01 -0.8330260237729452E+00  0.2751389681628833E+03
  0.2547180829189184E+01 -0.8284780331440178E+00  0.2762160353282796E+03
  0.2539010258876304E+01 -0.8238747348099726E+00  0.2768032186404917E+03
  0.2530839688052518E+01 -0.8192164360787360E+00  0.2767081168992721E+03
  0.2522669116738345E+01 -0.8145034479299620E+00  0.2760256128801624E+03
  0.2514498544953243E+01 -0.8097360849942720E+00  0.2749261084537599E+03
  0.2506327972715673E+01 -0.8049146655322506E+00  0.2737361604034276E+03
  0.2498157400043163E+01 -0.8000395114131988E+00  0.2730590577359393E+03
  0.2489986826952370E+01 -0.7951109480936471E+00  0.2733545364679093E+03
  0.2481816253459126E+01 -0.7901293045956280E+00  0.2743991649843258E+03
  0.2473645679578500E+01 -0.7850949134847117E+00  0.2754953426281894E+03
  0.2465475105324832E+01 -0.7800081108478040E+00  0.2761765388004656E+03
  0.2457304530711785E+01 -0.7748692362707100E+00  0.2764209306440647E+03
  0.2449133955752385E+01 -0.7696786328154644E+00  0.2763016906889554E+03
  0.2440963380459050E+01 -0.7644366469974285E+00  0.2758205937999647E+03
  0.2432792804843637E+01 -0.7591436287621580E+00  0.2750778499171086E+03
  0.2424622228917462E+01 -0.7537999314620412E+00  0.2742715683460146E+03
  0.2416451652691339E+01 -0.7484059118327094E+00  0.2734431541342795E+03
  0.2408281076175607E+01 -0.7429619299692227E+00  0.2723596949680469E+03
  0.2400110499380152E+01 -0.7374683493020299E+00  0.2706433964897971E+03
  0.2391939922314436E+01 -0.7319255365727068E+00  0.2679701771693950E+03
  0.2383769344987516E+01 -0.7263338618094733E+00  0.2642824675692731E+03
  0.2375598767408072E+01 -0.7206936983024912E+00  0.2599066229729751E+03
  0.2367428189584419E+01 -0.7150054225789432E+00  0.2553282186085640E+03
  0.2359257611524532E+01 -0.7092694143778975E+00  0.2507602222509840E+03
  0.2351087033236062E+01 -0.7034860566249567E+00  0.2460384664813335E+03
  0.2342916454726351E+01 -0.6976557354066943E+00  0.2409524804775878E+03
  0.2334745876002450E+01 -0.6917788399448808E+00  0.2355151289413536E+03
  0.2326575297071134E+01 -0.6858557625704990E+00  0.2298934078389476E+03
  0.2318404717938913E+01 -0.6798868986975534E+00  0.2242555011294246E+03
  0.2310234138612046E+01 -0.6738726467966731E+00  0.2187202291805580E+03
  0.2302063559096557E+01 -0.6678134083685102E+00  0.2133232050677082E+03
  0.2293892979398239E+01 -0.6617095879169366E+00  0.2080153403920316E+03
  0.2285722399522673E+01 -0.6555615929220400E+00  0.2027493023829505E+03
  0.2277551819475234E+01 -0.6493698338129212E+00  0.1974687343963790E+03
  0.2269381239261100E+01 -0.6431347239402948E+00  0.1919466043973501E+03
  0.2261210658885265E+01 -0.6368566795488945E+00  0.1858400395039752E+03
  0.2253040078352542E+01 -0.6305361197496849E+00  0.1790893029027463E+03
  0.2244869497667577E+01 -0.6241734664918837E+00  0.1721039608756704E+03
  0.2236698916834853E+01 -0.6177691445347914E+00  0.1653462782790477E+03
  0.2228528335858699E+01 -0.6113235814194364E+00  0.1588032105633640E+03
  0.2220357754743295E+01 -0.6048372074400329E+00  0.1519789421765310E+03
  0.2212187173492683E+01 -0.5983104556152549E+00  0.1443074658164585E+03
  0.2204016592110768E+01 -0.5917437616593286E+00  0.1355450675116543E+03
  0.2195846010601326E+01 -0.5851375639529456E+00  0.1259733035034983E+03
  0.2187675428968010E+01 -0.5784923035139965E+00  0.1163223793718788E+03
  0.2179504847214357E+01 -0.5718084239681300E+00  0.1073095671477242E+03
  0.2171334265343789E+01 -0.5650863715191369E+00  0.9912200129926157E+02
  0.2163163683359622E+01 -0.5583265949191624E+00  0.9141843639872201E+02
  0.2154993101265066E+01 -0.5515295454387482E+00  0.8380545329044328E+02
  0.2146822519063234E+01 -0.5446956768367068E+00  0.7616521419001143E+02
  0.2138651936757143E+01 -0.5378254453298289E+00  0.6860011069376955E+02
  0.2130481354349721E+01 -0.5309193095624275E+00  0.6128582698905057E+02
  0.2122310771843806E+01 -0.5239777305757194E+00  0.5433093806405343E+02
  0.2114140189242155E+01 -0.5170011717770473E+00  0.4756537070468936E+02
  0.2105969606547443E+01 -0.5099900989089429E+00  0.4055370902620588E+02
  0.2097799023762269E+01 -0.5029449800180356E+00  0.3306539552543035E+02
  0.2089628440889158E+01 -0.4958662854238058E+00  0.2543127744953050E+02
  0.2081457857930564E+01 -0.4887544876871878E+00  0.1812937393597723E+02
  0.2073287274888874E+01 -0.4816100615790221E+00  0.1106797020740604E+02
  0.2065116691766407E+01 -0.4744334840483606E+00  0.3597356688160086E+01
  0.2056946108565423E+01 -0.4672252341906264E+00 -0.4726802649210311E+01
  0.2048775525288118E+01 -0.4599857932156304E+00 -0.1362235559591414E+02
  0.2040604941936635E+01 -0.4527156444154464E+00 -0.2236835449373084E+02
  0.2032434358513056E+01 -0.4454152731321473E+00 -0.3046162210429091E+02
  0.2024263775019413E+01 -0.4380851667254050E+00 -0.3796857073848054E+02
  0.2016093191457685E+01 -0.4307258145399545E+00 -0.4534280382958377E+02
  0.2007922607829804E+01 -0.4233377078729265E+00 -0.5292511314363480E+02
  0.1999752024137653E+01 -0.4159213399410494E+00 -0.6058910918988337E+02
  0.1991581440383068E+01 -0.4084772058477228E+00 -0.6788091171756287E+02
  0.1983410856567843E+01 -0.4010058025499653E+00 -0.7446262071328775E+02
  0.1975240272693730E+01 -0.3935076288252386E+00 -0.8032762455527686E+02
  0.1967069688762441E+01 -0.3859831852381501E+00 -0.8563850947944988E+02
  0.1958899104775647E+01 -0.3784329741070359E+00 -0.9053945979075179E+02
  0.1950728520734982E+01 -0.3708574994704271E+00 -0.9516646391943659E+02
  0.1942557936642046E+01 -0.3632572670534011E+00 -0.9969963659047664E+02
  0.1934387352498403E+01 -0.3556327842338202E+00 -0.1043270346926353E+03
  0.1926216768305583E+01 -0.3479845600084601E+00 -0.1091800298088913E+03
  0.1918046184065086E+01 -0.3403131049590297E+00 -0.1142691754866294E+03
  0.1909875599778379E+01 -0.3326189312180866E+00 -0.1194329438700501E+03
  0.1901705015446901E+01 -0.3249025524348469E+00 -0.1244141260935746E+03
  0.1893534431072063E+01 -0.3171644837408958E+00 -0.1290505261567249E+03
  0.1885363846655247E+01 -0.3094052417157978E+00 -0.1333418785785379E+03
  0.1877193262197810E+01 -0.3016253443526109E+00 -0.1373373128177524E+03
  0.1869022677701083E+01 -0.2938253110233064E+00 -0.1410913338602878E+03
  0.1860852093166375E+01 -0.2860056624440968E+00 -0.1447266940130101E+03
  0.1852681508594969E+01 -0.2781669206406729E+00 -0.1483403270927764E+03
  0.1844510923988128E+01 -0.2703096089133553E+00 -0.1518156732039268E+03
  0.1836340339347093E+01 -0.2624342518021592E+00 -0.1549674784373565E+03
  0.1828169754673083E+01 -0.2545413750517773E+00 -0.1579577114542849E+03
  0.1819999169967299E+01 -0.2466315055764818E+00 -0.1613231983013507E+03
  0.1811828585230925E+01 -0.2387051714249486E+00 -0.1654259989955841E+03
  0.1803658000465123E+01 -0.2307629017450062E+00 -0.1700253039814850E+03
  0.1795487415671042E+01 -0.2228052267483099E+00 -0.1745261555914614E+03
  0.1787316830849811E+01 -0.2148326776749467E+00 -0.1785464976974125E+03
  0.1779146246002545E+01 -0.2068457867579697E+00 -0.1821514923423516E+03
  0.1770975661130345E+01 -0.1988450871878683E+00 -0.1856376700541648E+03
  0.1762805076234296E+01 -0.1908311130769725E+00 -0.1891974013076353E+03
  0.1754634491315471E+01 -0.1828043994237966E+00 -0.1927772792381188E+03
  0.1746463906374929E+01 -0.1747654820773241E+00 -0.1962294991246391E+03
  0.1738293321413718E+01 -0.1667148977012352E+00 -0.1995861722408773E+03
  0.1730122736432872E+01 -0.1586531837380799E+00 -0.2031348369835269E+03
  0.1721952151433418E+01 -0.1505808783733995E+00 -0.2072160553987336E+03
  0.1713781566416370E+01 -0.1424985204997981E+00 -0.2120234357220861E+03
  0.1705610981382731E+01 -0.1344066496809675E+00 -0.2175905458494842E+03
  0.1697440396333499E+01 -0.1263058061156663E+00 -0.2238095658574669E+03
  0.1689269811269659E+01 -0.1181965306016578E+00 -0.2303795195250335E+03
  0.1681099226192191E+01 -0.1100793644996070E+00 -0.2368438502343682E+03
  0.1672928641102067E+01 -0.1019548496969404E+00 -0.2427713069832822E+03
  0.1664758056000250E+01 -0.9382352857167028E-01 -0.2479032292681802E+03
  0.1656587470887701E+01 -0.8568594395618719E-01 -0.2522105629176760E+03
  0.1648416885765370E+01 -0.7754263910102077E-01 -0.2559323136767331E+03
  0.1640246300634206E+01 -0.6939415763857371E-01 -0.2594757483824706E+03
  0.1632075715495151E+01 -0.6124104354682962E-01 -0.2630922458162915E+03
  0.1623905130349143E+01 -0.5308384111303818E-01 -0.2666812158825490E+03
  0.1615734545197117E+01 -0.4492309489737940E-01 -0.2700520554561536E+03
  0.1607563960040004E+01 -0.3675934969660982E-01 -0.2732853282720690E+03
  0.1599393374878733E+01 -0.2859315050769285E-01 -0.2766461289310030E+03
  0.1591222789714229E+01 -0.2042504249141571E-01 -0.2802208112193576E+03
  0.1583052204547419E+01 -0.1225557093599554E-01 -0.2838418175220928E+03
  0.1574881619379224E+01 -0.4085281220676868E-02 -0.2873269493514470E+03
  0.1566711034210569E+01  0.4085281220676868E-02 -0.2906506584159918E+03
  0.1558540449042374E+01  0.1225557093599554E-01 -0.2939612775253584E+03
  0.1550369863875564E+01  0.2042504249141571E-01 -0.2975579168487085E+03
  0.1542199278711061E+01  0.2859315050769285E-01 -0.3017141106743662E+03
  0.1534028693549790E+01  0.3675934969660982E-01 -0.3063755532320850E+03
  0.1525858108392677E+01  0.4492309489737940E-01 -0.3111865014623723E+03
  0.1517687523240650E+01  0.5308384111303818E-01 -0.3159598032191787E+03
  0.1509516938094642E+01  0.6124104354682962E-01 -0.3209501724029541E+03
  0.1501346352955587E+01  0.6939415763857371E-01 -0.3264875543866300E+03
  0.1493175767824423E+01  0.7754263910102077E-01 -0.3324745854679394E+03
  0.1485005182702093E+01  0.8568594395618719E-01 -0.3384067823018667E+03
  0.1476834597589543E+01  0.9382352857167028E-01 -0.3437939963598885E+03
  0.1468664012487727E+01  0.1019548496969404E+00 -0.3484611646014949E+03
  0.1460493427397602E+01  0.1100793644996070E+00 -0.3525459819237240E+03
  0.1452322842320134E+01  0.1181965306016578E+00 -0.3562988175844870E+03
  0.1444152257256294E+01  0.1263058061156663E+00 -0.3598284575637731E+03
  0.1435981672207062E+01  0.1344066496809675E+00 -0.3630432175471790E+03
  0.1427811087173423E+01  0.1424985204997981E+00 -0.3659254775682155E+03
  0.1419640502156375E+01  0.1505808783733995E+00 -0.3687775467860871E+03
  0.1411469917156921E+01  0.1586531837380799E+00 -0.3719870433708537E+03
  0.1403299332176076E+01  0.1667148977012352E+00 -0.3755487833413963E+03
  0.1395128747214864E+01  0.1747654820773241E+00 -0.3789970971513690E+03
  0.1386958162274323E+01  0.1828043994237966E+00 -0.3818362195691930E+03
  0.1378787577355497E+01  0.1908311130769725E+00 -0.3839204755143319E+03
  0.1370616992459449E+01  0.1988450871878683E+00 -0.3854350259814044E+03
  0.1362446407587248E+01  0.2068457867579697E+00 -0.3866457859148258E+03
  0.1354275822739983E+01  0.2148326776749467E+00 -0.3876849321370975E+03
  0.1346105237918751E+01  0.2228052267483099E+00 -0.3884775799150158E+03
  0.1337934653124670E+01  0.2307629017450062E+00 -0.3888178372783756E+03
  0.1329764068358868E+01  0.2387051714249486E+00 -0.3885036687934899E+03
  0.1321593483622494E+01  0.2466315055764818E+00 -0.3874073746613795E+03
  0.1313422898916710E+01  0.2545413750517773E+00 -0.3854973180234156E+03
  0.1305252314242701E+01  0.2624342518021592E+00 -0.3828565942007249E+03
  0.1297081729601665E+01  0.2703096089133553E+00 -0.3795934481700460E+03
  0.1288911144994824E+01  0.2781669206406729E+00 -0.3756625110504584E+03
  0.1280740560423418E+01  0.2860056624440968E+00 -0.3709189251284732E+03
  0.1272569975888710E+01  0.2938253110233064E+00 -0.3654643384793058E+03
  0.1264399391391984E+01  0.3016253443526109E+00 -0.3597528845674987E+03
  0.1256228806934547E+01  0.3094052417157978E+00 -0.3541679203311927E+03
  0.1248058222517730E+01  0.3171644837408958E+00 -0.3486465518857695E+03
  0.1239887638142892E+01  0.3249025524348469E+00 -0.3429010751877272E+03
  0.1231717053811414E+01  0.3326189312180866E+00 -0.3368493827392891E+03
  0.1223546469524707E+01  0.3403131049590297E+00 -0.3306568371653781E+03
  0.1215375885284210E+01  0.3479845600084601E+00 -0.3245355525999115E+03
  0.1207205301091390E+01  0.3556327842338202E+00 -0.3186785487035606E+03
  0.1199034716947747E+01  0.3632572670534011E+00 -0.3132144958538615E+03
  0.1190864132854811E+01  0.3708574994704271E+00 -0.3080760162075080E+03
  0.1182693548814147E+01  0.3784329741070359E+00 -0.3030841861876725E+03
  0.1174522964827352E+01  0.3859831852381501E+00 -0.2982487572934551E+03
  0.1166352380896063E+01  0.3935076288252386E+00 -0.2937591475323699E+03
  0.1158181797021950E+01  0.4010058025499653E+00 -0.2896201861615829E+03
  0.1150011213206726E+01  0.4084772058477228E+00 -0.2855663764463492E+03
  0.1141840629452141E+01  0.4159213399410494E+00 -0.2813735211726731E+03
  0.1133670045759989E+01  0.4233377078729265E+00 -0.2769296234939742E+03
  0.1125499462132108E+01  0.4307258145399545E+00 -0.2719467459536635E+03
  0.1117328878570381E+01  0.4380851667254050E+00 -0.2659523379730060E+03
  0.1109158295076737E+01  0.4454152731321473E+00 -0.2586612116442940E+03
  0.1100987711653159E+01  0.4527156444154464E+00 -0.2500949629945896E+03
  0.1092817128301675E+01  0.4599857932156304E+00 -0.2403696698229502E+03
  0.1084646545024371E+01  0.4672252341906264E+00 -0.2297271002565540E+03
  0.1076475961823386E+01  0.4744334840483606E+00 -0.2187630262303786E+03
  0.1068305378700920E+01  0.4816100615790221E+00 -0.2082121797068978E+03
  0.1060134795659229E+01  0.4887544876871878E+00 -0.1984004003743258E+03
  0.1051964212700635E+01  0.4958662854238058E+00 -0.1891511608534331E+03
  0.1043793629827524E+01  0.5029449800180356E+00 -0.1802199301318678E+03
  0.1035623047042350E+01  0.5099900989089429E+00 -0.1715726025683965E+03
  0.1027452464347638E+01  0.5170011717770473E+00 -0.1632841974850677E+03
  0.1019281881745987E+01  0.5239777305757194E+00 -0.1553944685026014E+03
  0.1011111299240073E+01  0.5309193095624275E+00 -0.1478053150048255E+03
  0.1002940716832650E+01  0.5378254453298289E+00 -0.1401688737396675E+03
  0.9947701345265596E+00  0.5446956768367068E+00 -0.1320501889612831E+03
  0.9865995523247275E+00  0.5515295454387482E+00 -0.1233985218548438E+03
  0.9784289702301714E+00  0.5583265949191624E+00 -0.1146876242514531E+03
  0.9702583882460036E+00  0.5650863715191369E+00 -0.1063982842005552E+03
  0.9620878063754359E+00  0.5718084239681300E+00 -0.9850480460340189E+02
  0.9539172246217830E+00  0.5784923035139965E+00 -0.9057531302050018E+02
  0.9457466429884676E+00  0.5851375639529456E+00 -0.8217306645456820E+02
  0.9375760614790253E+00  0.5917437616593286E+00 -0.7306234593816373E+02
  0.9294054800971098E+00  0.5983104556152549E+00 -0.6325127646566427E+02
  0.9212348988464978E+00  0.6048372074400329E+00 -0.5296228538884399E+02
  0.9130643177310944E+00  0.6113235814194364E+00 -0.4243095009121767E+02
  0.9048937367549402E+00  0.6177691445347914E+00 -0.3170790320162701E+02
  0.8967231559222163E+00  0.6241734664918837E+00 -0.2075014195643762E+02
  0.8885525752372514E+00  0.6305361197496849E+00 -0.9582224726579094E+01
  0.8803819947045285E+00  0.6368566795488945E+00  0.1776729770451284E+01
  0.8722114143286931E+00  0.6431347239402948E+00  0.1332790819691227E+02
  0.8640408341145595E+00  0.6493698338129212E+00  0.2480900522721083E+02
  0.8558702540671204E+00  0.6555615929220400E+00  0.3562657985384746E+02
  0.8476996741915547E+00  0.6617095879169366E+00  0.4532496371299557E+02
  0.8395290944932369E+00  0.6678134083685102E+00  0.5392793056400922E+02
  0.8313585149777468E+00  0.6738726467966731E+00  0.6166201471455500E+02
  0.8231879356508802E+00  0.6798868986975534E+00  0.6865787310830900E+02
  0.8150173565186587E+00  0.6858557625704990E+00  0.7509360790515552E+02
  0.8068467775873427E+00  0.6917788399448808E+00  0.8124841942256874E+02
  0.7986761988634423E+00  0.6976557354066943E+00  0.8719112319284622E+02
  0.7905056203537315E+00  0.7034860566249567E+00  0.9275918772964876E+02
  0.7823350420652612E+00  0.7092694143778975E+00  0.9797915952324176E+02
  0.7741644640053743E+00  0.7150054225789432E+00  0.1030921209058256E+03
  0.7659938861817212E+00  0.7206936983024912E+00  0.1080413248222223E+03
  0.7578233086022768E+00  0.7263338618094733E+00  0.1124053946499400E+03
  0.7496527312753575E+00  0.7319255365727068E+00  0.1160061581699530E+03
  0.7414821542096410E+00  0.7374683493020299E+00  0.1192076751611428E+03
  0.7333115774141861E+00  0.7429619299692227E+00  0.1225656923103027E+03
  0.7251410008984539E+00  0.7484059118327094E+00  0.1265625328940941E+03
  0.7169704246723316E+00  0.7537999314620412E+00  0.1315866906926544E+03
  0.7087998487461566E+00  0.7591436287621580E+00  0.1376444286913197E+03
  0.7006292731307425E+00  0.7644366469974285E+00  0.1441220236748499E+03
  0.6924586978374083E+00  0.7696786328154644E+00  0.1503127472586769E+03
  0.6842881228780077E+00  0.7748692362707100E+00  0.1561160262768372E+03
  0.6761175482649616E+00  0.7800081108478040E+00  0.1618360683909788E+03
  0.6679469740112938E+00  0.7850949134847117E+00  0.1675451155529595E+03
  0.6597764001306670E+00  0.7901293045956280E+00  0.1731541880218442E+03
  0.6516058266374236E+00  0.7951109480936471E+00  0.1788591590727728E+03
  0.6434352535466297E+00  0.8000395114131988E+00  0.1849632884597094E+03
  0.6352646808741202E+00  0.8049146655322506E+00  0.1914233012171598E+03
  0.6270941086365502E+00  0.8097360849942720E+00  0.1980087373512641E+03
  0.6189235368514482E+00  0.8145034479299620E+00  0.2047207514066828E+03
  0.6107529655372755E+00  0.8192164360787360E+00  0.2117479122333135E+03
  0.6025823947134890E+00  0.8238747348099726E+00  0.2192939208090945E+03
  0.5944118244006098E+00  0.8284780331440178E+00  0.2276802073704980E+03
  0.5862412546202973E+00  0.8330260237729452E+00  0.2372130347768884E+03
  0.5780706853954301E+00  0.8375184030810715E+00  0.2477220051729631E+03
  0.5699001167501928E+00  0.8419548711652254E+00  0.2586649574251308E+03
  0.5617295487101719E+00  0.8463351318547683E+00  0.2698756326741591E+03
  0.5535589813024583E+00  0.8506588927313666E+00  0.2817393443643856E+03
  0.5453884145557613E+00  0.8549258651485127E+00  0.2944920843240575E+03
  0.5372178485005299E+00  0.8591357642507945E+00  0.3078220279436404E+03
  0.5290472831690897E+00  0.8632883089929120E+00  0.3212466667295722E+03
  0.5208767185957875E+00  0.8673832221584393E+00  0.3344018953124057E+03
  0.5127061548171545E+00  0.8714202303783312E+00  0.3469429321055877E+03
  0.5045355918720822E+00  0.8753990641491725E+00  0.3586581448541618E+03
  0.4963650298020162E+00  0.8793194578511700E+00  0.3697450613724858E+03
  0.4881944686511717E+00  0.8831811497658847E+00  0.3806883662068263E+03
  0.4800239084667671E+00  0.8869838820937034E+00  0.3920356052101532E+03
  0.4718533492992859E+00  0.8907274009710492E+00  0.4045221567294984E+03
  0.4636827912027636E+00  0.8944114564873288E+00  0.4189771548085158E+03
  0.4555122342351060E+00  0.8980358027016164E+00  0.4356687882473766E+03
  0.4473416784584431E+00  0.9016001976590722E+00  0.4540685456555087E+03
  0.4391711239395221E+00  0.9051044034070944E+00  0.4735159179954070E+03
  0.4310005707501444E+00  0.9085481860112055E+00  0.4936799675914379E+03
  0.4228300189676551E+00  0.9119313155706682E+00  0.5142364099449217E+03
  0.4146594686754885E+00  0.9152535662338340E+00  0.5347267806558468E+03
  0.4064889199637791E+00  0.9185147162132208E+00  0.5549022774385672E+03
  0.3983183729300507E+00  0.9217145478003181E+00  0.5746399534786018E+03
  0.3901478276799883E+00  0.9248528473801222E+00  0.5936215617043318E+03
  0.3819772843283120E+00  0.9279294054453956E+00  0.6118750164290946E+03
  0.3738067429997641E+00  0.9309440166106540E+00  0.6304006896713596E+03
  0.3656362038302282E+00  0.9338964796258775E+00  0.6502812871517351E+03
  0.3574656669680030E+00  0.9367865973899459E+00  0.6713933916220386E+03
  0.3492951325752533E+00  0.9396141769637963E+00  0.6929840903933075E+03
  0.3411246008296713E+00  0.9423790295833044E+00  0.7150764370833497E+03
  0.3329540719263814E+00  0.9450809706718851E+00  0.7381329623848449E+03
  0.3247835460801308E+00  0.9477198198528157E+00  0.7618501477345170E+03
  0.3166130235278230E+00  0.9502954009612771E+00  0.7856603599145130E+03
  0.3084425045314506E+00  0.9528075420561144E+00  0.8100081845093224E+03
  0.3002719893815085E+00  0.9552560754313160E+00  0.8358373911040970E+03
  0.2921014784009779E+00  0.9576408376272095E+00  0.8632349634051185E+03
  0.2839309719500016E+00  0.9599616694413742E+00  0.8917046777874336E+03
  0.2757604704313845E+00  0.9622184159392698E+00  0.9211792020503361E+03
  0.2675899742971076E+00  0.9644109264645802E+00  0.9517615503017569E+03
  0.2594194840560681E+00  0.9665390546492710E+00  0.9832398645436419E+03
  0.2512490002833307E+00  0.9686026584233628E+00  0.1015769283432777E+04
  0.2430785236312446E+00  0.9706016000244151E+00  0.1050126081101642E+04
  0.2349080548428762E+00  0.9725357460067257E+00  0.1086594206993404E+04
  0.2267375947683499E+00  0.9744049672502397E+00  0.1124650819729047E+04
  0.2185671443848464E+00  0.9762091389691724E+00  0.1164106991557335E+04
  0.2103967048212628E+00  0.9779481407203411E+00  0.1205117140443070E+04
  0.2022262773888417E+00  0.9796218564112101E+00  0.1246915037631611E+04
  0.1940558636195398E+00  0.9812301743076443E+00  0.1288323297974375E+04
  0.1858854653144977E+00  0.9827729870413743E+00  0.1329607156836678E+04
  0.1777150846058812E+00  0.9842501916171713E+00  0.1371976233722399E+04
  0.1695447240365762E+00  0.9856616894197333E+00  0.1415588719826904E+04
  0.1613743866640789E+00  0.9870073862202815E+00  0.1460082280348398E+04
  0.1532040761975885E+00  0.9882871921828699E+00  0.1506265976298569E+04
  0.1450337971813853E+00  0.9895010218704087E+00  0.1554920724713159E+04
  0.1368635552438019E+00  0.9906487942504061E+00  0.1605204499426868E+04
  0.1286933574408989E+00  0.9917304327004320E+00  0.1656756119988925E+04
  0.1205232127396896E+00  0.9927458650133153E+00  0.1711472474336435E+04
  0.1123531327118049E+00  0.9936950234020883E+00  0.1770562802466898E+04
  0.1041831325528455E+00  0.9945778445047068E+00  0.1832825265625757E+04
  0.9601323262085862E-01  0.9953942693885953E+00  0.1898866823225718E+04
  0.8784346083082471E-01  0.9961442435551087E+00  0.1973140389813889E+04
  0.7967385651719167E-01  0.9968277169440913E+00  0.2058688348889656E+04
  0.7150447693306423E-01  0.9974446439389107E+00  0.2155316754543817E+04
  0.6333540875299180E-01  0.9979949833727938E+00  0.2265894568290730E+04
  0.5516678972815772E-01  0.9984786985384589E+00  0.2397071730489254E+04
  0.4699885272846815E-01  0.9988957572063257E+00  0.2553728680056099E+04
  0.3883202470742381E-01  0.9992461316671845E+00  0.2750246842653494E+04
  0.3066718105470672E-01  0.9995297988558859E+00  0.3030354470936612E+04
  0.2250643816359393E-01  0.9997467408113523E+00  0.3437653293039645E+04
  0.1435650599352885E-01  0.9998969471378596E+00  0.3926259762195391E+04
  0.6254421014113626E-02  0.9999804411726474E+00  0.4318665703154874E+04
