# nlmax, ncor, nside =         383           1         128
  0.3135338232575680E+01 -0.9999804411726474E+00  0.3989858312530214E+01
  0.3127236147596264E+01 -0.9998969471378596E+00  0.9675041299885349E+01
  0.3119086215426199E+01 -0.9997467408113523E+00  0.1709414196381938E+02
  0.3110925472535087E+01 -0.9995297988558859E+00  0.2411915005597875E+02
  0.3102760628882369E+01 -0.9992461316671845E+00  0.3081048258118656E+02
  0.3094593800861325E+01 -0.9988957572063257E+00  0.3842108523106931E+02
  0.3086425863861635E+01 -0.9984786985384589E+00  0.4689954893168345E+02
  0.3078257244836801E+01 -0.9979949833727938E+00  0.5409714077524473E+02
  0.3070088176656729E+01 -0.9974446439389107E+00  0.5779001634835127E+02
  0.3061918797072602E+01 -0.9968277169440913E+00  0.5789149167608677E+02
  0.3053749192758969E+01 -0.9961442435551087E+00  0.5616226137899468E+02
  0.3045579420968934E+01 -0.9953942693885953E+00  0.5425631314444173E+02
  0.3037409521036948E+01 -0.9945778445047068E+00  0.5276207272727726E+02
  0.3029239520877988E+01 -0.9936950234020883E+00  0.5180660877017816E+02
  0.3021069440850104E+01 -0.9927458650133153E+00  0.5163078511334979E+02
  0.3012899296148894E+01 -0.9917304327004320E+00  0.5230280156004802E+02
  0.3004729098345992E+01 -0.9906487942504061E+00  0.5336963331233092E+02
  0.2996558856408408E+01 -0.9895010218704087E+00  0.5409401841613737E+02
  0.2988388577392205E+01 -0.9882871921828699E+00  0.5389009093739751E+02
  0.2980218266925714E+01 -0.9870073862202815E+00  0.5248666900196754E+02
  0.2972047929553217E+01 -0.9856616894197333E+00  0.4989590462894139E+02
  0.2963877568983912E+01 -0.9842501916171713E+00  0.4637506187112431E+02
  0.2955707188275296E+01 -0.9827729870413743E+00  0.4238153020491516E+02
  0.2947536789970254E+01 -0.9812301743076443E+00  0.3848729776173119E+02
  0.2939366376200951E+01 -0.9796218564112101E+00  0.3523007973072693E+02
  0.2931195948768531E+01 -0.9779481407203411E+00  0.3289595073946339E+02
  0.2923025509204947E+01 -0.9762091389691724E+00  0.3139639869924223E+02
  0.2914855058821443E+01 -0.9744049672502397E+00  0.3041700031970937E+02
  0.2906684598746917E+01 -0.9725357460067257E+00  0.2967209138665610E+02
  0.2898514129958549E+01 -0.9706016000244151E+00  0.2893824985580613E+02
  0.2890343653306462E+01 -0.9686026584233628E+00  0.2790331717997816E+02
  0.2882173169533725E+01 -0.9665390546492710E+00  0.2614331723071492E+02
  0.2874002679292686E+01 -0.9644109264645802E+00  0.2329972527938750E+02
  0.2865832183158409E+01 -0.9622184159392698E+00  0.1927612479766602E+02
  0.2857661681639792E+01 -0.9599616694413742E+00  0.1435539151325422E+02
  0.2849491175188815E+01 -0.9576408376272095E+00  0.9174383610139717E+01
  0.2841320664208285E+01 -0.9552560754313160E+00  0.4430535445671585E+01
  0.2833150149058343E+01 -0.9528075420561144E+00  0.4541466339691834E+00
  0.2824979630061970E+01 -0.9502954009612771E+00 -0.2910440759593885E+01
  0.2816809107509663E+01 -0.9477198198528157E+00 -0.6001432202007053E+01
  0.2808638581663412E+01 -0.9450809706718851E+00 -0.9060091835846434E+01
  0.2800468052760122E+01 -0.9423790295833044E+00 -0.1223901542771068E+02
  0.2792297521014540E+01 -0.9396141769637963E+00 -0.1558284498787858E+02
  0.2784126986621790E+01 -0.9367865973899459E+00 -0.1880649862968215E+02
  0.2775956449759565E+01 -0.9338964796258775E+00 -0.2128354299257662E+02
  0.2767785910590029E+01 -0.9309440166106540E+00 -0.2250286010750305E+02
  0.2759615369261481E+01 -0.9279294054453956E+00 -0.2252129906226886E+02
  0.2751444825909805E+01 -0.9248528473801222E+00 -0.2188468360813581E+02
  0.2743274280659743E+01 -0.9217145478003181E+00 -0.2118707046306442E+02
  0.2735103733626014E+01 -0.9185147162132208E+00 -0.2076958172587496E+02
  0.2726933184914305E+01 -0.9152535662338340E+00 -0.2069930755388765E+02
  0.2718762634622138E+01 -0.9119313155706682E+00 -0.2086781984527670E+02
  0.2710592082839649E+01 -0.9085481860112055E+00 -0.2112486642073958E+02
  0.2702421529650271E+01 -0.9051044034070944E+00 -0.2141380715497976E+02
  0.2694250975131350E+01 -0.9016001976590722E+00 -0.2180038436799876E+02
  0.2686080419354687E+01 -0.8980358027016164E+00 -0.2237279561964485E+02
  0.2677909862387029E+01 -0.8944114564873288E+00 -0.2316455787466823E+02
  0.2669739304290507E+01 -0.8907274009710492E+00 -0.2419231368871543E+02
  0.2661568745123026E+01 -0.8869838820937034E+00 -0.2549122871867768E+02
  0.2653398184938621E+01 -0.8831811497658847E+00 -0.2701977197097514E+02
  0.2645227623787777E+01 -0.8793194578511700E+00 -0.2852392112734337E+02
  0.2637057061717711E+01 -0.8753990641491725E+00 -0.2958994764142559E+02
  0.2628886498772639E+01 -0.8714202303783312E+00 -0.2993975268512535E+02
  0.2620715934994006E+01 -0.8673832221584393E+00 -0.2968423532431587E+02
  0.2612545370420704E+01 -0.8632883089929120E+00 -0.2920733026524087E+02
  0.2604374805089263E+01 -0.8591357642507945E+00 -0.2878408080795839E+02
  0.2596204239034032E+01 -0.8549258651485127E+00 -0.2839594426624758E+02
  0.2588033672287335E+01 -0.8506588927313666E+00 -0.2792335246721181E+02
  0.2579863104879621E+01 -0.8463351318547683E+00 -0.2736888029733209E+02
  0.2571692536839600E+01 -0.8419548711652254E+00 -0.2681184718050091E+02
  0.2563521968194363E+01 -0.8375184030810715E+00 -0.2626115354688555E+02
  0.2555351398969496E+01 -0.8330260237729452E+00 -0.2564355460318199E+02
  0.2547180829189184E+01 -0.8284780331440178E+00 -0.2486165523701163E+02
  0.2539010258876304E+01 -0.8238747348099726E+00 -0.2384464940262440E+02
  0.2530839688052518E+01 -0.8192164360787360E+00 -0.2268686104607857E+02
  0.2522669116738345E+01 -0.8145034479299620E+00 -0.2176434525666120E+02
  0.2514498544953243E+01 -0.8097360849942720E+00 -0.2149982376917329E+02
  0.2506327972715673E+01 -0.8049146655322506E+00 -0.2187087290431532E+02
  0.2498157400043163E+01 -0.8000395114131988E+00 -0.2225483991461298E+02
  0.2489986826952370E+01 -0.7951109480936471E+00 -0.2184501636724292E+02
  0.2481816253459126E+01 -0.7901293045956280E+00 -0.2017439657147933E+02
  0.2473645679578500E+01 -0.7850949134847117E+00 -0.1732473123515050E+02
  0.2465475105324832E+01 -0.7800081108478040E+00 -0.1387264778448913E+02
  0.2457304530711785E+01 -0.7748692362707100E+00 -0.1063926152911072E+02
  0.2449133955752385E+01 -0.7696786328154644E+00 -0.8188005324051684E+01
  0.2440963380459050E+01 -0.7644366469974285E+00 -0.6389324282174231E+01
  0.2432792804843637E+01 -0.7591436287621580E+00 -0.4583658075468314E+01
  0.2424622228917462E+01 -0.7537999314620412E+00 -0.2225605181691741E+01
  0.2416451652691339E+01 -0.7484059118327094E+00  0.7185311883837332E+00
  0.2408281076175607E+01 -0.7429619299692227E+00  0.3923093080105732E+01
  0.2400110499380152E+01 -0.7374683493020299E+00  0.7005106061131550E+01
  0.2391939922314436E+01 -0.7319255365727068E+00  0.9669715357970562E+01
  0.2383769344987516E+01 -0.7263338618094733E+00  0.1180473870524274E+02
  0.2375598767408072E+01 -0.7206936983024912E+00  0.1354323817356693E+02
  0.2367428189584419E+01 -0.7150054225789432E+00  0.1514597731836157E+02
  0.2359257611524532E+01 -0.7092694143778975E+00  0.1681084828444039E+02
  0.2351087033236062E+01 -0.7034860566249567E+00  0.1863608286526037E+02
  0.2342916454726351E+01 -0.6976557354066943E+00  0.2063617309952982E+02
  0.2334745876002450E+01 -0.6917788399448808E+00  0.2264727035610761E+02
  0.2326575297071134E+01 -0.6858557625704990E+00  0.2434670679222322E+02
  0.2318404717938913E+01 -0.6798868986975534E+00  0.2557243020713670E+02
  0.2310234138612046E+01 -0.6738726467966731E+00  0.2656377154776505E+02
  0.2302063559096557E+01 -0.6678134083685102E+00  0.2773345626306949E+02
  0.2293892979398239E+01 -0.6617095879169366E+00  0.2927741735919723E+02
  0.2285722399522673E+01 -0.6555615929220400E+00  0.3113220699439175E+02
  0.2277551819475234E+01 -0.6493698338129212E+00  0.3317644861599221E+02
  0.2269381239261100E+01 -0.6431347239402948E+00  0.3527065156848575E+02
  0.2261210658885265E+01 -0.6368566795488945E+00  0.3718133802524271E+02
  0.2253040078352542E+01 -0.6305361197496849E+00  0.3870270717160385E+02
  0.2244869497667577E+01 -0.6241734664918837E+00  0.3991791052876522E+02
  0.2236698916834853E+01 -0.6177691445347914E+00  0.4125858221850707E+02
  0.2228528335858699E+01 -0.6113235814194364E+00  0.4326229669933468E+02
  0.2220357754743295E+01 -0.6048372074400329E+00  0.4623587587459281E+02
  0.2212187173492683E+01 -0.5983104556152549E+00  0.5006976269993923E+02
  0.2204016592110768E+01 -0.5917437616593286E+00  0.5433659653402394E+02
  0.2195846010601326E+01 -0.5851375639529456E+00  0.5859705758761832E+02
  0.2187675428968010E+01 -0.5784923035139965E+00  0.6261281279946543E+02
  0.2179504847214357E+01 -0.5718084239681300E+00  0.6627279661182791E+02
  0.2171334265343789E+01 -0.5650863715191369E+00  0.6943345391251540E+02
  0.2163163683359622E+01 -0.5583265949191624E+00  0.7196398862942230E+02
  0.2154993101265066E+01 -0.5515295454387482E+00  0.7393736457602337E+02
  0.2146822519063234E+01 -0.5446956768367068E+00  0.7570452991543880E+02
  0.2138651936757143E+01 -0.5378254453298289E+00  0.7776498395383041E+02
  0.2130481354349721E+01 -0.5309193095624275E+00  0.8051303164635321E+02
  0.2122310771843806E+01 -0.5239777305757194E+00  0.8398865157318195E+02
  0.2114140189242155E+01 -0.5170011717770473E+00  0.8786423226981780E+02
  0.2105969606547443E+01 -0.5099900989089429E+00  0.9178164557428568E+02
  0.2097799023762269E+01 -0.5029449800180356E+00  0.9568129930534376E+02
  0.2089628440889158E+01 -0.4958662854238058E+00  0.9967337552837445E+02
  0.2081457857930564E+01 -0.4887544876871878E+00  0.1036741516872132E+03
  0.2073287274888874E+01 -0.4816100615790221E+00  0.1074161548766028E+03
  0.2065116691766407E+01 -0.4744334840483606E+00  0.1107875391513721E+03
  0.2056946108565423E+01 -0.4672252341906264E+00  0.1138788060300201E+03
  0.2048775525288118E+01 -0.4599857932156304E+00  0.1166677512353562E+03
  0.2040604941936635E+01 -0.4527156444154464E+00  0.1189263825348951E+03
  0.2032434358513056E+01 -0.4454152731321473E+00  0.1204872874342800E+03
  0.2024263775019413E+01 -0.4380851667254050E+00  0.1213685064146300E+03
  0.2016093191457685E+01 -0.4307258145399545E+00  0.1216356096539249E+03
  0.2007922607829804E+01 -0.4233377078729265E+00  0.1214279321848262E+03
  0.1999752024137653E+01 -0.4159213399410494E+00  0.1211387150428167E+03
  0.1991581440383068E+01 -0.4084772058477228E+00  0.1212172546088901E+03
  0.1983410856567843E+01 -0.4010058025499653E+00  0.1216508155269972E+03
  0.1975240272693730E+01 -0.3935076288252386E+00  0.1219118859728536E+03
  0.1967069688762441E+01 -0.3859831852381501E+00  0.1216000198048889E+03
  0.1958899104775647E+01 -0.3784329741070359E+00  0.1209667658347247E+03
  0.1950728520734982E+01 -0.3708574994704271E+00  0.1206516177141442E+03
  0.1942557936642046E+01 -0.3632572670534011E+00  0.1210057855890805E+03
  0.1934387352498403E+01 -0.3556327842338202E+00  0.1217923618409359E+03
  0.1926216768305583E+01 -0.3479845600084601E+00  0.1224725901266500E+03
  0.1918046184065086E+01 -0.3403131049590297E+00  0.1226643660977059E+03
  0.1909875599778379E+01 -0.3326189312180866E+00  0.1223162919074160E+03
  0.1901705015446901E+01 -0.3249025524348469E+00  0.1215223550276333E+03
  0.1893534431072063E+01 -0.3171644837408958E+00  0.1202923715224215E+03
  0.1885363846655247E+01 -0.3094052417157978E+00  0.1185966476452809E+03
  0.1877193262197810E+01 -0.3016253443526109E+00  0.1165767088565029E+03
  0.1869022677701083E+01 -0.2938253110233064E+00  0.1145353208511600E+03
  0.1860852093166375E+01 -0.2860056624440968E+00  0.1126431050161984E+03
  0.1852681508594969E+01 -0.2781669206406729E+00  0.1107456691010619E+03
  0.1844510923988128E+01 -0.2703096089133553E+00  0.1085369435623328E+03
  0.1836340339347093E+01 -0.2624342518021592E+00  0.1059066417358526E+03
  0.1828169754673083E+01 -0.2545413750517773E+00  0.1031167259938863E+03
  0.1819999169967299E+01 -0.2466315055764818E+00  0.1006550256520641E+03
  0.1811828585230925E+01 -0.2387051714249486E+00  0.9884872857846790E+02
  0.1803658000465123E+01 -0.2307629017450062E+00  0.9754159513260605E+02
  0.1795487415671042E+01 -0.2228052267483099E+00  0.9620441596549720E+02
  0.1787316830849811E+01 -0.2148326776749467E+00  0.9446053971460289E+02
  0.1779146246002545E+01 -0.2068457867579697E+00  0.9247141838861914E+02
  0.1770975661130345E+01 -0.1988450871878683E+00  0.9071907501435801E+02
  0.1762805076234296E+01 -0.1908311130769725E+00  0.8942058938482069E+02
  0.1754634491315471E+01 -0.1828043994237966E+00  0.8820777516138209E+02
  0.1746463906374929E+01 -0.1747654820773241E+00  0.8638140530226215E+02
  0.1738293321413718E+01 -0.1667148977012352E+00  0.8350066163524485E+02
  0.1730122736432872E+01 -0.1586531837380799E+00  0.7978283070129054E+02
  0.1721952151433418E+01 -0.1505808783733995E+00  0.7590366195537170E+02
  0.1713781566416370E+01 -0.1424985204997981E+00  0.7233881860698588E+02
  0.1705610981382731E+01 -0.1344066496809675E+00  0.6895405711529742E+02
  0.1697440396333499E+01 -0.1263058061156663E+00  0.6531722974762397E+02
  0.1689269811269659E+01 -0.1181965306016578E+00  0.6128359731609795E+02
  0.1681099226192191E+01 -0.1100793644996070E+00  0.5708991294850582E+02
  0.1672928641102067E+01 -0.1019548496969404E+00  0.5295975342696402E+02
  0.1664758056000250E+01 -0.9382352857167028E-01  0.4883984304071189E+02
  0.1656587470887701E+01 -0.8568594395618719E-01  0.4450564600781765E+02
  0.1648416885765370E+01 -0.7754263910102077E-01  0.3975091798683567E+02
  0.1640246300634206E+01 -0.6939415763857371E-01  0.3450310540119984E+02
  0.1632075715495151E+01 -0.6124104354682962E-01  0.2890325644725512E+02
  0.1623905130349143E+01 -0.5308384111303818E-01  0.2322370525076992E+02
  0.1615734545197117E+01 -0.4492309489737940E-01  0.1757459875472487E+02
  0.1607563960040004E+01 -0.3675934969660982E-01  0.1177373487355983E+02
  0.1599393374878733E+01 -0.2859315050769285E-01  0.5639984119482946E+01
  0.1591222789714229E+01 -0.2042504249141571E-01 -0.6915407314592260E+00
  0.1583052204547419E+01 -0.1225557093599554E-01 -0.6898511055082275E+01
  0.1574881619379224E+01 -0.4085281220676868E-02 -0.1282076915831473E+02
  0.1566711034210569E+01  0.4085281220676868E-02 -0.1855327230974278E+02
  0.1558540449042374E+01  0.1225557093599554E-01 -0.2430283904672211E+02
  0.1550369863875564E+01  0.2042504249141571E-01 -0.3028453277449678E+02
  0.1542199278711061E+01  0.2859315050769285E-01 -0.3663123997417009E+02
  0.1534028693549790E+01  0.3675934969660982E-01 -0.4323188751435826E+02
  0.1525858108392677E+01  0.4492309489737940E-01 -0.4970489992069635E+02
  0.1517687523240650E+01  0.5308384111303818E-01 -0.5564603436470915E+02
  0.1509516938094642E+01  0.6124104354682962E-01 -0.6092335003289246E+02
  0.1501346352955587E+01  0.6939415763857371E-01 -0.6576367439047219E+02
  0.1493175767824423E+01  0.7754263910102077E-01 -0.7061100827187545E+02
  0.1485005182702093E+01  0.8568594395618719E-01 -0.7581591945438737E+02
  0.1476834597589543E+01  0.9382352857167028E-01 -0.8130850340578336E+02
  0.1468664012487727E+01  0.1019548496969404E+00 -0.8660840700417187E+02
  0.1460493427397602E+01  0.1100793644996070E+00 -0.9129669361462729E+02
  0.1452322842320134E+01  0.1181965306016578E+00 -0.9545908223305415E+02
  0.1444152257256294E+01  0.1263058061156663E+00 -0.9957927544539139E+02
  0.1435981672207062E+01  0.1344066496809675E+00 -0.1040724914373961E+03
  0.1427811087173423E+01  0.1424985204997981E+00 -0.1090013477759975E+03
  0.1419640502156375E+01  0.1505808783733995E+00 -0.1141173635737172E+03
  0.1411469917156921E+01  0.1586531837380799E+00 -0.1190685409054673E+03
  0.1403299332176076E+01  0.1667148977012352E+00 -0.1236880592926072E+03
  0.1395128747214864E+01  0.1747654820773241E+00 -0.1281630949855989E+03
  0.1386958162274323E+01  0.1828043994237966E+00 -0.1327801542548385E+03
  0.1378787577355497E+01  0.1908311130769725E+00 -0.1374643150698641E+03
  0.1370616992459449E+01  0.1988450871878683E+00 -0.1417723695751491E+03
  0.1362446407587248E+01  0.2068457867579697E+00 -0.1453824815595992E+03
  0.1354275822739983E+01  0.2148326776749467E+00 -0.1483597795236925E+03
  0.1346105237918751E+01  0.2228052267483099E+00 -0.1509312797388945E+03
  0.1337934653124670E+01  0.2307629017450062E+00 -0.1533312445372217E+03
  0.1329764068358868E+01  0.2387051714249486E+00 -0.1559472691610361E+03
  0.1321593483622494E+01  0.2466315055764818E+00 -0.1592551342874457E+03
  0.1313422898916710E+01  0.2545413750517773E+00 -0.1634040356634613E+03
  0.1305252314242701E+01  0.2624342518021592E+00 -0.1680759188043716E+03
  0.1297081729601665E+01  0.2703096089133553E+00 -0.1728630913581837E+03
  0.1288911144994824E+01  0.2781669206406729E+00 -0.1775804635446644E+03
  0.1280740560423418E+01  0.2860056624440968E+00 -0.1821573743062207E+03
  0.1272569975888710E+01  0.2938253110233064E+00 -0.1864821215739969E+03
  0.1264399391391984E+01  0.3016253443526109E+00 -0.1904641917132505E+03
  0.1256228806934547E+01  0.3094052417157978E+00 -0.1940868373328833E+03
  0.1248058222517730E+01  0.3171644837408958E+00 -0.1973562146669481E+03
  0.1239887638142892E+01  0.3249025524348469E+00 -0.2003318896978387E+03
  0.1231717053811414E+01  0.3326189312180866E+00 -0.2031643206628537E+03
  0.1223546469524707E+01  0.3403131049590297E+00 -0.2059230885224156E+03
  0.1215375885284210E+01  0.3479845600084601E+00 -0.2084203841165047E+03
  0.1207205301091390E+01  0.3556327842338202E+00 -0.2103655724376999E+03
  0.1199034716947747E+01  0.3632572670534011E+00 -0.2116720732280361E+03
  0.1190864132854811E+01  0.3708574994704271E+00 -0.2125339749660683E+03
  0.1182693548814147E+01  0.3784329741070359E+00 -0.2133037422453498E+03
  0.1174522964827352E+01  0.3859831852381501E+00 -0.2143518607499983E+03
  0.1166352380896063E+01  0.3935076288252386E+00 -0.2158373245741049E+03
  0.1158181797021950E+01  0.4010058025499653E+00 -0.2174616996143613E+03
  0.1150011213206726E+01  0.4084772058477228E+00 -0.2186089858437546E+03
  0.1141840629452141E+01  0.4159213399410494E+00 -0.2188838344198761E+03
  0.1133670045759989E+01  0.4233377078729265E+00 -0.2184173080953914E+03
  0.1125499462132108E+01  0.4307258145399545E+00 -0.2175993627647154E+03
  0.1117328878570381E+01  0.4380851667254050E+00 -0.2166988389750351E+03
  0.1109158295076737E+01  0.4454152731321473E+00 -0.2158330691158299E+03
  0.1100987711653159E+01  0.4527156444154464E+00 -0.2151143072177882E+03
  0.1092817128301675E+01  0.4599857932156304E+00 -0.2146525580655407E+03
  0.1084646545024371E+01  0.4672252341906264E+00 -0.2144400090348751E+03
  0.1076475961823386E+01  0.4744334840483606E+00 -0.2142730910473831E+03
  0.1068305378700920E+01  0.4816100615790221E+00 -0.2137916811319533E+03
  0.1060134795659229E+01  0.4887544876871878E+00 -0.2126899265972547E+03
  0.1051964212700635E+01  0.4958662854238058E+00 -0.2109717193614746E+03
  0.1043793629827524E+01  0.5029449800180356E+00 -0.2089330638162677E+03
  0.1035623047042350E+01  0.5099900989089429E+00 -0.2068719652542039E+03
  0.1027452464347638E+01  0.5170011717770473E+00 -0.2049589273749035E+03
  0.1019281881745987E+01  0.5239777305757194E+00 -0.2033931893973918E+03
  0.1011111299240073E+01  0.5309193095624275E+00 -0.2024225141386573E+03
  0.1002940716832650E+01  0.5378254453298289E+00 -0.2020874636746098E+03
  0.9947701345265596E+00  0.5446956768367068E+00 -0.2021397137556133E+03
  0.9865995523247275E+00  0.5515295454387482E+00 -0.2023018718215826E+03
  0.9784289702301714E+00  0.5583265949191624E+00 -0.2024393272161930E+03
  0.9702583882460036E+00  0.5650863715191369E+00 -0.2024635826486976E+03
  0.9620878063754359E+00  0.5718084239681300E+00 -0.2022973695625471E+03
  0.9539172246217830E+00  0.5784923035139965E+00 -0.2019599985180368E+03
  0.9457466429884676E+00  0.5851375639529456E+00 -0.2014771522604370E+03
  0.9375760614790253E+00  0.5917437616593286E+00 -0.2007253305274096E+03
  0.9294054800971098E+00  0.5983104556152549E+00 -0.1995778887386503E+03
  0.9212348988464978E+00  0.6048372074400329E+00 -0.1981416862987582E+03
  0.9130643177310944E+00  0.6113235814194364E+00 -0.1966372904653481E+03
  0.9048937367549402E+00  0.6177691445347914E+00 -0.1951522174386828E+03
  0.8967231559222163E+00  0.6241734664918837E+00 -0.1937087679140415E+03
  0.8885525752372514E+00  0.6305361197496849E+00 -0.1923732199041854E+03
  0.8803819947045285E+00  0.6368566795488945E+00 -0.1910420194379599E+03
  0.8722114143286931E+00  0.6431347239402948E+00 -0.1893464393470076E+03
  0.8640408341145595E+00  0.6493698338129212E+00 -0.1870714748740975E+03
  0.8558702540671204E+00  0.6555615929220400E+00 -0.1844747987625595E+03
  0.8476996741915547E+00  0.6617095879169366E+00 -0.1819285724224809E+03
  0.8395290944932369E+00  0.6678134083685102E+00 -0.1794524902621295E+03
  0.8313585149777468E+00  0.6738726467966731E+00 -0.1768113470015931E+03
  0.8231879356508802E+00  0.6798868986975534E+00 -0.1738053349107777E+03
  0.8150173565186587E+00  0.6858557625704990E+00 -0.1702604286546559E+03
  0.8068467775873427E+00  0.6917788399448808E+00 -0.1660384633274575E+03
  0.7986761988634423E+00  0.6976557354066943E+00 -0.1612796436291211E+03
  0.7905056203537315E+00  0.7034860566249567E+00 -0.1563602811900573E+03
  0.7823350420652612E+00  0.7092694143778975E+00 -0.1514474463565602E+03
  0.7741644640053743E+00  0.7150054225789432E+00 -0.1463613940603123E+03
  0.7659938861817212E+00  0.7206936983024912E+00 -0.1409326101133972E+03
  0.7578233086022768E+00  0.7263338618094733E+00 -0.1351246687923883E+03
  0.7496527312753575E+00  0.7319255365727068E+00 -0.1287406452981872E+03
  0.7414821542096410E+00  0.7374683493020299E+00 -0.1214256220802953E+03
  0.7333115774141861E+00  0.7429619299692227E+00 -0.1131114088990221E+03
  0.7251410008984539E+00  0.7484059118327094E+00 -0.1041921507948417E+03
  0.7169704246723316E+00  0.7537999314620412E+00 -0.9525006735784758E+02
  0.7087998487461566E+00  0.7591436287621580E+00 -0.8685872525796186E+02
  0.7006292731307425E+00  0.7644366469974285E+00 -0.7950376958357339E+02
  0.6924586978374083E+00  0.7696786328154644E+00 -0.7326027752363576E+02
  0.6842881228780077E+00  0.7748692362707100E+00 -0.6754928778281084E+02
  0.6761175482649616E+00  0.7800081108478040E+00 -0.6153094441048982E+02
  0.6679469740112938E+00  0.7850949134847117E+00 -0.5475219439099929E+02
  0.6597764001306670E+00  0.7901293045956280E+00 -0.4727648377314119E+02
  0.6516058266374236E+00  0.7951109480936471E+00 -0.3934628889080722E+02
  0.6434352535466297E+00  0.8000395114131988E+00 -0.3106218863829184E+02
  0.6352646808741202E+00  0.8049146655322506E+00 -0.2218600521673496E+02
  0.6270941086365502E+00  0.8097360849942720E+00 -0.1217904559221200E+02
  0.6189235368514482E+00  0.8145034479299620E+00 -0.7122654819068678E+00
  0.6107529655372755E+00  0.8192164360787360E+00  0.1184371843161436E+02
  0.6025823947134890E+00  0.8238747348099726E+00  0.2477711470583740E+02
  0.5944118244006098E+00  0.8284780331440178E+00  0.3783013871831876E+02
  0.5862412546202973E+00  0.8330260237729452E+00  0.5122406803248164E+02
  0.5780706853954301E+00  0.8375184030810715E+00  0.6503261522014152E+02
  0.5699001167501928E+00  0.8419548711652254E+00  0.7907284424655541E+02
  0.5617295487101719E+00  0.8463351318547683E+00  0.9329132130322137E+02
  0.5535589813024583E+00  0.8506588927313666E+00  0.1076597984274643E+03
  0.5453884145557613E+00  0.8549258651485127E+00  0.1217999594034021E+03
  0.5372178485005299E+00  0.8591357642507945E+00  0.1352977590567194E+03
  0.5290472831690897E+00  0.8632883089929120E+00  0.1482732975802596E+03
  0.5208767185957875E+00  0.8673832221584393E+00  0.1611398221589298E+03
  0.5127061548171545E+00  0.8714202303783312E+00  0.1740502757529749E+03
  0.5045355918720822E+00  0.8753990641491725E+00  0.1870843198076543E+03
  0.4963650298020162E+00  0.8793194578511700E+00  0.2006179875243288E+03
  0.4881944686511717E+00  0.8831811497658847E+00  0.2149364779128041E+03
  0.4800239084667671E+00  0.8869838820937034E+00  0.2298205728976762E+03
  0.4718533492992859E+00  0.8907274009710492E+00  0.2449676427859572E+03
  0.4636827912027636E+00  0.8944114564873288E+00  0.2603509496527739E+03
  0.4555122342351060E+00  0.8980358027016164E+00  0.2757333224368008E+03
  0.4473416784584431E+00  0.9016001976590722E+00  0.2904163921682230E+03
  0.4391711239395221E+00  0.9051044034070944E+00  0.3039511505897453E+03
  0.4310005707501444E+00  0.9085481860112055E+00  0.3165651984614303E+03
  0.4228300189676551E+00  0.9119313155706682E+00  0.3285630604611770E+03
  0.4146594686754885E+00  0.9152535662338340E+00  0.3399422030941095E+03
  0.4064889199637791E+00  0.9185147162132208E+00  0.3508476388200948E+03
  0.3983183729300507E+00  0.9217145478003181E+00  0.3616940182040384E+03
  0.3901478276799883E+00  0.9248528473801222E+00  0.3726500018637335E+03
  0.3819772843283120E+00  0.9279294054453956E+00  0.3837400643058238E+03
  0.3738067429997641E+00  0.9309440166106540E+00  0.3955312141269165E+03
  0.3656362038302282E+00  0.9338964796258775E+00  0.4089360114172592E+03
  0.3574656669680030E+00  0.9367865973899459E+00  0.4243042442114836E+03
  0.3492951325752533E+00  0.9396141769637963E+00  0.4413682892958774E+03
  0.3411246008296713E+00  0.9423790295833044E+00  0.4598228339293696E+03
  0.3329540719263814E+00  0.9450809706718851E+00  0.4792296277556750E+03
  0.3247835460801308E+00  0.9477198198528157E+00  0.4988261998871706E+03
  0.3166130235278230E+00  0.9502954009612771E+00  0.5183029114194987E+03
  0.3084425045314506E+00  0.9528075420561144E+00  0.5382685337339598E+03
  0.3002719893815085E+00  0.9552560754313160E+00  0.5591931635619123E+03
  0.2921014784009779E+00  0.9576408376272095E+00  0.5806044088143054E+03
  0.2839309719500016E+00  0.9599616694413742E+00  0.6020487167026097E+03
  0.2757604704313845E+00  0.9622184159392698E+00  0.6239264685732497E+03
  0.2675899742971076E+00  0.9644109264645802E+00  0.6467139319628502E+03
  0.2594194840560681E+00  0.9665390546492710E+00  0.6704780484303094E+03
  0.2512490002833307E+00  0.9686026584233628E+00  0.6957364172260889E+03
  0.2430785236312446E+00  0.9706016000244151E+00  0.7234005872474163E+03
  0.2349080548428762E+00  0.9725357460067257E+00  0.7532521821700152E+03
  0.2267375947683499E+00  0.9744049672502397E+00  0.7838715024229870E+03
  0.2185671443848464E+00  0.9762091389691724E+00  0.8144293094828087E+03
  0.2103967048212628E+00  0.9779481407203411E+00  0.8450200905253868E+03
  0.2022262773888417E+00  0.9796218564112101E+00  0.8753509841638984E+03
  0.1940558636195398E+00  0.9812301743076443E+00  0.9051880388300881E+03
  0.1858854653144977E+00  0.9827729870413743E+00  0.9359754486559860E+03
  0.1777150846058812E+00  0.9842501916171713E+00  0.9697165330189833E+03
  0.1695447240365762E+00  0.9856616894197333E+00  0.1006470928293776E+04
  0.1613743866640789E+00  0.9870073862202815E+00  0.1045119230918664E+04
  0.1532040761975885E+00  0.9882871921828699E+00  0.1085719438553471E+04
  0.1450337971813853E+00  0.9895010218704087E+00  0.1128604870240782E+04
  0.1368635552438019E+00  0.9906487942504061E+00  0.1172588737396904E+04
  0.1286933574408989E+00  0.9917304327004320E+00  0.1216945742741548E+04
  0.1205232127396896E+00  0.9927458650133153E+00  0.1263401261720677E+04
  0.1123531327118049E+00  0.9936950234020883E+00  0.1313355155916136E+04
  0.1041831325528455E+00  0.9945778445047068E+00  0.1365882717584466E+04
  0.9601323262085862E-01  0.9953942693885953E+00  0.1421400917168311E+04
  0.8784346083082471E-01  0.9961442435551087E+00  0.1483405375531891E+04
  0.7967385651719167E-01  0.9968277169440913E+00  0.1553590960166294E+04
  0.7150447693306423E-01  0.9974446439389107E+00  0.1630969998601440E+04
  0.6333540875299180E-01  0.9979949833727938E+00  0.1719126824434975E+04
  0.5516678972815772E-01  0.9984786985384589E+00  0.1827176616112783E+04
  0.4699885272846815E-01  0.9988957572063257E+00  0.1963364524351417E+04
  0.3883202470742381E-01  0.9992461316671845E+00  0.2144650835626099E+04
  0.3066718105470672E-01  0.9995297988558859E+00  0.2415166996612850E+04
  0.2250643816359393E-01  0.9997467408113523E+00  0.2816858381908769E+04
  0.1435650599352885E-01  0.9998969471378596E+00  0.3301851419821377E+04
  0.6254421014113626E-02  0.9999804411726474E+00  0.3691937834301613E+04
