# nlmax, ncor, nside =         383           1         128
  0.3135338232575680E+01 -0.9999804411726474E+00 -0.2597262425943148E+02
  0.3127236147596264E+01 -0.9998969471378596E+00 -0.1963094946421862E+02
  0.3119086215426199E+01 -0.9997467408113523E+00 -0.1117312631542122E+02
  0.3110925472535087E+01 -0.9995297988558859E+00 -0.3158725255540316E+01
  0.3102760628882369E+01 -0.9992461316671845E+00  0.4328486427980399E+01
  0.3094593800861325E+01 -0.9988957572063257E+00  0.1256569794374982E+02
  0.3086425863861635E+01 -0.9984786985384589E+00  0.2144270945118400E+02
  0.3078257244836801E+01 -0.9979949833727938E+00  0.2865244711541392E+02
  0.3070088176656729E+01 -0.9974446439389107E+00  0.3196501458234388E+02
  0.3061918797072602E+01 -0.9968277169440913E+00  0.3140912536950172E+02
  0.3053749192758969E+01 -0.9961442435551087E+00  0.2896394255199357E+02
  0.3045579420968934E+01 -0.9953942693885953E+00  0.2654593870807676E+02
  0.3037409521036948E+01 -0.9945778445047068E+00  0.2490884814529867E+02
  0.3029239520877988E+01 -0.9936950234020883E+00  0.2422830894849292E+02
  0.3021069440850104E+01 -0.9927458650133153E+00  0.2467985822084109E+02
  0.3012899296148894E+01 -0.9917304327004320E+00  0.2613351456149240E+02
  0.3004729098345992E+01 -0.9906487942504061E+00  0.2794048960279383E+02
  0.2996558856408408E+01 -0.9895010218704087E+00  0.2928270361055508E+02
  0.2988388577392205E+01 -0.9882871921828699E+00  0.2952135869215834E+02
  0.2980218266925714E+01 -0.9870073862202815E+00  0.2844483330207839E+02
  0.2972047929553217E+01 -0.9856616894197333E+00  0.2618431388959786E+02
  0.2963877568983912E+01 -0.9842501916171713E+00  0.2309506583518809E+02
  0.2955707188275296E+01 -0.9827729870413743E+00  0.1967090925466756E+02
  0.2947536789970254E+01 -0.9812301743076443E+00  0.1643897606026413E+02
  0.2939366376200951E+01 -0.9796218564112101E+00  0.1381751124624548E+02
  0.2931195948768531E+01 -0.9779481407203411E+00  0.1204991429447536E+02
  0.2923025509204947E+01 -0.9762091389691724E+00  0.1114851332416572E+02
  0.2914855058821443E+01 -0.9744049672502397E+00  0.1089361968987032E+02
  0.2906684598746917E+01 -0.9725357460067257E+00  0.1095462934318319E+02
  0.2898514129958549E+01 -0.9706016000244151E+00  0.1102383066672379E+02
  0.2890343653306462E+01 -0.9686026584233628E+00  0.1069447597688629E+02
  0.2882173169533725E+01 -0.9665390546492710E+00  0.9497792145319700E+01
  0.2874002679292686E+01 -0.9644109264645802E+00  0.7078683082482630E+01
  0.2865832183158409E+01 -0.9622184159392698E+00  0.3363959523495609E+01
  0.2857661681639792E+01 -0.9599616694413742E+00 -0.1278901067291242E+01
  0.2849491175188815E+01 -0.9576408376272095E+00 -0.6122408228577484E+01
  0.2841320664208285E+01 -0.9552560754313160E+00 -0.1046938932508948E+02
  0.2833150149058343E+01 -0.9528075420561144E+00 -0.1410242052769395E+02
  0.2824979630061970E+01 -0.9502954009612771E+00 -0.1723299833555406E+02
  0.2816809107509663E+01 -0.9477198198528157E+00 -0.2010534469894855E+02
  0.2808638581663412E+01 -0.9450809706718851E+00 -0.2282335041256910E+02
  0.2800468052760122E+01 -0.9423790295833044E+00 -0.2545591871713988E+02
  0.2792297521014540E+01 -0.9396141769637963E+00 -0.2811136042262108E+02
  0.2784126986621790E+01 -0.9367865973899459E+00 -0.3060699345236995E+02
  0.2775956449759565E+01 -0.9338964796258775E+00 -0.3241200540377353E+02
  0.2767785910590029E+01 -0.9309440166106540E+00 -0.3304391377004463E+02
  0.2759615369261481E+01 -0.9279294054453956E+00 -0.3255654814538045E+02
  0.2751444825909805E+01 -0.9248528473801222E+00 -0.3152749003673901E+02
  0.2743274280659743E+01 -0.9217145478003181E+00 -0.3063073574584133E+02
  0.2735103733626014E+01 -0.9185147162132208E+00 -0.3021668714076910E+02
  0.2726933184914305E+01 -0.9152535662338340E+00 -0.3022550363333991E+02
  0.2718762634622138E+01 -0.9119313155706682E+00 -0.3035158574510940E+02
  0.2710592082839649E+01 -0.9085481860112055E+00 -0.3032045875031444E+02
  0.2702421529650271E+01 -0.9051044034070944E+00 -0.3011313119473066E+02
  0.2694250975131350E+01 -0.9016001976590722E+00 -0.2994327845926056E+02
  0.2686080419354687E+01 -0.8980358027016164E+00 -0.3000158876406975E+02
  0.2677909862387029E+01 -0.8944114564873288E+00 -0.3032530649340726E+02
  0.2669739304290507E+01 -0.8907274009710492E+00 -0.3087680832384451E+02
  0.2661568745123026E+01 -0.8869838820937034E+00 -0.3168047466153939E+02
  0.2653398184938621E+01 -0.8831811497658847E+00 -0.3276507941976870E+02
  0.2645227623787777E+01 -0.8793194578511700E+00 -0.3394699008978932E+02
  0.2637057061717711E+01 -0.8753990641491725E+00 -0.3480303372889693E+02
  0.2628886498772639E+01 -0.8714202303783312E+00 -0.3500508141380178E+02
  0.2620715934994006E+01 -0.8673832221584393E+00 -0.3462286830608984E+02
  0.2612545370420704E+01 -0.8632883089929120E+00 -0.3403479349746383E+02
  0.2604374805089263E+01 -0.8591357642507945E+00 -0.3348080733542177E+02
  0.2596204239034032E+01 -0.8549258651485127E+00 -0.3288676836326619E+02
  0.2588033672287335E+01 -0.8506588927313666E+00 -0.3214055442183768E+02
  0.2579863104879621E+01 -0.8463351318547683E+00 -0.3132334582950574E+02
  0.2571692536839600E+01 -0.8419548711652254E+00 -0.3056327663308961E+02
  0.2563521968194363E+01 -0.8375184030810715E+00 -0.2982667807352232E+02
  0.2555351398969496E+01 -0.8330260237729452E+00 -0.2895995980938767E+02
  0.2547180829189184E+01 -0.8284780331440178E+00 -0.2788751409048572E+02
  0.2539010258876304E+01 -0.8238747348099726E+00 -0.2661555541425893E+02
  0.2530839688052518E+01 -0.8192164360787360E+00 -0.2524308120563670E+02
  0.2522669116738345E+01 -0.8145034479299620E+00 -0.2409694065401184E+02
  0.2514498544953243E+01 -0.8097360849942720E+00 -0.2358792562032473E+02
  0.2506327972715673E+01 -0.8049146655322506E+00 -0.2372946274410075E+02
  0.2498157400043163E+01 -0.8000395114131988E+00 -0.2393223548989047E+02
  0.2489986826952370E+01 -0.7951109480936471E+00 -0.2340648976777780E+02
  0.2481816253459126E+01 -0.7901293045956280E+00 -0.2167172578299822E+02
  0.2473645679578500E+01 -0.7850949134847117E+00 -0.1878537734704054E+02
  0.2465475105324832E+01 -0.7800081108478040E+00 -0.1527960744684426E+02
  0.2457304530711785E+01 -0.7748692362707100E+00 -0.1193118316710311E+02
  0.2449133955752385E+01 -0.7696786328154644E+00 -0.9308233113822508E+01
  0.2440963380459050E+01 -0.7644366469974285E+00 -0.7343705589369414E+01
  0.2432792804843637E+01 -0.7591436287621580E+00 -0.5436770844674823E+01
  0.2424622228917462E+01 -0.7537999314620412E+00 -0.3023384192298857E+01
  0.2416451652691339E+01 -0.7484059118327094E+00  0.2850454919697398E-02
  0.2408281076175607E+01 -0.7429619299692227E+00  0.3381409051890841E+01
  0.2400110499380152E+01 -0.7374683493020299E+00  0.6720275479143305E+01
  0.2391939922314436E+01 -0.7319255365727068E+00  0.9658631110757149E+01
  0.2383769344987516E+01 -0.7263338618094733E+00  0.1202136984037992E+02
  0.2375598767408072E+01 -0.7206936983024912E+00  0.1394988445286937E+02
  0.2367428189584419E+01 -0.7150054225789432E+00  0.1574761719206667E+02
  0.2359257611524532E+01 -0.7092694143778975E+00  0.1761084638551265E+02
  0.2351087033236062E+01 -0.7034860566249567E+00  0.1958534352780514E+02
  0.2342916454726351E+01 -0.6976557354066943E+00  0.2167817650773559E+02
  0.2334745876002450E+01 -0.6917788399448808E+00  0.2377634246449637E+02
  0.2326575297071134E+01 -0.6858557625704990E+00  0.2561252082885418E+02
  0.2318404717938913E+01 -0.6798868986975534E+00  0.2701161188361332E+02
  0.2310234138612046E+01 -0.6738726467966731E+00  0.2817210166168129E+02
  0.2302063559096557E+01 -0.6678134083685102E+00  0.2947047974839620E+02
  0.2293892979398239E+01 -0.6617095879169366E+00  0.3106160542130208E+02
  0.2285722399522673E+01 -0.6555615929220400E+00  0.3281490012134466E+02
  0.2277551819475234E+01 -0.6493698338129212E+00  0.3460560338199691E+02
  0.2269381239261100E+01 -0.6431347239402948E+00  0.3638044186340966E+02
  0.2261210658885265E+01 -0.6368566795488945E+00  0.3799832680510932E+02
  0.2253040078352542E+01 -0.6305361197496849E+00  0.3925213520913392E+02
  0.2244869497667577E+01 -0.6241734664918837E+00  0.4019850526627051E+02
  0.2236698916834853E+01 -0.6177691445347914E+00  0.4130682409628569E+02
  0.2228528335858699E+01 -0.6113235814194364E+00  0.4321408190665020E+02
  0.2220357754743295E+01 -0.6048372074400329E+00  0.4627514555896757E+02
  0.2212187173492683E+01 -0.5983104556152549E+00  0.5034518496455743E+02
  0.2204016592110768E+01 -0.5917437616593286E+00  0.5490985998858771E+02
  0.2195846010601326E+01 -0.5851375639529456E+00  0.5945656364188329E+02
  0.2187675428968010E+01 -0.5784923035139965E+00  0.6369636073727203E+02
  0.2179504847214357E+01 -0.5718084239681300E+00  0.6751431141475381E+02
  0.2171334265343789E+01 -0.5650863715191369E+00  0.7080854097678102E+02
  0.2163163683359622E+01 -0.5583265949191624E+00  0.7349047558754644E+02
  0.2154993101265066E+01 -0.5515295454387482E+00  0.7560926527230541E+02
  0.2146822519063234E+01 -0.5446956768367068E+00  0.7746260822014784E+02
  0.2138651936757143E+01 -0.5378254453298289E+00  0.7952300712747636E+02
  0.2130481354349721E+01 -0.5309193095624275E+00  0.8220853353995139E+02
  0.2122310771843806E+01 -0.5239777305757194E+00  0.8558974559594625E+02
  0.2114140189242155E+01 -0.5170011717770473E+00  0.8937497744165078E+02
  0.2105969606547443E+01 -0.5099900989089429E+00  0.9322671412595227E+02
  0.2097799023762269E+01 -0.5029449800180356E+00  0.9710099883382661E+02
  0.2089628440889158E+01 -0.4958662854238058E+00  0.1010981116513924E+03
  0.2081457857930564E+01 -0.4887544876871878E+00  0.1050975731932762E+03
  0.2073287274888874E+01 -0.4816100615790221E+00  0.1087996411755771E+03
  0.2065116691766407E+01 -0.4744334840483606E+00  0.1120976434167936E+03
  0.2056946108565423E+01 -0.4672252341906264E+00  0.1150864434016163E+03
  0.2048775525288118E+01 -0.4599857932156304E+00  0.1177511406197230E+03
  0.2040604941936635E+01 -0.4527156444154464E+00  0.1198499762749841E+03
  0.2032434358513056E+01 -0.4454152731321473E+00  0.1212344165203257E+03
  0.2024263775019413E+01 -0.4380851667254050E+00  0.1219747252825685E+03
  0.2016093191457685E+01 -0.4307258145399545E+00  0.1222179835417623E+03
  0.2007922607829804E+01 -0.4233377078729265E+00  0.1221384547661518E+03
  0.1999752024137653E+01 -0.4159213399410494E+00  0.1221176731393025E+03
  0.1991581440383068E+01 -0.4084772058477228E+00  0.1225429081357940E+03
  0.1983410856567843E+01 -0.4010058025499653E+00  0.1233404201012540E+03
  0.1975240272693730E+01 -0.3935076288252386E+00  0.1239090409316284E+03
  0.1967069688762441E+01 -0.3859831852381501E+00  0.1237888902170737E+03
  0.1958899104775647E+01 -0.3784329741070359E+00  0.1232121803540406E+03
  0.1950728520734982E+01 -0.3708574994704271E+00  0.1228543195493428E+03
  0.1942557936642046E+01 -0.3632572670534011E+00  0.1230979236530979E+03
  0.1934387352498403E+01 -0.3556327842338202E+00  0.1237106461298047E+03
  0.1926216768305583E+01 -0.3479845600084601E+00  0.1241379885613004E+03
  0.1918046184065086E+01 -0.3403131049590297E+00  0.1240287445108185E+03
  0.1909875599778379E+01 -0.3326189312180866E+00  0.1233758969598258E+03
  0.1901705015446901E+01 -0.3249025524348469E+00  0.1223174189436234E+03
  0.1893534431072063E+01 -0.3171644837408958E+00  0.1208878177015978E+03
  0.1885363846655247E+01 -0.3094052417157978E+00  0.1190765737530637E+03
  0.1877193262197810E+01 -0.3016253443526109E+00  0.1170148993305381E+03
  0.1869022677701083E+01 -0.2938253110233064E+00  0.1149709064046015E+03
  0.1860852093166375E+01 -0.2860056624440968E+00  0.1130737547238794E+03
  0.1852681508594969E+01 -0.2781669206406729E+00  0.1111684425375955E+03
  0.1844510923988128E+01 -0.2703096089133553E+00  0.1089399694865375E+03
  0.1836340339347093E+01 -0.2624342518021592E+00  0.1062581735725018E+03
  0.1828169754673083E+01 -0.2545413750517773E+00  0.1033981202361487E+03
  0.1819999169967299E+01 -0.2466315055764818E+00  0.1009349184359363E+03
  0.1811828585230925E+01 -0.2387051714249486E+00  0.9927534565724729E+02
  0.1803658000465123E+01 -0.2307629017450062E+00  0.9825175403427426E+02
  0.1795487415671042E+01 -0.2228052267483099E+00  0.9724238453550970E+02
  0.1787316830849811E+01 -0.2148326776749467E+00  0.9581087172346599E+02
  0.1779146246002545E+01 -0.2068457867579697E+00  0.9411523306276833E+02
  0.1770975661130345E+01 -0.1988450871878683E+00  0.9263903935053916E+02
  0.1762805076234296E+01 -0.1908311130769725E+00  0.9155991584956860E+02
  0.1754634491315471E+01 -0.1828043994237966E+00  0.9049219170658192E+02
  0.1746463906374929E+01 -0.1747654820773241E+00  0.8878279626386029E+02
  0.1738293321413718E+01 -0.1667148977012352E+00  0.8606886273674014E+02
  0.1730122736432872E+01 -0.1586531837380799E+00  0.8260285644540066E+02
  0.1721952151433418E+01 -0.1505808783733995E+00  0.7903291903603321E+02
  0.1713781566416370E+01 -0.1424985204997981E+00  0.7573717274210516E+02
  0.1705610981382731E+01 -0.1344066496809675E+00  0.7251447030143966E+02
  0.1697440396333499E+01 -0.1263058061156663E+00  0.6894751889290728E+02
  0.1689269811269659E+01 -0.1181965306016578E+00  0.6500769548259427E+02
  0.1681099226192191E+01 -0.1100793644996070E+00  0.6102482242936384E+02
  0.1672928641102067E+01 -0.1019548496969404E+00  0.5722110450724346E+02
  0.1664758056000250E+01 -0.9382352857167028E-01  0.5344467234891459E+02
  0.1656587470887701E+01 -0.8568594395618719E-01  0.4936207074132484E+02
  0.1648416885765370E+01 -0.7754263910102077E-01  0.4472474980752055E+02
  0.1640246300634206E+01 -0.6939415763857371E-01  0.3952337731385143E+02
  0.1632075715495151E+01 -0.6124104354682962E-01  0.3401196508285460E+02
  0.1623905130349143E+01 -0.5308384111303818E-01  0.2856029443183003E+02
  0.1615734545197117E+01 -0.4492309489737940E-01  0.2328209238559748E+02
  0.1607563960040004E+01 -0.3675934969660982E-01  0.1794572957875151E+02
  0.1599393374878733E+01 -0.2859315050769285E-01  0.1229745639932158E+02
  0.1591222789714229E+01 -0.2042504249141571E-01  0.6422863474278559E+01
  0.1583052204547419E+01 -0.1225557093599554E-01  0.6055927226964825E+00
  0.1574881619379224E+01 -0.4085281220676868E-02 -0.5020927225835398E+01
  0.1566711034210569E+01  0.4085281220676868E-02 -0.1058958180114616E+02
  0.1558540449042374E+01  0.1225557093599554E-01 -0.1628953015210632E+02
  0.1550369863875564E+01  0.2042504249141571E-01 -0.2231202347854896E+02
  0.1542199278711061E+01  0.2859315050769285E-01 -0.2878602191375073E+02
  0.1534028693549790E+01  0.3675934969660982E-01 -0.3561936686478717E+02
  0.1525858108392677E+01  0.4492309489737940E-01 -0.4241454369377359E+02
  0.1517687523240650E+01  0.5308384111303818E-01 -0.4868594011256558E+02
  0.1509516938094642E+01  0.6124104354682962E-01 -0.5418611853267959E+02
  0.1501346352955587E+01  0.6939415763857371E-01 -0.5909979174153491E+02
  0.1493175767824423E+01  0.7754263910102077E-01 -0.6391083165982928E+02
  0.1485005182702093E+01  0.8568594395618719E-01 -0.6905189203963697E+02
  0.1476834597589543E+01  0.9382352857167028E-01 -0.7449259390566482E+02
  0.1468664012487727E+01  0.1019548496969404E+00 -0.7978577049570552E+02
  0.1460493427397602E+01  0.1100793644996070E+00 -0.8455749243510749E+02
  0.1452322842320134E+01  0.1181965306016578E+00 -0.8893160464335574E+02
  0.1444152257256294E+01  0.1263058061156663E+00 -0.9335896359653306E+02
  0.1435981672207062E+01  0.1344066496809675E+00 -0.9818831541095614E+02
  0.1427811087173423E+01  0.1424985204997981E+00 -0.1034426191268964E+03
  0.1419640502156375E+01  0.1505808783733995E+00 -0.1089044608969958E+03
  0.1411469917156921E+01  0.1586531837380799E+00 -0.1142470172034901E+03
  0.1403299332176076E+01  0.1667148977012352E+00 -0.1192899436231567E+03
  0.1395128747214864E+01  0.1747654820773241E+00 -0.1241561894562153E+03
  0.1386958162274323E+01  0.1828043994237966E+00 -0.1290971196117121E+03
  0.1378787577355497E+01  0.1908311130769725E+00 -0.1340507692861159E+03
  0.1370616992459449E+01  0.1988450871878683E+00 -0.1386270857309052E+03
  0.1362446407587248E+01  0.2068457867579697E+00 -0.1425450328085273E+03
  0.1354275822739983E+01  0.2148326776749467E+00 -0.1458999710424312E+03
  0.1346105237918751E+01  0.2228052267483099E+00 -0.1489265360433992E+03
  0.1337934653124670E+01  0.2307629017450062E+00 -0.1518596763228349E+03
  0.1329764068358868E+01  0.2387051714249486E+00 -0.1550564949819307E+03
  0.1321593483622494E+01  0.2466315055764818E+00 -0.1589474096313374E+03
  0.1313422898916710E+01  0.2545413750517773E+00 -0.1636369705720371E+03
  0.1305252314242701E+01  0.2624342518021592E+00 -0.1688099251320898E+03
  0.1297081729601665E+01  0.2703096089133553E+00 -0.1740756297708836E+03
  0.1288911144994824E+01  0.2781669206406729E+00 -0.1792568814483373E+03
  0.1280740560423418E+01  0.2860056624440968E+00 -0.1842554199529289E+03
  0.1272569975888710E+01  0.2938253110233064E+00 -0.1889632654203969E+03
  0.1264399391391984E+01  0.3016253443526109E+00 -0.1933024109454389E+03
  0.1256228806934547E+01  0.3094052417157978E+00 -0.1972827520543761E+03
  0.1248058222517730E+01  0.3171644837408958E+00 -0.2008937824381392E+03
  0.1239887638142892E+01  0.3249025524348469E+00 -0.2041803743131291E+03
  0.1231717053811414E+01  0.3326189312180866E+00 -0.2072925699685073E+03
  0.1223546469524707E+01  0.3403131049590297E+00 -0.2103429786638906E+03
  0.1215375885284210E+01  0.3479845600084601E+00 -0.2131554501353179E+03
  0.1207205301091390E+01  0.3556327842338202E+00 -0.2154095557131639E+03
  0.1199034716947747E+01  0.3632572670534011E+00 -0.2169166146527290E+03
  0.1190864132854811E+01  0.3708574994704271E+00 -0.2177998510436460E+03
  0.1182693548814147E+01  0.3784329741070359E+00 -0.2184257401279175E+03
  0.1174522964827352E+01  0.3859831852381501E+00 -0.2193014965931557E+03
  0.1166352380896063E+01  0.3935076288252386E+00 -0.2207042999563491E+03
  0.1158181797021950E+01  0.4010058025499653E+00 -0.2223711128801761E+03
  0.1150011213206726E+01  0.4084772058477228E+00 -0.2236453637839400E+03
  0.1141840629452141E+01  0.4159213399410494E+00 -0.2241181915819587E+03
  0.1133670045759989E+01  0.4233377078729265E+00 -0.2238906548100770E+03
  0.1125499462132108E+01  0.4307258145399545E+00 -0.2233110697805853E+03
  0.1117328878570381E+01  0.4380851667254050E+00 -0.2225774488864000E+03
  0.1109158295076737E+01  0.4454152731321473E+00 -0.2218033702764556E+03
  0.1100987711653159E+01  0.4527156444154464E+00 -0.2211502069402576E+03
  0.1092817128301675E+01  0.4599857932156304E+00 -0.2207912545489347E+03
  0.1084646545024371E+01  0.4672252341906264E+00 -0.2207617800518057E+03
  0.1076475961823386E+01  0.4744334840483606E+00 -0.2208647327795657E+03
  0.1068305378700920E+01  0.4816100615790221E+00 -0.2206564269716170E+03
  0.1060134795659229E+01  0.4887544876871878E+00 -0.2197082603543923E+03
  0.1051964212700635E+01  0.4958662854238058E+00 -0.2179361416098224E+03
  0.1043793629827524E+01  0.5029449800180356E+00 -0.2157166529290184E+03
  0.1035623047042350E+01  0.5099900989089429E+00 -0.2134992531796444E+03
  0.1027452464347638E+01  0.5170011717770473E+00 -0.2115703375412753E+03
  0.1019281881745987E+01  0.5239777305757194E+00 -0.2100997958497759E+03
  0.1011111299240073E+01  0.5309193095624275E+00 -0.2092555359291225E+03
  0.1002940716832650E+01  0.5378254453298289E+00 -0.2090104519072269E+03
  0.9947701345265596E+00  0.5446956768367068E+00 -0.2091191401748778E+03
  0.9865995523247275E+00  0.5515295454387482E+00 -0.2093316400156474E+03
  0.9784289702301714E+00  0.5583265949191624E+00 -0.2095486668706852E+03
  0.9702583882460036E+00  0.5650863715191369E+00 -0.2096563695389181E+03
  0.9620878063754359E+00  0.5718084239681300E+00 -0.2095097540822088E+03
  0.9539172246217830E+00  0.5784923035139965E+00 -0.2090908960030867E+03
  0.9457466429884676E+00  0.5851375639529456E+00 -0.2085018496161541E+03
  0.9375760614790253E+00  0.5917437616593286E+00 -0.2077206104031250E+03
  0.9294054800971098E+00  0.5983104556152549E+00 -0.2066611444292850E+03
  0.9212348988464978E+00  0.6048372074400329E+00 -0.2053517888889177E+03
  0.9130643177310944E+00  0.6113235814194364E+00 -0.2039203223921718E+03
  0.9048937367549402E+00  0.6177691445347914E+00 -0.2024050954780494E+03
  0.8967231559222163E+00  0.6241734664918837E+00 -0.2008958177921329E+03
  0.8885525752372514E+00  0.6305361197496849E+00 -0.1995174456406709E+03
  0.8803819947045285E+00  0.6368566795488945E+00 -0.1982000749674243E+03
  0.8722114143286931E+00  0.6431347239402948E+00 -0.1965628845322856E+03
  0.8640408341145595E+00  0.6493698338129212E+00 -0.1944388717546964E+03
  0.8558702540671204E+00  0.6555615929220400E+00 -0.1921114034024728E+03
  0.8476996741915547E+00  0.6617095879169366E+00 -0.1899086680854886E+03
  0.8395290944932369E+00  0.6678134083685102E+00 -0.1876818627324415E+03
  0.8313585149777468E+00  0.6738726467966731E+00 -0.1850972929998671E+03
  0.8231879356508802E+00  0.6798868986975534E+00 -0.1820183571281939E+03
  0.8150173565186587E+00  0.6858557625704990E+00 -0.1784329366449003E+03
  0.8068467775873427E+00  0.6917788399448808E+00 -0.1742135470559918E+03
  0.7986761988634423E+00  0.6976557354066943E+00 -0.1694154593983170E+03
  0.7905056203537315E+00  0.7034860566249567E+00 -0.1643433955212690E+03
  0.7823350420652612E+00  0.7092694143778975E+00 -0.1591883565290393E+03
  0.7741644640053743E+00  0.7150054225789432E+00 -0.1537569280942016E+03
  0.7659938861817212E+00  0.7206936983024912E+00 -0.1478716836868818E+03
  0.7578233086022768E+00  0.7263338618094733E+00 -0.1415581214075392E+03
  0.7496527312753575E+00  0.7319255365727068E+00 -0.1348100016045133E+03
  0.7414821542096410E+00  0.7374683493020299E+00 -0.1273614701624030E+03
  0.7333115774141861E+00  0.7429619299692227E+00 -0.1190678609886067E+03
  0.7251410008984539E+00  0.7484059118327094E+00 -0.1101617616899126E+03
  0.7169704246723316E+00  0.7537999314620412E+00 -0.1011679364137701E+03
  0.7087998487461566E+00  0.7591436287621580E+00 -0.9265502276383492E+02
  0.7006292731307425E+00  0.7644366469974285E+00 -0.8512291732318761E+02
  0.6924586978374083E+00  0.7696786328154644E+00 -0.7863381284138903E+02
  0.6842881228780077E+00  0.7748692362707100E+00 -0.7266387377065647E+02
  0.6761175482649616E+00  0.7800081108478040E+00 -0.6641330564095077E+02
  0.6679469740112938E+00  0.7850949134847117E+00 -0.5944426837304269E+02
  0.6597764001306670E+00  0.7901293045956280E+00 -0.5179954575465606E+02
  0.6516058266374236E+00  0.7951109480936471E+00 -0.4376909089872564E+02
  0.6434352535466297E+00  0.8000395114131988E+00 -0.3544649228362739E+02
  0.6352646808741202E+00  0.8049146655322506E+00 -0.2653654910592611E+02
  0.6270941086365502E+00  0.8097360849942720E+00 -0.1638798023102435E+02
  0.6189235368514482E+00  0.8145034479299620E+00 -0.4661506334713619E+01
  0.6107529655372755E+00  0.8192164360787360E+00  0.8219153182529007E+01
  0.6025823947134890E+00  0.8238747348099726E+00  0.2143971537463655E+02
  0.5944118244006098E+00  0.8284780331440178E+00  0.3471669149599964E+02
  0.5862412546202973E+00  0.8330260237729452E+00  0.4823200953209926E+02
  0.5780706853954301E+00  0.8375184030810715E+00  0.6211009297767291E+02
  0.5699001167501928E+00  0.8419548711652254E+00  0.7624860794704672E+02
  0.5617295487101719E+00  0.8463351318547683E+00  0.9069689128001194E+02
  0.5535589813024583E+00  0.8506588927313666E+00  0.1053948780305224E+03
  0.5453884145557613E+00  0.8549258651485127E+00  0.1199139021817680E+03
  0.5372178485005299E+00  0.8591357642507945E+00  0.1337666645390441E+03
  0.5290472831690897E+00  0.8632883089929120E+00  0.1470651679370721E+03
  0.5208767185957875E+00  0.8673832221584393E+00  0.1602342413406909E+03
  0.5127061548171545E+00  0.8714202303783312E+00  0.1734832467964802E+03
  0.5045355918720822E+00  0.8753990641491725E+00  0.1869631837993653E+03
  0.4963650298020162E+00  0.8793194578511700E+00  0.2011158877894466E+03
  0.4881944686511717E+00  0.8831811497658847E+00  0.2160917802237627E+03
  0.4800239084667671E+00  0.8869838820937034E+00  0.2314720989983117E+03
  0.4718533492992859E+00  0.8907274009710492E+00  0.2468626184976867E+03
  0.4636827912027636E+00  0.8944114564873288E+00  0.2623618131419011E+03
  0.4555122342351060E+00  0.8980358027016164E+00  0.2778250890990609E+03
  0.4473416784584431E+00  0.9016001976590722E+00  0.2926282484707849E+03
  0.4391711239395221E+00  0.9051044034070944E+00  0.3062907192130075E+03
  0.4310005707501444E+00  0.9085481860112055E+00  0.3190641595503654E+03
  0.4228300189676551E+00  0.9119313155706682E+00  0.3312179347894166E+03
  0.4146594686754885E+00  0.9152535662338340E+00  0.3427187646812994E+03
  0.4064889199637791E+00  0.9185147162132208E+00  0.3536466652519600E+03
  0.3983183729300507E+00  0.9217145478003181E+00  0.3644590940885325E+03
  0.3901478276799883E+00  0.9248528473801222E+00  0.3753656142172130E+03
  0.3819772843283120E+00  0.9279294054453956E+00  0.3864630557298709E+03
  0.3738067429997641E+00  0.9309440166106540E+00  0.3982992377731580E+03
  0.3656362038302282E+00  0.9338964796258775E+00  0.4118234529644388E+03
  0.3574656669680030E+00  0.9367865973899459E+00  0.4272887979164255E+03
  0.3492951325752533E+00  0.9396141769637963E+00  0.4444134828966469E+03
  0.3411246008296713E+00  0.9423790295833044E+00  0.4628534657143370E+03
  0.3329540719263814E+00  0.9450809706718851E+00  0.4822265178382418E+03
  0.3247835460801308E+00  0.9477198198528157E+00  0.5017476806004162E+03
  0.3166130235278230E+00  0.9502954009612771E+00  0.5210823054235092E+03
  0.3084425045314506E+00  0.9528075420561144E+00  0.5406830247505010E+03
  0.3002719893815085E+00  0.9552560754313160E+00  0.5610051728345254E+03
  0.2921014784009779E+00  0.9576408376272095E+00  0.5816119497414435E+03
  0.2839309719500016E+00  0.9599616694413742E+00  0.6022339719981245E+03
  0.2757604704313845E+00  0.9622184159392698E+00  0.6233956132511096E+03
  0.2675899742971076E+00  0.9644109264645802E+00  0.6457061941655395E+03
  0.2594194840560681E+00  0.9665390546492710E+00  0.6691715029057654E+03
  0.2512490002833307E+00  0.9686026584233628E+00  0.6942754115488141E+03
  0.2430785236312446E+00  0.9706016000244151E+00  0.7218227574713306E+03
  0.2349080548428762E+00  0.9725357460067257E+00  0.7517163690354366E+03
  0.2267375947683499E+00  0.9744049672502397E+00  0.7825741632321029E+03
  0.2185671443848464E+00  0.9762091389691724E+00  0.8135819116807450E+03
  0.2103967048212628E+00  0.9779481407203411E+00  0.8446286852777301E+03
  0.2022262773888417E+00  0.9796218564112101E+00  0.8753686690458895E+03
  0.1940558636195398E+00  0.9812301743076443E+00  0.9054570219054464E+03
  0.1858854653144977E+00  0.9827729870413743E+00  0.9363908558092434E+03
  0.1777150846058812E+00  0.9842501916171713E+00  0.9700249797741277E+03
  0.1695447240365762E+00  0.9856616894197333E+00  0.1006388076236448E+04
  0.1613743866640789E+00  0.9870073862202815E+00  0.1044239156273400E+04
  0.1532040761975885E+00  0.9882871921828699E+00  0.1083749739723215E+04
  0.1450337971813853E+00  0.9895010218704087E+00  0.1125304622619070E+04
  0.1368635552438019E+00  0.9906487942504061E+00  0.1168105221132407E+04
  0.1286933574408989E+00  0.9917304327004320E+00  0.1211591439004322E+04
  0.1205232127396896E+00  0.9927458650133153E+00  0.1257683413059818E+04
  0.1123531327118049E+00  0.9936950234020883E+00  0.1307640256021884E+04
  0.1041831325528455E+00  0.9945778445047068E+00  0.1360410110926194E+04
  0.9601323262085862E-01  0.9953942693885953E+00  0.1416063237122753E+04
  0.8784346083082471E-01  0.9961442435551087E+00  0.1478251597462539E+04
  0.7967385651719167E-01  0.9968277169440913E+00  0.1548546692135700E+04
  0.7150447693306423E-01  0.9974446439389107E+00  0.1626311711354857E+04
  0.6333540875299180E-01  0.9979949833727938E+00  0.1714853572459007E+04
  0.5516678972815772E-01  0.9984786985384589E+00  0.1823346695381295E+04
  0.4699885272846815E-01  0.9988957572063257E+00  0.1959462255788008E+04
  0.3883202470742381E-01  0.9992461316671845E+00  0.2140488176919299E+04
  0.3066718105470672E-01  0.9995297988558859E+00  0.2410354171577923E+04
  0.2250643816359393E-01  0.9997467408113523E+00  0.2811386500598633E+04
  0.1435650599352885E-01  0.9998969471378596E+00  0.3295434925014810E+04
  0.6254421014113626E-02  0.9999804411726474E+00  0.3684617117457713E+04
