# nlmax, ncor, nside =         383           1         128
  0.3135338232575680E+01 -0.9999804411726474E+00 -0.9385529030183915E+02
  0.3127236147596264E+01 -0.9998969471378596E+00 -0.8875822201580449E+02
  0.3119086215426199E+01 -0.9997467408113523E+00 -0.8128933729371224E+02
  0.3110925472535087E+01 -0.9995297988558859E+00 -0.7334531502470749E+02
  0.3102760628882369E+01 -0.9992461316671845E+00 -0.6524622628486007E+02
  0.3094593800861325E+01 -0.9988957572063257E+00 -0.5662782471655872E+02
  0.3086425863861635E+01 -0.9984786985384589E+00 -0.4787648017948136E+02
  0.3078257244836801E+01 -0.9979949833727938E+00 -0.4102613600545405E+02
  0.3070088176656729E+01 -0.9974446439389107E+00 -0.3805191566549254E+02
  0.3061918797072602E+01 -0.9968277169440913E+00 -0.3865151998649085E+02
  0.3053749192758969E+01 -0.9961442435551087E+00 -0.4045371078979381E+02
  0.3045579420968934E+01 -0.9953942693885953E+00 -0.4208284112238501E+02
  0.3037409521036948E+01 -0.9945778445047068E+00 -0.4349430936856450E+02
  0.3029239520877988E+01 -0.9936950234020883E+00 -0.4478580559386774E+02
  0.3021069440850104E+01 -0.9927458650133153E+00 -0.4498784357871580E+02
  0.3012899296148894E+01 -0.9917304327004320E+00 -0.4267098975134946E+02
  0.3004729098345992E+01 -0.9906487942504061E+00 -0.3829739294780770E+02
  0.2996558856408408E+01 -0.9895010218704087E+00 -0.3414765584523973E+02
  0.2988388577392205E+01 -0.9882871921828699E+00 -0.3219493150005317E+02
  0.2980218266925714E+01 -0.9870073862202815E+00 -0.3298521215088497E+02
  0.2972047929553217E+01 -0.9856616894197333E+00 -0.3618568086921113E+02
  0.2963877568983912E+01 -0.9842501916171713E+00 -0.4100875195118525E+02
  0.2955707188275296E+01 -0.9827729870413743E+00 -0.4661374775921597E+02
  0.2947536789970254E+01 -0.9812301743076443E+00 -0.5200258549416400E+02
  0.2939366376200951E+01 -0.9796218564112101E+00 -0.5618290360314711E+02
  0.2931195948768531E+01 -0.9779481407203411E+00 -0.5875852965525822E+02
  0.2923025509204947E+01 -0.9762091389691724E+00 -0.5974935211658518E+02
  0.2914855058821443E+01 -0.9744049672502397E+00 -0.5948228916165925E+02
  0.2906684598746917E+01 -0.9725357460067257E+00 -0.5798891495111538E+02
  0.2898514129958549E+01 -0.9706016000244151E+00 -0.5547235897827358E+02
  0.2890343653306462E+01 -0.9686026584233628E+00 -0.5275232542864811E+02
  0.2882173169533725E+01 -0.9665390546492710E+00 -0.5140676103297881E+02
  0.2874002679292686E+01 -0.9644109264645802E+00 -0.5257714312667187E+02
  0.2865832183158409E+01 -0.9622184159392698E+00 -0.5623910990891221E+02
  0.2857661681639792E+01 -0.9599616694413742E+00 -0.6134104058346171E+02
  0.2849491175188815E+01 -0.9576408376272095E+00 -0.6693710211995767E+02
  0.2841320664208285E+01 -0.9552560754313160E+00 -0.7275173100125443E+02
  0.2833150149058343E+01 -0.9528075420561144E+00 -0.7871381538532053E+02
  0.2824979630061970E+01 -0.9502954009612771E+00 -0.8468344098347865E+02
  0.2816809107509663E+01 -0.9477198198528157E+00 -0.8981609866853795E+02
  0.2808638581663412E+01 -0.9450809706718851E+00 -0.9328798818627675E+02
  0.2800468052760122E+01 -0.9423790295833044E+00 -0.9486893499374027E+02
  0.2792297521014540E+01 -0.9396141769637963E+00 -0.9528677105114905E+02
  0.2784126986621790E+01 -0.9367865973899459E+00 -0.9551456076726265E+02
  0.2775956449759565E+01 -0.9338964796258775E+00 -0.9594473311861886E+02
  0.2767785910590029E+01 -0.9309440166106540E+00 -0.9634267289493276E+02
  0.2759615369261481E+01 -0.9279294054453956E+00 -0.9630353386520584E+02
  0.2751444825909805E+01 -0.9248528473801222E+00 -0.9570768023812046E+02
  0.2743274280659743E+01 -0.9217145478003181E+00 -0.9454313774549716E+02
  0.2735103733626014E+01 -0.9185147162132208E+00 -0.9289383021301964E+02
  0.2726933184914305E+01 -0.9152535662338340E+00 -0.9104443867759527E+02
  0.2718762634622138E+01 -0.9119313155706682E+00 -0.8942255571103280E+02
  0.2710592082839649E+01 -0.9085481860112055E+00 -0.8851945008552978E+02
  0.2702421529650271E+01 -0.9051044034070944E+00 -0.8855894039993956E+02
  0.2694250975131350E+01 -0.9016001976590722E+00 -0.8934900065837301E+02
  0.2686080419354687E+01 -0.8980358027016164E+00 -0.9032355292417247E+02
  0.2677909862387029E+01 -0.8944114564873288E+00 -0.9096455094577834E+02
  0.2669739304290507E+01 -0.8907274009710492E+00 -0.9104180829970046E+02
  0.2661568745123026E+01 -0.8869838820937034E+00 -0.9066355440854166E+02
  0.2653398184938621E+01 -0.8831811497658847E+00 -0.8993029190137162E+02
  0.2645227623787777E+01 -0.8793194578511700E+00 -0.8903725033187163E+02
  0.2637057061717711E+01 -0.8753990641491725E+00 -0.8815615900385596E+02
  0.2628886498772639E+01 -0.8714202303783312E+00 -0.8753888134915968E+02
  0.2620715934994006E+01 -0.8673832221584393E+00 -0.8743545434971421E+02
  0.2612545370420704E+01 -0.8632883089929120E+00 -0.8791630755671339E+02
  0.2604374805089263E+01 -0.8591357642507945E+00 -0.8870826742258456E+02
  0.2596204239034032E+01 -0.8549258651485127E+00 -0.8931426328313974E+02
  0.2588033672287335E+01 -0.8506588927313666E+00 -0.8937214061304454E+02
  0.2579863104879621E+01 -0.8463351318547683E+00 -0.8896168871030355E+02
  0.2571692536839600E+01 -0.8419548711652254E+00 -0.8833636583285868E+02
  0.2563521968194363E+01 -0.8375184030810715E+00 -0.8749002456442122E+02
  0.2555351398969496E+01 -0.8330260237729452E+00 -0.8621127339068187E+02
  0.2547180829189184E+01 -0.8284780331440178E+00 -0.8427859424528413E+02
  0.2539010258876304E+01 -0.8238747348099726E+00 -0.8161002367277668E+02
  0.2530839688052518E+01 -0.8192164360787360E+00 -0.7819516477729802E+02
  0.2522669116738345E+01 -0.8145034479299620E+00 -0.7415392264799596E+02
  0.2514498544953243E+01 -0.8097360849942720E+00 -0.6987488616119191E+02
  0.2506327972715673E+01 -0.8049146655322506E+00 -0.6559680610054910E+02
  0.2498157400043163E+01 -0.8000395114131988E+00 -0.6096803484104067E+02
  0.2489986826952370E+01 -0.7951109480936471E+00 -0.5536660769847109E+02
  0.2481816253459126E+01 -0.7901293045956280E+00 -0.4838461114504142E+02
  0.2473645679578500E+01 -0.7850949134847117E+00 -0.4024156218552240E+02
  0.2465475105324832E+01 -0.7800081108478040E+00 -0.3195949904390147E+02
  0.2457304530711785E+01 -0.7748692362707100E+00 -0.2495921627518387E+02
  0.2449133955752385E+01 -0.7696786328154644E+00 -0.2015924257172387E+02
  0.2440963380459050E+01 -0.7644366469974285E+00 -0.1712529791557291E+02
  0.2432792804843637E+01 -0.7591436287621580E+00 -0.1448718214442975E+02
  0.2424622228917462E+01 -0.7537999314620412E+00 -0.1101239938640227E+02
  0.2416451652691339E+01 -0.7484059118327094E+00 -0.6504692963920768E+01
  0.2408281076175607E+01 -0.7429619299692227E+00 -0.1503469507737782E+01
  0.2400110499380152E+01 -0.7374683493020299E+00  0.3289820106795083E+01
  0.2391939922314436E+01 -0.7319255365727068E+00  0.7411225695586006E+01
  0.2383769344987516E+01 -0.7263338618094733E+00  0.1084947290426140E+02
  0.2375598767408072E+01 -0.7206936983024912E+00  0.1420896521881106E+02
  0.2367428189584419E+01 -0.7150054225789432E+00  0.1838104250147306E+02
  0.2359257611524532E+01 -0.7092694143778975E+00  0.2366021629691515E+02
  0.2351087033236062E+01 -0.7034860566249567E+00  0.2960835218892535E+02
  0.2342916454726351E+01 -0.6976557354066943E+00  0.3567461607684910E+02
  0.2334745876002450E+01 -0.6917788399448808E+00  0.4133229475194710E+02
  0.2326575297071134E+01 -0.6858557625704990E+00  0.4609490260885777E+02
  0.2318404717938913E+01 -0.6798868986975534E+00  0.4966950601639056E+02
  0.2310234138612046E+01 -0.6738726467966731E+00  0.5250686887018981E+02
  0.2302063559096557E+01 -0.6678134083685102E+00  0.5557093627722339E+02
  0.2293892979398239E+01 -0.6617095879169366E+00  0.5914730789969784E+02
  0.2285722399522673E+01 -0.6555615929220400E+00  0.6270826454026673E+02
  0.2277551819475234E+01 -0.6493698338129212E+00  0.6571645352930187E+02
  0.2269381239261100E+01 -0.6431347239402948E+00  0.6810129672351366E+02
  0.2261210658885265E+01 -0.6368566795488945E+00  0.7001113666743642E+02
  0.2253040078352542E+01 -0.6305361197496849E+00  0.7147672999408451E+02
  0.2244869497667577E+01 -0.6241734664918837E+00  0.7244321141784381E+02
  0.2236698916834853E+01 -0.6177691445347914E+00  0.7339093493406348E+02
  0.2228528335858699E+01 -0.6113235814194364E+00  0.7537068549742982E+02
  0.2220357754743295E+01 -0.6048372074400329E+00  0.7909741158579303E+02
  0.2212187173492683E+01 -0.5983104556152549E+00  0.8458187463660151E+02
  0.2204016592110768E+01 -0.5917437616593286E+00  0.9116680146552436E+02
  0.2195846010601326E+01 -0.5851375639529456E+00  0.9811479952683672E+02
  0.2187675428968010E+01 -0.5784923035139965E+00  0.1050742626617634E+03
  0.2179504847214357E+01 -0.5718084239681300E+00  0.1116645532279076E+03
  0.2171334265343789E+01 -0.5650863715191369E+00  0.1173417480810779E+03
  0.2163163683359622E+01 -0.5583265949191624E+00  0.1216386109994610E+03
  0.2154993101265066E+01 -0.5515295454387482E+00  0.1247586502680387E+03
  0.2146822519063234E+01 -0.5446956768367068E+00  0.1274640119619261E+03
  0.2138651936757143E+01 -0.5378254453298289E+00  0.1305026161894667E+03
  0.2130481354349721E+01 -0.5309193095624275E+00  0.1340339226942875E+03
  0.2122310771843806E+01 -0.5239777305757194E+00  0.1378050736110170E+03
  0.2114140189242155E+01 -0.5170011717770473E+00  0.1414528035393611E+03
  0.2105969606547443E+01 -0.5099900989089429E+00  0.1449115563107008E+03
  0.2097799023762269E+01 -0.5029449800180356E+00  0.1484730896734166E+03
  0.2089628440889158E+01 -0.4958662854238058E+00  0.1523974354095063E+03
  0.2081457857930564E+01 -0.4887544876871878E+00  0.1565953331995310E+03
  0.2073287274888874E+01 -0.4816100615790221E+00  0.1608153510788571E+03
  0.2065116691766407E+01 -0.4744334840483606E+00  0.1649363067016029E+03
  0.2056946108565423E+01 -0.4672252341906264E+00  0.1688581172712670E+03
  0.2048775525288118E+01 -0.4599857932156304E+00  0.1723192152287496E+03
  0.2040604941936635E+01 -0.4527156444154464E+00  0.1748227945101796E+03
  0.2032434358513056E+01 -0.4454152731321473E+00  0.1760025864447708E+03
  0.2024263775019413E+01 -0.4380851667254050E+00  0.1759373954203666E+03
  0.2016093191457685E+01 -0.4307258145399545E+00  0.1750560223139726E+03
  0.2007922607829804E+01 -0.4233377078729265E+00  0.1738711838219647E+03
  0.1999752024137653E+01 -0.4159213399410494E+00  0.1729228381991598E+03
  0.1991581440383068E+01 -0.4084772058477228E+00  0.1723600163115701E+03
  0.1983410856567843E+01 -0.4010058025499653E+00  0.1718197042170605E+03
  0.1975240272693730E+01 -0.3935076288252386E+00  0.1705244267204121E+03
  0.1967069688762441E+01 -0.3859831852381501E+00  0.1679132823103987E+03
  0.1958899104775647E+01 -0.3784329741070359E+00  0.1643273212380270E+03
  0.1950728520734982E+01 -0.3708574994704271E+00  0.1609862475337161E+03
  0.1942557936642046E+01 -0.3632572670534011E+00  0.1589215930769144E+03
  0.1934387352498403E+01 -0.3556327842338202E+00  0.1581835160456352E+03
  0.1926216768305583E+01 -0.3479845600084601E+00  0.1578172479867031E+03
  0.1918046184065086E+01 -0.3403131049590297E+00  0.1569832176043011E+03
  0.1909875599778379E+01 -0.3326189312180866E+00  0.1556111581322607E+03
  0.1901705015446901E+01 -0.3249025524348469E+00  0.1541327100322555E+03
  0.1893534431072063E+01 -0.3171644837408958E+00  0.1529193308586375E+03
  0.1885363846655247E+01 -0.3094052417157978E+00  0.1521333052447489E+03
  0.1877193262197810E+01 -0.3016253443526109E+00  0.1518924867654968E+03
  0.1869022677701083E+01 -0.2938253110233064E+00  0.1522672266593473E+03
  0.1860852093166375E+01 -0.2860056624440968E+00  0.1529368432114774E+03
  0.1852681508594969E+01 -0.2781669206406729E+00  0.1532824240051380E+03
  0.1844510923988128E+01 -0.2703096089133553E+00  0.1528158032494246E+03
  0.1836340339347093E+01 -0.2624342518021592E+00  0.1516594682780773E+03
  0.1828169754673083E+01 -0.2545413750517773E+00  0.1503845625525466E+03
  0.1819999169967299E+01 -0.2466315055764818E+00  0.1496797063539287E+03
  0.1811828585230925E+01 -0.2387051714249486E+00  0.1498889855153598E+03
  0.1803658000465123E+01 -0.2307629017450062E+00  0.1505429689551630E+03
  0.1795487415671042E+01 -0.2228052267483099E+00  0.1507010595602799E+03
  0.1787316830849811E+01 -0.2148326776749467E+00  0.1498847136765025E+03
  0.1779146246002545E+01 -0.2068457867579697E+00  0.1484319663119026E+03
  0.1770975661130345E+01 -0.1988450871878683E+00  0.1469509436201444E+03
  0.1762805076234296E+01 -0.1908311130769725E+00  0.1454291799613120E+03
  0.1754634491315471E+01 -0.1828043994237966E+00  0.1434216067663084E+03
  0.1746463906374929E+01 -0.1747654820773241E+00  0.1403481225565992E+03
  0.1738293321413718E+01 -0.1667148977012352E+00  0.1360075326551891E+03
  0.1730122736432872E+01 -0.1586531837380799E+00  0.1309836493510774E+03
  0.1721952151433418E+01 -0.1505808783733995E+00  0.1263065966802050E+03
  0.1713781566416370E+01 -0.1424985204997981E+00  0.1226795849428166E+03
  0.1705610981382731E+01 -0.1344066496809675E+00  0.1201333630630347E+03
  0.1697440396333499E+01 -0.1263058061156663E+00  0.1179611669585710E+03
  0.1689269811269659E+01 -0.1181965306016578E+00  0.1157742683896761E+03
  0.1681099226192191E+01 -0.1100793644996070E+00  0.1134935651773969E+03
  0.1672928641102067E+01 -0.1019548496969404E+00  0.1110368365373942E+03
  0.1664758056000250E+01 -0.9382352857167028E-01  0.1080218194801244E+03
  0.1656587470887701E+01 -0.8568594395618719E-01  0.1042264294076625E+03
  0.1648416885765370E+01 -0.7754263910102077E-01  0.9963538313303644E+02
  0.1640246300634206E+01 -0.6939415763857371E-01  0.9459027315570354E+02
  0.1632075715495151E+01 -0.6124104354682962E-01  0.8950982761729220E+02
  0.1623905130349143E+01 -0.5308384111303818E-01  0.8486974923867136E+02
  0.1615734545197117E+01 -0.4492309489737940E-01  0.8068206993329467E+02
  0.1607563960040004E+01 -0.3675934969660982E-01  0.7639925915273486E+02
  0.1599393374878733E+01 -0.2859315050769285E-01  0.7132927860049766E+02
  0.1591222789714229E+01 -0.2042504249141571E-01  0.6544844481260363E+02
  0.1583052204547419E+01 -0.1225557093599554E-01  0.5908823343376972E+02
  0.1574881619379224E+01 -0.4085281220676868E-02  0.5228705083109418E+02
  0.1566711034210569E+01  0.4085281220676868E-02  0.4494234602584128E+02
  0.1558540449042374E+01  0.1225557093599554E-01  0.3708915484559585E+02
  0.1550369863875564E+01  0.2042504249141571E-01  0.2871745174403953E+02
  0.1542199278711061E+01  0.2859315050769285E-01  0.1968578593044491E+02
  0.1534028693549790E+01  0.3675934969660982E-01  0.9854781664309906E+01
  0.1525858108392677E+01  0.4492309489737940E-01 -0.3533611809928925E+00
  0.1517687523240650E+01  0.5308384111303818E-01 -0.1008453145712070E+02
  0.1509516938094642E+01  0.6124104354682962E-01 -0.1870196386655411E+02
  0.1501346352955587E+01  0.6939415763857371E-01 -0.2651771523129980E+02
  0.1493175767824423E+01  0.7754263910102077E-01 -0.3431016411544292E+02
  0.1485005182702093E+01  0.8568594395618719E-01 -0.4265675046213784E+02
  0.1476834597589543E+01  0.9382352857167028E-01 -0.5138164778342477E+02
  0.1468664012487727E+01  0.1019548496969404E+00 -0.5975596936887032E+02
  0.1460493427397602E+01  0.1100793644996070E+00 -0.6736010035040225E+02
  0.1452322842320134E+01  0.1181965306016578E+00 -0.7476406960244968E+02
  0.1444152257256294E+01  0.1263058061156663E+00 -0.8287387541404360E+02
  0.1435981672207062E+01  0.1344066496809675E+00 -0.9207939983391807E+02
  0.1427811087173423E+01  0.1424985204997981E+00 -0.1019115249828330E+03
  0.1419640502156375E+01  0.1505808783733995E+00 -0.1116778502457461E+03
  0.1411469917156921E+01  0.1586531837380799E+00 -0.1208836543617626E+03
  0.1403299332176076E+01  0.1667148977012352E+00 -0.1295428401386447E+03
  0.1395128747214864E+01  0.1747654820773241E+00 -0.1379873404305681E+03
  0.1386958162274323E+01  0.1828043994237966E+00 -0.1466300044285916E+03
  0.1378787577355497E+01  0.1908311130769725E+00 -0.1553770442356212E+03
  0.1370616992459449E+01  0.1988450871878683E+00 -0.1635712543035069E+03
  0.1362446407587248E+01  0.2068457867579697E+00 -0.1705215913596642E+03
  0.1354275822739983E+01  0.2148326776749467E+00 -0.1762664523223667E+03
  0.1346105237918751E+01  0.2228052267483099E+00 -0.1813574548707932E+03
  0.1337934653124670E+01  0.2307629017450062E+00 -0.1865274323825510E+03
  0.1329764068358868E+01  0.2387051714249486E+00 -0.1922287554032777E+03
  0.1321593483622494E+01  0.2466315055764818E+00 -0.1988575952038729E+03
  0.1313422898916710E+01  0.2545413750517773E+00 -0.2064731525307268E+03
  0.1305252314242701E+01  0.2624342518021592E+00 -0.2148876435252765E+03
  0.1297081729601665E+01  0.2703096089133553E+00 -0.2238070675938652E+03
  0.1288911144994824E+01  0.2781669206406729E+00 -0.2330651384871069E+03
  0.1280740560423418E+01  0.2860056624440968E+00 -0.2422950261755545E+03
  0.1272569975888710E+01  0.2938253110233064E+00 -0.2511806439769512E+03
  0.1264399391391984E+01  0.3016253443526109E+00 -0.2593667984755826E+03
  0.1256228806934547E+01  0.3094052417157978E+00 -0.2667996418488460E+03
  0.1248058222517730E+01  0.3171644837408958E+00 -0.2734542890629064E+03
  0.1239887638142892E+01  0.3249025524348469E+00 -0.2795209605076013E+03
  0.1231717053811414E+01  0.3326189312180866E+00 -0.2852849755030457E+03
  0.1223546469524707E+01  0.3403131049590297E+00 -0.2910752790992137E+03
  0.1215375885284210E+01  0.3479845600084601E+00 -0.2966562993487214E+03
  0.1207205301091390E+01  0.3556327842338202E+00 -0.3014834572344136E+03
  0.1199034716947747E+01  0.3632572670534011E+00 -0.3050165420937511E+03
  0.1190864132854811E+01  0.3708574994704271E+00 -0.3070739351639169E+03
  0.1182693548814147E+01  0.3784329741070359E+00 -0.3078883687986067E+03
  0.1174522964827352E+01  0.3859831852381501E+00 -0.3081744080776165E+03
  0.1166352380896063E+01  0.3935076288252386E+00 -0.3085765992561981E+03
  0.1158181797021950E+01  0.4010058025499653E+00 -0.3094885768306422E+03
  0.1150011213206726E+01  0.4084772058477228E+00 -0.3106574171156136E+03
  0.1141840629452141E+01  0.4159213399410494E+00 -0.3116910589600023E+03
  0.1133670045759989E+01  0.4233377078729265E+00 -0.3123017766745068E+03
  0.1125499462132108E+01  0.4307258145399545E+00 -0.3125791734713771E+03
  0.1117328878570381E+01  0.4380851667254050E+00 -0.3125427867608936E+03
  0.1109158295076737E+01  0.4454152731321473E+00 -0.3122176886759006E+03
  0.1100987711653159E+01  0.4527156444154464E+00 -0.3116510655894065E+03
  0.1092817128301675E+01  0.4599857932156304E+00 -0.3111899461345416E+03
  0.1084646545024371E+01  0.4672252341906264E+00 -0.3110782547084291E+03
  0.1076475961823386E+01  0.4744334840483606E+00 -0.3112565827345795E+03
  0.1068305378700920E+01  0.4816100615790221E+00 -0.3109665144320875E+03
  0.1060134795659229E+01  0.4887544876871878E+00 -0.3095290238745538E+03
  0.1051964212700635E+01  0.4958662854238058E+00 -0.3067291883709736E+03
  0.1043793629827524E+01  0.5029449800180356E+00 -0.3032260591223290E+03
  0.1035623047042350E+01  0.5099900989089429E+00 -0.2997743142284406E+03
  0.1027452464347638E+01  0.5170011717770473E+00 -0.2969312677371446E+03
  0.1019281881745987E+01  0.5239777305757194E+00 -0.2948021226937272E+03
  0.1011111299240073E+01  0.5309193095624275E+00 -0.2936126298191307E+03
  0.1002940716832650E+01  0.5378254453298289E+00 -0.2931799003439899E+03
  0.9947701345265596E+00  0.5446956768367068E+00 -0.2931843260084127E+03
  0.9865995523247275E+00  0.5515295454387482E+00 -0.2931043608135082E+03
  0.9784289702301714E+00  0.5583265949191624E+00 -0.2925487062603119E+03
  0.9702583882460036E+00  0.5650863715191369E+00 -0.2913357115077628E+03
  0.9620878063754359E+00  0.5718084239681300E+00 -0.2896616075632753E+03
  0.9539172246217830E+00  0.5784923035139965E+00 -0.2877708245420697E+03
  0.9457466429884676E+00  0.5851375639529456E+00 -0.2860194881245126E+03
  0.9375760614790253E+00  0.5917437616593286E+00 -0.2841539022202523E+03
  0.9294054800971098E+00  0.5983104556152549E+00 -0.2819533881876005E+03
  0.9212348988464978E+00  0.6048372074400329E+00 -0.2793634823289482E+03
  0.9130643177310944E+00  0.6113235814194364E+00 -0.2766248588506274E+03
  0.9048937367549402E+00  0.6177691445347914E+00 -0.2738435439499041E+03
  0.8967231559222163E+00  0.6241734664918837E+00 -0.2710961543594880E+03
  0.8885525752372514E+00  0.6305361197496849E+00 -0.2684699311306600E+03
  0.8803819947045285E+00  0.6368566795488945E+00 -0.2659865747326796E+03
  0.8722114143286931E+00  0.6431347239402948E+00 -0.2631869124659838E+03
  0.8640408341145595E+00  0.6493698338129212E+00 -0.2597689561772374E+03
  0.8558702540671204E+00  0.6555615929220400E+00 -0.2557914900335320E+03
  0.8476996741915547E+00  0.6617095879169366E+00 -0.2518352649014177E+03
  0.8395290944932369E+00  0.6678134083685102E+00 -0.2481299383856180E+03
  0.8313585149777468E+00  0.6738726467966731E+00 -0.2447654819587962E+03
  0.8231879356508802E+00  0.6798868986975534E+00 -0.2415062134038262E+03
  0.8150173565186587E+00  0.6858557625704990E+00 -0.2380670945796028E+03
  0.8068467775873427E+00  0.6917788399448808E+00 -0.2338824402319222E+03
  0.7986761988634423E+00  0.6976557354066943E+00 -0.2287175494830565E+03
  0.7905056203537315E+00  0.7034860566249567E+00 -0.2226501261756854E+03
  0.7823350420652612E+00  0.7092694143778975E+00 -0.2157978395907988E+03
  0.7741644640053743E+00  0.7150054225789432E+00 -0.2079098631227149E+03
  0.7659938861817212E+00  0.7206936983024912E+00 -0.1989397294368335E+03
  0.7578233086022768E+00  0.7263338618094733E+00 -0.1889494718969760E+03
  0.7496527312753575E+00  0.7319255365727068E+00 -0.1783325750812728E+03
  0.7414821542096410E+00  0.7374683493020299E+00 -0.1673442574161468E+03
  0.7333115774141861E+00  0.7429619299692227E+00 -0.1564911515816851E+03
  0.7251410008984539E+00  0.7484059118327094E+00 -0.1458518025423352E+03
  0.7169704246723316E+00  0.7537999314620412E+00 -0.1355087803180735E+03
  0.7087998487461566E+00  0.7591436287621580E+00 -0.1255630927473917E+03
  0.7006292731307425E+00  0.7644366469974285E+00 -0.1165470518404320E+03
  0.6924586978374083E+00  0.7696786328154644E+00 -0.1084999981622869E+03
  0.6842881228780077E+00  0.7748692362707100E+00 -0.1009720137824754E+03
  0.6761175482649616E+00  0.7800081108478040E+00 -0.9308305347508316E+02
  0.6679469740112938E+00  0.7850949134847117E+00 -0.8421172858053131E+02
  0.6597764001306670E+00  0.7901293045956280E+00 -0.7404651196011525E+02
  0.6516058266374236E+00  0.7951109480936471E+00 -0.6287862142672101E+02
  0.6434352535466297E+00  0.8000395114131988E+00 -0.5113138860825303E+02
  0.6352646808741202E+00  0.8049146655322506E+00 -0.3902023175807641E+02
  0.6270941086365502E+00  0.8097360849942720E+00 -0.2582845725344762E+02
  0.6189235368514482E+00  0.8145034479299620E+00 -0.1113345040304543E+02
  0.6107529655372755E+00  0.8192164360787360E+00  0.4717875568512209E+01
  0.6025823947134890E+00  0.8238747348099726E+00  0.2066218873603040E+02
  0.5944118244006098E+00  0.8284780331440178E+00  0.3643932037730170E+02
  0.5862412546202973E+00  0.8330260237729452E+00  0.5226718561596607E+02
  0.5780706853954301E+00  0.8375184030810715E+00  0.6837915126963507E+02
  0.5699001167501928E+00  0.8419548711652254E+00  0.8440134405421362E+02
  0.5617295487101719E+00  0.8463351318547683E+00  0.1002369558023681E+03
  0.5535589813024583E+00  0.8506588927313666E+00  0.1155558909562875E+03
  0.5453884145557613E+00  0.8549258651485127E+00  0.1298779196051594E+03
  0.5372178485005299E+00  0.8591357642507945E+00  0.1426393219952361E+03
  0.5290472831690897E+00  0.8632883089929120E+00  0.1542774355286150E+03
  0.5208767185957875E+00  0.8673832221584393E+00  0.1656751810512314E+03
  0.5127061548171545E+00  0.8714202303783312E+00  0.1779463915286655E+03
  0.5045355918720822E+00  0.8753990641491725E+00  0.1914469736009775E+03
  0.4963650298020162E+00  0.8793194578511700E+00  0.2063855202844476E+03
  0.4881944686511717E+00  0.8831811497658847E+00  0.2219256867604897E+03
  0.4800239084667671E+00  0.8869838820937034E+00  0.2369441621881403E+03
  0.4718533492992859E+00  0.8907274009710492E+00  0.2509061750339534E+03
  0.4636827912027636E+00  0.8944114564873288E+00  0.2647993171333172E+03
  0.4555122342351060E+00  0.8980358027016164E+00  0.2794668386730403E+03
  0.4473416784584431E+00  0.9016001976590722E+00  0.2948991120544749E+03
  0.4391711239395221E+00  0.9051044034070944E+00  0.3102977727979356E+03
  0.4310005707501444E+00  0.9085481860112055E+00  0.3253485976876276E+03
  0.4228300189676551E+00  0.9119313155706682E+00  0.3393621876228270E+03
  0.4146594686754885E+00  0.9152535662338340E+00  0.3517003327912730E+03
  0.4064889199637791E+00  0.9185147162132208E+00  0.3620016047893534E+03
  0.3983183729300507E+00  0.9217145478003181E+00  0.3714744287617081E+03
  0.3901478276799883E+00  0.9248528473801222E+00  0.3812597125264937E+03
  0.3819772843283120E+00  0.9279294054453956E+00  0.3921786565079660E+03
  0.3738067429997641E+00  0.9309440166106540E+00  0.4042547813782905E+03
  0.3656362038302282E+00  0.9338964796258775E+00  0.4179208050645252E+03
  0.3574656669680030E+00  0.9367865973899459E+00  0.4330877458149059E+03
  0.3492951325752533E+00  0.9396141769637963E+00  0.4499607446025944E+03
  0.3411246008296713E+00  0.9423790295833044E+00  0.4686273985095642E+03
  0.3329540719263814E+00  0.9450809706718851E+00  0.4893129599904944E+03
  0.3247835460801308E+00  0.9477198198528157E+00  0.5112369383432135E+03
  0.3166130235278230E+00  0.9502954009612771E+00  0.5339640236660550E+03
  0.3084425045314506E+00  0.9528075420561144E+00  0.5571560626938385E+03
  0.3002719893815085E+00  0.9552560754313160E+00  0.5806551747335266E+03
  0.2921014784009779E+00  0.9576408376272095E+00  0.6036657453587645E+03
  0.2839309719500016E+00  0.9599616694413742E+00  0.6266550034916613E+03
  0.2757604704313845E+00  0.9622184159392698E+00  0.6509084426814514E+03
  0.2675899742971076E+00  0.9644109264645802E+00  0.6775616332481151E+03
  0.2594194840560681E+00  0.9665390546492710E+00  0.7059323304826347E+03
  0.2512490002833307E+00  0.9686026584233628E+00  0.7361120957404585E+03
  0.2430785236312446E+00  0.9706016000244151E+00  0.7684146830309514E+03
  0.2349080548428762E+00  0.9725357460067257E+00  0.8030899465417849E+03
  0.2267375947683499E+00  0.9744049672502397E+00  0.8385201197131814E+03
  0.2185671443848464E+00  0.9762091389691724E+00  0.8740642709129819E+03
  0.2103967048212628E+00  0.9779481407203411E+00  0.9094503958756776E+03
  0.2022262773888417E+00  0.9796218564112101E+00  0.9447113741714880E+03
  0.1940558636195398E+00  0.9812301743076443E+00  0.9788722112687479E+03
  0.1858854653144977E+00  0.9827729870413743E+00  0.1012899457825360E+04
  0.1777150846058812E+00  0.9842501916171713E+00  0.1047970990904583E+04
  0.1695447240365762E+00  0.9856616894197333E+00  0.1085328652690651E+04
  0.1613743866640789E+00  0.9870073862202815E+00  0.1124764561415079E+04
  0.1532040761975885E+00  0.9882871921828699E+00  0.1167588475654543E+04
  0.1450337971813853E+00  0.9895010218704087E+00  0.1213456487554981E+04
  0.1368635552438019E+00  0.9906487942504061E+00  0.1261044032866374E+04
  0.1286933574408989E+00  0.9917304327004320E+00  0.1308535262718907E+04
  0.1205232127396896E+00  0.9927458650133153E+00  0.1358158068711265E+04
  0.1123531327118049E+00  0.9936950234020883E+00  0.1410177521042047E+04
  0.1041831325528455E+00  0.9945778445047068E+00  0.1463767816824445E+04
  0.9601323262085862E-01  0.9953942693885953E+00  0.1518952286740611E+04
  0.8784346083082471E-01  0.9961442435551087E+00  0.1581096098738063E+04
  0.7967385651719167E-01  0.9968277169440913E+00  0.1651886752516914E+04
  0.7150447693306423E-01  0.9974446439389107E+00  0.1731573068907673E+04
  0.6333540875299180E-01  0.9979949833727938E+00  0.1822891760151500E+04
  0.5516678972815772E-01  0.9984786985384589E+00  0.1935805845550032E+04
  0.4699885272846815E-01  0.9988957572063257E+00  0.2076087118586448E+04
  0.3883202470742381E-01  0.9992461316671845E+00  0.2260071624481853E+04
  0.3066718105470672E-01  0.9995297988558859E+00  0.2529528134041261E+04
  0.2250643816359393E-01  0.9997467408113523E+00  0.2929940075113926E+04
  0.1435650599352885E-01  0.9998969471378596E+00  0.3411612937096701E+04
  0.6254421014113626E-02  0.9999804411726474E+00  0.3799395435677631E+04
