# nlmax, ncor, nside =         383           1         128
  0.3135338232575680E+01 -0.9999804411726474E+00 -0.2507211695285107E+03
  0.3127236147596264E+01 -0.9998969471378596E+00 -0.2461601631572664E+03
  0.3119086215426199E+01 -0.9997467408113523E+00 -0.2386115102738653E+03
  0.3110925472535087E+01 -0.9995297988558859E+00 -0.2293657645217035E+03
  0.3102760628882369E+01 -0.9992461316671845E+00 -0.2191776345485711E+03
  0.3094593800861325E+01 -0.9988957572063257E+00 -0.2079692461541577E+03
  0.3086425863861635E+01 -0.9984786985384589E+00 -0.1950986341152779E+03
  0.3078257244836801E+01 -0.9979949833727938E+00 -0.1812002472187009E+03
  0.3070088176656729E+01 -0.9974446439389107E+00 -0.1677535597735452E+03
  0.3061918797072602E+01 -0.9968277169440913E+00 -0.1555961025189394E+03
  0.3053749192758969E+01 -0.9961442435551087E+00 -0.1442289092600431E+03
  0.3045579420968934E+01 -0.9953942693885953E+00 -0.1327346491888495E+03
  0.3037409521036948E+01 -0.9945778445047068E+00 -0.1206006678712792E+03
  0.3029239520877988E+01 -0.9936950234020883E+00 -0.1081192362880181E+03
  0.3021069440850104E+01 -0.9927458650133153E+00 -0.9610106309529407E+02
  0.3012899296148894E+01 -0.9917304327004320E+00 -0.8513440803008396E+02
  0.3004729098345992E+01 -0.9906487942504061E+00 -0.7525404459033894E+02
  0.2996558856408408E+01 -0.9895010218704087E+00 -0.6567674919501640E+02
  0.2988388577392205E+01 -0.9882871921828699E+00 -0.5564663827497733E+02
  0.2980218266925714E+01 -0.9870073862202815E+00 -0.4469882107829243E+02
  0.2972047929553217E+01 -0.9856616894197333E+00 -0.3293618369106036E+02
  0.2963877568983912E+01 -0.9842501916171713E+00 -0.2109398371213794E+02
  0.2955707188275296E+01 -0.9827729870413743E+00 -0.1016771271664172E+02
  0.2947536789970254E+01 -0.9812301743076443E+00 -0.8791929989911283E+00
  0.2939366376200951E+01 -0.9796218564112101E+00  0.6618505987472249E+01
  0.2931195948768531E+01 -0.9779481407203411E+00  0.1290685346139163E+02
  0.2923025509204947E+01 -0.9762091389691724E+00  0.1823146965511586E+02
  0.2914855058821443E+01 -0.9744049672502397E+00  0.2248759851224673E+02
  0.2906684598746917E+01 -0.9725357460067257E+00  0.2593791032053472E+02
  0.2898514129958549E+01 -0.9706016000244151E+00  0.2895447927152898E+02
  0.2890343653306462E+01 -0.9686026584233628E+00  0.3157572135782108E+02
  0.2882173169533725E+01 -0.9665390546492710E+00  0.3347795541359843E+02
  0.2874002679292686E+01 -0.9644109264645802E+00  0.3488986850069430E+02
  0.2865832183158409E+01 -0.9622184159392698E+00  0.3678075745601508E+02
  0.2857661681639792E+01 -0.9599616694413742E+00  0.4009390206055714E+02
  0.2849491175188815E+01 -0.9576408376272095E+00  0.4500351708660515E+02
  0.2841320664208285E+01 -0.9552560754313160E+00  0.5109392677951189E+02
  0.2833150149058343E+01 -0.9528075420561144E+00  0.5798888175580915E+02
  0.2824979630061970E+01 -0.9502954009612771E+00  0.6527533424031516E+02
  0.2816809107509663E+01 -0.9477198198528157E+00  0.7264333874384411E+02
  0.2808638581663412E+01 -0.9450809706718851E+00  0.7966961116217720E+02
  0.2800468052760122E+01 -0.9423790295833044E+00  0.8590019759402099E+02
  0.2792297521014540E+01 -0.9396141769637963E+00  0.9085275117688701E+02
  0.2784126986621790E+01 -0.9367865973899459E+00  0.9446074371953569E+02
  0.2775956449759565E+01 -0.9338964796258775E+00  0.9783471389439038E+02
  0.2767785910590029E+01 -0.9309440166106540E+00  0.1025157891783259E+03
  0.2759615369261481E+01 -0.9279294054453956E+00  0.1090168365359478E+03
  0.2751444825909805E+01 -0.9248528473801222E+00  0.1162181209705966E+03
  0.2743274280659743E+01 -0.9217145478003181E+00  0.1225903864442667E+03
  0.2735103733626014E+01 -0.9185147162132208E+00  0.1273097265755251E+03
  0.2726933184914305E+01 -0.9152535662338340E+00  0.1306491900353788E+03
  0.2718762634622138E+01 -0.9119313155706682E+00  0.1331557199603051E+03
  0.2710592082839649E+01 -0.9085481860112055E+00  0.1350607726332989E+03
  0.2702421529650271E+01 -0.9051044034070944E+00  0.1365969428662819E+03
  0.2694250975131350E+01 -0.9016001976590722E+00  0.1380287535843336E+03
  0.2686080419354687E+01 -0.8980358027016164E+00  0.1396992128044107E+03
  0.2677909862387029E+01 -0.8944114564873288E+00  0.1415108206632090E+03
  0.2669739304290507E+01 -0.8907274009710492E+00  0.1428967881388885E+03
  0.2661568745123026E+01 -0.8869838820937034E+00  0.1433055252816589E+03
  0.2653398184938621E+01 -0.8831811497658847E+00  0.1425289312090226E+03
  0.2645227623787777E+01 -0.8793194578511700E+00  0.1409404817660314E+03
  0.2637057061717711E+01 -0.8753990641491725E+00  0.1391167677908435E+03
  0.2628886498772639E+01 -0.8714202303783312E+00  0.1374588858822208E+03
  0.2620715934994006E+01 -0.8673832221584393E+00  0.1363348434304681E+03
  0.2612545370420704E+01 -0.8632883089929120E+00  0.1360166958459594E+03
  0.2604374805089263E+01 -0.8591357642507945E+00  0.1365103631060291E+03
  0.2596204239034032E+01 -0.8549258651485127E+00  0.1373214013859297E+03
  0.2588033672287335E+01 -0.8506588927313666E+00  0.1377327114349764E+03
  0.2579863104879621E+01 -0.8463351318547683E+00  0.1373814225369639E+03
  0.2571692536839600E+01 -0.8419548711652254E+00  0.1366224484261639E+03
  0.2563521968194363E+01 -0.8375184030810715E+00  0.1362978430121455E+03
  0.2555351398969496E+01 -0.8330260237729452E+00  0.1371602187511897E+03
  0.2547180829189184E+01 -0.8284780331440178E+00  0.1392996253171019E+03
  0.2539010258876304E+01 -0.8238747348099726E+00  0.1424158168845408E+03
  0.2530839688052518E+01 -0.8192164360787360E+00  0.1462619878677358E+03
  0.2522669116738345E+01 -0.8145034479299620E+00  0.1503517533133642E+03
  0.2514498544953243E+01 -0.8097360849942720E+00  0.1540707914991585E+03
  0.2506327972715673E+01 -0.8049146655322506E+00  0.1571262754141471E+03
  0.2498157400043163E+01 -0.8000395114131988E+00  0.1594959722473131E+03
  0.2489986826952370E+01 -0.7951109480936471E+00  0.1613010977737760E+03
  0.2481816253459126E+01 -0.7901293045956280E+00  0.1623468269733231E+03
  0.2473645679578500E+01 -0.7850949134847117E+00  0.1624936979499094E+03
  0.2465475105324832E+01 -0.7800081108478040E+00  0.1620609588484771E+03
  0.2457304530711785E+01 -0.7748692362707100E+00  0.1615531779880383E+03
  0.2449133955752385E+01 -0.7696786328154644E+00  0.1611115964573991E+03
  0.2440963380459050E+01 -0.7644366469974285E+00  0.1605239384472148E+03
  0.2432792804843637E+01 -0.7591436287621580E+00  0.1593546092079500E+03
  0.2424622228917462E+01 -0.7537999314620412E+00  0.1575155150321499E+03
  0.2416451652691339E+01 -0.7484059118327094E+00  0.1553823850182156E+03
  0.2408281076175607E+01 -0.7429619299692227E+00  0.1535925162169291E+03
  0.2400110499380152E+01 -0.7374683493020299E+00  0.1525469799229895E+03
  0.2391939922314436E+01 -0.7319255365727068E+00  0.1522581133204679E+03
  0.2383769344987516E+01 -0.7263338618094733E+00  0.1522372936084866E+03
  0.2375598767408072E+01 -0.7206936983024912E+00  0.1519621423806647E+03
  0.2367428189584419E+01 -0.7150054225789432E+00  0.1512942957521990E+03
  0.2359257611524532E+01 -0.7092694143778975E+00  0.1505201745307085E+03
  0.2351087033236062E+01 -0.7034860566249567E+00  0.1501043834689939E+03
  0.2342916454726351E+01 -0.6976557354066943E+00  0.1505561263050600E+03
  0.2334745876002450E+01 -0.6917788399448808E+00  0.1519733636007411E+03
  0.2326575297071134E+01 -0.6858557625704990E+00  0.1539110271385978E+03
  0.2318404717938913E+01 -0.6798868986975534E+00  0.1555573408797857E+03
  0.2310234138612046E+01 -0.6738726467966731E+00  0.1561563919280815E+03
  0.2302063559096557E+01 -0.6678134083685102E+00  0.1555771066509622E+03
  0.2293892979398239E+01 -0.6617095879169366E+00  0.1544339094823480E+03
  0.2285722399522673E+01 -0.6555615929220400E+00  0.1535370012587836E+03
  0.2277551819475234E+01 -0.6493698338129212E+00  0.1531155935771699E+03
  0.2269381239261100E+01 -0.6431347239402948E+00  0.1526347086803545E+03
  0.2261210658885265E+01 -0.6368566795488945E+00  0.1514530353531025E+03
  0.2253040078352542E+01 -0.6305361197496849E+00  0.1493538775922270E+03
  0.2244869497667577E+01 -0.6241734664918837E+00  0.1465764618443500E+03
  0.2236698916834853E+01 -0.6177691445347914E+00  0.1431148776270921E+03
  0.2228528335858699E+01 -0.6113235814194364E+00  0.1389624218553220E+03
  0.2220357754743295E+01 -0.6048372074400329E+00  0.1344248775007127E+03
  0.2212187173492683E+01 -0.5983104556152549E+00  0.1299510862847894E+03
  0.2204016592110768E+01 -0.5917437616593286E+00  0.1255341661071666E+03
  0.2195846010601326E+01 -0.5851375639529456E+00  0.1208233324647319E+03
  0.2187675428968010E+01 -0.5784923035139965E+00  0.1156367195895377E+03
  0.2179504847214357E+01 -0.5718084239681300E+00  0.1100357299356108E+03
  0.2171334265343789E+01 -0.5650863715191369E+00  0.1040599589413620E+03
  0.2163163683359622E+01 -0.5583265949191624E+00  0.9790056150808799E+02
  0.2154993101265066E+01 -0.5515295454387482E+00  0.9216337859300545E+02
  0.2146822519063234E+01 -0.5446956768367068E+00  0.8749118397668791E+02
  0.2138651936757143E+01 -0.5378254453298289E+00  0.8384029490080836E+02
  0.2130481354349721E+01 -0.5309193095624275E+00  0.8036506919711294E+02
  0.2122310771843806E+01 -0.5239777305757194E+00  0.7608548987081227E+02
  0.2114140189242155E+01 -0.5170011717770473E+00  0.7072432088133418E+02
  0.2105969606547443E+01 -0.5099900989089429E+00  0.6456205522117033E+02
  0.2097799023762269E+01 -0.5029449800180356E+00  0.5821772695814406E+02
  0.2089628440889158E+01 -0.4958662854238058E+00  0.5197414413704833E+02
  0.2081457857930564E+01 -0.4887544876871878E+00  0.4562414560713934E+02
  0.2073287274888874E+01 -0.4816100615790221E+00  0.3885497325390480E+02
  0.2065116691766407E+01 -0.4744334840483606E+00  0.3182826948804875E+02
  0.2056946108565423E+01 -0.4672252341906264E+00  0.2512899740172277E+02
  0.2048775525288118E+01 -0.4599857932156304E+00  0.1937405989792678E+02
  0.2040604941936635E+01 -0.4527156444154464E+00  0.1456539324965862E+02
  0.2032434358513056E+01 -0.4454152731321473E+00  0.1015177463646754E+02
  0.2024263775019413E+01 -0.4380851667254050E+00  0.5571417354883001E+01
  0.2016093191457685E+01 -0.4307258145399545E+00  0.7606522769394685E+00
  0.2007922607829804E+01 -0.4233377078729265E+00 -0.4170568625866022E+01
  0.1999752024137653E+01 -0.4159213399410494E+00 -0.8950130249060100E+01
  0.1991581440383068E+01 -0.4084772058477228E+00 -0.1330091598323141E+02
  0.1983410856567843E+01 -0.4010058025499653E+00 -0.1702877391162820E+02
  0.1975240272693730E+01 -0.3935076288252386E+00 -0.2026967154318361E+02
  0.1967069688762441E+01 -0.3859831852381501E+00 -0.2313709660228363E+02
  0.1958899104775647E+01 -0.3784329741070359E+00 -0.2590632390364118E+02
  0.1950728520734982E+01 -0.3708574994704271E+00 -0.2880508040003958E+02
  0.1942557936642046E+01 -0.3632572670534011E+00 -0.3207286067826732E+02
  0.1934387352498403E+01 -0.3556327842338202E+00 -0.3562640972460274E+02
  0.1926216768305583E+01 -0.3479845600084601E+00 -0.3931720952556525E+02
  0.1918046184065086E+01 -0.3403131049590297E+00 -0.4302772896831787E+02
  0.1909875599778379E+01 -0.3326189312180866E+00 -0.4668519968506310E+02
  0.1901705015446901E+01 -0.3249025524348469E+00 -0.5001387132978372E+02
  0.1893534431072063E+01 -0.3171644837408958E+00 -0.5282504379861370E+02
  0.1885363846655247E+01 -0.3094052417157978E+00 -0.5525438577286972E+02
  0.1877193262197810E+01 -0.3016253443526109E+00 -0.5766077095565664E+02
  0.1869022677701083E+01 -0.2938253110233064E+00 -0.6041285553610671E+02
  0.1860852093166375E+01 -0.2860056624440968E+00 -0.6369973393303753E+02
  0.1852681508594969E+01 -0.2781669206406729E+00 -0.6754397911329750E+02
  0.1844510923988128E+01 -0.2703096089133553E+00 -0.7166475972543616E+02
  0.1836340339347093E+01 -0.2624342518021592E+00 -0.7546592239415790E+02
  0.1828169754673083E+01 -0.2545413750517773E+00 -0.7855697924631167E+02
  0.1819999169967299E+01 -0.2466315055764818E+00 -0.8090700197742272E+02
  0.1811828585230925E+01 -0.2387051714249486E+00 -0.8279834052761373E+02
  0.1803658000465123E+01 -0.2307629017450062E+00 -0.8440799775031401E+02
  0.1795487415671042E+01 -0.2228052267483099E+00 -0.8599399932059619E+02
  0.1787316830849811E+01 -0.2148326776749467E+00 -0.8790467414621050E+02
  0.1779146246002545E+01 -0.2068457867579697E+00 -0.9068631032440088E+02
  0.1770975661130345E+01 -0.1988450871878683E+00 -0.9466403842974928E+02
  0.1762805076234296E+01 -0.1908311130769725E+00 -0.9989627695834369E+02
  0.1754634491315471E+01 -0.1828043994237966E+00 -0.1059247862251054E+03
  0.1746463906374929E+01 -0.1747654820773241E+00 -0.1118689485294711E+03
  0.1738293321413718E+01 -0.1667148977012352E+00 -0.1169385586479241E+03
  0.1730122736432872E+01 -0.1586531837380799E+00 -0.1210013629602823E+03
  0.1721952151433418E+01 -0.1505808783733995E+00 -0.1245023669122437E+03
  0.1713781566416370E+01 -0.1424985204997981E+00 -0.1281085255423130E+03
  0.1705610981382731E+01 -0.1344066496809675E+00 -0.1323259089385928E+03
  0.1697440396333499E+01 -0.1263058061156663E+00 -0.1373691841335704E+03
  0.1689269811269659E+01 -0.1181965306016578E+00 -0.1428617897987929E+03
  0.1681099226192191E+01 -0.1100793644996070E+00 -0.1482392446702308E+03
  0.1672928641102067E+01 -0.1019548496969404E+00 -0.1531439821603217E+03
  0.1664758056000250E+01 -0.9382352857167028E-01 -0.1575949161211234E+03
  0.1656587470887701E+01 -0.8568594395618719E-01 -0.1615442314193064E+03
  0.1648416885765370E+01 -0.7754263910102077E-01 -0.1648685248212935E+03
  0.1640246300634206E+01 -0.6939415763857371E-01 -0.1672424483542820E+03
  0.1632075715495151E+01 -0.6124104354682962E-01 -0.1685346773649365E+03
  0.1623905130349143E+01 -0.5308384111303818E-01 -0.1689054646375690E+03
  0.1615734545197117E+01 -0.4492309489737940E-01 -0.1688332031606353E+03
  0.1607563960040004E+01 -0.3675934969660982E-01 -0.1687525735061958E+03
  0.1599393374878733E+01 -0.2859315050769285E-01 -0.1689457628312081E+03
  0.1591222789714229E+01 -0.2042504249141571E-01 -0.1693163720735170E+03
  0.1583052204547419E+01 -0.1225557093599554E-01 -0.1699232846645716E+03
  0.1574881619379224E+01 -0.4085281220676868E-02 -0.1708930833015645E+03
  0.1566711034210569E+01  0.4085281220676868E-02 -0.1724189384596797E+03
  0.1558540449042374E+01  0.1225557093599554E-01 -0.1741599456446640E+03
  0.1550369863875564E+01  0.2042504249141571E-01 -0.1754033257801549E+03
  0.1542199278711061E+01  0.2859315050769285E-01 -0.1754594621056739E+03
  0.1534028693549790E+01  0.3675934969660982E-01 -0.1745759606208639E+03
  0.1525858108392677E+01  0.4492309489737940E-01 -0.1736762555547951E+03
  0.1517687523240650E+01  0.5308384111303818E-01 -0.1734523915797245E+03
  0.1509516938094642E+01  0.6124104354682962E-01 -0.1738305470840091E+03
  0.1501346352955587E+01  0.6939415763857371E-01 -0.1741928822574233E+03
  0.1493175767824423E+01  0.7754263910102077E-01 -0.1737967542226816E+03
  0.1485005182702093E+01  0.8568594395618719E-01 -0.1723873820835023E+03
  0.1476834597589543E+01  0.9382352857167028E-01 -0.1699358468215952E+03
  0.1468664012487727E+01  0.1019548496969404E+00 -0.1667632354608970E+03
  0.1460493427397602E+01  0.1100793644996070E+00 -0.1634664492240674E+03
  0.1452322842320134E+01  0.1181965306016578E+00 -0.1610412249175448E+03
  0.1444152257256294E+01  0.1263058061156663E+00 -0.1601809200745168E+03
  0.1435981672207062E+01  0.1344066496809675E+00 -0.1607946866592339E+03
  0.1427811087173423E+01  0.1424985204997981E+00 -0.1621152633469174E+03
  0.1419640502156375E+01  0.1505808783733995E+00 -0.1636237018104459E+03
  0.1411469917156921E+01  0.1586531837380799E+00 -0.1649792897828089E+03
  0.1403299332176076E+01  0.1667148977012352E+00 -0.1660794644260036E+03
  0.1395128747214864E+01  0.1747654820773241E+00 -0.1668167117813951E+03
  0.1386958162274323E+01  0.1828043994237966E+00 -0.1674765012487671E+03
  0.1378787577355497E+01  0.1908311130769725E+00 -0.1682871044243461E+03
  0.1370616992459449E+01  0.1988450871878683E+00 -0.1693200826818380E+03
  0.1362446407587248E+01  0.2068457867579697E+00 -0.1705238206003313E+03
  0.1354275822739983E+01  0.2148326776749467E+00 -0.1722449754718530E+03
  0.1346105237918751E+01  0.2228052267483099E+00 -0.1745387090495385E+03
  0.1337934653124670E+01  0.2307629017450062E+00 -0.1771265745889032E+03
  0.1329764068358868E+01  0.2387051714249486E+00 -0.1793926478015525E+03
  0.1321593483622494E+01  0.2466315055764818E+00 -0.1809135476122908E+03
  0.1313422898916710E+01  0.2545413750517773E+00 -0.1815174656973052E+03
  0.1305252314242701E+01  0.2624342518021592E+00 -0.1813908825601733E+03
  0.1297081729601665E+01  0.2703096089133553E+00 -0.1809412761976441E+03
  0.1288911144994824E+01  0.2781669206406729E+00 -0.1807002120431625E+03
  0.1280740560423418E+01  0.2860056624440968E+00 -0.1806828820532172E+03
  0.1272569975888710E+01  0.2938253110233064E+00 -0.1803216109698778E+03
  0.1264399391391984E+01  0.3016253443526109E+00 -0.1788710071588546E+03
  0.1256228806934547E+01  0.3094052417157978E+00 -0.1763822310570704E+03
  0.1248058222517730E+01  0.3171644837408958E+00 -0.1735691819204017E+03
  0.1239887638142892E+01  0.3249025524348469E+00 -0.1712850112653247E+03
  0.1231717053811414E+01  0.3326189312180866E+00 -0.1700260849032477E+03
  0.1223546469524707E+01  0.3403131049590297E+00 -0.1698634940417258E+03
  0.1215375885284210E+01  0.3479845600084601E+00 -0.1703295542155737E+03
  0.1207205301091390E+01  0.3556327842338202E+00 -0.1708893418714908E+03
  0.1199034716947747E+01  0.3632572670534011E+00 -0.1710182035657427E+03
  0.1190864132854811E+01  0.3708574994704271E+00 -0.1704647181967356E+03
  0.1182693548814147E+01  0.3784329741070359E+00 -0.1691102981983687E+03
  0.1174522964827352E+01  0.3859831852381501E+00 -0.1671744112729640E+03
  0.1166352380896063E+01  0.3935076288252386E+00 -0.1650191771469075E+03
  0.1158181797021950E+01  0.4010058025499653E+00 -0.1632109151572506E+03
  0.1150011213206726E+01  0.4084772058477228E+00 -0.1620623458990196E+03
  0.1141840629452141E+01  0.4159213399410494E+00 -0.1616992319243248E+03
  0.1133670045759989E+01  0.4233377078729265E+00 -0.1617349017060679E+03
  0.1125499462132108E+01  0.4307258145399545E+00 -0.1616638547057724E+03
  0.1117328878570381E+01  0.4380851667254050E+00 -0.1609719468325434E+03
  0.1109158295076737E+01  0.4454152731321473E+00 -0.1594724303107669E+03
  0.1100987711653159E+01  0.4527156444154464E+00 -0.1571432853760693E+03
  0.1092817128301675E+01  0.4599857932156304E+00 -0.1543603377129402E+03
  0.1084646545024371E+01  0.4672252341906264E+00 -0.1516074127361944E+03
  0.1076475961823386E+01  0.4744334840483606E+00 -0.1494788521695603E+03
  0.1068305378700920E+01  0.4816100615790221E+00 -0.1478276179764349E+03
  0.1060134795659229E+01  0.4887544876871878E+00 -0.1460308022161281E+03
  0.1051964212700635E+01  0.4958662854238058E+00 -0.1438116805295925E+03
  0.1043793629827524E+01  0.5029449800180356E+00 -0.1417559072078785E+03
  0.1035623047042350E+01  0.5099900989089429E+00 -0.1403864979517082E+03
  0.1027452464347638E+01  0.5170011717770473E+00 -0.1395924679089281E+03
  0.1019281881745987E+01  0.5239777305757194E+00 -0.1389396057491209E+03
  0.1011111299240073E+01  0.5309193095624275E+00 -0.1385710017836273E+03
  0.1002940716832650E+01  0.5378254453298289E+00 -0.1387282336588372E+03
  0.9947701345265596E+00  0.5446956768367068E+00 -0.1395431933805656E+03
  0.9865995523247275E+00  0.5515295454387482E+00 -0.1407232749772147E+03
  0.9784289702301714E+00  0.5583265949191624E+00 -0.1420909409506889E+03
  0.9702583882460036E+00  0.5650863715191369E+00 -0.1434277622260561E+03
  0.9620878063754359E+00  0.5718084239681300E+00 -0.1445588120273056E+03
  0.9539172246217830E+00  0.5784923035139965E+00 -0.1453357802899074E+03
  0.9457466429884676E+00  0.5851375639529456E+00 -0.1459411980735786E+03
  0.9375760614790253E+00  0.5917437616593286E+00 -0.1463830129951907E+03
  0.9294054800971098E+00  0.5983104556152549E+00 -0.1467330968862623E+03
  0.9212348988464978E+00  0.6048372074400329E+00 -0.1468979972230853E+03
  0.9130643177310944E+00  0.6113235814194364E+00 -0.1469897710996529E+03
  0.9048937367549402E+00  0.6177691445347914E+00 -0.1472067708852663E+03
  0.8967231559222163E+00  0.6241734664918837E+00 -0.1480661083355723E+03
  0.8885525752372514E+00  0.6305361197496849E+00 -0.1498324195856868E+03
  0.8803819947045285E+00  0.6368566795488945E+00 -0.1522713525979591E+03
  0.8722114143286931E+00  0.6431347239402948E+00 -0.1542034122340010E+03
  0.8640408341145595E+00  0.6493698338129212E+00 -0.1544787153681237E+03
  0.8558702540671204E+00  0.6555615929220400E+00 -0.1526090885456941E+03
  0.8476996741915547E+00  0.6617095879169366E+00 -0.1491622376830829E+03
  0.8395290944932369E+00  0.6678134083685102E+00 -0.1449413444561221E+03
  0.8313585149777468E+00  0.6738726467966731E+00 -0.1409579689551745E+03
  0.8231879356508802E+00  0.6798868986975534E+00 -0.1376041956208954E+03
  0.8150173565186587E+00  0.6858557625704990E+00 -0.1348649995574599E+03
  0.8068467775873427E+00  0.6917788399448808E+00 -0.1321061973690924E+03
  0.7986761988634423E+00  0.6976557354066943E+00 -0.1288905702385365E+03
  0.7905056203537315E+00  0.7034860566249567E+00 -0.1247966081967018E+03
  0.7823350420652612E+00  0.7092694143778975E+00 -0.1196036041298593E+03
  0.7741644640053743E+00  0.7150054225789432E+00 -0.1130729134353719E+03
  0.7659938861817212E+00  0.7206936983024912E+00 -0.1056296271958048E+03
  0.7578233086022768E+00  0.7263338618094733E+00 -0.9790928377408412E+02
  0.7496527312753575E+00  0.7319255365727068E+00 -0.9043548499486319E+02
  0.7414821542096410E+00  0.7374683493020299E+00 -0.8322352010062924E+02
  0.7333115774141861E+00  0.7429619299692227E+00 -0.7609506229139573E+02
  0.7251410008984539E+00  0.7484059118327094E+00 -0.6852781036975209E+02
  0.7169704246723316E+00  0.7537999314620412E+00 -0.6006593098149491E+02
  0.7087998487461566E+00  0.7591436287621580E+00 -0.5057761232721219E+02
  0.7006292731307425E+00  0.7644366469974285E+00 -0.4096360274920860E+02
  0.6924586978374083E+00  0.7696786328154644E+00 -0.3173757964697192E+02
  0.6842881228780077E+00  0.7748692362707100E+00 -0.2264015512949415E+02
  0.6761175482649616E+00  0.7800081108478040E+00 -0.1293562157900415E+02
  0.6679469740112938E+00  0.7850949134847117E+00 -0.2470995752665263E+01
  0.6597764001306670E+00  0.7901293045956280E+00  0.8828893026498148E+01
  0.6516058266374236E+00  0.7951109480936471E+00  0.2094782425421715E+02
  0.6434352535466297E+00  0.8000395114131988E+00  0.3395126237909884E+02
  0.6352646808741202E+00  0.8049146655322506E+00  0.4727669545483088E+02
  0.6270941086365502E+00  0.8097360849942720E+00  0.6055116579823749E+02
  0.6189235368514482E+00  0.8145034479299620E+00  0.7365183392679225E+02
  0.6107529655372755E+00  0.8192164360787360E+00  0.8674918773922649E+02
  0.6025823947134890E+00  0.8238747348099726E+00  0.9968785970169483E+02
  0.5944118244006098E+00  0.8284780331440178E+00  0.1126026315463775E+03
  0.5862412546202973E+00  0.8330260237729452E+00  0.1260064625867605E+03
  0.5780706853954301E+00  0.8375184030810715E+00  0.1405356030049596E+03
  0.5699001167501928E+00  0.8419548711652254E+00  0.1561062292395448E+03
  0.5617295487101719E+00  0.8463351318547683E+00  0.1723421067049481E+03
  0.5535589813024583E+00  0.8506588927313666E+00  0.1884717204329374E+03
  0.5453884145557613E+00  0.8549258651485127E+00  0.2039114559596757E+03
  0.5372178485005299E+00  0.8591357642507945E+00  0.2182905806463691E+03
  0.5290472831690897E+00  0.8632883089929120E+00  0.2324373693149270E+03
  0.5208767185957875E+00  0.8673832221584393E+00  0.2471911639032381E+03
  0.5127061548171545E+00  0.8714202303783312E+00  0.2627947996755107E+03
  0.5045355918720822E+00  0.8753990641491725E+00  0.2784191193918888E+03
  0.4963650298020162E+00  0.8793194578511700E+00  0.2936351321158448E+03
  0.4881944686511717E+00  0.8831811497658847E+00  0.3083309498247522E+03
  0.4800239084667671E+00  0.8869838820937034E+00  0.3228907146890733E+03
  0.4718533492992859E+00  0.8907274009710492E+00  0.3372263171717086E+03
  0.4636827912027636E+00  0.8944114564873288E+00  0.3515082568211955E+03
  0.4555122342351060E+00  0.8980358027016164E+00  0.3653003370821930E+03
  0.4473416784584431E+00  0.9016001976590722E+00  0.3782167671754133E+03
  0.4391711239395221E+00  0.9051044034070944E+00  0.3904888738018333E+03
  0.4310005707501444E+00  0.9085481860112055E+00  0.4034359667033912E+03
  0.4228300189676551E+00  0.9119313155706682E+00  0.4180087491881262E+03
  0.4146594686754885E+00  0.9152535662338340E+00  0.4345383633806496E+03
  0.4064889199637791E+00  0.9185147162132208E+00  0.4525099025431193E+03
  0.3983183729300507E+00  0.9217145478003181E+00  0.4718169851278389E+03
  0.3901478276799883E+00  0.9248528473801222E+00  0.4919668541233958E+03
  0.3819772843283120E+00  0.9279294054453956E+00  0.5123944762660044E+03
  0.3738067429997641E+00  0.9309440166106540E+00  0.5323421722847979E+03
  0.3656362038302282E+00  0.9338964796258775E+00  0.5517803029415816E+03
  0.3574656669680030E+00  0.9367865973899459E+00  0.5703654745256508E+03
  0.3492951325752533E+00  0.9396141769637963E+00  0.5883312388063591E+03
  0.3411246008296713E+00  0.9423790295833044E+00  0.6057666494214716E+03
  0.3329540719263814E+00  0.9450809706718851E+00  0.6231475207134205E+03
  0.3247835460801308E+00  0.9477198198528157E+00  0.6401907568596456E+03
  0.3166130235278230E+00  0.9502954009612771E+00  0.6574611592207533E+03
  0.3084425045314506E+00  0.9528075420561144E+00  0.6759858414147211E+03
  0.3002719893815085E+00  0.9552560754313160E+00  0.6969666575698284E+03
  0.2921014784009779E+00  0.9576408376272095E+00  0.7202509790005824E+03
  0.2839309719500016E+00  0.9599616694413742E+00  0.7457758839233985E+03
  0.2757604704313845E+00  0.9622184159392698E+00  0.7729714176661805E+03
  0.2675899742971076E+00  0.9644109264645802E+00  0.8016100791821118E+03
  0.2594194840560681E+00  0.9665390546492710E+00  0.8304994289345783E+03
  0.2512490002833307E+00  0.9686026584233628E+00  0.8589974288253409E+03
  0.2430785236312446E+00  0.9706016000244151E+00  0.8862844964306727E+03
  0.2349080548428762E+00  0.9725357460067257E+00  0.9122269624175087E+03
  0.2267375947683499E+00  0.9744049672502397E+00  0.9369621884371534E+03
  0.2185671443848464E+00  0.9762091389691724E+00  0.9626100159068324E+03
  0.2103967048212628E+00  0.9779481407203411E+00  0.9905773707967330E+03
  0.2022262773888417E+00  0.9796218564112101E+00  0.1020850425691108E+04
  0.1940558636195398E+00  0.9812301743076443E+00  0.1051707356052584E+04
  0.1858854653144977E+00  0.9827729870413743E+00  0.1083773157550271E+04
  0.1777150846058812E+00  0.9842501916171713E+00  0.1117953270660833E+04
  0.1695447240365762E+00  0.9856616894197333E+00  0.1154355186765275E+04
  0.1613743866640789E+00  0.9870073862202815E+00  0.1191621666613013E+04
  0.1532040761975885E+00  0.9882871921828699E+00  0.1231228449362069E+04
  0.1450337971813853E+00  0.9895010218704087E+00  0.1273844830159204E+04
  0.1368635552438019E+00  0.9906487942504061E+00  0.1319258272874133E+04
  0.1286933574408989E+00  0.9917304327004320E+00  0.1366220267165379E+04
  0.1205232127396896E+00  0.9927458650133153E+00  0.1417442146271848E+04
  0.1123531327118049E+00  0.9936950234020883E+00  0.1474625563735338E+04
  0.1041831325528455E+00  0.9945778445047068E+00  0.1538151635526413E+04
  0.9601323262085862E-01  0.9953942693885953E+00  0.1606536710884708E+04
  0.8784346083082471E-01  0.9961442435551087E+00  0.1681364215546846E+04
  0.7967385651719167E-01  0.9968277169440913E+00  0.1761437027829349E+04
  0.7150447693306423E-01  0.9974446439389107E+00  0.1847191919168449E+04
  0.6333540875299180E-01  0.9979949833727938E+00  0.1943048864972817E+04
  0.5516678972815772E-01  0.9984786985384589E+00  0.2059521473283014E+04
  0.4699885272846815E-01  0.9988957572063257E+00  0.2200969875456169E+04
  0.3883202470742381E-01  0.9992461316671845E+00  0.2383759620133659E+04
  0.3066718105470672E-01  0.9995297988558859E+00  0.2649748445853724E+04
  0.2250643816359393E-01  0.9997467408113523E+00  0.3043860276965001E+04
  0.1435650599352885E-01  0.9998969471378596E+00  0.3519495347811274E+04
  0.6254421014113626E-02  0.9999804411726474E+00  0.3903243830058438E+04
