# nlmax, ncor, nside =         383           1         128
  0.3135338232575680E+01 -0.9999804411726474E+00 -0.9386281317285217E+02
  0.3127236147596264E+01 -0.9998969471378596E+00 -0.8876560711050975E+02
  0.3119086215426199E+01 -0.9997467408113523E+00 -0.8129649346782863E+02
  0.3110925472535087E+01 -0.9995297988558859E+00 -0.7335223961717631E+02
  0.3102760628882369E+01 -0.9992461316671845E+00 -0.6525289715654769E+02
  0.3094593800861325E+01 -0.9988957572063257E+00 -0.5663427215062498E+02
  0.3086425863861635E+01 -0.9984786985384589E+00 -0.4788280348360699E+02
  0.3078257244836801E+01 -0.9979949833727938E+00 -0.4103246965492692E+02
  0.3070088176656729E+01 -0.9974446439389107E+00 -0.3805827059619671E+02
  0.3061918797072602E+01 -0.9968277169440913E+00 -0.3865780899396455E+02
  0.3053749192758969E+01 -0.9961442435551087E+00 -0.4045987842974782E+02
  0.3045579420968934E+01 -0.9953942693885953E+00 -0.4208884943823645E+02
  0.3037409521036948E+01 -0.9945778445047068E+00 -0.4350011819162992E+02
  0.3029239520877988E+01 -0.9936950234020883E+00 -0.4479142503662244E+02
  0.3021069440850104E+01 -0.9927458650133153E+00 -0.4499333810084314E+02
  0.3012899296148894E+01 -0.9917304327004320E+00 -0.4267641485124856E+02
  0.3004729098345992E+01 -0.9906487942504061E+00 -0.3830274950077454E+02
  0.2996558856408408E+01 -0.9895010218704087E+00 -0.3415296739124599E+02
  0.2988388577392205E+01 -0.9882871921828699E+00 -0.3220027174031483E+02
  0.2980218266925714E+01 -0.9870073862202815E+00 -0.3299063129361583E+02
  0.2972047929553217E+01 -0.9856616894197333E+00 -0.3619115197226400E+02
  0.2963877568983912E+01 -0.9842501916171713E+00 -0.4101422363272569E+02
  0.2955707188275296E+01 -0.9827729870413743E+00 -0.4661922698998538E+02
  0.2947536789970254E+01 -0.9812301743076443E+00 -0.5200815004661268E+02
  0.2939366376200951E+01 -0.9796218564112101E+00 -0.5618857588816424E+02
  0.2931195948768531E+01 -0.9779481407203411E+00 -0.5876422061983741E+02
  0.2923025509204947E+01 -0.9762091389691724E+00 -0.5975499654331070E+02
  0.2914855058821443E+01 -0.9744049672502397E+00 -0.5948786600131763E+02
  0.2906684598746917E+01 -0.9725357460067257E+00 -0.5799442426167427E+02
  0.2898514129958549E+01 -0.9706016000244151E+00 -0.5547776683914062E+02
  0.2890343653306462E+01 -0.9686026584233628E+00 -0.5275756377059968E+02
  0.2882173169533725E+01 -0.9665390546492710E+00 -0.5141180398577441E+02
  0.2874002679292686E+01 -0.9644109264645802E+00 -0.5258200071046098E+02
  0.2865832183158409E+01 -0.9622184159392698E+00 -0.5624387119206936E+02
  0.2857661681639792E+01 -0.9599616694413742E+00 -0.6134583469855923E+02
  0.2849491175188815E+01 -0.9576408376272095E+00 -0.6694201703682809E+02
  0.2841320664208285E+01 -0.9552560754313160E+00 -0.7275676033761277E+02
  0.2833150149058343E+01 -0.9528075420561144E+00 -0.7871887189278287E+02
  0.2824979630061970E+01 -0.9502954009612771E+00 -0.8468844909174119E+02
  0.2816809107509663E+01 -0.9477198198528157E+00 -0.8982102547985042E+02
  0.2808638581663412E+01 -0.9450809706718851E+00 -0.9329279668709927E+02
  0.2800468052760122E+01 -0.9423790295833044E+00 -0.9487360031502784E+02
  0.2792297521014540E+01 -0.9396141769637963E+00 -0.9529131958825879E+02
  0.2784126986621790E+01 -0.9367865973899459E+00 -0.9551904937216294E+02
  0.2775956449759565E+01 -0.9338964796258775E+00 -0.9594923444333843E+02
  0.2767785910590029E+01 -0.9309440166106540E+00 -0.9634722404107166E+02
  0.2759615369261481E+01 -0.9279294054453956E+00 -0.9630816113694343E+02
  0.2751444825909805E+01 -0.9248528473801222E+00 -0.9571238373404184E+02
  0.2743274280659743E+01 -0.9217145478003181E+00 -0.9454788506671329E+02
  0.2735103733626014E+01 -0.9185147162132208E+00 -0.9289861273605810E+02
  0.2726933184914305E+01 -0.9152535662338340E+00 -0.9104931091376841E+02
  0.2718762634622138E+01 -0.9119313155706682E+00 -0.8942757597071547E+02
  0.2710592082839649E+01 -0.9085481860112055E+00 -0.8852463227586028E+02
  0.2702421529650271E+01 -0.9051044034070944E+00 -0.8856421509420454E+02
  0.2694250975131350E+01 -0.9016001976590722E+00 -0.8935426634345389E+02
  0.2686080419354687E+01 -0.8980358027016164E+00 -0.9032874962208379E+02
  0.2677909862387029E+01 -0.8944114564873288E+00 -0.9096967579719421E+02
  0.2669739304290507E+01 -0.8907274009710492E+00 -0.9104686070353679E+02
  0.2661568745123026E+01 -0.8869838820937034E+00 -0.9066849267181311E+02
  0.2653398184938621E+01 -0.8831811497658847E+00 -0.8993506018288531E+02
  0.2645227623787777E+01 -0.8793194578511700E+00 -0.8904184133962124E+02
  0.2637057061717711E+01 -0.8753990641491725E+00 -0.8816061950250975E+02
  0.2628886498772639E+01 -0.8714202303783312E+00 -0.8754327452020735E+02
  0.2620715934994006E+01 -0.8673832221584393E+00 -0.8743981568214208E+02
  0.2612545370420704E+01 -0.8632883089929120E+00 -0.8792062567943658E+02
  0.2604374805089263E+01 -0.8591357642507945E+00 -0.8871253145900944E+02
  0.2596204239034032E+01 -0.8549258651485127E+00 -0.8931846213933530E+02
  0.2588033672287335E+01 -0.8506588927313666E+00 -0.8937625274413288E+02
  0.2579863104879621E+01 -0.8463351318547683E+00 -0.8896569806303758E+02
  0.2571692536839600E+01 -0.8419548711652254E+00 -0.8834027757180107E+02
  0.2563521968194363E+01 -0.8375184030810715E+00 -0.8749387145498979E+02
  0.2555351398969496E+01 -0.8330260237729452E+00 -0.8621508530373006E+02
  0.2547180829189184E+01 -0.8284780331440178E+00 -0.8428238327011955E+02
  0.2539010258876304E+01 -0.8238747348099726E+00 -0.8161382295101406E+02
  0.2530839688052518E+01 -0.8192164360787360E+00 -0.7819903509736731E+02
  0.2522669116738345E+01 -0.8145034479299620E+00 -0.7415788849236218E+02
  0.2514498544953243E+01 -0.8097360849942720E+00 -0.6987889936435172E+02
  0.2506327972715673E+01 -0.8049146655322506E+00 -0.6560078081715675E+02
  0.2498157400043163E+01 -0.8000395114131988E+00 -0.6097191572741183E+02
  0.2489986826952370E+01 -0.7951109480936471E+00 -0.5537037703509326E+02
  0.2481816253459126E+01 -0.7901293045956280E+00 -0.4838828679007170E+02
  0.2473645679578500E+01 -0.7850949134847117E+00 -0.4024516153758061E+02
  0.2465475105324832E+01 -0.7800081108478040E+00 -0.3196302083044446E+02
  0.2457304530711785E+01 -0.7748692362707100E+00 -0.2496265206545745E+02
  0.2449133955752385E+01 -0.7696786328154644E+00 -0.2016259392025682E+02
  0.2440963380459050E+01 -0.7644366469974285E+00 -0.1712857208959124E+02
  0.2432792804843637E+01 -0.7591436287621580E+00 -0.1449040025851306E+02
  0.2424622228917462E+01 -0.7537999314620412E+00 -0.1101557525100323E+02
  0.2416451652691339E+01 -0.7484059118327094E+00 -0.6507831568844678E+01
  0.2408281076175607E+01 -0.7429619299692227E+00 -0.1506558012741761E+01
  0.2400110499380152E+01 -0.7374683493020299E+00  0.3286829264934420E+01
  0.2391939922314436E+01 -0.7319255365727068E+00  0.7408392916804764E+01
  0.2383769344987516E+01 -0.7263338618094733E+00  0.1084681011442591E+02
  0.2375598767408072E+01 -0.7206936983024912E+00  0.1420643752921075E+02
  0.2367428189584419E+01 -0.7150054225789432E+00  0.1837861189591200E+02
  0.2359257611524532E+01 -0.7092694143778975E+00  0.2365788711338902E+02
  0.2351087033236062E+01 -0.7034860566249567E+00  0.2960614948993180E+02
  0.2342916454726351E+01 -0.6976557354066943E+00  0.3567249905995030E+02
  0.2334745876002450E+01 -0.6917788399448808E+00  0.4133020638656746E+02
  0.2326575297071134E+01 -0.6858557625704990E+00  0.4609284658953180E+02
  0.2318404717938913E+01 -0.6798868986975534E+00  0.4966753299001322E+02
  0.2310234138612046E+01 -0.6738726467966731E+00  0.5250502047207986E+02
  0.2302063559096557E+01 -0.6678134083685102E+00  0.5556922716158044E+02
  0.2293892979398239E+01 -0.6617095879169366E+00  0.5914573244988486E+02
  0.2285722399522673E+01 -0.6555615929220400E+00  0.6270680962647670E+02
  0.2277551819475234E+01 -0.6493698338129212E+00  0.6571511758291223E+02
  0.2269381239261100E+01 -0.6431347239402948E+00  0.6810007267241926E+02
  0.2261210658885265E+01 -0.6368566795488945E+00  0.7001003943478814E+02
  0.2253040078352542E+01 -0.6305361197496849E+00  0.7147579109028344E+02
  0.2244869497667577E+01 -0.6241734664918837E+00  0.7244245188177347E+02
  0.2236698916834853E+01 -0.6177691445347914E+00  0.7339035112503547E+02
  0.2228528335858699E+01 -0.6113235814194364E+00  0.7537024948161687E+02
  0.2220357754743295E+01 -0.6048372074400329E+00  0.7909709280661770E+02
  0.2212187173492683E+01 -0.5983104556152549E+00  0.8458166779171279E+02
  0.2204016592110768E+01 -0.5917437616593286E+00  0.9116672364298827E+02
  0.2195846010601326E+01 -0.5851375639529456E+00  0.9811485509774297E+02
  0.2187675428968010E+01 -0.5784923035139965E+00  0.1050744330652456E+03
  0.2179504847214357E+01 -0.5718084239681300E+00  0.1116648053534735E+03
  0.2171334265343789E+01 -0.5650863715191369E+00  0.1173420542061984E+03
  0.2163163683359622E+01 -0.5583265949191624E+00  0.1216389537343990E+03
  0.2154993101265066E+01 -0.5515295454387482E+00  0.1247590099301090E+03
  0.2146822519063234E+01 -0.5446956768367068E+00  0.1274643745788574E+03
  0.2138651936757143E+01 -0.5378254453298289E+00  0.1305029787537513E+03
  0.2130481354349721E+01 -0.5309193095624275E+00  0.1340343080764630E+03
  0.2122310771843806E+01 -0.5239777305757194E+00  0.1378055180815694E+03
  0.2114140189242155E+01 -0.5170011717770473E+00  0.1414533517536355E+03
  0.2105969606547443E+01 -0.5099900989089429E+00  0.1449122337690199E+03
  0.2097799023762269E+01 -0.5029449800180356E+00  0.1484738849138191E+03
  0.2089628440889158E+01 -0.4958662854238058E+00  0.1523982906572786E+03
  0.2081457857930564E+01 -0.4887544876871878E+00  0.1565961774946387E+03
  0.2073287274888874E+01 -0.4816100615790221E+00  0.1608161727548570E+03
  0.2065116691766407E+01 -0.4744334840483606E+00  0.1649371691329419E+03
  0.2056946108565423E+01 -0.4672252341906264E+00  0.1688591247507798E+03
  0.2048775525288118E+01 -0.4599857932156304E+00  0.1723204356999090E+03
  0.2040604941936635E+01 -0.4527156444154464E+00  0.1748242373812566E+03
  0.2032434358513056E+01 -0.4454152731321473E+00  0.1760042099023204E+03
  0.2024263775019413E+01 -0.4380851667254050E+00  0.1759391607383502E+03
  0.2016093191457685E+01 -0.4307258145399545E+00  0.1750579101842070E+03
  0.2007922607829804E+01 -0.4233377078729265E+00  0.1738731915082678E+03
  0.1999752024137653E+01 -0.4159213399410494E+00  0.1729249821551261E+03
  0.1991581440383068E+01 -0.4084772058477228E+00  0.1723623057602745E+03
  0.1983410856567843E+01 -0.4010058025499653E+00  0.1718221309517119E+03
  0.1975240272693730E+01 -0.3935076288252386E+00  0.1705269654210065E+03
  0.1967069688762441E+01 -0.3859831852381501E+00  0.1679159093804942E+03
  0.1958899104775647E+01 -0.3784329741070359E+00  0.1643300160430112E+03
  0.1950728520734982E+01 -0.3708574994704271E+00  0.1609889854944031E+03
  0.1942557936642046E+01 -0.3632572670534011E+00  0.1589243388033111E+03
  0.1934387352498403E+01 -0.3556327842338202E+00  0.1581862501302954E+03
  0.1926216768305583E+01 -0.3479845600084601E+00  0.1578199857085877E+03
  0.1918046184065086E+01 -0.3403131049590297E+00  0.1569860033238358E+03
  0.1909875599778379E+01 -0.3326189312180866E+00  0.1556140193542889E+03
  0.1901705015446901E+01 -0.3249025524348469E+00  0.1541356357578265E+03
  0.1893534431072063E+01 -0.3171644837408958E+00  0.1529222751653961E+03
  0.1885363846655247E+01 -0.3094052417157978E+00  0.1521362172438547E+03
  0.1877193262197810E+01 -0.3016253443526109E+00  0.1518953456935754E+03
  0.1869022677701083E+01 -0.2938253110233064E+00  0.1522700617535093E+03
  0.1860852093166375E+01 -0.2860056624440968E+00  0.1529397090609930E+03
  0.1852681508594969E+01 -0.2781669206406729E+00  0.1532853538028979E+03
  0.1844510923988128E+01 -0.2703096089133553E+00  0.1528188043547026E+03
  0.1836340339347093E+01 -0.2624342518021592E+00  0.1516625678794578E+03
  0.1828169754673083E+01 -0.2545413750517773E+00  0.1503877971904083E+03
  0.1819999169967299E+01 -0.2466315055764818E+00  0.1496830959229183E+03
  0.1811828585230925E+01 -0.2387051714249486E+00  0.1498925192782255E+03
  0.1803658000465123E+01 -0.2307629017450062E+00  0.1505466168053416E+03
  0.1795487415671042E+01 -0.2228052267483099E+00  0.1507048083050469E+03
  0.1787316830849811E+01 -0.2148326776749467E+00  0.1498885368150577E+03
  0.1779146246002545E+01 -0.2068457867579697E+00  0.1484358262298355E+03
  0.1770975661130345E+01 -0.1988450871878683E+00  0.1469548234788929E+03
  0.1762805076234296E+01 -0.1908311130769725E+00  0.1454330908753446E+03
  0.1754634491315471E+01 -0.1828043994237966E+00  0.1434255655339291E+03
  0.1746463906374929E+01 -0.1747654820773241E+00  0.1403521538974960E+03
  0.1738293321413718E+01 -0.1667148977012352E+00  0.1360116595565575E+03
  0.1730122736432872E+01 -0.1586531837380799E+00  0.1309879095481798E+03
  0.1721952151433418E+01 -0.1505808783733995E+00  0.1263110261308222E+03
  0.1713781566416370E+01 -0.1424985204997981E+00  0.1226841678019581E+03
  0.1705610981382731E+01 -0.1344066496809675E+00  0.1201380728915733E+03
  0.1697440396333499E+01 -0.1263058061156663E+00  0.1179660082802373E+03
  0.1689269811269659E+01 -0.1181965306016578E+00  0.1157792731338770E+03
  0.1681099226192191E+01 -0.1100793644996070E+00  0.1134987539813058E+03
  0.1672928641102067E+01 -0.1019548496969404E+00  0.1110422087146608E+03
  0.1664758056000250E+01 -0.9382352857167028E-01  0.1080273375418683E+03
  0.1656587470887701E+01 -0.8568594395618719E-01  0.1042320589326951E+03
  0.1648416885765370E+01 -0.7754263910102077E-01  0.9964110349247312E+02
  0.1640246300634206E+01 -0.6939415763857371E-01  0.9459606696008561E+02
  0.1632075715495151E+01 -0.6124104354682962E-01  0.8951567145334485E+02
  0.1623905130349143E+01 -0.5308384111303818E-01  0.8487561693016158E+02
  0.1615734545197117E+01 -0.4492309489737940E-01  0.8068794510090378E+02
  0.1607563960040004E+01 -0.3675934969660982E-01  0.7640516832862485E+02
  0.1599393374878733E+01 -0.2859315050769285E-01  0.7133527686885705E+02
  0.1591222789714229E+01 -0.2042504249141571E-01  0.6545457498846258E+02
  0.1583052204547419E+01 -0.1225557093599554E-01  0.5909451382756379E+02
  0.1574881619379224E+01 -0.4085281220676868E-02  0.5229346980464928E+02
  0.1566711034210569E+01  0.4085281220676868E-02  0.4494887048371930E+02
  0.1558540449042374E+01  0.1225557093599554E-01  0.3709573120743035E+02
  0.1550369863875564E+01  0.2042504249141571E-01  0.2872401014526935E+02
  0.1542199278711061E+01  0.2859315050769285E-01  0.1969225889466697E+02
  0.1534028693549790E+01  0.3675934969660982E-01  0.9861129007344019E+01
  0.1525858108392677E+01  0.4492309489737940E-01 -0.3471287982396143E+00
  0.1517687523240650E+01  0.5308384111303818E-01 -0.1007835966965227E+02
  0.1509516938094642E+01  0.6124104354682962E-01 -0.1869578149452327E+02
  0.1501346352955587E+01  0.6939415763857371E-01 -0.2651148030231274E+02
  0.1493175767824423E+01  0.7754263910102077E-01 -0.3430388272687354E+02
  0.1485005182702093E+01  0.8568594395618719E-01 -0.4265044341174320E+02
  0.1476834597589543E+01  0.9382352857167028E-01 -0.5137533041051586E+02
  0.1468664012487727E+01  0.1019548496969404E+00 -0.5974964475080335E+02
  0.1460493427397602E+01  0.1100793644996070E+00 -0.6735377542710891E+02
  0.1452322842320134E+01  0.1181965306016578E+00 -0.7475777384420934E+02
  0.1444152257256294E+01  0.1263058061156663E+00 -0.8286763455200850E+02
  0.1435981672207062E+01  0.1344066496809675E+00 -0.9207320001647577E+02
  0.1427811087173423E+01  0.1424985204997981E+00 -0.1019053379204367E+03
  0.1419640502156375E+01  0.1505808783733995E+00 -0.1116716453549919E+03
  0.1411469917156921E+01  0.1586531837380799E+00 -0.1208774407988811E+03
  0.1403299332176076E+01  0.1667148977012352E+00 -0.1295366611162753E+03
  0.1395128747214864E+01  0.1747654820773241E+00 -0.1379812284153564E+03
  0.1386958162274323E+01  0.1828043994237966E+00 -0.1466239802910760E+03
  0.1378787577355497E+01  0.1908311130769725E+00 -0.1553711306319960E+03
  0.1370616992459449E+01  0.1988450871878683E+00 -0.1635654493085923E+03
  0.1362446407587248E+01  0.2068457867579697E+00 -0.1705158838674132E+03
  0.1354275822739983E+01  0.2148326776749467E+00 -0.1762608314575833E+03
  0.1346105237918751E+01  0.2228052267483099E+00 -0.1813519408640589E+03
  0.1337934653124670E+01  0.2307629017450062E+00 -0.1865221068531066E+03
  0.1329764068358868E+01  0.2387051714249486E+00 -0.1922236947629684E+03
  0.1321593483622494E+01  0.2466315055764818E+00 -0.1988528141891711E+03
  0.1313422898916710E+01  0.2545413750517773E+00 -0.2064686084923398E+03
  0.1305252314242701E+01  0.2624342518021592E+00 -0.2148832801056017E+03
  0.1297081729601665E+01  0.2703096089133553E+00 -0.2238028661027205E+03
  0.1288911144994824E+01  0.2781669206406729E+00 -0.2330611299212035E+03
  0.1280740560423418E+01  0.2860056624440968E+00 -0.2422912650331666E+03
  0.1272569975888710E+01  0.2938253110233064E+00 -0.2511771572264489E+03
  0.1264399391391984E+01  0.3016253443526109E+00 -0.2593635527002821E+03
  0.1256228806934547E+01  0.3094052417157978E+00 -0.2667965780055536E+03
  0.1248058222517730E+01  0.3171644837408958E+00 -0.2734513726580637E+03
  0.1239887638142892E+01  0.3249025524348469E+00 -0.2795182058433202E+03
  0.1231717053811414E+01  0.3326189312180866E+00 -0.2852823994193254E+03
  0.1223546469524707E+01  0.3403131049590297E+00 -0.2910728924611489E+03
  0.1215375885284210E+01  0.3479845600084601E+00 -0.2966541238112217E+03
  0.1207205301091390E+01  0.3556327842338202E+00 -0.3014815115314049E+03
  0.1199034716947747E+01  0.3632572670534011E+00 -0.3050148289536710E+03
  0.1190864132854811E+01  0.3708574994704271E+00 -0.3070724239893866E+03
  0.1182693548814147E+01  0.3784329741070359E+00 -0.3078870200344399E+03
  0.1174522964827352E+01  0.3859831852381501E+00 -0.3081732006363808E+03
  0.1166352380896063E+01  0.3935076288252386E+00 -0.3085755403129226E+03
  0.1158181797021950E+01  0.4010058025499653E+00 -0.3094876749718017E+03
  0.1150011213206726E+01  0.4084772058477228E+00 -0.3106566729858536E+03
  0.1141840629452141E+01  0.4159213399410494E+00 -0.3116904710072029E+03
  0.1133670045759989E+01  0.4233377078729265E+00 -0.3123013449729494E+03
  0.1125499462132108E+01  0.4307258145399545E+00 -0.3125789059069263E+03
  0.1117328878570381E+01  0.4380851667254050E+00 -0.3125426878700109E+03
  0.1109158295076737E+01  0.4454152731321473E+00 -0.3122177479106535E+03
  0.1100987711653159E+01  0.4527156444154464E+00 -0.3116512541743751E+03
  0.1092817128301675E+01  0.4599857932156304E+00 -0.3111902206585746E+03
  0.1084646545024371E+01  0.4672252341906264E+00 -0.3110785908593098E+03
  0.1076475961823386E+01  0.4744334840483606E+00 -0.3112569852441308E+03
  0.1068305378700920E+01  0.4816100615790221E+00 -0.3109670096076910E+03
  0.1060134795659229E+01  0.4887544876871878E+00 -0.3095296448885587E+03
  0.1051964212700635E+01  0.4958662854238058E+00 -0.3067299493718516E+03
  0.1043793629827524E+01  0.5029449800180356E+00 -0.3032269618393753E+03
  0.1035623047042350E+01  0.5099900989089429E+00 -0.2997753479350710E+03
  0.1027452464347638E+01  0.5170011717770473E+00 -0.2969324365556110E+03
  0.1019281881745987E+01  0.5239777305757194E+00 -0.2948034374143238E+03
  0.1011111299240073E+01  0.5309193095624275E+00 -0.2936140685863783E+03
  0.1002940716832650E+01  0.5378254453298289E+00 -0.2931814389115843E+03
  0.9947701345265596E+00  0.5446956768367068E+00 -0.2931859672217799E+03
  0.9865995523247275E+00  0.5515295454387482E+00 -0.2931061449855516E+03
  0.9784289702301714E+00  0.5583265949191624E+00 -0.2925506399747792E+03
  0.9702583882460036E+00  0.5650863715191369E+00 -0.2913377605286718E+03
  0.9620878063754359E+00  0.5718084239681300E+00 -0.2896637614682273E+03
  0.9539172246217830E+00  0.5784923035139965E+00 -0.2877730841297789E+03
  0.9457466429884676E+00  0.5851375639529456E+00 -0.2860218229391259E+03
  0.9375760614790253E+00  0.5917437616593286E+00 -0.2841562601299046E+03
  0.9294054800971098E+00  0.5983104556152549E+00 -0.2819557741270361E+03
  0.9212348988464978E+00  0.6048372074400329E+00 -0.2793659365188425E+03
  0.9130643177310944E+00  0.6113235814194364E+00 -0.2766274221305663E+03
  0.9048937367549402E+00  0.6177691445347914E+00 -0.2738462279904543E+03
  0.8967231559222163E+00  0.6241734664918837E+00 -0.2710989632701279E+03
  0.8885525752372514E+00  0.6305361197496849E+00 -0.2684728520901713E+03
  0.8803819947045285E+00  0.6368566795488945E+00 -0.2659895806360481E+03
  0.8722114143286931E+00  0.6431347239402948E+00 -0.2631899808369768E+03
  0.8640408341145595E+00  0.6493698338129212E+00 -0.2597721093055781E+03
  0.8558702540671204E+00  0.6555615929220400E+00 -0.2557947779627204E+03
  0.8476996741915547E+00  0.6617095879169366E+00 -0.2518387116082895E+03
  0.8395290944932369E+00  0.6678134083685102E+00 -0.2481335378017806E+03
  0.8313585149777468E+00  0.6738726467966731E+00 -0.2447692268917490E+03
  0.8231879356508802E+00  0.6798868986975534E+00 -0.2415100921906442E+03
  0.8150173565186587E+00  0.6858557625704990E+00 -0.2380710806356235E+03
  0.8068467775873427E+00  0.6917788399448808E+00 -0.2338865095802414E+03
  0.7986761988634423E+00  0.6976557354066943E+00 -0.2287217169695819E+03
  0.7905056203537315E+00  0.7034860566249567E+00 -0.2226544085576455E+03
  0.7823350420652612E+00  0.7092694143778975E+00 -0.2158022079066597E+03
  0.7741644640053743E+00  0.7150054225789432E+00 -0.2079142822764548E+03
  0.7659938861817212E+00  0.7206936983024912E+00 -0.1989442183135687E+03
  0.7578233086022768E+00  0.7263338618094733E+00 -0.1889540662745316E+03
  0.7496527312753575E+00  0.7319255365727068E+00 -0.1783372741181500E+03
  0.7414821542096410E+00  0.7374683493020299E+00 -0.1673490056540390E+03
  0.7333115774141861E+00  0.7429619299692227E+00 -0.1564958514800613E+03
  0.7251410008984539E+00  0.7484059118327094E+00 -0.1458563869682272E+03
  0.7169704246723316E+00  0.7537999314620412E+00 -0.1355132181160621E+03
  0.7087998487461566E+00  0.7591436287621580E+00 -0.1255673841696556E+03
  0.7006292731307425E+00  0.7644366469974285E+00 -0.1165512408903453E+03
  0.6924586978374083E+00  0.7696786328154644E+00 -0.1085041556250088E+03
  0.6842881228780077E+00  0.7748692362707100E+00 -0.1009761940852010E+03
  0.6761175482649616E+00  0.7800081108478040E+00 -0.9308728137646280E+02
  0.6679469740112938E+00  0.7850949134847117E+00 -0.8421600059656927E+02
  0.6597764001306670E+00  0.7901293045956280E+00 -0.7405080191563414E+02
  0.6516058266374236E+00  0.7951109480936471E+00 -0.6288291068898574E+02
  0.6434352535466297E+00  0.8000395114131988E+00 -0.5113569382308063E+02
  0.6352646808741202E+00  0.8049146655322506E+00 -0.3902460368485232E+02
  0.6270941086365502E+00  0.8097360849942720E+00 -0.2583293486223238E+02
  0.6189235368514482E+00  0.8145034479299620E+00 -0.1113799764174060E+02
  0.6107529655372755E+00  0.8192164360787360E+00  0.4713315155115737E+01
  0.6025823947134890E+00  0.8238747348099726E+00  0.2065762965123414E+02
  0.5944118244006098E+00  0.8284780331440178E+00  0.3643474393824165E+02
  0.5862412546202973E+00  0.8330260237729452E+00  0.5226259538115882E+02
  0.5780706853954301E+00  0.8375184030810715E+00  0.6837458661507912E+02
  0.5699001167501928E+00  0.8419548711652254E+00  0.8439679869939171E+02
  0.5617295487101719E+00  0.8463351318547683E+00  0.1002323573053620E+03
  0.5535589813024583E+00  0.8506588927313666E+00  0.1155511843978099E+03
  0.5453884145557613E+00  0.8549258651485127E+00  0.1298731073126785E+03
  0.5372178485005299E+00  0.8591357642507945E+00  0.1426344401369389E+03
  0.5290472831690897E+00  0.8632883089929120E+00  0.1542725132803113E+03
  0.5208767185957875E+00  0.8673832221584393E+00  0.1656702631420677E+03
  0.5127061548171545E+00  0.8714202303783312E+00  0.1779415273428785E+03
  0.5045355918720822E+00  0.8753990641491725E+00  0.1914421576972484E+03
  0.4963650298020162E+00  0.8793194578511700E+00  0.2063806938825004E+03
  0.4881944686511717E+00  0.8831811497658847E+00  0.2219208333397307E+03
  0.4800239084667671E+00  0.8869838820937034E+00  0.2369393161580012E+03
  0.4718533492992859E+00  0.8907274009710492E+00  0.2509013664120970E+03
  0.4636827912027636E+00  0.8944114564873288E+00  0.2647945569615724E+03
  0.4555122342351060E+00  0.8980358027016164E+00  0.2794621029410342E+03
  0.4473416784584431E+00  0.9016001976590722E+00  0.2948943987480171E+03
  0.4391711239395221E+00  0.9051044034070944E+00  0.3102931127931269E+03
  0.4310005707501444E+00  0.9085481860112055E+00  0.3253440430921171E+03
  0.4228300189676551E+00  0.9119313155706682E+00  0.3393577691410878E+03
  0.4146594686754885E+00  0.9152535662338340E+00  0.3516960088469547E+03
  0.4064889199637791E+00  0.9185147162132208E+00  0.3619972647934098E+03
  0.3983183729300507E+00  0.9217145478003181E+00  0.3714699625775163E+03
  0.3901478276799883E+00  0.9248528473801222E+00  0.3812551061436653E+03
  0.3819772843283120E+00  0.9279294054453956E+00  0.3921740028907814E+03
  0.3738067429997641E+00  0.9309440166106540E+00  0.4042502031965818E+03
  0.3656362038302282E+00  0.9338964796258775E+00  0.4179164294076938E+03
  0.3574656669680030E+00  0.9367865973899459E+00  0.4330836398601088E+03
  0.3492951325752533E+00  0.9396141769637963E+00  0.4499568902252637E+03
  0.3411246008296713E+00  0.9423790295833044E+00  0.4686236796952502E+03
  0.3329540719263814E+00  0.9450809706718851E+00  0.4893092120188909E+03
  0.3247835460801308E+00  0.9477198198528157E+00  0.5112330409182440E+03
  0.3166130235278230E+00  0.9502954009612771E+00  0.5339599469068955E+03
  0.3084425045314506E+00  0.9528075420561144E+00  0.5571518283745451E+03
  0.3002719893815085E+00  0.9552560754313160E+00  0.5806508221637487E+03
  0.2921014784009779E+00  0.9576408376272095E+00  0.6036613310496017E+03
  0.2839309719500016E+00  0.9599616694413742E+00  0.6266505751109087E+03
  0.2757604704313845E+00  0.9622184159392698E+00  0.6509040324617376E+03
  0.2675899742971076E+00  0.9644109264645802E+00  0.6775573097915681E+03
  0.2594194840560681E+00  0.9665390546492710E+00  0.7059281955639600E+03
  0.2512490002833307E+00  0.9686026584233628E+00  0.7361082054118646E+03
  0.2430785236312446E+00  0.9706016000244151E+00  0.7684109699664849E+03
  0.2349080548428762E+00  0.9725357460067257E+00  0.8030863074129488E+03
  0.2267375947683499E+00  0.9744049672502397E+00  0.8385164838514154E+03
  0.2185671443848464E+00  0.9762091389691724E+00  0.8740606137832573E+03
  0.2103967048212628E+00  0.9779481407203411E+00  0.9094467348904835E+03
  0.2022262773888417E+00  0.9796218564112101E+00  0.9447077450674389E+03
  0.1940558636195398E+00  0.9812301743076443E+00  0.9788685959805014E+03
  0.1858854653144977E+00  0.9827729870413743E+00  0.1012895780842541E+04
  0.1777150846058812E+00  0.9842501916171713E+00  0.1047967181996477E+04
  0.1695447240365762E+00  0.9856616894197333E+00  0.1085324643207263E+04
  0.1613743866640789E+00  0.9870073862202815E+00  0.1124760379076795E+04
  0.1532040761975885E+00  0.9882871921828699E+00  0.1167584180818318E+04
  0.1450337971813853E+00  0.9895010218704087E+00  0.1213452110768342E+04
  0.1368635552438019E+00  0.9906487942504061E+00  0.1261039606361399E+04
  0.1286933574408989E+00  0.9917304327004320E+00  0.1308530828288990E+04
  0.1205232127396896E+00  0.9927458650133153E+00  0.1358153679765057E+04
  0.1123531327118049E+00  0.9936950234020883E+00  0.1410173193443369E+04
  0.1041831325528455E+00  0.9945778445047068E+00  0.1463763506983036E+04
  0.9601323262085862E-01  0.9953942693885953E+00  0.1518947886411273E+04
  0.8784346083082471E-01  0.9961442435551087E+00  0.1581091509683258E+04
  0.7967385651719167E-01  0.9968277169440913E+00  0.1651881938716564E+04
  0.7150447693306423E-01  0.9974446439389107E+00  0.1731568004389859E+04
  0.6333540875299180E-01  0.9979949833727938E+00  0.1822886492103189E+04
  0.5516678972815772E-01  0.9984786985384589E+00  0.1935800494355562E+04
  0.4699885272846815E-01  0.9988957572063257E+00  0.2076081817081679E+04
  0.3883202470742381E-01  0.9992461316671845E+00  0.2260066475385143E+04
  0.3066718105470672E-01  0.9995297988558859E+00  0.2529523210683666E+04
  0.2250643816359393E-01  0.9997467408113523E+00  0.2929935432748817E+04
  0.1435650599352885E-01  0.9998969471378596E+00  0.3411608530656261E+04
  0.6254421014113626E-02  0.9999804411726474E+00  0.3799391129912156E+04
