# nlmax, ncor, nside =         383           1         128
  0.3135338232575680E+01 -0.9999804411726474E+00  0.1247879101369979E+03
  0.3127236147596264E+01 -0.9998969471378596E+00  0.1204470181081223E+03
  0.3119086215426199E+01 -0.9997467408113523E+00  0.1148950362569544E+03
  0.3110925472535087E+01 -0.9995297988558859E+00  0.1104437434072841E+03
  0.3102760628882369E+01 -0.9992461316671845E+00  0.1079521881921295E+03
  0.3094593800861325E+01 -0.9988957572063257E+00  0.1068639708576431E+03
  0.3086425863861635E+01 -0.9984786985384589E+00  0.1071549910525128E+03
  0.3078257244836801E+01 -0.9979949833727938E+00  0.1092532054534730E+03
  0.3070088176656729E+01 -0.9974446439389107E+00  0.1126847948295303E+03
  0.3061918797072602E+01 -0.9968277169440913E+00  0.1166271679926170E+03
  0.3053749192758969E+01 -0.9961442435551087E+00  0.1211560367032394E+03
  0.3045579420968934E+01 -0.9953942693885953E+00  0.1266593866628243E+03
  0.3037409521036948E+01 -0.9945778445047068E+00  0.1331038773669663E+03
  0.3029239520877988E+01 -0.9936950234020883E+00  0.1400136635782302E+03
  0.3021069440850104E+01 -0.9927458650133153E+00  0.1470005774559170E+03
  0.3012899296148894E+01 -0.9917304327004320E+00  0.1540642539135427E+03
  0.3004729098345992E+01 -0.9906487942504061E+00  0.1614472694202527E+03
  0.2996558856408408E+01 -0.9895010218704087E+00  0.1692906709578793E+03
  0.2988388577392205E+01 -0.9882871921828699E+00  0.1771457296621255E+03
  0.2980218266925714E+01 -0.9870073862202815E+00  0.1842270556214659E+03
  0.2972047929553217E+01 -0.9856616894197333E+00  0.1902457869258600E+03
  0.2963877568983912E+01 -0.9842501916171713E+00  0.1954932380945380E+03
  0.2955707188275296E+01 -0.9827729870413743E+00  0.2003007906927625E+03
  0.2947536789970254E+01 -0.9812301743076443E+00  0.2044180792414806E+03
  0.2939366376200951E+01 -0.9796218564112101E+00  0.2070699074783181E+03
  0.2931195948768531E+01 -0.9779481407203411E+00  0.2077359497701740E+03
  0.2923025509204947E+01 -0.9762091389691724E+00  0.2068422064097528E+03
  0.2914855058821443E+01 -0.9744049672502397E+00  0.2054952265616580E+03
  0.2906684598746917E+01 -0.9725357460067257E+00  0.2043566894393476E+03
  0.2898514129958549E+01 -0.9706016000244151E+00  0.2033278090791610E+03
  0.2890343653306462E+01 -0.9686026584233628E+00  0.2023133912010948E+03
  0.2882173169533725E+01 -0.9665390546492710E+00  0.2017772127256169E+03
  0.2874002679292686E+01 -0.9644109264645802E+00  0.2022035976267336E+03
  0.2865832183158409E+01 -0.9622184159392698E+00  0.2033982067829068E+03
  0.2857661681639792E+01 -0.9599616694413742E+00  0.2047568522517196E+03
  0.2849491175188815E+01 -0.9576408376272095E+00  0.2059807176040831E+03
  0.2841320664208285E+01 -0.9552560754313160E+00  0.2071467526509129E+03
  0.2833150149058343E+01 -0.9528075420561144E+00  0.2079537544843352E+03
  0.2824979630061970E+01 -0.9502954009612771E+00  0.2077726240703379E+03
  0.2816809107509663E+01 -0.9477198198528157E+00  0.2062332321205612E+03
  0.2808638581663412E+01 -0.9450809706718851E+00  0.2035696698213617E+03
  0.2800468052760122E+01 -0.9423790295833044E+00  0.2002440585360901E+03
  0.2792297521014540E+01 -0.9396141769637963E+00  0.1964485155897420E+03
  0.2784126986621790E+01 -0.9367865973899459E+00  0.1922028901047736E+03
  0.2775956449759565E+01 -0.9338964796258775E+00  0.1875207525208820E+03
  0.2767785910590029E+01 -0.9309440166106540E+00  0.1824333155025946E+03
  0.2759615369261481E+01 -0.9279294054453956E+00  0.1770972944033597E+03
  0.2751444825909805E+01 -0.9248528473801222E+00  0.1720227986465763E+03
  0.2743274280659743E+01 -0.9217145478003181E+00  0.1678610984935138E+03
  0.2735103733626014E+01 -0.9185147162132208E+00  0.1649230836324901E+03
  0.2726933184914305E+01 -0.9152535662338340E+00  0.1629558679632172E+03
  0.2718762634622138E+01 -0.9119313155706682E+00  0.1614025671223251E+03
  0.2710592082839649E+01 -0.9085481860112055E+00  0.1597399443051462E+03
  0.2702421529650271E+01 -0.9051044034070944E+00  0.1576970787855914E+03
  0.2694250975131350E+01 -0.9016001976590722E+00  0.1553080431456939E+03
  0.2686080419354687E+01 -0.8980358027016164E+00  0.1530023349380699E+03
  0.2677909862387029E+01 -0.8944114564873288E+00  0.1512226160231649E+03
  0.2669739304290507E+01 -0.8907274009710492E+00  0.1500374850346097E+03
  0.2661568745123026E+01 -0.8869838820937034E+00  0.1491165254420353E+03
  0.2653398184938621E+01 -0.8831811497658847E+00  0.1479014774050401E+03
  0.2645227623787777E+01 -0.8793194578511700E+00  0.1457229641489805E+03
  0.2637057061717711E+01 -0.8753990641491725E+00  0.1421316225741373E+03
  0.2628886498772639E+01 -0.8714202303783312E+00  0.1371908713447670E+03
  0.2620715934994006E+01 -0.8673832221584393E+00  0.1315435175429721E+03
  0.2612545370420704E+01 -0.8632883089929120E+00  0.1259711120247345E+03
  0.2604374805089263E+01 -0.8591357642507945E+00  0.1210988494829042E+03
  0.2596204239034032E+01 -0.8549258651485127E+00  0.1172421282355882E+03
  0.2588033672287335E+01 -0.8506588927313666E+00  0.1142673277300069E+03
  0.2579863104879621E+01 -0.8463351318547683E+00  0.1116979246113127E+03
  0.2571692536839600E+01 -0.8419548711652254E+00  0.1092687312608126E+03
  0.2563521968194363E+01 -0.8375184030810715E+00  0.1071033614329931E+03
  0.2555351398969496E+01 -0.8330260237729452E+00  0.1052320424504448E+03
  0.2547180829189184E+01 -0.8284780331440178E+00  0.1031896073798711E+03
  0.2539010258876304E+01 -0.8238747348099726E+00  0.1004393514609247E+03
  0.2530839688052518E+01 -0.8192164360787360E+00  0.9689099366291482E+02
  0.2522669116738345E+01 -0.8145034479299620E+00  0.9290677041814469E+02
  0.2514498544953243E+01 -0.8097360849942720E+00  0.8892758854322234E+02
  0.2506327972715673E+01 -0.8049146655322506E+00  0.8531642402174440E+02
  0.2498157400043163E+01 -0.8000395114131988E+00  0.8250367942140379E+02
  0.2489986826952370E+01 -0.7951109480936471E+00  0.8075283491929098E+02
  0.2481816253459126E+01 -0.7901293045956280E+00  0.7983930295262506E+02
  0.2473645679578500E+01 -0.7850949134847117E+00  0.7937374325992032E+02
  0.2465475105324832E+01 -0.7800081108478040E+00  0.7928770571285709E+02
  0.2457304530711785E+01 -0.7748692362707100E+00  0.7972188496658627E+02
  0.2449133955752385E+01 -0.7696786328154644E+00  0.8064124633508612E+02
  0.2440963380459050E+01 -0.7644366469974285E+00  0.8182474337834508E+02
  0.2432792804843637E+01 -0.7591436287621580E+00  0.8302432710952161E+02
  0.2424622228917462E+01 -0.7537999314620412E+00  0.8394482720112580E+02
  0.2416451652691339E+01 -0.7484059118327094E+00  0.8424511959553739E+02
  0.2408281076175607E+01 -0.7429619299692227E+00  0.8382574845676034E+02
  0.2400110499380152E+01 -0.7374683493020299E+00  0.8291572021988688E+02
  0.2391939922314436E+01 -0.7319255365727068E+00  0.8185293480284966E+02
  0.2383769344987516E+01 -0.7263338618094733E+00  0.8079498136177121E+02
  0.2375598767408072E+01 -0.7206936983024912E+00  0.7974767657835604E+02
  0.2367428189584419E+01 -0.7150054225789432E+00  0.7872767765945622E+02
  0.2359257611524532E+01 -0.7092694143778975E+00  0.7790157123739718E+02
  0.2351087033236062E+01 -0.7034860566249567E+00  0.7769136737250300E+02
  0.2342916454726351E+01 -0.6976557354066943E+00  0.7864309120775673E+02
  0.2334745876002450E+01 -0.6917788399448808E+00  0.8092042709041321E+02
  0.2326575297071134E+01 -0.6858557625704990E+00  0.8399424685677994E+02
  0.2318404717938913E+01 -0.6798868986975534E+00  0.8694622685721309E+02
  0.2310234138612046E+01 -0.6738726467966731E+00  0.8912437827458916E+02
  0.2302063559096557E+01 -0.6678134083685102E+00  0.9044621715668458E+02
  0.2293892979398239E+01 -0.6617095879169366E+00  0.9116380346133711E+02
  0.2285722399522673E+01 -0.6555615929220400E+00  0.9155148333979920E+02
  0.2277551819475234E+01 -0.6493698338129212E+00  0.9172570823070836E+02
  0.2269381239261100E+01 -0.6431347239402948E+00  0.9149815788240066E+02
  0.2261210658885265E+01 -0.6368566795488945E+00  0.9049973442354182E+02
  0.2253040078352542E+01 -0.6305361197496849E+00  0.8863103341037269E+02
  0.2244869497667577E+01 -0.6241734664918837E+00  0.8624446875180334E+02
  0.2236698916834853E+01 -0.6177691445347914E+00  0.8377495341711241E+02
  0.2228528335858699E+01 -0.6113235814194364E+00  0.8135137634382632E+02
  0.2220357754743295E+01 -0.6048372074400329E+00  0.7885120179874359E+02
  0.2212187173492683E+01 -0.5983104556152549E+00  0.7612200722333711E+02
  0.2204016592110768E+01 -0.5917437616593286E+00  0.7294211783964637E+02
  0.2195846010601326E+01 -0.5851375639529456E+00  0.6900468394778345E+02
  0.2187675428968010E+01 -0.5784923035139965E+00  0.6412223229630249E+02
  0.2179504847214357E+01 -0.5718084239681300E+00  0.5840268107151131E+02
  0.2171334265343789E+01 -0.5650863715191369E+00  0.5218129930602602E+02
  0.2163163683359622E+01 -0.5583265949191624E+00  0.4591712060709974E+02
  0.2154993101265066E+01 -0.5515295454387482E+00  0.4002646520525335E+02
  0.2146822519063234E+01 -0.5446956768367068E+00  0.3476680415338036E+02
  0.2138651936757143E+01 -0.5378254453298289E+00  0.3004323923460078E+02
  0.2130481354349721E+01 -0.5309193095624275E+00  0.2547512955511629E+02
  0.2122310771843806E+01 -0.5239777305757194E+00  0.2076686240848675E+02
  0.2114140189242155E+01 -0.5170011717770473E+00  0.1601046020664605E+02
  0.2105969606547443E+01 -0.5099900989089429E+00  0.1147956712403705E+02
  0.2097799023762269E+01 -0.5029449800180356E+00  0.7313105409437545E+01
  0.2089628440889158E+01 -0.4958662854238058E+00  0.3388829786140216E+01
  0.2081457857930564E+01 -0.4887544876871878E+00 -0.6136457709043797E+00
  0.2073287274888874E+01 -0.4816100615790221E+00 -0.5092466515474887E+01
  0.2065116691766407E+01 -0.4744334840483606E+00 -0.1022197869056186E+02
  0.2056946108565423E+01 -0.4672252341906264E+00 -0.1578624456920072E+02
  0.2048775525288118E+01 -0.4599857932156304E+00 -0.2129382776963197E+02
  0.2040604941936635E+01 -0.4527156444154464E+00 -0.2638387280120595E+02
  0.2032434358513056E+01 -0.4454152731321473E+00 -0.3097262751277259E+02
  0.2024263775019413E+01 -0.4380851667254050E+00 -0.3522011033662754E+02
  0.2016093191457685E+01 -0.4307258145399545E+00 -0.3917692391462059E+02
  0.2007922607829804E+01 -0.4233377078729265E+00 -0.4270797731315017E+02
  0.1999752024137653E+01 -0.4159213399410494E+00 -0.4568256685861468E+02
  0.1991581440383068E+01 -0.4084772058477228E+00 -0.4821569249164445E+02
  0.1983410856567843E+01 -0.4010058025499653E+00 -0.5053251280522142E+02
  0.1975240272693730E+01 -0.3935076288252386E+00 -0.5272549995830759E+02
  0.1967069688762441E+01 -0.3859831852381501E+00 -0.5463384822529243E+02
  0.1958899104775647E+01 -0.3784329741070359E+00 -0.5623506188296716E+02
  0.1950728520734982E+01 -0.3708574994704271E+00 -0.5777285052475978E+02
  0.1942557936642046E+01 -0.3632572670534011E+00 -0.5956852075501934E+02
  0.1934387352498403E+01 -0.3556327842338202E+00 -0.6168696434287735E+02
  0.1926216768305583E+01 -0.3479845600084601E+00 -0.6411599967320379E+02
  0.1918046184065086E+01 -0.3403131049590297E+00 -0.6692388043637514E+02
  0.1909875599778379E+01 -0.3326189312180866E+00 -0.7017934766022650E+02
  0.1901705015446901E+01 -0.3249025524348469E+00 -0.7364900235171282E+02
  0.1893534431072063E+01 -0.3171644837408958E+00 -0.7696580670137602E+02
  0.1885363846655247E+01 -0.3094052417157978E+00 -0.7986146424597878E+02
  0.1877193262197810E+01 -0.3016253443526109E+00 -0.8229889699808058E+02
  0.1869022677701083E+01 -0.2938253110233064E+00 -0.8435297520312092E+02
  0.1860852093166375E+01 -0.2860056624440968E+00 -0.8616331271861910E+02
  0.1852681508594969E+01 -0.2781669206406729E+00 -0.8793039466593122E+02
  0.1844510923988128E+01 -0.2703096089133553E+00 -0.8985836415117335E+02
  0.1836340339347093E+01 -0.2624342518021592E+00 -0.9202185697656077E+02
  0.1828169754673083E+01 -0.2545413750517773E+00 -0.9436442873775425E+02
  0.1819999169967299E+01 -0.2466315055764818E+00 -0.9668887554831535E+02
  0.1811828585230925E+01 -0.2387051714249486E+00 -0.9881366695758342E+02
  0.1803658000465123E+01 -0.2307629017450062E+00 -0.1006945112419681E+03
  0.1795487415671042E+01 -0.2228052267483099E+00 -0.1024628830108407E+03
  0.1787316830849811E+01 -0.2148326776749467E+00 -0.1042615426830481E+03
  0.1779146246002545E+01 -0.2068457867579697E+00 -0.1061592216387740E+03
  0.1770975661130345E+01 -0.1988450871878683E+00 -0.1082065090531863E+03
  0.1762805076234296E+01 -0.1908311130769725E+00 -0.1104548585393974E+03
  0.1754634491315471E+01 -0.1828043994237966E+00 -0.1128160585819117E+03
  0.1746463906374929E+01 -0.1747654820773241E+00 -0.1151335667259084E+03
  0.1738293321413718E+01 -0.1667148977012352E+00 -0.1173994384825587E+03
  0.1730122736432872E+01 -0.1586531837380799E+00 -0.1198468399317064E+03
  0.1721952151433418E+01 -0.1505808783733995E+00 -0.1226260848345191E+03
  0.1713781566416370E+01 -0.1424985204997981E+00 -0.1255872247061549E+03
  0.1705610981382731E+01 -0.1344066496809675E+00 -0.1284121391228658E+03
  0.1697440396333499E+01 -0.1263058061156663E+00 -0.1308942673867998E+03
  0.1689269811269659E+01 -0.1181965306016578E+00 -0.1329695024091294E+03
  0.1681099226192191E+01 -0.1100793644996070E+00 -0.1346597455054287E+03
  0.1672928641102067E+01 -0.1019548496969404E+00 -0.1360939169704713E+03
  0.1664758056000250E+01 -0.9382352857167028E-01 -0.1375166060359628E+03
  0.1656587470887701E+01 -0.8568594395618719E-01 -0.1390275754008018E+03
  0.1648416885765370E+01 -0.7754263910102077E-01 -0.1404923503213801E+03
  0.1640246300634206E+01 -0.6939415763857371E-01 -0.1416341954737244E+03
  0.1632075715495151E+01 -0.6124104354682962E-01 -0.1422787492423056E+03
  0.1623905130349143E+01 -0.5308384111303818E-01 -0.1423782224371781E+03
  0.1615734545197117E+01 -0.4492309489737940E-01 -0.1421414487596315E+03
  0.1607563960040004E+01 -0.3675934969660982E-01 -0.1419377393020476E+03
  0.1599393374878733E+01 -0.2859315050769285E-01 -0.1420702329524744E+03
  0.1591222789714229E+01 -0.2042504249141571E-01 -0.1425435234926246E+03
  0.1583052204547419E+01 -0.1225557093599554E-01 -0.1431340946312464E+03
  0.1574881619379224E+01 -0.4085281220676868E-02 -0.1434942589447235E+03
  0.1566711034210569E+01  0.4085281220676868E-02 -0.1433304720997495E+03
  0.1558540449042374E+01  0.1225557093599554E-01 -0.1424497255273629E+03
  0.1550369863875564E+01  0.2042504249141571E-01 -0.1409759065421752E+03
  0.1542199278711061E+01  0.2859315050769285E-01 -0.1393502703231495E+03
  0.1534028693549790E+01  0.3675934969660982E-01 -0.1380900596146939E+03
  0.1525858108392677E+01  0.4492309489737940E-01 -0.1374180396978738E+03
  0.1517687523240650E+01  0.5308384111303818E-01 -0.1372410630775160E+03
  0.1509516938094642E+01  0.6124104354682962E-01 -0.1373747088368345E+03
  0.1501346352955587E+01  0.6939415763857371E-01 -0.1376445831237358E+03
  0.1493175767824423E+01  0.7754263910102077E-01 -0.1379088671529564E+03
  0.1485005182702093E+01  0.8568594395618719E-01 -0.1381719851284656E+03
  0.1476834597589543E+01  0.9382352857167028E-01 -0.1384606982825574E+03
  0.1468664012487727E+01  0.1019548496969404E+00 -0.1387201002934247E+03
  0.1460493427397602E+01  0.1100793644996070E+00 -0.1387523575477512E+03
  0.1452322842320134E+01  0.1181965306016578E+00 -0.1384633937679272E+03
  0.1444152257256294E+01  0.1263058061156663E+00 -0.1378628014157663E+03
  0.1435981672207062E+01  0.1344066496809675E+00 -0.1370616794523078E+03
  0.1427811087173423E+01  0.1424985204997981E+00 -0.1362361291906179E+03
  0.1419640502156375E+01  0.1505808783733995E+00 -0.1356010396135001E+03
  0.1411469917156921E+01  0.1586531837380799E+00 -0.1351639850965631E+03
  0.1403299332176076E+01  0.1667148977012352E+00 -0.1347452758814685E+03
  0.1395128747214864E+01  0.1747654820773241E+00 -0.1341325495701079E+03
  0.1386958162274323E+01  0.1828043994237966E+00 -0.1333036187146716E+03
  0.1378787577355497E+01  0.1908311130769725E+00 -0.1322854856719065E+03
  0.1370616992459449E+01  0.1988450871878683E+00 -0.1311330675122989E+03
  0.1362446407587248E+01  0.2068457867579697E+00 -0.1298035176660296E+03
  0.1354275822739983E+01  0.2148326776749467E+00 -0.1281418215474968E+03
  0.1346105237918751E+01  0.2228052267483099E+00 -0.1258654132119594E+03
  0.1337934653124670E+01  0.2307629017450062E+00 -0.1228796141996974E+03
  0.1329764068358868E+01  0.2387051714249486E+00 -0.1194713293504454E+03
  0.1321593483622494E+01  0.2466315055764818E+00 -0.1161325596235678E+03
  0.1313422898916710E+01  0.2545413750517773E+00 -0.1130933435229004E+03
  0.1305252314242701E+01  0.2624342518021592E+00 -0.1102839795197603E+03
  0.1297081729601665E+01  0.2703096089133553E+00 -0.1077434244275098E+03
  0.1288911144994824E+01  0.2781669206406729E+00 -0.1058165388255664E+03
  0.1280740560423418E+01  0.2860056624440968E+00 -0.1046299569818000E+03
  0.1272569975888710E+01  0.2938253110233064E+00 -0.1037694676093833E+03
  0.1264399391391984E+01  0.3016253443526109E+00 -0.1025579836405565E+03
  0.1256228806934547E+01  0.3094052417157978E+00 -0.1005454513110146E+03
  0.1248058222517730E+01  0.3171644837408958E+00 -0.9766278449535955E+02
  0.1239887638142892E+01  0.3249025524348469E+00 -0.9413326218074889E+02
  0.1231717053811414E+01  0.3326189312180866E+00 -0.9006268485419027E+02
  0.1223546469524707E+01  0.3403131049590297E+00 -0.8524647331989203E+02
  0.1215375885284210E+01  0.3479845600084601E+00 -0.7936894069719928E+02
  0.1207205301091390E+01  0.3556327842338202E+00 -0.7255088083208226E+02
  0.1199034716947747E+01  0.3632572670534011E+00 -0.6548591060843518E+02
  0.1190864132854811E+01  0.3708574994704271E+00 -0.5912205944923915E+02
  0.1182693548814147E+01  0.3784329741070359E+00 -0.5415987721875714E+02
  0.1174522964827352E+01  0.3859831852381501E+00 -0.5078514099423772E+02
  0.1166352380896063E+01  0.3935076288252386E+00 -0.4855996720346437E+02
  0.1158181797021950E+01  0.4010058025499653E+00 -0.4670419689007436E+02
  0.1150011213206726E+01  0.4084772058477228E+00 -0.4464091029002041E+02
  0.1141840629452141E+01  0.4159213399410494E+00 -0.4256456181320354E+02
  0.1133670045759989E+01  0.4233377078729265E+00 -0.4102557789958141E+02
  0.1125499462132108E+01  0.4307258145399545E+00 -0.4022284219851519E+02
  0.1117328878570381E+01  0.4380851667254050E+00 -0.3981847868724912E+02
  0.1109158295076737E+01  0.4454152731321473E+00 -0.3953625678164255E+02
  0.1100987711653159E+01  0.4527156444154464E+00 -0.3932064343876019E+02
  0.1092817128301675E+01  0.4599857932156304E+00 -0.3916585040453727E+02
  0.1084646545024371E+01  0.4672252341906264E+00 -0.3894850757846277E+02
  0.1076475961823386E+01  0.4744334840483606E+00 -0.3858384000833940E+02
  0.1068305378700920E+01  0.4816100615790221E+00 -0.3794566340526714E+02
  0.1060134795659229E+01  0.4887544876871878E+00 -0.3694701090584160E+02
  0.1051964212700635E+01  0.4958662854238058E+00 -0.3570205947718900E+02
  0.1043793629827524E+01  0.5029449800180356E+00 -0.3461293617389957E+02
  0.1035623047042350E+01  0.5099900989089429E+00 -0.3393865953113476E+02
  0.1027452464347638E+01  0.5170011717770473E+00 -0.3357421784830202E+02
  0.1019281881745987E+01  0.5239777305757194E+00 -0.3331238082790475E+02
  0.1011111299240073E+01  0.5309193095624275E+00 -0.3326234995468037E+02
  0.1002940716832650E+01  0.5378254453298289E+00 -0.3353388848416134E+02
  0.9947701345265596E+00  0.5446956768367068E+00 -0.3377369810655789E+02
  0.9865995523247275E+00  0.5515295454387482E+00 -0.3332453772830222E+02
  0.9784289702301714E+00  0.5583265949191624E+00 -0.3187270794199276E+02
  0.9702583882460036E+00  0.5650863715191369E+00 -0.2949254386328592E+02
  0.9620878063754359E+00  0.5718084239681300E+00 -0.2638371881886287E+02
  0.9539172246217830E+00  0.5784923035139965E+00 -0.2265171588873050E+02
  0.9457466429884676E+00  0.5851375639529456E+00 -0.1847028549452645E+02
  0.9375760614790253E+00  0.5917437616593286E+00 -0.1401047341886757E+02
  0.9294054800971098E+00  0.5983104556152549E+00 -0.9471763084558377E+01
  0.9212348988464978E+00  0.6048372074400329E+00 -0.5157010400702619E+01
  0.9130643177310944E+00  0.6113235814194364E+00 -0.1350495860927524E+01
  0.9048937367549402E+00  0.6177691445347914E+00  0.1946173752736555E+01
  0.8967231559222163E+00  0.6241734664918837E+00  0.4890185785246010E+01
  0.8885525752372514E+00  0.6305361197496849E+00  0.7585144420503667E+01
  0.8803819947045285E+00  0.6368566795488945E+00  0.1011027041567916E+02
  0.8722114143286931E+00  0.6431347239402948E+00  0.1268651167258386E+02
  0.8640408341145595E+00  0.6493698338129212E+00  0.1533050723355089E+02
  0.8558702540671204E+00  0.6555615929220400E+00  0.1784952484892320E+02
  0.8476996741915547E+00  0.6617095879169366E+00  0.2012981032791848E+02
  0.8395290944932369E+00  0.6678134083685102E+00  0.2239266533112257E+02
  0.8313585149777468E+00  0.6738726467966731E+00  0.2468087407698261E+02
  0.8231879356508802E+00  0.6798868986975534E+00  0.2661758375904817E+02
  0.8150173565186587E+00  0.6858557625704990E+00  0.2776571163556608E+02
  0.8068467775873427E+00  0.6917788399448808E+00  0.2829288374177600E+02
  0.7986761988634423E+00  0.6976557354066943E+00  0.2874658777906886E+02
  0.7905056203537315E+00  0.7034860566249567E+00  0.2950028548161916E+02
  0.7823350420652612E+00  0.7092694143778975E+00  0.3044182854223358E+02
  0.7741644640053743E+00  0.7150054225789432E+00  0.3139263252984734E+02
  0.7659938861817212E+00  0.7206936983024912E+00  0.3214429463203513E+02
  0.7578233086022768E+00  0.7263338618094733E+00  0.3258687979191171E+02
  0.7496527312753575E+00  0.7319255365727068E+00  0.3264309053315653E+02
  0.7414821542096410E+00  0.7374683493020299E+00  0.3239616935395879E+02
  0.7333115774141861E+00  0.7429619299692227E+00  0.3181228327987272E+02
  0.7251410008984539E+00  0.7484059118327094E+00  0.3090320818866495E+02
  0.7169704246723316E+00  0.7537999314620412E+00  0.2974876294987068E+02
  0.7087998487461566E+00  0.7591436287621580E+00  0.2852747632874188E+02
  0.7006292731307425E+00  0.7644366469974285E+00  0.2724602964263370E+02
  0.6924586978374083E+00  0.7696786328154644E+00  0.2614114384819427E+02
  0.6842881228780077E+00  0.7748692362707100E+00  0.2556883388969764E+02
  0.6761175482649616E+00  0.7800081108478040E+00  0.2583273131558538E+02
  0.6679469740112938E+00  0.7850949134847117E+00  0.2684092438914780E+02
  0.6597764001306670E+00  0.7901293045956280E+00  0.2852360144203207E+02
  0.6516058266374236E+00  0.7951109480936471E+00  0.3072210865984942E+02
  0.6434352535466297E+00  0.8000395114131988E+00  0.3294721669671350E+02
  0.6352646808741202E+00  0.8049146655322506E+00  0.3436054668443931E+02
  0.6270941086365502E+00  0.8097360849942720E+00  0.3455641964596595E+02
  0.6189235368514482E+00  0.8145034479299620E+00  0.3359612290619822E+02
  0.6107529655372755E+00  0.8192164360787360E+00  0.3180351934325166E+02
  0.6025823947134890E+00  0.8238747348099726E+00  0.2932480090761385E+02
  0.5944118244006098E+00  0.8284780331440178E+00  0.2668153061531203E+02
  0.5862412546202973E+00  0.8330260237729452E+00  0.2460814324955133E+02
  0.5780706853954301E+00  0.8375184030810715E+00  0.2355024707941121E+02
  0.5699001167501928E+00  0.8419548711652254E+00  0.2334002128936198E+02
  0.5617295487101719E+00  0.8463351318547683E+00  0.2372250560797193E+02
  0.5535589813024583E+00  0.8506588927313666E+00  0.2430581854613382E+02
  0.5453884145557613E+00  0.8549258651485127E+00  0.2467149191369253E+02
  0.5372178485005299E+00  0.8591357642507945E+00  0.2456635545459790E+02
  0.5290472831690897E+00  0.8632883089929120E+00  0.2469446117292896E+02
  0.5208767185957875E+00  0.8673832221584393E+00  0.2593943332941750E+02
  0.5127061548171545E+00  0.8714202303783312E+00  0.2849795996902383E+02
  0.5045355918720822E+00  0.8753990641491725E+00  0.3168323150131496E+02
  0.4963650298020162E+00  0.8793194578511700E+00  0.3510727459256326E+02
  0.4881944686511717E+00  0.8831811497658847E+00  0.3888204875044732E+02
  0.4800239084667671E+00  0.8869838820937034E+00  0.4337768815413021E+02
  0.4718533492992859E+00  0.8907274009710492E+00  0.4874141599299152E+02
  0.4636827912027636E+00  0.8944114564873288E+00  0.5512570041273372E+02
  0.4555122342351060E+00  0.8980358027016164E+00  0.6217191594591377E+02
  0.4473416784584431E+00  0.9016001976590722E+00  0.6943452235550197E+02
  0.4391711239395221E+00  0.9051044034070944E+00  0.7672805737286498E+02
  0.4310005707501444E+00  0.9085481860112055E+00  0.8461980739533347E+02
  0.4228300189676551E+00  0.9119313155706682E+00  0.9350308753716600E+02
  0.4146594686754885E+00  0.9152535662338340E+00  0.1034428571187681E+03
  0.4064889199637791E+00  0.9185147162132208E+00  0.1141562687772739E+03
  0.3983183729300507E+00  0.9217145478003181E+00  0.1254188703019902E+03
  0.3901478276799883E+00  0.9248528473801222E+00  0.1367311314315600E+03
  0.3819772843283120E+00  0.9279294054453956E+00  0.1482556827340546E+03
  0.3738067429997641E+00  0.9309440166106540E+00  0.1608232338041178E+03
  0.3656362038302282E+00  0.9338964796258775E+00  0.1753229373962630E+03
  0.3574656669680030E+00  0.9367865973899459E+00  0.1913343497319770E+03
  0.3492951325752533E+00  0.9396141769637963E+00  0.2079485795794610E+03
  0.3411246008296713E+00  0.9423790295833044E+00  0.2244749961941820E+03
  0.3329540719263814E+00  0.9450809706718851E+00  0.2407114513915784E+03
  0.3247835460801308E+00  0.9477198198528157E+00  0.2560728077388804E+03
  0.3166130235278230E+00  0.9502954009612771E+00  0.2707978362149237E+03
  0.3084425045314506E+00  0.9528075420561144E+00  0.2862686120973308E+03
  0.3002719893815085E+00  0.9552560754313160E+00  0.3041897014893771E+03
  0.2921014784009779E+00  0.9576408376272095E+00  0.3244280555020291E+03
  0.2839309719500016E+00  0.9599616694413742E+00  0.3460056377362942E+03
  0.2757604704313845E+00  0.9622184159392698E+00  0.3678883789021559E+03
  0.2675899742971076E+00  0.9644109264645802E+00  0.3898318313002741E+03
  0.2594194840560681E+00  0.9665390546492710E+00  0.4114501405667539E+03
  0.2512490002833307E+00  0.9686026584233628E+00  0.4332565429954105E+03
  0.2430785236312446E+00  0.9706016000244151E+00  0.4560217019634659E+03
  0.2349080548428762E+00  0.9725357460067257E+00  0.4800481828322286E+03
  0.2267375947683499E+00  0.9744049672502397E+00  0.5047156315887661E+03
  0.2185671443848464E+00  0.9762091389691724E+00  0.5309255151543582E+03
  0.2103967048212628E+00  0.9779481407203411E+00  0.5603173965266757E+03
  0.2022262773888417E+00  0.9796218564112101E+00  0.5935949884311977E+03
  0.1940558636195398E+00  0.9812301743076443E+00  0.6295835882548120E+03
  0.1858854653144977E+00  0.9827729870413743E+00  0.6676680173904994E+03
  0.1777150846058812E+00  0.9842501916171713E+00  0.7071091787100106E+03
  0.1695447240365762E+00  0.9856616894197333E+00  0.7468923222034814E+03
  0.1613743866640789E+00  0.9870073862202815E+00  0.7862353665435219E+03
  0.1532040761975885E+00  0.9882871921828699E+00  0.8267995628739624E+03
  0.1450337971813853E+00  0.9895010218704087E+00  0.8696924919900863E+03
  0.1368635552438019E+00  0.9906487942504061E+00  0.9145468277064775E+03
  0.1286933574408989E+00  0.9917304327004320E+00  0.9607447137284100E+03
  0.1205232127396896E+00  0.9927458650133153E+00  0.1011030061392065E+04
  0.1123531327118049E+00  0.9936950234020883E+00  0.1067017808745967E+04
  0.1041831325528455E+00  0.9945778445047068E+00  0.1128064018276499E+04
  0.9601323262085862E-01  0.9953942693885953E+00  0.1193640296085112E+04
  0.8784346083082471E-01  0.9961442435551087E+00  0.1267095184283377E+04
  0.7967385651719167E-01  0.9968277169440913E+00  0.1349124921999802E+04
  0.7150447693306423E-01  0.9974446439389107E+00  0.1439502104110878E+04
  0.6333540875299180E-01  0.9979949833727938E+00  0.1541446032457476E+04
  0.5516678972815772E-01  0.9984786985384589E+00  0.1664410351573666E+04
  0.4699885272846815E-01  0.9988957572063257E+00  0.1814025206586788E+04
  0.3883202470742381E-01  0.9992461316671845E+00  0.2008466051619491E+04
  0.3066718105470672E-01  0.9995297988558859E+00  0.2291452449458081E+04
  0.2250643816359393E-01  0.9997467408113523E+00  0.2707982437715868E+04
  0.1435650599352885E-01  0.9998969471378596E+00  0.3209055996377574E+04
  0.6254421014113626E-02  0.9999804411726474E+00  0.3621843001062514E+04
