# nlmax, ncor, nside =         383           1         128
  0.3135338232575680E+01 -0.9999804411726474E+00  0.8129148353010505E+05
  0.3127236147596264E+01 -0.9998969471378596E+00  0.8068167871749254E+05
  0.3119086215426199E+01 -0.9997467408113523E+00  0.7961242343260300E+05
  0.3110925472535087E+01 -0.9995297988558859E+00  0.7812247807909524E+05
  0.3102760628882369E+01 -0.9992461316671845E+00  0.7627398083691233E+05
  0.3094593800861325E+01 -0.9988957572063257E+00  0.7415670210855897E+05
  0.3086425863861635E+01 -0.9984786985384589E+00  0.7187897375017122E+05
  0.3078257244836801E+01 -0.9979949833727938E+00  0.6954394186124470E+05
  0.3070088176656729E+01 -0.9974446439389107E+00  0.6722034150346283E+05
  0.3061918797072602E+01 -0.9968277169440913E+00  0.6494303600897537E+05
  0.3053749192758969E+01 -0.9961442435551087E+00  0.6273963367482600E+05
  0.3045579420968934E+01 -0.9953942693885953E+00  0.6064268683738804E+05
  0.3037409521036948E+01 -0.9945778445047068E+00  0.5868008962048205E+05
  0.3029239520877988E+01 -0.9936950234020883E+00  0.5686650075741696E+05
  0.3021069440850104E+01 -0.9927458650133153E+00  0.5520782072443324E+05
  0.3012899296148894E+01 -0.9917304327004320E+00  0.5370583564590161E+05
  0.3004729098345992E+01 -0.9906487942504061E+00  0.5235392965190402E+05
  0.2996558856408408E+01 -0.9895010218704087E+00  0.5113064298192767E+05
  0.2988388577392205E+01 -0.9882871921828699E+00  0.5000155334095785E+05
  0.2980218266925714E+01 -0.9870073862202815E+00  0.4893357654189586E+05
  0.2972047929553217E+01 -0.9856616894197333E+00  0.4790718894427954E+05
  0.2963877568983912E+01 -0.9842501916171713E+00  0.4691715264906646E+05
  0.2955707188275296E+01 -0.9827729870413743E+00  0.4596637419126696E+05
  0.2947536789970254E+01 -0.9812301743076443E+00  0.4505642360063383E+05
  0.2939366376200951E+01 -0.9796218564112101E+00  0.4418013948523028E+05
  0.2931195948768531E+01 -0.9779481407203411E+00  0.4332420663407841E+05
  0.2923025509204947E+01 -0.9762091389691724E+00  0.4247831774027784E+05
  0.2914855058821443E+01 -0.9744049672502397E+00  0.4164103012199636E+05
  0.2906684598746917E+01 -0.9725357460067257E+00  0.4081638877567267E+05
  0.2898514129958549E+01 -0.9706016000244151E+00  0.4000872297995307E+05
  0.2890343653306462E+01 -0.9686026584233628E+00  0.3922355296303017E+05
  0.2882173169533725E+01 -0.9665390546492710E+00  0.3846823821121010E+05
  0.2874002679292686E+01 -0.9644109264645802E+00  0.3774910825888471E+05
  0.2865832183158409E+01 -0.9622184159392698E+00  0.3706656246777174E+05
  0.2857661681639792E+01 -0.9599616694413742E+00  0.3641274457669791E+05
  0.2849491175188815E+01 -0.9576408376272095E+00  0.3577770708190084E+05
  0.2841320664208285E+01 -0.9552560754313160E+00  0.3516020244395120E+05
  0.2833150149058343E+01 -0.9528075420561144E+00  0.3457019996360607E+05
  0.2824979630061970E+01 -0.9502954009612771E+00  0.3402056543538382E+05
  0.2816809107509663E+01 -0.9477198198528157E+00  0.3351849161643645E+05
  0.2808638581663412E+01 -0.9450809706718851E+00  0.3305636282858898E+05
  0.2800468052760122E+01 -0.9423790295833044E+00  0.3260521309888945E+05
  0.2792297521014540E+01 -0.9396141769637963E+00  0.3213337534400220E+05
  0.2784126986621790E+01 -0.9367865973899459E+00  0.3163593108797768E+05
  0.2775956449759565E+01 -0.9338964796258775E+00  0.3113278711779131E+05
  0.2767785910590029E+01 -0.9309440166106540E+00  0.3064369472842907E+05
  0.2759615369261481E+01 -0.9279294054453956E+00  0.3017574954491641E+05
  0.2751444825909805E+01 -0.9248528473801222E+00  0.2972913086021821E+05
  0.2743274280659743E+01 -0.9217145478003181E+00  0.2930537992857766E+05
  0.2735103733626014E+01 -0.9185147162132208E+00  0.2890908765303249E+05
  0.2726933184914305E+01 -0.9152535662338340E+00  0.2854325973835527E+05
  0.2718762634622138E+01 -0.9119313155706682E+00  0.2820400461798140E+05
  0.2710592082839649E+01 -0.9085481860112055E+00  0.2788164781278139E+05
  0.2702421529650271E+01 -0.9051044034070944E+00  0.2756709326728118E+05
  0.2694250975131350E+01 -0.9016001976590722E+00  0.2725615896942680E+05
  0.2686080419354687E+01 -0.8980358027016164E+00  0.2694955234257460E+05
  0.2677909862387029E+01 -0.8944114564873288E+00  0.2664988992702557E+05
  0.2669739304290507E+01 -0.8907274009710492E+00  0.2636003214242256E+05
  0.2661568745123026E+01 -0.8869838820937034E+00  0.2608307505931159E+05
  0.2653398184938621E+01 -0.8831811497658847E+00  0.2582010941275750E+05
  0.2645227623787777E+01 -0.8793194578511700E+00  0.2556862532463501E+05
  0.2637057061717711E+01 -0.8753990641491725E+00  0.2532436984559419E+05
  0.2628886498772639E+01 -0.8714202303783312E+00  0.2508339434947786E+05
  0.2620715934994006E+01 -0.8673832221584393E+00  0.2484369100508709E+05
  0.2612545370420704E+01 -0.8632883089929120E+00  0.2460548220851894E+05
  0.2604374805089263E+01 -0.8591357642507945E+00  0.2436909076409953E+05
  0.2596204239034032E+01 -0.8549258651485127E+00  0.2413406375945832E+05
  0.2588033672287335E+01 -0.8506588927313666E+00  0.2390002133250713E+05
  0.2579863104879621E+01 -0.8463351318547683E+00  0.2366713232934449E+05
  0.2571692536839600E+01 -0.8419548711652254E+00  0.2343642658302192E+05
  0.2563521968194363E+01 -0.8375184030810715E+00  0.2320960681990516E+05
  0.2555351398969496E+01 -0.8330260237729452E+00  0.2298829483125190E+05
  0.2547180829189184E+01 -0.8284780331440178E+00  0.2277313946101742E+05
  0.2539010258876304E+01 -0.8238747348099726E+00  0.2256382612134643E+05
  0.2530839688052518E+01 -0.8192164360787360E+00  0.2236062037794817E+05
  0.2522669116738345E+01 -0.8145034479299620E+00  0.2216491086380318E+05
  0.2514498544953243E+01 -0.8097360849942720E+00  0.2197682251463796E+05
  0.2506327972715673E+01 -0.8049146655322506E+00  0.2179381845921053E+05
  0.2498157400043163E+01 -0.8000395114131988E+00  0.2161225463868285E+05
  0.2489986826952370E+01 -0.7951109480936471E+00  0.2142988223534905E+05
  0.2481816253459126E+01 -0.7901293045956280E+00  0.2124766909401869E+05
  0.2473645679578500E+01 -0.7850949134847117E+00  0.2106943855208859E+05
  0.2465475105324832E+01 -0.7800081108478040E+00  0.2089867690148159E+05
  0.2457304530711785E+01 -0.7748692362707100E+00  0.2073539728435474E+05
  0.2449133955752385E+01 -0.7696786328154644E+00  0.2057606004906061E+05
  0.2440963380459050E+01 -0.7644366469974285E+00  0.2041637951451299E+05
  0.2432792804843637E+01 -0.7591436287621580E+00  0.2025347163552890E+05
  0.2424622228917462E+01 -0.7537999314620412E+00  0.2008558985817862E+05
  0.2416451652691339E+01 -0.7484059118327094E+00  0.1991216437516695E+05
  0.2408281076175607E+01 -0.7429619299692227E+00  0.1973505001166654E+05
  0.2400110499380152E+01 -0.7374683493020299E+00  0.1955833197206377E+05
  0.2391939922314436E+01 -0.7319255365727068E+00  0.1938611007743649E+05
  0.2383769344987516E+01 -0.7263338618094733E+00  0.1922043080725919E+05
  0.2375598767408072E+01 -0.7206936983024912E+00  0.1906064961645016E+05
  0.2367428189584419E+01 -0.7150054225789432E+00  0.1890459599641466E+05
  0.2359257611524532E+01 -0.7092694143778975E+00  0.1875087749630714E+05
  0.2351087033236062E+01 -0.7034860566249567E+00  0.1860004798017049E+05
  0.2342916454726351E+01 -0.6976557354066943E+00  0.1845363765416245E+05
  0.2334745876002450E+01 -0.6917788399448808E+00  0.1831204637325827E+05
  0.2326575297071134E+01 -0.6858557625704990E+00  0.1817417397512958E+05
  0.2318404717938913E+01 -0.6798868986975534E+00  0.1803947735256430E+05
  0.2310234138612046E+01 -0.6738726467966731E+00  0.1790884756209665E+05
  0.2302063559096557E+01 -0.6678134083685102E+00  0.1778283756963308E+05
  0.2293892979398239E+01 -0.6617095879169366E+00  0.1766063003812050E+05
  0.2285722399522673E+01 -0.6555615929220400E+00  0.1754085236320016E+05
  0.2277551819475234E+01 -0.6493698338129212E+00  0.1742213552405261E+05
  0.2269381239261100E+01 -0.6431347239402948E+00  0.1730336802162874E+05
  0.2261210658885265E+01 -0.6368566795488945E+00  0.1718435541856915E+05
  0.2253040078352542E+01 -0.6305361197496849E+00  0.1706536222662169E+05
  0.2244869497667577E+01 -0.6241734664918837E+00  0.1694582656701014E+05
  0.2236698916834853E+01 -0.6177691445347914E+00  0.1682437241973817E+05
  0.2228528335858699E+01 -0.6113235814194364E+00  0.1669977671425275E+05
  0.2220357754743295E+01 -0.6048372074400329E+00  0.1657116066371074E+05
  0.2212187173492683E+01 -0.5983104556152549E+00  0.1643802240941075E+05
  0.2204016592110768E+01 -0.5917437616593286E+00  0.1630065454323542E+05
  0.2195846010601326E+01 -0.5851375639529456E+00  0.1616013931245405E+05
  0.2187675428968010E+01 -0.5784923035139965E+00  0.1601766730959355E+05
  0.2179504847214357E+01 -0.5718084239681300E+00  0.1587446870747146E+05
  0.2171334265343789E+01 -0.5650863715191369E+00  0.1573293198209518E+05
  0.2163163683359622E+01 -0.5583265949191624E+00  0.1559718905022053E+05
  0.2154993101265066E+01 -0.5515295454387482E+00  0.1547116477040338E+05
  0.2146822519063234E+01 -0.5446956768367068E+00  0.1535592019172524E+05
  0.2138651936757143E+01 -0.5378254453298289E+00  0.1524937410817878E+05
  0.2130481354349721E+01 -0.5309193095624275E+00  0.1514846521754338E+05
  0.2122310771843806E+01 -0.5239777305757194E+00  0.1505115967960595E+05
  0.2114140189242155E+01 -0.5170011717770473E+00  0.1495645833409858E+05
  0.2105969606547443E+01 -0.5099900989089429E+00  0.1486274130870258E+05
  0.2097799023762269E+01 -0.5029449800180356E+00  0.1476691118427710E+05
  0.2089628440889158E+01 -0.4958662854238058E+00  0.1466616242390196E+05
  0.2081457857930564E+01 -0.4887544876871878E+00  0.1456009317491141E+05
  0.2073287274888874E+01 -0.4816100615790221E+00  0.1444966057318491E+05
  0.2065116691766407E+01 -0.4744334840483606E+00  0.1433487807025376E+05
  0.2056946108565423E+01 -0.4672252341906264E+00  0.1421489506363865E+05
  0.2048775525288118E+01 -0.4599857932156304E+00  0.1408979696294385E+05
  0.2040604941936635E+01 -0.4527156444154464E+00  0.1396181014381620E+05
  0.2032434358513056E+01 -0.4454152731321473E+00  0.1383506410286770E+05
  0.2024263775019413E+01 -0.4380851667254050E+00  0.1371413767045597E+05
  0.2016093191457685E+01 -0.4307258145399545E+00  0.1360247664358956E+05
  0.2007922607829804E+01 -0.4233377078729265E+00  0.1350129659367497E+05
  0.1999752024137653E+01 -0.4159213399410494E+00  0.1340940972429016E+05
  0.1991581440383068E+01 -0.4084772058477228E+00  0.1332379592772030E+05
  0.1983410856567843E+01 -0.4010058025499653E+00  0.1324131723277378E+05
  0.1975240272693730E+01 -0.3935076288252386E+00  0.1316085044380578E+05
  0.1967069688762441E+01 -0.3859831852381501E+00  0.1308395076102594E+05
  0.1958899104775647E+01 -0.3784329741070359E+00  0.1301316653280094E+05
  0.1950728520734982E+01 -0.3708574994704271E+00  0.1294920986663509E+05
  0.1942557936642046E+01 -0.3632572670534011E+00  0.1288949834613021E+05
  0.1934387352498403E+01 -0.3556327842338202E+00  0.1283005255889951E+05
  0.1926216768305583E+01 -0.3479845600084601E+00  0.1276897650295814E+05
  0.1918046184065086E+01 -0.3403131049590297E+00  0.1270787675329223E+05
  0.1909875599778379E+01 -0.3326189312180866E+00  0.1264970918965030E+05
  0.1901705015446901E+01 -0.3249025524348469E+00  0.1259573558774900E+05
  0.1893534431072063E+01 -0.3171644837408958E+00  0.1254542875627674E+05
  0.1885363846655247E+01 -0.3094052417157978E+00  0.1249890447770156E+05
  0.1877193262197810E+01 -0.3016253443526109E+00  0.1245762971435257E+05
  0.1869022677701083E+01 -0.2938253110233064E+00  0.1242237289460337E+05
  0.1860852093166375E+01 -0.2860056624440968E+00  0.1239185732740669E+05
  0.1852681508594969E+01 -0.2781669206406729E+00  0.1236407108007019E+05
  0.1844510923988128E+01 -0.2703096089133553E+00  0.1233709468418575E+05
  0.1836340339347093E+01 -0.2624342518021592E+00  0.1230830805144590E+05
  0.1828169754673083E+01 -0.2545413750517773E+00  0.1227458642005648E+05
  0.1819999169967299E+01 -0.2466315055764818E+00  0.1223438825922528E+05
  0.1811828585230925E+01 -0.2387051714249486E+00  0.1218876768418805E+05
  0.1803658000465123E+01 -0.2307629017450062E+00  0.1213956050441177E+05
  0.1795487415671042E+01 -0.2228052267483099E+00  0.1208751270996111E+05
  0.1787316830849811E+01 -0.2148326776749467E+00  0.1203272192164204E+05
  0.1779146246002545E+01 -0.2068457867579697E+00  0.1197549225075270E+05
  0.1770975661130345E+01 -0.1988450871878683E+00  0.1191607793869072E+05
  0.1762805076234296E+01 -0.1908311130769725E+00  0.1185493496704620E+05
  0.1754634491315471E+01 -0.1828043994237966E+00  0.1179401743561071E+05
  0.1746463906374929E+01 -0.1747654820773241E+00  0.1173609534128160E+05
  0.1738293321413718E+01 -0.1667148977012352E+00  0.1168223528722181E+05
  0.1730122736432872E+01 -0.1586531837380799E+00  0.1163141472133783E+05
  0.1721952151433418E+01 -0.1505808783733995E+00  0.1158274066536738E+05
  0.1713781566416370E+01 -0.1424985204997981E+00  0.1153697393772816E+05
  0.1705610981382731E+01 -0.1344066496809675E+00  0.1149592689984928E+05
  0.1697440396333499E+01 -0.1263058061156663E+00  0.1146123903174316E+05
  0.1689269811269659E+01 -0.1181965306016578E+00  0.1143413713109492E+05
  0.1681099226192191E+01 -0.1100793644996070E+00  0.1141513358067238E+05
  0.1672928641102067E+01 -0.1019548496969404E+00  0.1140332249716389E+05
  0.1664758056000250E+01 -0.9382352857167028E-01  0.1139632361474962E+05
  0.1656587470887701E+01 -0.8568594395618719E-01  0.1139156909979806E+05
  0.1648416885765370E+01 -0.7754263910102077E-01  0.1138770025517203E+05
  0.1640246300634206E+01 -0.6939415763857371E-01  0.1138454344047384E+05
  0.1632075715495151E+01 -0.6124104354682962E-01  0.1138180118819337E+05
  0.1623905130349143E+01 -0.5308384111303818E-01  0.1137870790175859E+05
  0.1615734545197117E+01 -0.4492309489737940E-01  0.1137482381925839E+05
  0.1607563960040004E+01 -0.3675934969660982E-01  0.1136982759045907E+05
  0.1599393374878733E+01 -0.2859315050769285E-01  0.1136240033096231E+05
  0.1591222789714229E+01 -0.2042504249141571E-01  0.1135086788879464E+05
  0.1583052204547419E+01 -0.1225557093599554E-01  0.1133493125509826E+05
  0.1574881619379224E+01 -0.4085281220676868E-02  0.1131629903932105E+05
  0.1566711034210569E+01  0.4085281220676868E-02  0.1129794864801080E+05
  0.1558540449042374E+01  0.1225557093599554E-01  0.1128258491490704E+05
  0.1550369863875564E+01  0.2042504249141571E-01  0.1127120534535563E+05
  0.1542199278711061E+01  0.2859315050769285E-01  0.1126312699280950E+05
  0.1534028693549790E+01  0.3675934969660982E-01  0.1125754352024324E+05
  0.1525858108392677E+01  0.4492309489737940E-01  0.1125514545799929E+05
  0.1517687523240650E+01  0.5308384111303818E-01  0.1125760617912367E+05
  0.1509516938094642E+01  0.6124104354682962E-01  0.1126605280071871E+05
  0.1501346352955587E+01  0.6939415763857371E-01  0.1127985583980533E+05
  0.1493175767824423E+01  0.7754263910102077E-01  0.1129633995342044E+05
  0.1485005182702093E+01  0.8568594395618719E-01  0.1131257189537826E+05
  0.1476834597589543E+01  0.9382352857167028E-01  0.1132834831717405E+05
  0.1468664012487727E+01  0.1019548496969404E+00  0.1134654930405843E+05
  0.1460493427397602E+01  0.1100793644996070E+00  0.1136964397961788E+05
  0.1452322842320134E+01  0.1181965306016578E+00  0.1139724177396063E+05
  0.1444152257256294E+01  0.1263058061156663E+00  0.1142812026990633E+05
  0.1435981672207062E+01  0.1344066496809675E+00  0.1146311133012542E+05
  0.1427811087173423E+01  0.1424985204997981E+00  0.1150459196021990E+05
  0.1419640502156375E+01  0.1505808783733995E+00  0.1155330590404776E+05
  0.1411469917156921E+01  0.1586531837380799E+00  0.1160705260512485E+05
  0.1403299332176076E+01  0.1667148977012352E+00  0.1166236636752162E+05
  0.1395128747214864E+01  0.1747654820773241E+00  0.1171581619455970E+05
  0.1386958162274323E+01  0.1828043994237966E+00  0.1176385288401230E+05
  0.1378787577355497E+01  0.1908311130769725E+00  0.1180327020269477E+05
  0.1370616992459449E+01  0.1988450871878683E+00  0.1183290579907029E+05
  0.1362446407587248E+01  0.2068457867579697E+00  0.1185447705008020E+05
  0.1354275822739983E+01  0.2148326776749467E+00  0.1187168594641183E+05
  0.1346105237918751E+01  0.2228052267483099E+00  0.1188908626380135E+05
  0.1337934653124670E+01  0.2307629017450062E+00  0.1191025473471432E+05
  0.1329764068358868E+01  0.2387051714249486E+00  0.1193589244439492E+05
  0.1321593483622494E+01  0.2466315055764818E+00  0.1196461806051436E+05
  0.1313422898916710E+01  0.2545413750517773E+00  0.1199613014703583E+05
  0.1305252314242701E+01  0.2624342518021592E+00  0.1203203822140142E+05
  0.1297081729601665E+01  0.2703096089133553E+00  0.1207343887024649E+05
  0.1288911144994824E+01  0.2781669206406729E+00  0.1211936279837292E+05
  0.1280740560423418E+01  0.2860056624440968E+00  0.1216831262435937E+05
  0.1272569975888710E+01  0.2938253110233064E+00  0.1222044207189337E+05
  0.1264399391391984E+01  0.3016253443526109E+00  0.1227752535483535E+05
  0.1256228806934547E+01  0.3094052417157978E+00  0.1234074945644658E+05
  0.1248058222517730E+01  0.3171644837408958E+00  0.1240943098528419E+05
  0.1239887638142892E+01  0.3249025524348469E+00  0.1248185600173727E+05
  0.1231717053811414E+01  0.3326189312180866E+00  0.1255698761679827E+05
  0.1223546469524707E+01  0.3403131049590297E+00  0.1263493589892156E+05
  0.1215375885284210E+01  0.3479845600084601E+00  0.1271618190607929E+05
  0.1207205301091390E+01  0.3556327842338202E+00  0.1280119425395703E+05
  0.1199034716947747E+01  0.3632572670534011E+00  0.1289073034510341E+05
  0.1190864132854811E+01  0.3708574994704271E+00  0.1298579172530915E+05
  0.1182693548814147E+01  0.3784329741070359E+00  0.1308702234364225E+05
  0.1174522964827352E+01  0.3859831852381501E+00  0.1319363605944777E+05
  0.1166352380896063E+01  0.3935076288252386E+00  0.1330365247340560E+05
  0.1158181797021950E+01  0.4010058025499653E+00  0.1341575731336363E+05
  0.1150011213206726E+01  0.4084772058477228E+00  0.1353021226595648E+05
  0.1141840629452141E+01  0.4159213399410494E+00  0.1364766902053480E+05
  0.1133670045759989E+01  0.4233377078729265E+00  0.1376827278245827E+05
  0.1125499462132108E+01  0.4307258145399545E+00  0.1389156335016301E+05
  0.1117328878570381E+01  0.4380851667254050E+00  0.1401639525298579E+05
  0.1109158295076737E+01  0.4454152731321473E+00  0.1414166370483656E+05
  0.1100987711653159E+01  0.4527156444154464E+00  0.1426767286972244E+05
  0.1092817128301675E+01  0.4599857932156304E+00  0.1439537062918305E+05
  0.1084646545024371E+01  0.4672252341906264E+00  0.1452382049569892E+05
  0.1076475961823386E+01  0.4744334840483606E+00  0.1464970161918687E+05
  0.1068305378700920E+01  0.4816100615790221E+00  0.1477049124921023E+05
  0.1060134795659229E+01  0.4887544876871878E+00  0.1488684481256945E+05
  0.1051964212700635E+01  0.4958662854238058E+00  0.1500106738549177E+05
  0.1043793629827524E+01  0.5029449800180356E+00  0.1511432042430740E+05
  0.1035623047042350E+01  0.5099900989089429E+00  0.1522650925464552E+05
  0.1027452464347638E+01  0.5170011717770473E+00  0.1533789264010582E+05
  0.1019281881745987E+01  0.5239777305757194E+00  0.1544890657718953E+05
  0.1011111299240073E+01  0.5309193095624275E+00  0.1555841149177191E+05
  0.1002940716832650E+01  0.5378254453298289E+00  0.1566512900422931E+05
  0.9947701345265596E+00  0.5446956768367068E+00  0.1577113162369244E+05
  0.9865995523247275E+00  0.5515295454387482E+00  0.1588112843029116E+05
  0.9784289702301714E+00  0.5583265949191624E+00  0.1599770318596841E+05
  0.9702583882460036E+00  0.5650863715191369E+00  0.1611992394047067E+05
  0.9620878063754359E+00  0.5718084239681300E+00  0.1624575858350771E+05
  0.9539172246217830E+00  0.5784923035139965E+00  0.1637331876544246E+05
  0.9457466429884676E+00  0.5851375639529456E+00  0.1650108813801133E+05
  0.9375760614790253E+00  0.5917437616593286E+00  0.1662924164434856E+05
  0.9294054800971098E+00  0.5983104556152549E+00  0.1676035266820627E+05
  0.9212348988464978E+00  0.6048372074400329E+00  0.1689839984867991E+05
  0.9130643177310944E+00  0.6113235814194364E+00  0.1704674968304826E+05
  0.9048937367549402E+00  0.6177691445347914E+00  0.1720664745145186E+05
  0.8967231559222163E+00  0.6241734664918837E+00  0.1737659317285976E+05
  0.8885525752372514E+00  0.6305361197496849E+00  0.1755240389283969E+05
  0.8803819947045285E+00  0.6368566795488945E+00  0.1772784452612285E+05
  0.8722114143286931E+00  0.6431347239402948E+00  0.1789665644898882E+05
  0.8640408341145595E+00  0.6493698338129212E+00  0.1805517885268056E+05
  0.8558702540671204E+00  0.6555615929220400E+00  0.1820334424262111E+05
  0.8476996741915547E+00  0.6617095879169366E+00  0.1834307871926084E+05
  0.8395290944932369E+00  0.6678134083685102E+00  0.1847632527868585E+05
  0.8313585149777468E+00  0.6738726467966731E+00  0.1860404709807966E+05
  0.8231879356508802E+00  0.6798868986975534E+00  0.1872744802759378E+05
  0.8150173565186587E+00  0.6858557625704990E+00  0.1884947589872151E+05
  0.8068467775873427E+00  0.6917788399448808E+00  0.1897433223363864E+05
  0.7986761988634423E+00  0.6976557354066943E+00  0.1910609335724678E+05
  0.7905056203537315E+00  0.7034860566249567E+00  0.1924790778274031E+05
  0.7823350420652612E+00  0.7092694143778975E+00  0.1940099399896271E+05
  0.7741644640053743E+00  0.7150054225789432E+00  0.1956362433197402E+05
  0.7659938861817212E+00  0.7206936983024912E+00  0.1973183257092228E+05
  0.7578233086022768E+00  0.7263338618094733E+00  0.1990322943608083E+05
  0.7496527312753575E+00  0.7319255365727068E+00  0.2007961806814332E+05
  0.7414821542096410E+00  0.7374683493020299E+00  0.2026389112125509E+05
  0.7333115774141861E+00  0.7429619299692227E+00  0.2045466015705028E+05
  0.7251410008984539E+00  0.7484059118327094E+00  0.2064782860395356E+05
  0.7169704246723316E+00  0.7537999314620412E+00  0.2084296423444689E+05
  0.7087998487461566E+00  0.7591436287621580E+00  0.2104367736627620E+05
  0.7006292731307425E+00  0.7644366469974285E+00  0.2125206466387696E+05
  0.6924586978374083E+00  0.7696786328154644E+00  0.2146698420616117E+05
  0.6842881228780077E+00  0.7748692362707100E+00  0.2168750477845588E+05
  0.6761175482649616E+00  0.7800081108478040E+00  0.2191564460724988E+05
  0.6679469740112938E+00  0.7850949134847117E+00  0.2215462796681430E+05
  0.6597764001306670E+00  0.7901293045956280E+00  0.2240572039410472E+05
  0.6516058266374236E+00  0.7951109480936471E+00  0.2266704592340058E+05
  0.6434352535466297E+00  0.8000395114131988E+00  0.2293542369325716E+05
  0.6352646808741202E+00  0.8049146655322506E+00  0.2320927276005136E+05
  0.6270941086365502E+00  0.8097360849942720E+00  0.2348984563748557E+05
  0.6189235368514482E+00  0.8145034479299620E+00  0.2377984503539496E+05
  0.6107529655372755E+00  0.8192164360787360E+00  0.2408089025654992E+05
  0.6025823947134890E+00  0.8238747348099726E+00  0.2439144708278849E+05
  0.5944118244006098E+00  0.8284780331440178E+00  0.2470872969042893E+05
  0.5862412546202973E+00  0.8330260237729452E+00  0.2503274501955321E+05
  0.5780706853954301E+00  0.8375184030810715E+00  0.2536632850267052E+05
  0.5699001167501928E+00  0.8419548711652254E+00  0.2571128179361466E+05
  0.5617295487101719E+00  0.8463351318547683E+00  0.2606723646690049E+05
  0.5535589813024583E+00  0.8506588927313666E+00  0.2643289842511169E+05
  0.5453884145557613E+00  0.8549258651485127E+00  0.2680724985803775E+05
  0.5372178485005299E+00  0.8591357642507945E+00  0.2719040985290380E+05
  0.5290472831690897E+00  0.8632883089929120E+00  0.2758382457453611E+05
  0.5208767185957875E+00  0.8673832221584393E+00  0.2798841234565162E+05
  0.5127061548171545E+00  0.8714202303783312E+00  0.2840314935135570E+05
  0.5045355918720822E+00  0.8753990641491725E+00  0.2882633183858323E+05
  0.4963650298020162E+00  0.8793194578511700E+00  0.2925853735706583E+05
  0.4881944686511717E+00  0.8831811497658847E+00  0.2970189564109665E+05
  0.4800239084667671E+00  0.8869838820937034E+00  0.3015701268236154E+05
  0.4718533492992859E+00  0.8907274009710492E+00  0.3062249822833615E+05
  0.4636827912027636E+00  0.8944114564873288E+00  0.3109733333207786E+05
  0.4555122342351060E+00  0.8980358027016164E+00  0.3158202737404985E+05
  0.4473416784584431E+00  0.9016001976590722E+00  0.3207740299560890E+05
  0.4391711239395221E+00  0.9051044034070944E+00  0.3258293983307789E+05
  0.4310005707501444E+00  0.9085481860112055E+00  0.3309738714496705E+05
  0.4228300189676551E+00  0.9119313155706682E+00  0.3361928733345684E+05
  0.4146594686754885E+00  0.9152535662338340E+00  0.3414667645054482E+05
  0.4064889199637791E+00  0.9185147162132208E+00  0.3467874995255933E+05
  0.3983183729300507E+00  0.9217145478003181E+00  0.3521773124812724E+05
  0.3901478276799883E+00  0.9248528473801222E+00  0.3576590284588101E+05
  0.3819772843283120E+00  0.9279294054453956E+00  0.3632444479471527E+05
  0.3738067429997641E+00  0.9309440166106540E+00  0.3689675924341168E+05
  0.3656362038302282E+00  0.9338964796258775E+00  0.3748971691190043E+05
  0.3574656669680030E+00  0.9367865973899459E+00  0.3810851061957075E+05
  0.3492951325752533E+00  0.9396141769637963E+00  0.3875338351722389E+05
  0.3411246008296713E+00  0.9423790295833044E+00  0.3942238114566069E+05
  0.3329540719263814E+00  0.9450809706718851E+00  0.4011564359587718E+05
  0.3247835460801308E+00  0.9477198198528157E+00  0.4083190211955921E+05
  0.3166130235278230E+00  0.9502954009612771E+00  0.4156530469163357E+05
  0.3084425045314506E+00  0.9528075420561144E+00  0.4231203826335061E+05
  0.3002719893815085E+00  0.9552560754313160E+00  0.4307663731073227E+05
  0.2921014784009779E+00  0.9576408376272095E+00  0.4386848945636265E+05
  0.2839309719500016E+00  0.9599616694413742E+00  0.4469647454242495E+05
  0.2757604704313845E+00  0.9622184159392698E+00  0.4556671534210514E+05
  0.2675899742971076E+00  0.9644109264645802E+00  0.4648369228010267E+05
  0.2594194840560681E+00  0.9665390546492710E+00  0.4745056835574796E+05
  0.2512490002833307E+00  0.9686026584233628E+00  0.4846918315826152E+05
  0.2430785236312446E+00  0.9706016000244151E+00  0.4954129357003930E+05
  0.2349080548428762E+00  0.9725357460067257E+00  0.5067177721344703E+05
  0.2267375947683499E+00  0.9744049672502397E+00  0.5186857084366658E+05
  0.2185671443848464E+00  0.9762091389691724E+00  0.5314067343458696E+05
  0.2103967048212628E+00  0.9779481407203411E+00  0.5449602777126657E+05
  0.2022262773888417E+00  0.9796218564112101E+00  0.5594294832417839E+05
  0.1940558636195398E+00  0.9812301743076443E+00  0.5749202675422168E+05
  0.1858854653144977E+00  0.9827729870413743E+00  0.5915410091045486E+05
  0.1777150846058812E+00  0.9842501916171713E+00  0.6093413897993909E+05
  0.1695447240365762E+00  0.9856616894197333E+00  0.6283382510248222E+05
  0.1613743866640789E+00  0.9870073862202815E+00  0.6486033272084444E+05
  0.1532040761975885E+00  0.9882871921828699E+00  0.6702990851436977E+05
  0.1450337971813853E+00  0.9895010218704087E+00  0.6935788865306637E+05
  0.1368635552438019E+00  0.9906487942504061E+00  0.7185267863916077E+05
  0.1286933574408989E+00  0.9917304327004320E+00  0.7452757964857492E+05
  0.1205232127396896E+00  0.9927458650133153E+00  0.7741620689317402E+05
  0.1123531327118049E+00  0.9936950234020883E+00  0.8057364304627474E+05
  0.1041831325528455E+00  0.9945778445047068E+00  0.8407123123267721E+05
  0.9601323262085862E-01  0.9953942693885953E+00  0.8798588269747570E+05
  0.8784346083082471E-01  0.9961442435551087E+00  0.9239357514714048E+05
  0.7967385651719167E-01  0.9968277169440913E+00  0.9736668330056228E+05
  0.7150447693306423E-01  0.9974446439389107E+00  0.1029859266611204E+06
  0.6333540875299180E-01  0.9979949833727938E+00  0.1093658833888496E+06
  0.5516678972815772E-01  0.9984786985384589E+00  0.1166877313141597E+06
  0.4699885272846815E-01  0.9988957572063257E+00  0.1252096850684128E+06
  0.3883202470742381E-01  0.9992461316671845E+00  0.1352687790857030E+06
  0.3066718105470672E-01  0.9995297988558859E+00  0.1472307801996535E+06
  0.2250643816359393E-01  0.9997467408113523E+00  0.1611139484558822E+06
  0.1435650599352885E-01  0.9998969471378596E+00  0.1755212185291542E+06
  0.6254421014113626E-02  0.9999804411726474E+00  0.1865272665586557E+06
