# nlmax, ncor, nside =         383           1         128
  0.3135338232575680E+01 -0.9999804411726474E+00  0.9712784111640778E+01
  0.3127236147596264E+01 -0.9998969471378596E+00  0.7640779145759684E+01
  0.3119086215426199E+01 -0.9997467408113523E+00  0.5819394990769553E+01
  0.3110925472535087E+01 -0.9995297988558859E+00  0.5032970429988932E+01
  0.3102760628882369E+01 -0.9992461316671845E+00  0.4035560209098008E+01
  0.3094593800861325E+01 -0.9988957572063257E+00  0.1148718407848885E+01
  0.3086425863861635E+01 -0.9984786985384589E+00 -0.3656078453383755E+01
  0.3078257244836801E+01 -0.9979949833727938E+00 -0.8688026202955122E+01
  0.3070088176656729E+01 -0.9974446439389107E+00 -0.1199339565754688E+02
  0.3061918797072602E+01 -0.9968277169440913E+00 -0.1240026959949441E+02
  0.3053749192758969E+01 -0.9961442435551087E+00 -0.9922586304159003E+01
  0.3045579420968934E+01 -0.9953942693885953E+00 -0.5670430864063482E+01
  0.3037409521036948E+01 -0.9945778445047068E+00 -0.1688062360575348E+01
  0.3029239520877988E+01 -0.9936950234020883E+00  0.7066592041972835E+00
  0.3021069440850104E+01 -0.9927458650133153E+00  0.9525209666230330E+00
  0.3012899296148894E+01 -0.9917304327004320E+00 -0.7564575162663442E+00
  0.3004729098345992E+01 -0.9906487942504061E+00 -0.4040150051861327E+01
  0.2996558856408408E+01 -0.9895010218704087E+00 -0.8097639413840966E+01
  0.2988388577392205E+01 -0.9882871921828699E+00 -0.1165205608991184E+02
  0.2980218266925714E+01 -0.9870073862202815E+00 -0.1334083643376868E+02
  0.2972047929553217E+01 -0.9856616894197333E+00 -0.1253990942964319E+02
  0.2963877568983912E+01 -0.9842501916171713E+00 -0.9452290367880467E+01
  0.2955707188275296E+01 -0.9827729870413743E+00 -0.4920123665867947E+01
  0.2947536789970254E+01 -0.9812301743076443E+00  0.2769278009634102E+00
  0.2939366376200951E+01 -0.9796218564112101E+00  0.5695796756992093E+01
  0.2931195948768531E+01 -0.9779481407203411E+00  0.1117841942088859E+02
  0.2923025509204947E+01 -0.9762091389691724E+00  0.1619252221078533E+02
  0.2914855058821443E+01 -0.9744049672502397E+00  0.2035839608859550E+02
  0.2906684598746917E+01 -0.9725357460067257E+00  0.2372310129195033E+02
  0.2898514129958549E+01 -0.9706016000244151E+00  0.2680792181676844E+02
  0.2890343653306462E+01 -0.9686026584233628E+00  0.3038353287179499E+02
  0.2882173169533725E+01 -0.9665390546492710E+00  0.3532423705938448E+02
  0.2874002679292686E+01 -0.9644109264645802E+00  0.4162934986611192E+02
  0.2865832183158409E+01 -0.9622184159392698E+00  0.4843262506971337E+02
  0.2857661681639792E+01 -0.9599616694413742E+00  0.5457972269241279E+02
  0.2849491175188815E+01 -0.9576408376272095E+00  0.5924591309549914E+02
  0.2841320664208285E+01 -0.9552560754313160E+00  0.6251238991978946E+02
  0.2833150149058343E+01 -0.9528075420561144E+00  0.6498628912518420E+02
  0.2824979630061970E+01 -0.9502954009612771E+00  0.6713322894943393E+02
  0.2816809107509663E+01 -0.9477198198528157E+00  0.6901486653893092E+02
  0.2808638581663412E+01 -0.9450809706718851E+00  0.7053052698691403E+02
  0.2800468052760122E+01 -0.9423790295833044E+00  0.7129256743961558E+02
  0.2792297521014540E+01 -0.9396141769637963E+00  0.7067641135090531E+02
  0.2784126986621790E+01 -0.9367865973899459E+00  0.6812278731934138E+02
  0.2775956449759565E+01 -0.9338964796258775E+00  0.6386975730282411E+02
  0.2767785910590029E+01 -0.9309440166106540E+00  0.5903571554637762E+02
  0.2759615369261481E+01 -0.9279294054453956E+00  0.5485857890377774E+02
  0.2751444825909805E+01 -0.9248528473801222E+00  0.5177467098002050E+02
  0.2743274280659743E+01 -0.9217145478003181E+00  0.4939702577427842E+02
  0.2735103733626014E+01 -0.9185147162132208E+00  0.4698974486557971E+02
  0.2726933184914305E+01 -0.9152535662338340E+00  0.4405494528441989E+02
  0.2718762634622138E+01 -0.9119313155706682E+00  0.4057476185074815E+02
  0.2710592082839649E+01 -0.9085481860112055E+00  0.3699523141589426E+02
  0.2702421529650271E+01 -0.9051044034070944E+00  0.3411220036397851E+02
  0.2694250975131350E+01 -0.9016001976590722E+00  0.3253745072755583E+02
  0.2686080419354687E+01 -0.8980358027016164E+00  0.3215096657026999E+02
  0.2677909862387029E+01 -0.8944114564873288E+00  0.3215427097815886E+02
  0.2669739304290507E+01 -0.8907274009710492E+00  0.3184548661506049E+02
  0.2661568745123026E+01 -0.8869838820937034E+00  0.3116123456442327E+02
  0.2653398184938621E+01 -0.8831811497658847E+00  0.3034551908289500E+02
  0.2645227623787777E+01 -0.8793194578511700E+00  0.2916089565287689E+02
  0.2637057061717711E+01 -0.8753990641491725E+00  0.2737285612290817E+02
  0.2628886498772639E+01 -0.8714202303783312E+00  0.2524551920361382E+02
  0.2620715934994006E+01 -0.8673832221584393E+00  0.2349965666419853E+02
  0.2612545370420704E+01 -0.8632883089929120E+00  0.2235171745029027E+02
  0.2604374805089263E+01 -0.8591357642507945E+00  0.2159550695790361E+02
  0.2596204239034032E+01 -0.8549258651485127E+00  0.2126285672813831E+02
  0.2588033672287335E+01 -0.8506588927313666E+00  0.2178567432747352E+02
  0.2579863104879621E+01 -0.8463351318547683E+00  0.2338579307417507E+02
  0.2571692536839600E+01 -0.8419548711652254E+00  0.2583882385916244E+02
  0.2563521968194363E+01 -0.8375184030810715E+00  0.2882123984101874E+02
  0.2555351398969496E+01 -0.8330260237729452E+00  0.3216052209219227E+02
  0.2547180829189184E+01 -0.8284780331440178E+00  0.3538396797550704E+02
  0.2539010258876304E+01 -0.8238747348099726E+00  0.3818636560174387E+02
  0.2530839688052518E+01 -0.8192164360787360E+00  0.4063629157731065E+02
  0.2522669116738345E+01 -0.8145034479299620E+00  0.4330380662162679E+02
  0.2514498544953243E+01 -0.8097360849942720E+00  0.4661652092931411E+02
  0.2506327972715673E+01 -0.8049146655322506E+00  0.5066788684264775E+02
  0.2498157400043163E+01 -0.8000395114131988E+00  0.5537325411234459E+02
  0.2489986826952370E+01 -0.7951109480936471E+00  0.6044556887567702E+02
  0.2481816253459126E+01 -0.7901293045956280E+00  0.6528153523675157E+02
  0.2473645679578500E+01 -0.7850949134847117E+00  0.6946940429588261E+02
  0.2465475105324832E+01 -0.7800081108478040E+00  0.7307672804331868E+02
  0.2457304530711785E+01 -0.7748692362707100E+00  0.7636669255344729E+02
  0.2449133955752385E+01 -0.7696786328154644E+00  0.7924010324332980E+02
  0.2440963380459050E+01 -0.7644366469974285E+00  0.8123526339959717E+02
  0.2432792804843637E+01 -0.7591436287621580E+00  0.8233654994800936E+02
  0.2424622228917462E+01 -0.7537999314620412E+00  0.8306005395492730E+02
  0.2416451652691339E+01 -0.7484059118327094E+00  0.8369774011054973E+02
  0.2408281076175607E+01 -0.7429619299692227E+00  0.8422656654807528E+02
  0.2400110499380152E+01 -0.7374683493020299E+00  0.8446150930727404E+02
  0.2391939922314436E+01 -0.7319255365727068E+00  0.8448611642527227E+02
  0.2383769344987516E+01 -0.7263338618094733E+00  0.8450640858857402E+02
  0.2375598767408072E+01 -0.7206936983024912E+00  0.8429891751541062E+02
  0.2367428189584419E+01 -0.7150054225789432E+00  0.8324005054818450E+02
  0.2359257611524532E+01 -0.7092694143778975E+00  0.8131187183200286E+02
  0.2351087033236062E+01 -0.7034860566249567E+00  0.7925057849661624E+02
  0.2342916454726351E+01 -0.6976557354066943E+00  0.7810743452721340E+02
  0.2334745876002450E+01 -0.6917788399448808E+00  0.7820448600548067E+02
  0.2326575297071134E+01 -0.6858557625704990E+00  0.7916546507409419E+02
  0.2318404717938913E+01 -0.6798868986975534E+00  0.8031804926065890E+02
  0.2310234138612046E+01 -0.6738726467966731E+00  0.8135906018230546E+02
  0.2302063559096557E+01 -0.6678134083685102E+00  0.8211946196891967E+02
  0.2293892979398239E+01 -0.6617095879169366E+00  0.8220538141397130E+02
  0.2285722399522673E+01 -0.6555615929220400E+00  0.8124488897189418E+02
  0.2277551819475234E+01 -0.6493698338129212E+00  0.7955693989642073E+02
  0.2269381239261100E+01 -0.6431347239402948E+00  0.7805664700282743E+02
  0.2261210658885265E+01 -0.6368566795488945E+00  0.7733409255531193E+02
  0.2253040078352542E+01 -0.6305361197496849E+00  0.7725557001266978E+02
  0.2244869497667577E+01 -0.6241734664918837E+00  0.7728505486524543E+02
  0.2236698916834853E+01 -0.6177691445347914E+00  0.7705457917362989E+02
  0.2228528335858699E+01 -0.6113235814194364E+00  0.7684953440502530E+02
  0.2220357754743295E+01 -0.6048372074400329E+00  0.7699986519099069E+02
  0.2212187173492683E+01 -0.5983104556152549E+00  0.7735184554160182E+02
  0.2204016592110768E+01 -0.5917437616593286E+00  0.7715185288852253E+02
  0.2195846010601326E+01 -0.5851375639529456E+00  0.7591300476177537E+02
  0.2187675428968010E+01 -0.5784923035139965E+00  0.7378137257565668E+02
  0.2179504847214357E+01 -0.5718084239681300E+00  0.7131389557771119E+02
  0.2171334265343789E+01 -0.5650863715191369E+00  0.6908438986044212E+02
  0.2163163683359622E+01 -0.5583265949191624E+00  0.6740320904455146E+02
  0.2154993101265066E+01 -0.5515295454387482E+00  0.6637700989948287E+02
  0.2146822519063234E+01 -0.5446956768367068E+00  0.6564454432020941E+02
  0.2138651936757143E+01 -0.5378254453298289E+00  0.6454531795899311E+02
  0.2130481354349721E+01 -0.5309193095624275E+00  0.6279843848161961E+02
  0.2122310771843806E+01 -0.5239777305757194E+00  0.6069029483475614E+02
  0.2114140189242155E+01 -0.5170011717770473E+00  0.5862505119014816E+02
  0.2105969606547443E+01 -0.5099900989089429E+00  0.5674330106466403E+02
  0.2097799023762269E+01 -0.5029449800180356E+00  0.5512947266770310E+02
  0.2089628440889158E+01 -0.4958662854238058E+00  0.5388465375161901E+02
  0.2081457857930564E+01 -0.4887544876871878E+00  0.5287826072547362E+02
  0.2073287274888874E+01 -0.4816100615790221E+00  0.5158436411756696E+02
  0.2065116691766407E+01 -0.4744334840483606E+00  0.4956485712169130E+02
  0.2056946108565423E+01 -0.4672252341906264E+00  0.4708040908324180E+02
  0.2048775525288118E+01 -0.4599857932156304E+00  0.4476646651467684E+02
  0.2040604941936635E+01 -0.4527156444154464E+00  0.4282360276287797E+02
  0.2032434358513056E+01 -0.4454152731321473E+00  0.4085092862844516E+02
  0.2024263775019413E+01 -0.4380851667254050E+00  0.3820640921226264E+02
  0.2016093191457685E+01 -0.4307258145399545E+00  0.3429313307996017E+02
  0.2007922607829804E+01 -0.4233377078729265E+00  0.2888028949194357E+02
  0.1999752024137653E+01 -0.4159213399410494E+00  0.2292428784818709E+02
  0.1991581440383068E+01 -0.4084772058477228E+00  0.1824858172012742E+02
  0.1983410856567843E+01 -0.4010058025499653E+00  0.1630504227284698E+02
  0.1975240272693730E+01 -0.3935076288252386E+00  0.1700266609017933E+02
  0.1967069688762441E+01 -0.3859831852381501E+00  0.1907468523401107E+02
  0.1958899104775647E+01 -0.3784329741070359E+00  0.2119040876766821E+02
  0.1950728520734982E+01 -0.3708574994704271E+00  0.2267620993880982E+02
  0.1942557936642046E+01 -0.3632572670534011E+00  0.2333207712799923E+02
  0.1934387352498403E+01 -0.3556327842338202E+00  0.2328784946737983E+02
  0.1926216768305583E+01 -0.3479845600084601E+00  0.2278990608985373E+02
  0.1918046184065086E+01 -0.3403131049590297E+00  0.2228936001722581E+02
  0.1909875599778379E+01 -0.3326189312180866E+00  0.2200935511351428E+02
  0.1901705015446901E+01 -0.3249025524348469E+00  0.2160026393907780E+02
  0.1893534431072063E+01 -0.3171644837408958E+00  0.2041729776954072E+02
  0.1885363846655247E+01 -0.3094052417157978E+00  0.1840063940452307E+02
  0.1877193262197810E+01 -0.3016253443526109E+00  0.1638821698744085E+02
  0.1869022677701083E+01 -0.2938253110233064E+00  0.1548538987106311E+02
  0.1860852093166375E+01 -0.2860056624440968E+00  0.1605473252861134E+02
  0.1852681508594969E+01 -0.2781669206406729E+00  0.1787810097942151E+02
  0.1844510923988128E+01 -0.2703096089133553E+00  0.2045278187031592E+02
  0.1836340339347093E+01 -0.2624342518021592E+00  0.2353561225404131E+02
  0.1828169754673083E+01 -0.2545413750517773E+00  0.2681540707837412E+02
  0.1819999169967299E+01 -0.2466315055764818E+00  0.3002251327921899E+02
  0.1811828585230925E+01 -0.2387051714249486E+00  0.3303213838556049E+02
  0.1803658000465123E+01 -0.2307629017450062E+00  0.3581137719861961E+02
  0.1795487415671042E+01 -0.2228052267483099E+00  0.3827815847652727E+02
  0.1787316830849811E+01 -0.2148326776749467E+00  0.4018308579035551E+02
  0.1779146246002545E+01 -0.2068457867579697E+00  0.4106992467953872E+02
  0.1770975661130345E+01 -0.1988450871878683E+00  0.4068838349747372E+02
  0.1762805076234296E+01 -0.1908311130769725E+00  0.3906775499659675E+02
  0.1754634491315471E+01 -0.1828043994237966E+00  0.3660397668344296E+02
  0.1746463906374929E+01 -0.1747654820773241E+00  0.3354824332685790E+02
  0.1738293321413718E+01 -0.1667148977012352E+00  0.2990054971826296E+02
  0.1730122736432872E+01 -0.1586531837380799E+00  0.2562112965334622E+02
  0.1721952151433418E+01 -0.1505808783733995E+00  0.2089082973286134E+02
  0.1713781566416370E+01 -0.1424985204997981E+00  0.1585249115864008E+02
  0.1705610981382731E+01 -0.1344066496809675E+00  0.1056909600640009E+02
  0.1697440396333499E+01 -0.1263058061156663E+00  0.5032303473649137E+01
  0.1689269811269659E+01 -0.1181965306016578E+00 -0.5648482584743985E+00
  0.1681099226192191E+01 -0.1100793644996070E+00 -0.6014858643807925E+01
  0.1672928641102067E+01 -0.1019548496969404E+00 -0.1112723055119955E+02
  0.1664758056000250E+01 -0.9382352857167028E-01 -0.1584990507752048E+02
  0.1656587470887701E+01 -0.8568594395618719E-01 -0.2012970617949742E+02
  0.1648416885765370E+01 -0.7754263910102077E-01 -0.2419944372361740E+02
  0.1640246300634206E+01 -0.6939415763857371E-01 -0.2849203242871235E+02
  0.1632075715495151E+01 -0.6124104354682962E-01 -0.3343165926672643E+02
  0.1623905130349143E+01 -0.5308384111303818E-01 -0.3886993085662014E+02
  0.1615734545197117E+01 -0.4492309489737940E-01 -0.4427732692304347E+02
  0.1607563960040004E+01 -0.3675934969660982E-01 -0.4914477768006363E+02
  0.1599393374878733E+01 -0.2859315050769285E-01 -0.5343720040739213E+02
  0.1591222789714229E+01 -0.2042504249141571E-01 -0.5735344036418712E+02
  0.1583052204547419E+01 -0.1225557093599554E-01 -0.6126859856048490E+02
  0.1574881619379224E+01 -0.4085281220676868E-02 -0.6533713524581329E+02
  0.1566711034210569E+01  0.4085281220676868E-02 -0.6944279084031871E+02
  0.1558540449042374E+01  0.1225557093599554E-01 -0.7319993426765745E+02
  0.1550369863875564E+01  0.2042504249141571E-01 -0.7644036468433798E+02
  0.1542199278711061E+01  0.2859315050769285E-01 -0.7922890938080307E+02
  0.1534028693549790E+01  0.3675934969660982E-01 -0.8158612848619752E+02
  0.1525858108392677E+01  0.4492309489737940E-01 -0.8349399855732409E+02
  0.1517687523240650E+01  0.5308384111303818E-01 -0.8523823654680660E+02
  0.1509516938094642E+01  0.6124104354682962E-01 -0.8730972225743022E+02
  0.1501346352955587E+01  0.6939415763857371E-01 -0.8988974212067728E+02
  0.1493175767824423E+01  0.7754263910102077E-01 -0.9264994846923686E+02
  0.1485005182702093E+01  0.8568594395618719E-01 -0.9537424064324487E+02
  0.1476834597589543E+01  0.9382352857167028E-01 -0.9815962623265314E+02
  0.1468664012487727E+01  0.1019548496969404E+00 -0.1012470287153169E+03
  0.1460493427397602E+01  0.1100793644996070E+00 -0.1045188635193267E+03
  0.1452322842320134E+01  0.1181965306016578E+00 -0.1078196333102096E+03
  0.1444152257256294E+01  0.1263058061156663E+00 -0.1109603486233443E+03
  0.1435981672207062E+01  0.1344066496809675E+00 -0.1139952802859784E+03
  0.1427811087173423E+01  0.1424985204997981E+00 -0.1168587753804432E+03
  0.1419640502156375E+01  0.1505808783733995E+00 -0.1194098945884591E+03
  0.1411469917156921E+01  0.1586531837380799E+00 -0.1215339855571490E+03
  0.1403299332176076E+01  0.1667148977012352E+00 -0.1236564088597142E+03
  0.1395128747214864E+01  0.1747654820773241E+00 -0.1265427099886024E+03
  0.1386958162274323E+01  0.1828043994237966E+00 -0.1309830545355524E+03
  0.1378787577355497E+01  0.1908311130769725E+00 -0.1369036609645055E+03
  0.1370616992459449E+01  0.1988450871878683E+00 -0.1434986823283080E+03
  0.1362446407587248E+01  0.2068457867579697E+00 -0.1498690180529193E+03
  0.1354275822739983E+01  0.2148326776749467E+00 -0.1559123577626123E+03
  0.1346105237918751E+01  0.2228052267483099E+00 -0.1618856259789417E+03
  0.1337934653124670E+01  0.2307629017450062E+00 -0.1679337375002044E+03
  0.1329764068358868E+01  0.2387051714249486E+00 -0.1738955799565289E+03
  0.1321593483622494E+01  0.2466315055764818E+00 -0.1796912390188293E+03
  0.1313422898916710E+01  0.2545413750517773E+00 -0.1850843385946771E+03
  0.1305252314242701E+01  0.2624342518021592E+00 -0.1900045606820582E+03
  0.1297081729601665E+01  0.2703096089133553E+00 -0.1943951407418648E+03
  0.1288911144994824E+01  0.2781669206406729E+00 -0.1981880935301881E+03
  0.1280740560423418E+01  0.2860056624440968E+00 -0.2011555307082986E+03
  0.1272569975888710E+01  0.2938253110233064E+00 -0.2032447112613681E+03
  0.1264399391391984E+01  0.3016253443526109E+00 -0.2047753411883250E+03
  0.1256228806934547E+01  0.3094052417157978E+00 -0.2063738480235115E+03
  0.1248058222517730E+01  0.3171644837408958E+00 -0.2080411168833503E+03
  0.1239887638142892E+01  0.3249025524348469E+00 -0.2096008520608855E+03
  0.1231717053811414E+01  0.3326189312180866E+00 -0.2112287260341840E+03
  0.1223546469524707E+01  0.3403131049590297E+00 -0.2133734721786548E+03
  0.1215375885284210E+01  0.3479845600084601E+00 -0.2161793201255996E+03
  0.1207205301091390E+01  0.3556327842338202E+00 -0.2194930174494197E+03
  0.1199034716947747E+01  0.3632572670534011E+00 -0.2231717726705343E+03
  0.1190864132854811E+01  0.3708574994704271E+00 -0.2272149749444219E+03
  0.1182693548814147E+01  0.3784329741070359E+00 -0.2313807031113377E+03
  0.1174522964827352E+01  0.3859831852381501E+00 -0.2352337691422852E+03
  0.1166352380896063E+01  0.3935076288252386E+00 -0.2383197534906990E+03
  0.1158181797021950E+01  0.4010058025499653E+00 -0.2404049860863031E+03
  0.1150011213206726E+01  0.4084772058477228E+00 -0.2415174945643786E+03
  0.1141840629452141E+01  0.4159213399410494E+00 -0.2420778709022553E+03
  0.1133670045759989E+01  0.4233377078729265E+00 -0.2425444928190798E+03
  0.1125499462132108E+01  0.4307258145399545E+00 -0.2435340812517418E+03
  0.1117328878570381E+01  0.4380851667254050E+00 -0.2452535082395095E+03
  0.1109158295076737E+01  0.4454152731321473E+00 -0.2478519499043914E+03
  0.1100987711653159E+01  0.4527156444154464E+00 -0.2510784704893291E+03
  0.1092817128301675E+01  0.4599857932156304E+00 -0.2547239886870832E+03
  0.1084646545024371E+01  0.4672252341906264E+00 -0.2587688997800282E+03
  0.1076475961823386E+01  0.4744334840483606E+00 -0.2636149267235638E+03
  0.1068305378700920E+01  0.4816100615790221E+00 -0.2690545948017835E+03
  0.1060134795659229E+01  0.4887544876871878E+00 -0.2739819210873254E+03
  0.1051964212700635E+01  0.4958662854238058E+00 -0.2771354997756653E+03
  0.1043793629827524E+01  0.5029449800180356E+00 -0.2785276975098585E+03
  0.1035623047042350E+01  0.5099900989089429E+00 -0.2791792617247397E+03
  0.1027452464347638E+01  0.5170011717770473E+00 -0.2799649518809042E+03
  0.1019281881745987E+01  0.5239777305757194E+00 -0.2806729113439657E+03
  0.1011111299240073E+01  0.5309193095624275E+00 -0.2810656069301090E+03
  0.1002940716832650E+01  0.5378254453298289E+00 -0.2813406372889692E+03
  0.9947701345265596E+00  0.5446956768367068E+00 -0.2821409510661044E+03
  0.9865995523247275E+00  0.5515295454387482E+00 -0.2832324251590728E+03
  0.9784289702301714E+00  0.5583265949191624E+00 -0.2839773164901582E+03
  0.9702583882460036E+00  0.5650863715191369E+00 -0.2838357042029614E+03
  0.9620878063754359E+00  0.5718084239681300E+00 -0.2829717722852470E+03
  0.9539172246217830E+00  0.5784923035139965E+00 -0.2818962980658366E+03
  0.9457466429884676E+00  0.5851375639529456E+00 -0.2808435210742284E+03
  0.9375760614790253E+00  0.5917437616593286E+00 -0.2792987764650253E+03
  0.9294054800971098E+00  0.5983104556152549E+00 -0.2766820680757218E+03
  0.9212348988464978E+00  0.6048372074400329E+00 -0.2727364653723956E+03
  0.9130643177310944E+00  0.6113235814194364E+00 -0.2677940350693103E+03
  0.9048937367549402E+00  0.6177691445347914E+00 -0.2621870788936561E+03
  0.8967231559222163E+00  0.6241734664918837E+00 -0.2566024846147640E+03
  0.8885525752372514E+00  0.6305361197496849E+00 -0.2515389578637760E+03
  0.8803819947045285E+00  0.6368566795488945E+00 -0.2470302464825561E+03
  0.8722114143286931E+00  0.6431347239402948E+00 -0.2425872258435253E+03
  0.8640408341145595E+00  0.6493698338129212E+00 -0.2379498806649195E+03
  0.8558702540671204E+00  0.6555615929220400E+00 -0.2330542717259698E+03
  0.8476996741915547E+00  0.6617095879169366E+00 -0.2278264866526320E+03
  0.8395290944932369E+00  0.6678134083685102E+00 -0.2216308379499758E+03
  0.8313585149777468E+00  0.6738726467966731E+00 -0.2143192551403432E+03
  0.8231879356508802E+00  0.6798868986975534E+00 -0.2063704230319927E+03
  0.8150173565186587E+00  0.6858557625704990E+00 -0.1985346945718270E+03
  0.8068467775873427E+00  0.6917788399448808E+00 -0.1908230919796462E+03
  0.7986761988634423E+00  0.6976557354066943E+00 -0.1832038512693267E+03
  0.7905056203537315E+00  0.7034860566249567E+00 -0.1757020368693591E+03
  0.7823350420652612E+00  0.7092694143778975E+00 -0.1686452372586263E+03
  0.7741644640053743E+00  0.7150054225789432E+00 -0.1620111290399799E+03
  0.7659938861817212E+00  0.7206936983024912E+00 -0.1556483221005977E+03
  0.7578233086022768E+00  0.7263338618094733E+00 -0.1489061238304502E+03
  0.7496527312753575E+00  0.7319255365727068E+00 -0.1409442374750041E+03
  0.7414821542096410E+00  0.7374683493020299E+00 -0.1308275253040551E+03
  0.7333115774141861E+00  0.7429619299692227E+00 -0.1188928553140838E+03
  0.7251410008984539E+00  0.7484059118327094E+00 -0.1061451031471013E+03
  0.7169704246723316E+00  0.7537999314620412E+00 -0.9397087971565554E+02
  0.7087998487461566E+00  0.7591436287621580E+00 -0.8296215692033734E+02
  0.7006292731307425E+00  0.7644366469974285E+00 -0.7305250293341412E+02
  0.6924586978374083E+00  0.7696786328154644E+00 -0.6356233046090166E+02
  0.6842881228780077E+00  0.7748692362707100E+00 -0.5402343177241681E+02
  0.6761175482649616E+00  0.7800081108478040E+00 -0.4404707126001529E+02
  0.6679469740112938E+00  0.7850949134847117E+00 -0.3349242745177894E+02
  0.6597764001306670E+00  0.7901293045956280E+00 -0.2149524965618516E+02
  0.6516058266374236E+00  0.7951109480936471E+00 -0.7492182336022183E+01
  0.6434352535466297E+00  0.8000395114131988E+00  0.8374580626046384E+01
  0.6352646808741202E+00  0.8049146655322506E+00  0.2478301875734455E+02
  0.6270941086365502E+00  0.8097360849942720E+00  0.4081149865579729E+02
  0.6189235368514482E+00  0.8145034479299620E+00  0.5646520341903513E+02
  0.6107529655372755E+00  0.8192164360787360E+00  0.7241804724921150E+02
  0.6025823947134890E+00  0.8238747348099726E+00  0.8863628506896622E+02
  0.5944118244006098E+00  0.8284780331440178E+00  0.1051068815246412E+03
  0.5862412546202973E+00  0.8330260237729452E+00  0.1221871298926072E+03
  0.5780706853954301E+00  0.8375184030810715E+00  0.1402500021278532E+03
  0.5699001167501928E+00  0.8419548711652254E+00  0.1587788959680277E+03
  0.5617295487101719E+00  0.8463351318547683E+00  0.1769764141894000E+03
  0.5535589813024583E+00  0.8506588927313666E+00  0.1939320498397814E+03
  0.5453884145557613E+00  0.8549258651485127E+00  0.2093814596706239E+03
  0.5372178485005299E+00  0.8591357642507945E+00  0.2237634834682663E+03
  0.5290472831690897E+00  0.8632883089929120E+00  0.2381195605604395E+03
  0.5208767185957875E+00  0.8673832221584393E+00  0.2530166401577899E+03
  0.5127061548171545E+00  0.8714202303783312E+00  0.2686916521453937E+03
  0.5045355918720822E+00  0.8753990641491725E+00  0.2845607632742088E+03
  0.4963650298020162E+00  0.8793194578511700E+00  0.3007238355904514E+03
  0.4881944686511717E+00  0.8831811497658847E+00  0.3170933343308193E+03
  0.4800239084667671E+00  0.8869838820937034E+00  0.3335559497791683E+03
  0.4718533492992859E+00  0.8907274009710492E+00  0.3497770424016455E+03
  0.4636827912027636E+00  0.8944114564873288E+00  0.3663765157704472E+03
  0.4555122342351060E+00  0.8980358027016164E+00  0.3839093908744595E+03
  0.4473416784584431E+00  0.9016001976590722E+00  0.4028768354011360E+03
  0.4391711239395221E+00  0.9051044034070944E+00  0.4233229748831567E+03
  0.4310005707501444E+00  0.9085481860112055E+00  0.4454895310388380E+03
  0.4228300189676551E+00  0.9119313155706682E+00  0.4687946752853223E+03
  0.4146594686754885E+00  0.9152535662338340E+00  0.4926148178567495E+03
  0.4064889199637791E+00  0.9185147162132208E+00  0.5162073648684005E+03
  0.3983183729300507E+00  0.9217145478003181E+00  0.5393968058544352E+03
  0.3901478276799883E+00  0.9248528473801222E+00  0.5614620914658507E+03
  0.3819772843283120E+00  0.9279294054453956E+00  0.5825013753299992E+03
  0.3738067429997641E+00  0.9309440166106540E+00  0.6032092669133815E+03
  0.3656362038302282E+00  0.9338964796258775E+00  0.6244857097504018E+03
  0.3574656669680030E+00  0.9367865973899459E+00  0.6457259925123412E+03
  0.3492951325752533E+00  0.9396141769637963E+00  0.6661618004048829E+03
  0.3411246008296713E+00  0.9423790295833044E+00  0.6857831609552715E+03
  0.3329540719263814E+00  0.9450809706718851E+00  0.7057115781032776E+03
  0.3247835460801308E+00  0.9477198198528157E+00  0.7263107160375531E+03
  0.3166130235278230E+00  0.9502954009612771E+00  0.7474025750526451E+03
  0.3084425045314506E+00  0.9528075420561144E+00  0.7685661569597834E+03
  0.3002719893815085E+00  0.9552560754313160E+00  0.7894962534160710E+03
  0.2921014784009779E+00  0.9576408376272095E+00  0.8094807594955204E+03
  0.2839309719500016E+00  0.9599616694413742E+00  0.8292247941556451E+03
  0.2757604704313845E+00  0.9622184159392698E+00  0.8495382444569663E+03
  0.2675899742971076E+00  0.9644109264645802E+00  0.8703465952356994E+03
  0.2594194840560681E+00  0.9665390546492710E+00  0.8899828528426273E+03
  0.2512490002833307E+00  0.9686026584233628E+00  0.9085667428985847E+03
  0.2430785236312446E+00  0.9706016000244151E+00  0.9275675104507434E+03
  0.2349080548428762E+00  0.9725357460067257E+00  0.9485124146742363E+03
  0.2267375947683499E+00  0.9744049672502397E+00  0.9705229548741291E+03
  0.2185671443848464E+00  0.9762091389691724E+00  0.9932046224842530E+03
  0.2103967048212628E+00  0.9779481407203411E+00  0.1016664146697985E+04
  0.2022262773888417E+00  0.9796218564112101E+00  0.1041306734796977E+04
  0.1940558636195398E+00  0.9812301743076443E+00  0.1066650212689288E+04
  0.1858854653144977E+00  0.9827729870413743E+00  0.1093759581215254E+04
  0.1777150846058812E+00  0.9842501916171713E+00  0.1123114204080704E+04
  0.1695447240365762E+00  0.9856616894197333E+00  0.1154486606817861E+04
  0.1613743866640789E+00  0.9870073862202815E+00  0.1186570775125601E+04
  0.1532040761975885E+00  0.9882871921828699E+00  0.1221279150151505E+04
  0.1450337971813853E+00  0.9895010218704087E+00  0.1259742678449783E+04
  0.1368635552438019E+00  0.9906487942504061E+00  0.1301585818524066E+04
  0.1286933574408989E+00  0.9917304327004320E+00  0.1344646217438286E+04
  0.1205232127396896E+00  0.9927458650133153E+00  0.1390322132206127E+04
  0.1123531327118049E+00  0.9936950234020883E+00  0.1439467935229512E+04
  0.1041831325528455E+00  0.9945778445047068E+00  0.1493301207713491E+04
  0.9601323262085862E-01  0.9953942693885953E+00  0.1552578267592793E+04
  0.8784346083082471E-01  0.9961442435551087E+00  0.1621557352943223E+04
  0.7967385651719167E-01  0.9968277169440913E+00  0.1699848470786935E+04
  0.7150447693306423E-01  0.9974446439389107E+00  0.1786888967792318E+04
  0.6333540875299180E-01  0.9979949833727938E+00  0.1884959084835088E+04
  0.5516678972815772E-01  0.9984786985384589E+00  0.2004440772813689E+04
  0.4699885272846815E-01  0.9988957572063257E+00  0.2151441646569644E+04
  0.3883202470742381E-01  0.9992461316671845E+00  0.2343537921513746E+04
  0.3066718105470672E-01  0.9995297988558859E+00  0.2623151240968916E+04
  0.2250643816359393E-01  0.9997467408113523E+00  0.3034666828608378E+04
  0.1435650599352885E-01  0.9998969471378596E+00  0.3526628974460117E+04
  0.6254421014113626E-02  0.9999804411726474E+00  0.3921793501648238E+04
