# nlmax, ncor, nside =         383           1         128
  0.3135338232575680E+01 -0.9999804411726474E+00  0.6613236479236244E+02
  0.3127236147596264E+01 -0.9998969471378596E+00  0.6030853624190792E+02
  0.3119086215426199E+01 -0.9997467408113523E+00  0.5284897625721840E+02
  0.3110925472535087E+01 -0.9995297988558859E+00  0.4703956520005771E+02
  0.3102760628882369E+01 -0.9992461316671845E+00  0.4552317958983363E+02
  0.3094593800861325E+01 -0.9988957572063257E+00  0.4956142351089851E+02
  0.3086425863861635E+01 -0.9984786985384589E+00  0.5846354839019465E+02
  0.3078257244836801E+01 -0.9979949833727938E+00  0.6987870636035260E+02
  0.3070088176656729E+01 -0.9974446439389107E+00  0.8121084647401815E+02
  0.3061918797072602E+01 -0.9968277169440913E+00  0.9144007057872605E+02
  0.3053749192758969E+01 -0.9961442435551087E+00  0.1013791178905783E+03
  0.3045579420968934E+01 -0.9953942693885953E+00  0.1119813069835699E+03
  0.3037409521036948E+01 -0.9945778445047068E+00  0.1234002155223367E+03
  0.3029239520877988E+01 -0.9936950234020883E+00  0.1352160699603778E+03
  0.3021069440850104E+01 -0.9927458650133153E+00  0.1468135699779418E+03
  0.3012899296148894E+01 -0.9917304327004320E+00  0.1572925740807602E+03
  0.3004729098345992E+01 -0.9906487942504061E+00  0.1657996287199760E+03
  0.2996558856408408E+01 -0.9895010218704087E+00  0.1720212984534604E+03
  0.2988388577392205E+01 -0.9882871921828699E+00  0.1764281087280372E+03
  0.2980218266925714E+01 -0.9870073862202815E+00  0.1797150065178151E+03
  0.2972047929553217E+01 -0.9856616894197333E+00  0.1823646993389746E+03
  0.2963877568983912E+01 -0.9842501916171713E+00  0.1846567801971072E+03
  0.2955707188275296E+01 -0.9827729870413743E+00  0.1869585340006113E+03
  0.2947536789970254E+01 -0.9812301743076443E+00  0.1897963242991450E+03
  0.2939366376200951E+01 -0.9796218564112101E+00  0.1935485440858673E+03
  0.2931195948768531E+01 -0.9779481407203411E+00  0.1981206946416032E+03
  0.2923025509204947E+01 -0.9762091389691724E+00  0.2029186370420373E+03
  0.2914855058821443E+01 -0.9744049672502397E+00  0.2072218024908875E+03
  0.2906684598746917E+01 -0.9725357460067257E+00  0.2107458197729081E+03
  0.2898514129958549E+01 -0.9706016000244151E+00  0.2137712460448253E+03
  0.2890343653306462E+01 -0.9686026584233628E+00  0.2168129807355721E+03
  0.2882173169533725E+01 -0.9665390546492710E+00  0.2201814950782342E+03
  0.2874002679292686E+01 -0.9644109264645802E+00  0.2237807491057872E+03
  0.2865832183158409E+01 -0.9622184159392698E+00  0.2271893745085074E+03
  0.2857661681639792E+01 -0.9599616694413742E+00  0.2299826440626231E+03
  0.2849491175188815E+01 -0.9576408376272095E+00  0.2320039440535587E+03
  0.2841320664208285E+01 -0.9552560754313160E+00  0.2335033361154614E+03
  0.2833150149058343E+01 -0.9528075420561144E+00  0.2350693816284355E+03
  0.2824979630061970E+01 -0.9502954009612771E+00  0.2374238625793265E+03
  0.2816809107509663E+01 -0.9477198198528157E+00  0.2410303938836044E+03
  0.2808638581663412E+01 -0.9450809706718851E+00  0.2456580830881792E+03
  0.2800468052760122E+01 -0.9423790295833044E+00  0.2503684921902179E+03
  0.2792297521014540E+01 -0.9396141769637963E+00  0.2541659884066861E+03
  0.2784126986621790E+01 -0.9367865973899459E+00  0.2567568998774178E+03
  0.2775956449759565E+01 -0.9338964796258775E+00  0.2585548563061488E+03
  0.2767785910590029E+01 -0.9309440166106540E+00  0.2601112530930614E+03
  0.2759615369261481E+01 -0.9279294054453956E+00  0.2616902610823740E+03
  0.2751444825909805E+01 -0.9248528473801222E+00  0.2631737820935220E+03
  0.2743274280659743E+01 -0.9217145478003181E+00  0.2641365080715873E+03
  0.2735103733626014E+01 -0.9185147162132208E+00  0.2639836244524440E+03
  0.2726933184914305E+01 -0.9152535662338340E+00  0.2624127727177168E+03
  0.2718762634622138E+01 -0.9119313155706682E+00  0.2597646364337572E+03
  0.2710592082839649E+01 -0.9085481860112055E+00  0.2567296243631665E+03
  0.2702421529650271E+01 -0.9051044034070944E+00  0.2538470948559853E+03
  0.2694250975131350E+01 -0.9016001976590722E+00  0.2514256054203836E+03
  0.2686080419354687E+01 -0.8980358027016164E+00  0.2497084979915579E+03
  0.2677909862387029E+01 -0.8944114564873288E+00  0.2486476693398976E+03
  0.2669739304290507E+01 -0.8907274009710492E+00  0.2476977763929879E+03
  0.2661568745123026E+01 -0.8869838820937034E+00  0.2463184766341362E+03
  0.2653398184938621E+01 -0.8831811497658847E+00  0.2446038056222730E+03
  0.2645227623787777E+01 -0.8793194578511700E+00  0.2431310706168758E+03
  0.2637057061717711E+01 -0.8753990641491725E+00  0.2422706925829448E+03
  0.2628886498772639E+01 -0.8714202303783312E+00  0.2418287624721657E+03
  0.2620715934994006E+01 -0.8673832221584393E+00  0.2413947130287483E+03
  0.2612545370420704E+01 -0.8632883089929120E+00  0.2407408193145847E+03
  0.2604374805089263E+01 -0.8591357642507945E+00  0.2398929827500202E+03
  0.2596204239034032E+01 -0.8549258651485127E+00  0.2389650619916968E+03
  0.2588033672287335E+01 -0.8506588927313666E+00  0.2381027951043241E+03
  0.2579863104879621E+01 -0.8463351318547683E+00  0.2375231600027303E+03
  0.2571692536839600E+01 -0.8419548711652254E+00  0.2375268912793344E+03
  0.2563521968194363E+01 -0.8375184030810715E+00  0.2382552600661070E+03
  0.2555351398969496E+01 -0.8330260237729452E+00  0.2394705982431148E+03
  0.2547180829189184E+01 -0.8284780331440178E+00  0.2405465933411647E+03
  0.2539010258876304E+01 -0.8238747348099726E+00  0.2408420228068537E+03
  0.2530839688052518E+01 -0.8192164360787360E+00  0.2401083491336171E+03
  0.2522669116738345E+01 -0.8145034479299620E+00  0.2384651527135013E+03
  0.2514498544953243E+01 -0.8097360849942720E+00  0.2360746460342289E+03
  0.2506327972715673E+01 -0.8049146655322506E+00  0.2330443231396290E+03
  0.2498157400043163E+01 -0.8000395114131988E+00  0.2295095262437584E+03
  0.2489986826952370E+01 -0.7951109480936471E+00  0.2256470671924391E+03
  0.2481816253459126E+01 -0.7901293045956280E+00  0.2215461535094401E+03
  0.2473645679578500E+01 -0.7850949134847117E+00  0.2172534875641951E+03
  0.2465475105324832E+01 -0.7800081108478040E+00  0.2128577889563477E+03
  0.2457304530711785E+01 -0.7748692362707100E+00  0.2084419802693082E+03
  0.2449133955752385E+01 -0.7696786328154644E+00  0.2040330286059502E+03
  0.2440963380459050E+01 -0.7644366469974285E+00  0.1996559148266139E+03
  0.2432792804843637E+01 -0.7591436287621580E+00  0.1953675047811270E+03
  0.2424622228917462E+01 -0.7537999314620412E+00  0.1911841185786703E+03
  0.2416451652691339E+01 -0.7484059118327094E+00  0.1870168696403618E+03
  0.2408281076175607E+01 -0.7429619299692227E+00  0.1828278279124071E+03
  0.2400110499380152E+01 -0.7374683493020299E+00  0.1787483821948110E+03
  0.2391939922314436E+01 -0.7319255365727068E+00  0.1749405359158559E+03
  0.2383769344987516E+01 -0.7263338618094733E+00  0.1713586432352387E+03
  0.2375598767408072E+01 -0.7206936983024912E+00  0.1677804021030603E+03
  0.2367428189584419E+01 -0.7150054225789432E+00  0.1640613184571887E+03
  0.2359257611524532E+01 -0.7092694143778975E+00  0.1603387136807342E+03
  0.2351087033236062E+01 -0.7034860566249567E+00  0.1569328951464032E+03
  0.2342916454726351E+01 -0.6976557354066943E+00  0.1540774975522804E+03
  0.2334745876002450E+01 -0.6917788399448808E+00  0.1517736709256596E+03
  0.2326575297071134E+01 -0.6858557625704990E+00  0.1499151828085126E+03
  0.2318404717938913E+01 -0.6798868986975534E+00  0.1484663616011290E+03
  0.2310234138612046E+01 -0.6738726467966731E+00  0.1473785692487712E+03
  0.2302063559096557E+01 -0.6678134083685102E+00  0.1463365550997709E+03
  0.2293892979398239E+01 -0.6617095879169366E+00  0.1448143296898428E+03
  0.2285722399522673E+01 -0.6555615929220400E+00  0.1424846793627565E+03
  0.2277551819475234E+01 -0.6493698338129212E+00  0.1395434983040915E+03
  0.2269381239261100E+01 -0.6431347239402948E+00  0.1364754864059345E+03
  0.2261210658885265E+01 -0.6368566795488945E+00  0.1336340938882916E+03
  0.2253040078352542E+01 -0.6305361197496849E+00  0.1310303385992956E+03
  0.2244869497667577E+01 -0.6241734664918837E+00  0.1284200281140461E+03
  0.2236698916834853E+01 -0.6177691445347914E+00  0.1254524378710324E+03
  0.2228528335858699E+01 -0.6113235814194364E+00  0.1218476211497780E+03
  0.2220357754743295E+01 -0.6048372074400329E+00  0.1175188278756771E+03
  0.2212187173492683E+01 -0.5983104556152549E+00  0.1125928532775418E+03
  0.2204016592110768E+01 -0.5917437616593286E+00  0.1072437683813508E+03
  0.2195846010601326E+01 -0.5851375639529456E+00  0.1015720151865294E+03
  0.2187675428968010E+01 -0.5784923035139965E+00  0.9559428330633472E+02
  0.2179504847214357E+01 -0.5718084239681300E+00  0.8933190141820468E+02
  0.2171334265343789E+01 -0.5650863715191369E+00  0.8286577030172830E+02
  0.2163163683359622E+01 -0.5583265949191624E+00  0.7631416628975913E+02
  0.2154993101265066E+01 -0.5515295454387482E+00  0.6968519711900248E+02
  0.2146822519063234E+01 -0.5446956768367068E+00  0.6293525874279137E+02
  0.2138651936757143E+01 -0.5378254453298289E+00  0.5622493430093083E+02
  0.2130481354349721E+01 -0.5309193095624275E+00  0.5004787363968744E+02
  0.2122310771843806E+01 -0.5239777305757194E+00  0.4487002141211825E+02
  0.2114140189242155E+01 -0.5170011717770473E+00  0.4060065958463436E+02
  0.2105969606547443E+01 -0.5099900989089429E+00  0.3660145141392056E+02
  0.2097799023762269E+01 -0.5029449800180356E+00  0.3235308834351390E+02
  0.2089628440889158E+01 -0.4958662854238058E+00  0.2792196215671732E+02
  0.2081457857930564E+01 -0.4887544876871878E+00  0.2377285651819689E+02
  0.2073287274888874E+01 -0.4816100615790221E+00  0.2030822638257464E+02
  0.2065116691766407E+01 -0.4744334840483606E+00  0.1754437716524308E+02
  0.2056946108565423E+01 -0.4672252341906264E+00  0.1503327771152893E+02
  0.2048775525288118E+01 -0.4599857932156304E+00  0.1218484891907391E+02
  0.2040604941936635E+01 -0.4527156444154464E+00  0.8789123073276311E+01
  0.2032434358513056E+01 -0.4454152731321473E+00  0.5319325449936937E+01
  0.2024263775019413E+01 -0.4380851667254050E+00  0.2511881606760913E+01
  0.2016093191457685E+01 -0.4307258145399545E+00  0.6517883672989663E+00
  0.2007922607829804E+01 -0.4233377078729265E+00 -0.5863336762250523E+00
  0.1999752024137653E+01 -0.4159213399410494E+00 -0.1607530188787144E+01
  0.1991581440383068E+01 -0.4084772058477228E+00 -0.2508451337580806E+01
  0.1983410856567843E+01 -0.4010058025499653E+00 -0.3250896035961627E+01
  0.1975240272693730E+01 -0.3935076288252386E+00 -0.4020173005659089E+01
  0.1967069688762441E+01 -0.3859831852381501E+00 -0.5223772393642878E+01
  0.1958899104775647E+01 -0.3784329741070359E+00 -0.7209061513912590E+01
  0.1950728520734982E+01 -0.3708574994704271E+00 -0.1003615412114562E+02
  0.1942557936642046E+01 -0.3632572670534011E+00 -0.1349890821637659E+02
  0.1934387352498403E+01 -0.3556327842338202E+00 -0.1726871834979844E+02
  0.1926216768305583E+01 -0.3479845600084601E+00 -0.2103552624485190E+02
  0.1918046184065086E+01 -0.3403131049590297E+00 -0.2452976999627115E+02
  0.1909875599778379E+01 -0.3326189312180866E+00 -0.2753526523864730E+02
  0.1901705015446901E+01 -0.3249025524348469E+00 -0.2995768750512770E+02
  0.1893534431072063E+01 -0.3171644837408958E+00 -0.3197383816820609E+02
  0.1885363846655247E+01 -0.3094052417157978E+00 -0.3396814928646229E+02
  0.1877193262197810E+01 -0.3016253443526109E+00 -0.3635990997325644E+02
  0.1869022677701083E+01 -0.2938253110233064E+00 -0.3947344933271441E+02
  0.1860852093166375E+01 -0.2860056624440968E+00 -0.4353240553460689E+02
  0.1852681508594969E+01 -0.2781669206406729E+00 -0.4853290105134052E+02
  0.1844510923988128E+01 -0.2703096089133553E+00 -0.5422252708106846E+02
  0.1836340339347093E+01 -0.2624342518021592E+00 -0.6020928052989547E+02
  0.1828169754673083E+01 -0.2545413750517773E+00 -0.6617805132149370E+02
  0.1819999169967299E+01 -0.2466315055764818E+00 -0.7198117051692564E+02
  0.1811828585230925E+01 -0.2387051714249486E+00 -0.7762824660410347E+02
  0.1803658000465123E+01 -0.2307629017450062E+00 -0.8322428735638520E+02
  0.1795487415671042E+01 -0.2228052267483099E+00 -0.8880695330327812E+02
  0.1787316830849811E+01 -0.2148326776749467E+00 -0.9419584009630897E+02
  0.1779146246002545E+01 -0.2068457867579697E+00 -0.9917859996543238E+02
  0.1770975661130345E+01 -0.1988450871878683E+00 -0.1037509312661491E+03
  0.1762805076234296E+01 -0.1908311130769725E+00 -0.1081081536512662E+03
  0.1754634491315471E+01 -0.1828043994237966E+00 -0.1124194544315439E+03
  0.1746463906374929E+01 -0.1747654820773241E+00 -0.1168074454091016E+03
  0.1738293321413718E+01 -0.1667148977012352E+00 -0.1214161314151613E+03
  0.1730122736432872E+01 -0.1586531837380799E+00 -0.1262977627227994E+03
  0.1721952151433418E+01 -0.1505808783733995E+00 -0.1311889832753593E+03
  0.1713781566416370E+01 -0.1424985204997981E+00 -0.1357399047178647E+03
  0.1705610981382731E+01 -0.1344066496809675E+00 -0.1398680093293382E+03
  0.1697440396333499E+01 -0.1263058061156663E+00 -0.1437261788879529E+03
  0.1689269811269659E+01 -0.1181965306016578E+00 -0.1473912453806541E+03
  0.1681099226192191E+01 -0.1100793644996070E+00 -0.1509325215614572E+03
  0.1672928641102067E+01 -0.1019548496969404E+00 -0.1546591857335054E+03
  0.1664758056000250E+01 -0.9382352857167028E-01 -0.1589742862175857E+03
  0.1656587470887701E+01 -0.8568594395618719E-01 -0.1639252816834149E+03
  0.1648416885765370E+01 -0.7754263910102077E-01 -0.1692211452717331E+03
  0.1640246300634206E+01 -0.6939415763857371E-01 -0.1746311288499087E+03
  0.1632075715495151E+01 -0.6124104354682962E-01 -0.1801817276233630E+03
  0.1623905130349143E+01 -0.5308384111303818E-01 -0.1859734304639529E+03
  0.1615734545197117E+01 -0.4492309489737940E-01 -0.1921638681625603E+03
  0.1607563960040004E+01 -0.3675934969660982E-01 -0.1989308451769160E+03
  0.1599393374878733E+01 -0.2859315050769285E-01 -0.2061824861470467E+03
  0.1591222789714229E+01 -0.2042504249141571E-01 -0.2133149236019323E+03
  0.1583052204547419E+01 -0.1225557093599554E-01 -0.2195566756098662E+03
  0.1574881619379224E+01 -0.4085281220676868E-02 -0.2245411067774789E+03
  0.1566711034210569E+01  0.4085281220676868E-02 -0.2284289599636478E+03
  0.1558540449042374E+01  0.1225557093599554E-01 -0.2315801193202974E+03
  0.1550369863875564E+01  0.2042504249141571E-01 -0.2343708023031440E+03
  0.1542199278711061E+01  0.2859315050769285E-01 -0.2371628624337137E+03
  0.1534028693549790E+01  0.3675934969660982E-01 -0.2402536941543797E+03
  0.1525858108392677E+01  0.4492309489737940E-01 -0.2438129256848416E+03
  0.1517687523240650E+01  0.5308384111303818E-01 -0.2479617268651820E+03
  0.1509516938094642E+01  0.6124104354682962E-01 -0.2527093387753514E+03
  0.1501346352955587E+01  0.6939415763857371E-01 -0.2578193599078777E+03
  0.1493175767824423E+01  0.7754263910102077E-01 -0.2629225136857311E+03
  0.1485005182702093E+01  0.8568594395618719E-01 -0.2678734234635968E+03
  0.1476834597589543E+01  0.9382352857167028E-01 -0.2727706446887562E+03
  0.1468664012487727E+01  0.1019548496969404E+00 -0.2776967602073177E+03
  0.1460493427397602E+01  0.1100793644996070E+00 -0.2825167005787264E+03
  0.1452322842320134E+01  0.1181965306016578E+00 -0.2870620115270526E+03
  0.1444152257256294E+01  0.1263058061156663E+00 -0.2912541264577274E+03
  0.1435981672207062E+01  0.1344066496809675E+00 -0.2949586785484841E+03
  0.1427811087173423E+01  0.1424985204997981E+00 -0.2978647428576791E+03
  0.1419640502156375E+01  0.1505808783733995E+00 -0.2996860000305659E+03
  0.1411469917156921E+01  0.1586531837380799E+00 -0.3004162107643050E+03
  0.1403299332176076E+01  0.1667148977012352E+00 -0.3004543698955016E+03
  0.1395128747214864E+01  0.1747654820773241E+00 -0.3003838408916550E+03
  0.1386958162274323E+01  0.1828043994237966E+00 -0.3006318051469207E+03
  0.1378787577355497E+01  0.1908311130769725E+00 -0.3011955544064992E+03
  0.1370616992459449E+01  0.1988450871878683E+00 -0.3017881059217032E+03
  0.1362446407587248E+01  0.2068457867579697E+00 -0.3021320487483908E+03
  0.1354275822739983E+01  0.2148326776749467E+00 -0.3020565876591667E+03
  0.1346105237918751E+01  0.2228052267483099E+00 -0.3013828315675464E+03
  0.1337934653124670E+01  0.2307629017450062E+00 -0.3000684184087078E+03
  0.1329764068358868E+01  0.2387051714249486E+00 -0.2983991915472232E+03
  0.1321593483622494E+01  0.2466315055764818E+00 -0.2968301110748303E+03
  0.1313422898916710E+01  0.2545413750517773E+00 -0.2954864905995328E+03
  0.1305252314242701E+01  0.2624342518021592E+00 -0.2940796751126097E+03
  0.1297081729601665E+01  0.2703096089133553E+00 -0.2923105895513160E+03
  0.1288911144994824E+01  0.2781669206406729E+00 -0.2902197887229951E+03
  0.1280740560423418E+01  0.2860056624440968E+00 -0.2880591041118298E+03
  0.1272569975888710E+01  0.2938253110233064E+00 -0.2860250185501488E+03
  0.1264399391391984E+01  0.3016253443526109E+00 -0.2840686683871384E+03
  0.1256228806934547E+01  0.3094052417157978E+00 -0.2818867425220064E+03
  0.1248058222517730E+01  0.3171644837408958E+00 -0.2790939695477609E+03
  0.1239887638142892E+01  0.3249025524348469E+00 -0.2757075583611492E+03
  0.1231717053811414E+01  0.3326189312180866E+00 -0.2723204671498717E+03
  0.1223546469524707E+01  0.3403131049590297E+00 -0.2697168809433372E+03
  0.1215375885284210E+01  0.3479845600084601E+00 -0.2683052712296826E+03
  0.1207205301091390E+01  0.3556327842338202E+00 -0.2680327035475909E+03
  0.1199034716947747E+01  0.3632572670534011E+00 -0.2685841217550562E+03
  0.1190864132854811E+01  0.3708574994704271E+00 -0.2695934622152674E+03
  0.1182693548814147E+01  0.3784329741070359E+00 -0.2707690554261226E+03
  0.1174522964827352E+01  0.3859831852381501E+00 -0.2720537493176370E+03
  0.1166352380896063E+01  0.3935076288252386E+00 -0.2734320885711499E+03
  0.1158181797021950E+01  0.4010058025499653E+00 -0.2746380718821844E+03
  0.1150011213206726E+01  0.4084772058477228E+00 -0.2752122521074575E+03
  0.1141840629452141E+01  0.4159213399410494E+00 -0.2749193591144316E+03
  0.1133670045759989E+01  0.4233377078729265E+00 -0.2737966265417290E+03
  0.1125499462132108E+01  0.4307258145399545E+00 -0.2719359735126625E+03
  0.1117328878570381E+01  0.4380851667254050E+00 -0.2694222173839329E+03
  0.1109158295076737E+01  0.4454152731321473E+00 -0.2665859705195273E+03
  0.1100987711653159E+01  0.4527156444154464E+00 -0.2639237814064702E+03
  0.1092817128301675E+01  0.4599857932156304E+00 -0.2617052245380499E+03
  0.1084646545024371E+01  0.4672252341906264E+00 -0.2597507273161939E+03
  0.1076475961823386E+01  0.4744334840483606E+00 -0.2576751859499900E+03
  0.1068305378700920E+01  0.4816100615790221E+00 -0.2550722516344238E+03
  0.1060134795659229E+01  0.4887544876871878E+00 -0.2516804305954183E+03
  0.1051964212700635E+01  0.4958662854238058E+00 -0.2476386678651150E+03
  0.1043793629827524E+01  0.5029449800180356E+00 -0.2435747014954867E+03
  0.1035623047042350E+01  0.5099900989089429E+00 -0.2400716582224580E+03
  0.1027452464347638E+01  0.5170011717770473E+00 -0.2371984968074699E+03
  0.1019281881745987E+01  0.5239777305757194E+00 -0.2345976283649078E+03
  0.1011111299240073E+01  0.5309193095624275E+00 -0.2319628967657064E+03
  0.1002940716832650E+01  0.5378254453298289E+00 -0.2291778704498946E+03
  0.9947701345265596E+00  0.5446956768367068E+00 -0.2261842955418615E+03
  0.9865995523247275E+00  0.5515295454387482E+00 -0.2229634155592409E+03
  0.9784289702301714E+00  0.5583265949191624E+00 -0.2196416189168047E+03
  0.9702583882460036E+00  0.5650863715191369E+00 -0.2163780866094391E+03
  0.9620878063754359E+00  0.5718084239681300E+00 -0.2132706108462656E+03
  0.9539172246217830E+00  0.5784923035139965E+00 -0.2102431506875432E+03
  0.9457466429884676E+00  0.5851375639529456E+00 -0.2070241775582130E+03
  0.9375760614790253E+00  0.5917437616593286E+00 -0.2032012932358268E+03
  0.9294054800971098E+00  0.5983104556152549E+00 -0.1985293103108403E+03
  0.9212348988464978E+00  0.6048372074400329E+00 -0.1930341137638184E+03
  0.9130643177310944E+00  0.6113235814194364E+00 -0.1868402416243669E+03
  0.9048937367549402E+00  0.6177691445347914E+00 -0.1799913498385022E+03
  0.8967231559222163E+00  0.6241734664918837E+00 -0.1727030680964477E+03
  0.8885525752372514E+00  0.6305361197496849E+00 -0.1653052455655369E+03
  0.8803819947045285E+00  0.6368566795488945E+00 -0.1578728225761743E+03
  0.8722114143286931E+00  0.6431347239402948E+00 -0.1500877611041344E+03
  0.8640408341145595E+00  0.6493698338129212E+00 -0.1418097048142090E+03
  0.8558702540671204E+00  0.6555615929220400E+00 -0.1333601753194524E+03
  0.8476996741915547E+00  0.6617095879169366E+00 -0.1250467508328612E+03
  0.8395290944932369E+00  0.6678134083685102E+00 -0.1167029270459207E+03
  0.8313585149777468E+00  0.6738726467966731E+00 -0.1081069093476384E+03
  0.8231879356508802E+00  0.6798868986975534E+00 -0.9934763887819095E+02
  0.8150173565186587E+00  0.6858557625704990E+00 -0.9055994385423577E+02
  0.8068467775873427E+00  0.6917788399448808E+00 -0.8157540380637333E+02
  0.7986761988634423E+00  0.6976557354066943E+00 -0.7229514388927991E+02
  0.7905056203537315E+00  0.7034860566249567E+00 -0.6294189700047654E+02
  0.7823350420652612E+00  0.7092694143778975E+00 -0.5378828706889269E+02
  0.7741644640053743E+00  0.7150054225789432E+00 -0.4483086956182964E+02
  0.7659938861817212E+00  0.7206936983024912E+00 -0.3608061713103453E+02
  0.7578233086022768E+00  0.7263338618094733E+00 -0.2762181879268340E+02
  0.7496527312753575E+00  0.7319255365727068E+00 -0.1935953349113764E+02
  0.7414821542096410E+00  0.7374683493020299E+00 -0.1093716215891472E+02
  0.7333115774141861E+00  0.7429619299692227E+00 -0.2060432480572917E+01
  0.7251410008984539E+00  0.7484059118327094E+00  0.7453109948285964E+01
  0.7169704246723316E+00  0.7537999314620412E+00  0.1783457543431359E+02
  0.7087998487461566E+00  0.7591436287621580E+00  0.2920670298768425E+02
  0.7006292731307425E+00  0.7644366469974285E+00  0.4115118639214509E+02
  0.6924586978374083E+00  0.7696786328154644E+00  0.5294037980511236E+02
  0.6842881228780077E+00  0.7748692362707100E+00  0.6405154561350528E+02
  0.6761175482649616E+00  0.7800081108478040E+00  0.7443460091305445E+02
  0.6679469740112938E+00  0.7850949134847117E+00  0.8428058199672570E+02
  0.6597764001306670E+00  0.7901293045956280E+00  0.9394887639189140E+02
  0.6516058266374236E+00  0.7951109480936471E+00  0.1038445681932838E+03
  0.6434352535466297E+00  0.8000395114131988E+00  0.1142112683879862E+03
  0.6352646808741202E+00  0.8049146655322506E+00  0.1250784451448661E+03
  0.6270941086365502E+00  0.8097360849942720E+00  0.1366987657353666E+03
  0.6189235368514482E+00  0.8145034479299620E+00  0.1494538366196668E+03
  0.6107529655372755E+00  0.8192164360787360E+00  0.1633853906607108E+03
  0.6025823947134890E+00  0.8238747348099726E+00  0.1782085797428258E+03
  0.5944118244006098E+00  0.8284780331440178E+00  0.1939169285469184E+03
  0.5862412546202973E+00  0.8330260237729452E+00  0.2106621989600850E+03
  0.5780706853954301E+00  0.8375184030810715E+00  0.2281669276685510E+03
  0.5699001167501928E+00  0.8419548711652254E+00  0.2456273397210067E+03
  0.5617295487101719E+00  0.8463351318547683E+00  0.2625552324397313E+03
  0.5535589813024583E+00  0.8506588927313666E+00  0.2789444621452982E+03
  0.5453884145557613E+00  0.8549258651485127E+00  0.2947103934601350E+03
  0.5372178485005299E+00  0.8591357642507945E+00  0.3096566382918257E+03
  0.5290472831690897E+00  0.8632883089929120E+00  0.3242780671627576E+03
  0.5208767185957875E+00  0.8673832221584393E+00  0.3395859930111430E+03
  0.5127061548171545E+00  0.8714202303783312E+00  0.3562536382683480E+03
  0.5045355918720822E+00  0.8753990641491725E+00  0.3741753742736014E+03
  0.4963650298020162E+00  0.8793194578511700E+00  0.3929510185019938E+03
  0.4881944686511717E+00  0.8831811497658847E+00  0.4120190025483581E+03
  0.4800239084667671E+00  0.8869838820937034E+00  0.4306817731356648E+03
  0.4718533492992859E+00  0.8907274009710492E+00  0.4484528139942991E+03
  0.4636827912027636E+00  0.8944114564873288E+00  0.4654884292508729E+03
  0.4555122342351060E+00  0.8980358027016164E+00  0.4822242200348484E+03
  0.4473416784584431E+00  0.9016001976590722E+00  0.4990512076566891E+03
  0.4391711239395221E+00  0.9051044034070944E+00  0.5163481615600863E+03
  0.4310005707501444E+00  0.9085481860112055E+00  0.5346179148171117E+03
  0.4228300189676551E+00  0.9119313155706682E+00  0.5539162940516637E+03
  0.4146594686754885E+00  0.9152535662338340E+00  0.5738798102902026E+03
  0.4064889199637791E+00  0.9185147162132208E+00  0.5942907726144848E+03
  0.3983183729300507E+00  0.9217145478003181E+00  0.6151691033743699E+03
  0.3901478276799883E+00  0.9248528473801222E+00  0.6361984723769657E+03
  0.3819772843283120E+00  0.9279294054453956E+00  0.6571314714543126E+03
  0.3738067429997641E+00  0.9309440166106540E+00  0.6783689330065030E+03
  0.3656362038302282E+00  0.9338964796258775E+00  0.7007313514300445E+03
  0.3574656669680030E+00  0.9367865973899459E+00  0.7243997696760250E+03
  0.3492951325752533E+00  0.9396141769637963E+00  0.7490514970373727E+03
  0.3411246008296713E+00  0.9423790295833044E+00  0.7744897686024727E+03
  0.3329540719263814E+00  0.9450809706718851E+00  0.8005201437287130E+03
  0.3247835460801308E+00  0.9477198198528157E+00  0.8263346659020303E+03
  0.3166130235278230E+00  0.9502954009612771E+00  0.8513145908953494E+03
  0.3084425045314506E+00  0.9528075420561144E+00  0.8757504257474383E+03
  0.3002719893815085E+00  0.9552560754313160E+00  0.9003033340843956E+03
  0.2921014784009779E+00  0.9576408376272095E+00  0.9251135289487701E+03
  0.2839309719500016E+00  0.9599616694413742E+00  0.9503767008625329E+03
  0.2757604704313845E+00  0.9622184159392698E+00  0.9767042941873963E+03
  0.2675899742971076E+00  0.9644109264645802E+00  0.1004446283063521E+04
  0.2594194840560681E+00  0.9665390546492710E+00  0.1033267201353658E+04
  0.2512490002833307E+00  0.9686026584233628E+00  0.1063337667547989E+04
  0.2430785236312446E+00  0.9706016000244151E+00  0.1095220092317337E+04
  0.2349080548428762E+00  0.9725357460067257E+00  0.1128610009451133E+04
  0.2267375947683499E+00  0.9744049672502397E+00  0.1162236732381836E+04
  0.2185671443848464E+00  0.9762091389691724E+00  0.1195896565140537E+04
  0.2103967048212628E+00  0.9779481407203411E+00  0.1230460154892977E+04
  0.2022262773888417E+00  0.9796218564112101E+00  0.1266337537856512E+04
  0.1940558636195398E+00  0.9812301743076443E+00  0.1303317194612549E+04
  0.1858854653144977E+00  0.9827729870413743E+00  0.1342499371880056E+04
  0.1777150846058812E+00  0.9842501916171713E+00  0.1385387548179914E+04
  0.1695447240365762E+00  0.9856616894197333E+00  0.1431660741322339E+04
  0.1613743866640789E+00  0.9870073862202815E+00  0.1479818768969722E+04
  0.1532040761975885E+00  0.9882871921828699E+00  0.1529823382936397E+04
  0.1450337971813853E+00  0.9895010218704087E+00  0.1582031771807817E+04
  0.1368635552438019E+00  0.9906487942504061E+00  0.1635557711781547E+04
  0.1286933574408989E+00  0.9917304327004320E+00  0.1689483069878680E+04
  0.1205232127396896E+00  0.9927458650133153E+00  0.1745104224397792E+04
  0.1123531327118049E+00  0.9936950234020883E+00  0.1803215397978594E+04
  0.1041831325528455E+00  0.9945778445047068E+00  0.1862849305831754E+04
  0.9601323262085862E-01  0.9953942693885953E+00  0.1924667463685658E+04
  0.8784346083082471E-01  0.9961442435551087E+00  0.1992452486281092E+04
  0.7967385651719167E-01  0.9968277169440913E+00  0.2067935874520189E+04
  0.7150447693306423E-01  0.9974446439389107E+00  0.2150616001499305E+04
  0.6333540875299180E-01  0.9979949833727938E+00  0.2244692351209379E+04
  0.5516678972815772E-01  0.9984786985384589E+00  0.2359729547647486E+04
  0.4699885272846815E-01  0.9988957572063257E+00  0.2502898523029066E+04
  0.3883202470742381E-01  0.9992461316671845E+00  0.2689920642321780E+04
  0.3066718105470672E-01  0.9995297988558859E+00  0.2964406701095172E+04
  0.2250643816359393E-01  0.9997467408113523E+00  0.3368905544166621E+04
  0.1435650599352885E-01  0.9998969471378596E+00  0.3856168879891871E+04
  0.6254421014113626E-02  0.9999804411726474E+00  0.4246385276553705E+04
