# nlmax, ncor, nside =         383           1         128
  0.3135338232575680E+01 -0.9999804411726474E+00  0.1980397853997087E+03
  0.3127236147596264E+01 -0.9998969471378596E+00  0.1950707989741265E+03
  0.3119086215426199E+01 -0.9997467408113523E+00  0.1916475861454774E+03
  0.3110925472535087E+01 -0.9995297988558859E+00  0.1899277175261245E+03
  0.3102760628882369E+01 -0.9992461316671845E+00  0.1915235580104165E+03
  0.3094593800861325E+01 -0.9988957572063257E+00  0.1963587039093152E+03
  0.3086425863861635E+01 -0.9984786985384589E+00  0.2030112843964197E+03
  0.3078257244836801E+01 -0.9979949833727938E+00  0.2090578064536493E+03
  0.3070088176656729E+01 -0.9974446439389107E+00  0.2127389050749809E+03
  0.3061918797072602E+01 -0.9968277169440913E+00  0.2138675269470558E+03
  0.3053749192758969E+01 -0.9961442435551087E+00  0.2131020509303580E+03
  0.3045579420968934E+01 -0.9953942693885953E+00  0.2112675656798906E+03
  0.3037409521036948E+01 -0.9945778445047068E+00  0.2087640700094978E+03
  0.3029239520877988E+01 -0.9936950234020883E+00  0.2053955965783445E+03
  0.3021069440850104E+01 -0.9927458650133153E+00  0.2010549139253958E+03
  0.3012899296148894E+01 -0.9917304327004320E+00  0.1963779655473577E+03
  0.3004729098345992E+01 -0.9906487942504061E+00  0.1927824685334679E+03
  0.2996558856408408E+01 -0.9895010218704087E+00  0.1914311209886075E+03
  0.2988388577392205E+01 -0.9882871921828699E+00  0.1918024025759791E+03
  0.2980218266925714E+01 -0.9870073862202815E+00  0.1917214191986677E+03
  0.2972047929553217E+01 -0.9856616894197333E+00  0.1891237253281753E+03
  0.2963877568983912E+01 -0.9842501916171713E+00  0.1835327159867489E+03
  0.2955707188275296E+01 -0.9827729870413743E+00  0.1757158901091045E+03
  0.2947536789970254E+01 -0.9812301743076443E+00  0.1667947506257331E+03
  0.2939366376200951E+01 -0.9796218564112101E+00  0.1577623303461276E+03
  0.2931195948768531E+01 -0.9779481407203411E+00  0.1493105997024028E+03
  0.2923025509204947E+01 -0.9762091389691724E+00  0.1416756447266600E+03
  0.2914855058821443E+01 -0.9744049672502397E+00  0.1349695026805831E+03
  0.2906684598746917E+01 -0.9725357460067257E+00  0.1294763588954751E+03
  0.2898514129958549E+01 -0.9706016000244151E+00  0.1255144728875838E+03
  0.2890343653306462E+01 -0.9686026584233628E+00  0.1229518298587541E+03
  0.2882173169533725E+01 -0.9665390546492710E+00  0.1210041266993606E+03
  0.2874002679292686E+01 -0.9644109264645802E+00  0.1189563718892645E+03
  0.2865832183158409E+01 -0.9622184159392698E+00  0.1169107689839519E+03
  0.2857661681639792E+01 -0.9599616694413742E+00  0.1155269179081463E+03
  0.2849491175188815E+01 -0.9576408376272095E+00  0.1153672549459306E+03
  0.2841320664208285E+01 -0.9552560754313160E+00  0.1164789978903407E+03
  0.2833150149058343E+01 -0.9528075420561144E+00  0.1184764448931696E+03
  0.2824979630061970E+01 -0.9502954009612771E+00  0.1209364657025591E+03
  0.2816809107509663E+01 -0.9477198198528157E+00  0.1236241165497085E+03
  0.2808638581663412E+01 -0.9450809706718851E+00  0.1264415958390460E+03
  0.2800468052760122E+01 -0.9423790295833044E+00  0.1293754494907383E+03
  0.2792297521014540E+01 -0.9396141769637963E+00  0.1324453539082041E+03
  0.2784126986621790E+01 -0.9367865973899459E+00  0.1357849793152884E+03
  0.2775956449759565E+01 -0.9338964796258775E+00  0.1397315603754352E+03
  0.2767785910590029E+01 -0.9309440166106540E+00  0.1442539646562913E+03
  0.2759615369261481E+01 -0.9279294054453956E+00  0.1489418933990090E+03
  0.2751444825909805E+01 -0.9248528473801222E+00  0.1534283783381231E+03
  0.2743274280659743E+01 -0.9217145478003181E+00  0.1575060699690130E+03
  0.2735103733626014E+01 -0.9185147162132208E+00  0.1610813891169350E+03
  0.2726933184914305E+01 -0.9152535662338340E+00  0.1640716752803262E+03
  0.2718762634622138E+01 -0.9119313155706682E+00  0.1666506931113201E+03
  0.2710592082839649E+01 -0.9085481860112055E+00  0.1692105306577920E+03
  0.2702421529650271E+01 -0.9051044034070944E+00  0.1721263188299319E+03
  0.2694250975131350E+01 -0.9016001976590722E+00  0.1754364174436668E+03
  0.2686080419354687E+01 -0.8980358027016164E+00  0.1788829833927130E+03
  0.2677909862387029E+01 -0.8944114564873288E+00  0.1821420704978965E+03
  0.2669739304290507E+01 -0.8907274009710492E+00  0.1849756211851112E+03
  0.2661568745123026E+01 -0.8869838820937034E+00  0.1872137370496568E+03
  0.2653398184938621E+01 -0.8831811497658847E+00  0.1888209353101636E+03
  0.2645227623787777E+01 -0.8793194578511700E+00  0.1898955836670991E+03
  0.2637057061717711E+01 -0.8753990641491725E+00  0.1905968674280033E+03
  0.2628886498772639E+01 -0.8714202303783312E+00  0.1911706391423055E+03
  0.2620715934994006E+01 -0.8673832221584393E+00  0.1921369269757367E+03
  0.2612545370420704E+01 -0.8632883089929120E+00  0.1938966971119690E+03
  0.2604374805089263E+01 -0.8591357642507945E+00  0.1963098662627437E+03
  0.2596204239034032E+01 -0.8549258651485127E+00  0.1986298766047946E+03
  0.2588033672287335E+01 -0.8506588927313666E+00  0.2000607686937066E+03
  0.2579863104879621E+01 -0.8463351318547683E+00  0.2003135440493181E+03
  0.2571692536839600E+01 -0.8419548711652254E+00  0.1997849558899682E+03
  0.2563521968194363E+01 -0.8375184030810715E+00  0.1990654147747356E+03
  0.2555351398969496E+01 -0.8330260237729452E+00  0.1983698536915085E+03
  0.2547180829189184E+01 -0.8284780331440178E+00  0.1974257658970885E+03
  0.2539010258876304E+01 -0.8238747348099726E+00  0.1957217908595240E+03
  0.2530839688052518E+01 -0.8192164360787360E+00  0.1928786025075159E+03
  0.2522669116738345E+01 -0.8145034479299620E+00  0.1888951522411924E+03
  0.2514498544953243E+01 -0.8097360849942720E+00  0.1840911166370343E+03
  0.2506327972715673E+01 -0.8049146655322506E+00  0.1789182632492171E+03
  0.2498157400043163E+01 -0.8000395114131988E+00  0.1737316482678375E+03
  0.2489986826952370E+01 -0.7951109480936471E+00  0.1686560297647677E+03
  0.2481816253459126E+01 -0.7901293045956280E+00  0.1635992925920070E+03
  0.2473645679578500E+01 -0.7850949134847117E+00  0.1584274856231402E+03
  0.2465475105324832E+01 -0.7800081108478040E+00  0.1530042704231046E+03
  0.2457304530711785E+01 -0.7748692362707100E+00  0.1471977192682622E+03
  0.2449133955752385E+01 -0.7696786328154644E+00  0.1409140475345676E+03
  0.2440963380459050E+01 -0.7644366469974285E+00  0.1343014748746091E+03
  0.2432792804843637E+01 -0.7591436287621580E+00  0.1276746911187713E+03
  0.2424622228917462E+01 -0.7537999314620412E+00  0.1212792328078569E+03
  0.2416451652691339E+01 -0.7484059118327094E+00  0.1152975706399889E+03
  0.2408281076175607E+01 -0.7429619299692227E+00  0.1099679318706198E+03
  0.2400110499380152E+01 -0.7374683493020299E+00  0.1053889423989702E+03
  0.2391939922314436E+01 -0.7319255365727068E+00  0.1013224898280250E+03
  0.2383769344987516E+01 -0.7263338618094733E+00  0.9729183808590054E+02
  0.2375598767408072E+01 -0.7206936983024912E+00  0.9307882201830827E+02
  0.2367428189584419E+01 -0.7150054225789432E+00  0.8889236917826163E+02
  0.2359257611524532E+01 -0.7092694143778975E+00  0.8503037974985628E+02
  0.2351087033236062E+01 -0.7034860566249567E+00  0.8159032461912398E+02
  0.2342916454726351E+01 -0.6976557354066943E+00  0.7858988878706070E+02
  0.2334745876002450E+01 -0.6917788399448808E+00  0.7607212229858349E+02
  0.2326575297071134E+01 -0.6858557625704990E+00  0.7395833525994000E+02
  0.2318404717938913E+01 -0.6798868986975534E+00  0.7198863237947521E+02
  0.2310234138612046E+01 -0.6738726467966731E+00  0.6995550066891644E+02
  0.2302063559096557E+01 -0.6678134083685102E+00  0.6786089690013358E+02
  0.2293892979398239E+01 -0.6617095879169366E+00  0.6590222961160175E+02
  0.2285722399522673E+01 -0.6555615929220400E+00  0.6427669515872535E+02
  0.2277551819475234E+01 -0.6493698338129212E+00  0.6307774674793460E+02
  0.2269381239261100E+01 -0.6431347239402948E+00  0.6219714591808128E+02
  0.2261210658885265E+01 -0.6368566795488945E+00  0.6145316221872436E+02
  0.2253040078352542E+01 -0.6305361197496849E+00  0.6076021863254300E+02
  0.2244869497667577E+01 -0.6241734664918837E+00  0.6021287560061803E+02
  0.2236698916834853E+01 -0.6177691445347914E+00  0.5989651913384890E+02
  0.2228528335858699E+01 -0.6113235814194364E+00  0.5969627217660108E+02
  0.2220357754743295E+01 -0.6048372074400329E+00  0.5944143978746487E+02
  0.2212187173492683E+01 -0.5983104556152549E+00  0.5913809782575908E+02
  0.2204016592110768E+01 -0.5917437616593286E+00  0.5884565830081342E+02
  0.2195846010601326E+01 -0.5851375639529456E+00  0.5852469340999592E+02
  0.2187675428968010E+01 -0.5784923035139965E+00  0.5805030488051308E+02
  0.2179504847214357E+01 -0.5718084239681300E+00  0.5743591171897411E+02
  0.2171334265343789E+01 -0.5650863715191369E+00  0.5687565479949773E+02
  0.2163163683359622E+01 -0.5583265949191624E+00  0.5647781940889358E+02
  0.2154993101265066E+01 -0.5515295454387482E+00  0.5599113967366591E+02
  0.2146822519063234E+01 -0.5446956768367068E+00  0.5512873788971471E+02
  0.2138651936757143E+01 -0.5378254453298289E+00  0.5393145594305950E+02
  0.2130481354349721E+01 -0.5309193095624275E+00  0.5270778295928407E+02
  0.2122310771843806E+01 -0.5239777305757194E+00  0.5161035473437477E+02
  0.2114140189242155E+01 -0.5170011717770473E+00  0.5047379895235326E+02
  0.2105969606547443E+01 -0.5099900989089429E+00  0.4895726512300309E+02
  0.2097799023762269E+01 -0.5029449800180356E+00  0.4684287659545507E+02
  0.2089628440889158E+01 -0.4958662854238058E+00  0.4410516145532899E+02
  0.2081457857930564E+01 -0.4887544876871878E+00  0.4102869657214691E+02
  0.2073287274888874E+01 -0.4816100615790221E+00  0.3807329316596318E+02
  0.2065116691766407E+01 -0.4744334840483606E+00  0.3557887221106129E+02
  0.2056946108565423E+01 -0.4672252341906264E+00  0.3331540691269477E+02
  0.2048775525288118E+01 -0.4599857932156304E+00  0.3066311278111386E+02
  0.2040604941936635E+01 -0.4527156444154464E+00  0.2712765434164314E+02
  0.2032434358513056E+01 -0.4454152731321473E+00  0.2267401991271035E+02
  0.2024263775019413E+01 -0.4380851667254050E+00  0.1738391076311120E+02
  0.2016093191457685E+01 -0.4307258145399545E+00  0.1134334179762750E+02
  0.2007922607829804E+01 -0.4233377078729265E+00  0.4897128570524217E+01
  0.1999752024137653E+01 -0.4159213399410494E+00 -0.1180473578934110E+01
  0.1991581440383068E+01 -0.4084772058477228E+00 -0.6220809867828375E+01
  0.1983410856567843E+01 -0.4010058025499653E+00 -0.1017363438376990E+02
  0.1975240272693730E+01 -0.3935076288252386E+00 -0.1356455341073522E+02
  0.1967069688762441E+01 -0.3859831852381501E+00 -0.1703487049209564E+02
  0.1958899104775647E+01 -0.3784329741070359E+00 -0.2106089175814825E+02
  0.1950728520734982E+01 -0.3708574994704271E+00 -0.2586478973469232E+02
  0.1942557936642046E+01 -0.3632572670534011E+00 -0.3133435682969885E+02
  0.1934387352498403E+01 -0.3556327842338202E+00 -0.3701891707087822E+02
  0.1926216768305583E+01 -0.3479845600084601E+00 -0.4249400500095496E+02
  0.1918046184065086E+01 -0.3403131049590297E+00 -0.4750827127361347E+02
  0.1909875599778379E+01 -0.3326189312180866E+00 -0.5191913075193877E+02
  0.1901705015446901E+01 -0.3249025524348469E+00 -0.5557390490976156E+02
  0.1893534431072063E+01 -0.3171644837408958E+00 -0.5848974360626892E+02
  0.1885363846655247E+01 -0.3094052417157978E+00 -0.6090392557665487E+02
  0.1877193262197810E+01 -0.3016253443526109E+00 -0.6319901919570597E+02
  0.1869022677701083E+01 -0.2938253110233064E+00 -0.6578288659970902E+02
  0.1860852093166375E+01 -0.2860056624440968E+00 -0.6901518053860325E+02
  0.1852681508594969E+01 -0.2781669206406729E+00 -0.7303971027540516E+02
  0.1844510923988128E+01 -0.2703096089133553E+00 -0.7759111778658527E+02
  0.1836340339347093E+01 -0.2624342518021592E+00 -0.8222127511579127E+02
  0.1828169754673083E+01 -0.2545413750517773E+00 -0.8666705973743683E+02
  0.1819999169967299E+01 -0.2466315055764818E+00 -0.9092707722316867E+02
  0.1811828585230925E+01 -0.2387051714249486E+00 -0.9507501813569105E+02
  0.1803658000465123E+01 -0.2307629017450062E+00 -0.9908182661260858E+02
  0.1795487415671042E+01 -0.2228052267483099E+00 -0.1028552932861666E+03
  0.1787316830849811E+01 -0.2148326776749467E+00 -0.1062599888042321E+03
  0.1779146246002545E+01 -0.2068457867579697E+00 -0.1092625375826605E+03
  0.1770975661130345E+01 -0.1988450871878683E+00 -0.1119984592323355E+03
  0.1762805076234296E+01 -0.1908311130769725E+00 -0.1147308285613116E+03
  0.1754634491315471E+01 -0.1828043994237966E+00 -0.1174154805669707E+03
  0.1746463906374929E+01 -0.1747654820773241E+00 -0.1197413841364336E+03
  0.1738293321413718E+01 -0.1667148977012352E+00 -0.1215143827227636E+03
  0.1730122736432872E+01 -0.1586531837380799E+00 -0.1229334668807757E+03
  0.1721952151433418E+01 -0.1505808783733995E+00 -0.1243674618619696E+03
  0.1713781566416370E+01 -0.1424985204997981E+00 -0.1260745535917966E+03
  0.1705610981382731E+01 -0.1344066496809675E+00 -0.1280849667505863E+03
  0.1697440396333499E+01 -0.1263058061156663E+00 -0.1302837693058924E+03
  0.1689269811269659E+01 -0.1181965306016578E+00 -0.1323657938144713E+03
  0.1681099226192191E+01 -0.1100793644996070E+00 -0.1339853445135541E+03
  0.1672928641102067E+01 -0.1019548496969404E+00 -0.1349683992362553E+03
  0.1664758056000250E+01 -0.9382352857167028E-01 -0.1353388974816428E+03
  0.1656587470887701E+01 -0.8568594395618719E-01 -0.1351592430299822E+03
  0.1648416885765370E+01 -0.7754263910102077E-01 -0.1346347753837857E+03
  0.1640246300634206E+01 -0.6939415763857371E-01 -0.1342473317708768E+03
  0.1632075715495151E+01 -0.6124104354682962E-01 -0.1346435713119171E+03
  0.1623905130349143E+01 -0.5308384111303818E-01 -0.1361594356632283E+03
  0.1615734545197117E+01 -0.4492309489737940E-01 -0.1387438545229668E+03
  0.1607563960040004E+01 -0.3675934969660982E-01 -0.1420405476822187E+03
  0.1599393374878733E+01 -0.2859315050769285E-01 -0.1455651898164766E+03
  0.1591222789714229E+01 -0.2042504249141571E-01 -0.1487402332029780E+03
  0.1583052204547419E+01 -0.1225557093599554E-01 -0.1512295660823927E+03
  0.1574881619379224E+01 -0.4085281220676868E-02 -0.1531289552450747E+03
  0.1566711034210569E+01  0.4085281220676868E-02 -0.1548806463220581E+03
  0.1558540449042374E+01  0.1225557093599554E-01 -0.1567483976192398E+03
  0.1550369863875564E+01  0.2042504249141571E-01 -0.1586146240203334E+03
  0.1542199278711061E+01  0.2859315050769285E-01 -0.1601683546801201E+03
  0.1534028693549790E+01  0.3675934969660982E-01 -0.1613675739726487E+03
  0.1525858108392677E+01  0.4492309489737940E-01 -0.1626600722413140E+03
  0.1517687523240650E+01  0.5308384111303818E-01 -0.1648546062162214E+03
  0.1509516938094642E+01  0.6124104354682962E-01 -0.1684417378694306E+03
  0.1501346352955587E+01  0.6939415763857371E-01 -0.1730564173234928E+03
  0.1493175767824423E+01  0.7754263910102077E-01 -0.1777217345645084E+03
  0.1485005182702093E+01  0.8568594395618719E-01 -0.1816788403982538E+03
  0.1476834597589543E+01  0.9382352857167028E-01 -0.1846843640246230E+03
  0.1468664012487727E+01  0.1019548496969404E+00 -0.1867208076516520E+03
  0.1460493427397602E+01  0.1100793644996070E+00 -0.1877877508937846E+03
  0.1452322842320134E+01  0.1181965306016578E+00 -0.1880985947364524E+03
  0.1444152257256294E+01  0.1263058061156663E+00 -0.1881110788504756E+03
  0.1435981672207062E+01  0.1344066496809675E+00 -0.1883128543555539E+03
  0.1427811087173423E+01  0.1424985204997981E+00 -0.1888991138258996E+03
  0.1419640502156375E+01  0.1505808783733995E+00 -0.1898096981598939E+03
  0.1411469917156921E+01  0.1586531837380799E+00 -0.1907043837895423E+03
  0.1403299332176076E+01  0.1667148977012352E+00 -0.1912726224635415E+03
  0.1395128747214864E+01  0.1747654820773241E+00 -0.1914398700077885E+03
  0.1386958162274323E+01  0.1828043994237966E+00 -0.1914092047481846E+03
  0.1378787577355497E+01  0.1908311130769725E+00 -0.1912798513155436E+03
  0.1370616992459449E+01  0.1988450871878683E+00 -0.1909388362110155E+03
  0.1362446407587248E+01  0.2068457867579697E+00 -0.1901772145014836E+03
  0.1354275822739983E+01  0.2148326776749467E+00 -0.1889582382330359E+03
  0.1346105237918751E+01  0.2228052267483099E+00 -0.1873553856229936E+03
  0.1337934653124670E+01  0.2307629017450062E+00 -0.1854944456625931E+03
  0.1329764068358868E+01  0.2387051714249486E+00 -0.1835295897873081E+03
  0.1321593483622494E+01  0.2466315055764818E+00 -0.1816988933450288E+03
  0.1313422898916710E+01  0.2545413750517773E+00 -0.1801244613591538E+03
  0.1305252314242701E+01  0.2624342518021592E+00 -0.1788182143308567E+03
  0.1297081729601665E+01  0.2703096089133553E+00 -0.1776814581588483E+03
  0.1288911144994824E+01  0.2781669206406729E+00 -0.1764608135060148E+03
  0.1280740560423418E+01  0.2860056624440968E+00 -0.1746432212447293E+03
  0.1272569975888710E+01  0.2938253110233064E+00 -0.1718922907889477E+03
  0.1264399391391984E+01  0.3016253443526109E+00 -0.1684417582159795E+03
  0.1256228806934547E+01  0.3094052417157978E+00 -0.1648841201480348E+03
  0.1248058222517730E+01  0.3171644837408958E+00 -0.1615598995015463E+03
  0.1239887638142892E+01  0.3249025524348469E+00 -0.1584667012820414E+03
  0.1231717053811414E+01  0.3326189312180866E+00 -0.1554560618042072E+03
  0.1223546469524707E+01  0.3403131049590297E+00 -0.1524966140918042E+03
  0.1215375885284210E+01  0.3479845600084601E+00 -0.1496211166507648E+03
  0.1207205301091390E+01  0.3556327842338202E+00 -0.1469418373342392E+03
  0.1199034716947747E+01  0.3632572670534011E+00 -0.1445480740982278E+03
  0.1190864132854811E+01  0.3708574994704271E+00 -0.1423646081334318E+03
  0.1182693548814147E+01  0.3784329741070359E+00 -0.1402154376642216E+03
  0.1174522964827352E+01  0.3859831852381501E+00 -0.1380141546570680E+03
  0.1166352380896063E+01  0.3935076288252386E+00 -0.1357627039816323E+03
  0.1158181797021950E+01  0.4010058025499653E+00 -0.1333773700734627E+03
  0.1150011213206726E+01  0.4084772058477228E+00 -0.1307556037545682E+03
  0.1141840629452141E+01  0.4159213399410494E+00 -0.1281486394398462E+03
  0.1133670045759989E+01  0.4233377078729265E+00 -0.1259279869897328E+03
  0.1125499462132108E+01  0.4307258145399545E+00 -0.1241855367142779E+03
  0.1117328878570381E+01  0.4380851667254050E+00 -0.1225386445271291E+03
  0.1109158295076737E+01  0.4454152731321473E+00 -0.1206961965824613E+03
  0.1100987711653159E+01  0.4527156444154464E+00 -0.1186157400488914E+03
  0.1092817128301675E+01  0.4599857932156304E+00 -0.1164275585106583E+03
  0.1084646545024371E+01  0.4672252341906264E+00 -0.1141903902640439E+03
  0.1076475961823386E+01  0.4744334840483606E+00 -0.1120380465252698E+03
  0.1068305378700920E+01  0.4816100615790221E+00 -0.1099640917166184E+03
  0.1060134795659229E+01  0.4887544876871878E+00 -0.1077704003319170E+03
  0.1051964212700635E+01  0.4958662854238058E+00 -0.1051121546789579E+03
  0.1043793629827524E+01  0.5029449800180356E+00 -0.1019559995355297E+03
  0.1035623047042350E+01  0.5099900989089429E+00 -0.9841311908186167E+02
  0.1027452464347638E+01  0.5170011717770473E+00 -0.9452818630204636E+02
  0.1019281881745987E+01  0.5239777305757194E+00 -0.9024381945748829E+02
  0.1011111299240073E+01  0.5309193095624275E+00 -0.8565347232498644E+02
  0.1002940716832650E+01  0.5378254453298289E+00 -0.8078322945013332E+02
  0.9947701345265596E+00  0.5446956768367068E+00 -0.7556725555873489E+02
  0.9865995523247275E+00  0.5515295454387482E+00 -0.7017079659617706E+02
  0.9784289702301714E+00  0.5583265949191624E+00 -0.6521233103213159E+02
  0.9702583882460036E+00  0.5650863715191369E+00 -0.6126263647648000E+02
  0.9620878063754359E+00  0.5718084239681300E+00 -0.5833010002363508E+02
  0.9539172246217830E+00  0.5784923035139965E+00 -0.5598698330638586E+02
  0.9457466429884676E+00  0.5851375639529456E+00 -0.5397961335955142E+02
  0.9375760614790253E+00  0.5917437616593286E+00 -0.5232974854148758E+02
  0.9294054800971098E+00  0.5983104556152549E+00 -0.5109999977024692E+02
  0.9212348988464978E+00  0.6048372074400329E+00 -0.5019643745932147E+02
  0.9130643177310944E+00  0.6113235814194364E+00 -0.4951955842982574E+02
  0.9048937367549402E+00  0.6177691445347914E+00 -0.4907164949033415E+02
  0.8967231559222163E+00  0.6241734664918837E+00 -0.4904656583663714E+02
  0.8885525752372514E+00  0.6305361197496849E+00 -0.4958317465305394E+02
  0.8803819947045285E+00  0.6368566795488945E+00 -0.5053923996590057E+02
  0.8722114143286931E+00  0.6431347239402948E+00 -0.5137945809367980E+02
  0.8640408341145595E+00  0.6493698338129212E+00 -0.5173158175205042E+02
  0.8558702540671204E+00  0.6555615929220400E+00 -0.5160470847770348E+02
  0.8476996741915547E+00  0.6617095879169366E+00 -0.5122942602992214E+02
  0.8395290944932369E+00  0.6678134083685102E+00 -0.5064434559313645E+02
  0.8313585149777468E+00  0.6738726467966731E+00 -0.4991537140888916E+02
  0.8231879356508802E+00  0.6798868986975534E+00 -0.4922728315623142E+02
  0.8150173565186587E+00  0.6858557625704990E+00 -0.4874382045005934E+02
  0.8068467775873427E+00  0.6917788399448808E+00 -0.4828301428558020E+02
  0.7986761988634423E+00  0.6976557354066943E+00 -0.4751898421700797E+02
  0.7905056203537315E+00  0.7034860566249567E+00 -0.4618056685824552E+02
  0.7823350420652612E+00  0.7092694143778975E+00 -0.4424086686392955E+02
  0.7741644640053743E+00  0.7150054225789432E+00 -0.4179587808142542E+02
  0.7659938861817212E+00  0.7206936983024912E+00 -0.3922425783330747E+02
  0.7578233086022768E+00  0.7263338618094733E+00 -0.3684817508980515E+02
  0.7496527312753575E+00  0.7319255365727068E+00 -0.3466912432042069E+02
  0.7414821542096410E+00  0.7374683493020299E+00 -0.3232120435647956E+02
  0.7333115774141861E+00  0.7429619299692227E+00 -0.2956466681825115E+02
  0.7251410008984539E+00  0.7484059118327094E+00 -0.2636775834818386E+02
  0.7169704246723316E+00  0.7537999314620412E+00 -0.2279639060540660E+02
  0.7087998487461566E+00  0.7591436287621580E+00 -0.1876794807979680E+02
  0.7006292731307425E+00  0.7644366469974285E+00 -0.1430443359817088E+02
  0.6924586978374083E+00  0.7696786328154644E+00 -0.9262498842545414E+01
  0.6842881228780077E+00  0.7748692362707100E+00 -0.3403582307886562E+01
  0.6761175482649616E+00  0.7800081108478040E+00  0.3361575799586469E+01
  0.6679469740112938E+00  0.7850949134847117E+00  0.1065006543659398E+02
  0.6597764001306670E+00  0.7901293045956280E+00  0.1815980477689275E+02
  0.6516058266374236E+00  0.7951109480936471E+00  0.2589558594849687E+02
  0.6434352535466297E+00  0.8000395114131988E+00  0.3395556781295345E+02
  0.6352646808741202E+00  0.8049146655322506E+00  0.4224847496257084E+02
  0.6270941086365502E+00  0.8097360849942720E+00  0.5081533001474128E+02
  0.6189235368514482E+00  0.8145034479299620E+00  0.5975582456742634E+02
  0.6107529655372755E+00  0.8192164360787360E+00  0.6910041947560352E+02
  0.6025823947134890E+00  0.8238747348099726E+00  0.7839123623444056E+02
  0.5944118244006098E+00  0.8284780331440178E+00  0.8733165330566420E+02
  0.5862412546202973E+00  0.8330260237729452E+00  0.9578295511776528E+02
  0.5780706853954301E+00  0.8375184030810715E+00  0.1037469204567432E+03
  0.5699001167501928E+00  0.8419548711652254E+00  0.1113550351671688E+03
  0.5617295487101719E+00  0.8463351318547683E+00  0.1193393262436567E+03
  0.5535589813024583E+00  0.8506588927313666E+00  0.1283182493371931E+03
  0.5453884145557613E+00  0.8549258651485127E+00  0.1382678503806337E+03
  0.5372178485005299E+00  0.8591357642507945E+00  0.1485322671096636E+03
  0.5290472831690897E+00  0.8632883089929120E+00  0.1588172578403419E+03
  0.5208767185957875E+00  0.8673832221584393E+00  0.1692455256175513E+03
  0.5127061548171545E+00  0.8714202303783312E+00  0.1802180787051977E+03
  0.5045355918720822E+00  0.8753990641491725E+00  0.1920074589128493E+03
  0.4963650298020162E+00  0.8793194578511700E+00  0.2048015515930518E+03
  0.4881944686511717E+00  0.8831811497658847E+00  0.2182415219690000E+03
  0.4800239084667671E+00  0.8869838820937034E+00  0.2315009562423818E+03
  0.4718533492992859E+00  0.8907274009710492E+00  0.2440469322636748E+03
  0.4636827912027636E+00  0.8944114564873288E+00  0.2562693259656685E+03
  0.4555122342351060E+00  0.8980358027016164E+00  0.2684918363961060E+03
  0.4473416784584431E+00  0.9016001976590722E+00  0.2806330863882351E+03
  0.4391711239395221E+00  0.9051044034070944E+00  0.2922726430514743E+03
  0.4310005707501444E+00  0.9085481860112055E+00  0.3033852550964971E+03
  0.4228300189676551E+00  0.9119313155706682E+00  0.3138690581021979E+03
  0.4146594686754885E+00  0.9152535662338340E+00  0.3237066194064541E+03
  0.4064889199637791E+00  0.9185147162132208E+00  0.3331991197759496E+03
  0.3983183729300507E+00  0.9217145478003181E+00  0.3433527044260964E+03
  0.3901478276799883E+00  0.9248528473801222E+00  0.3548302692947797E+03
  0.3819772843283120E+00  0.9279294054453956E+00  0.3678494107894340E+03
  0.3738067429997641E+00  0.9309440166106540E+00  0.3822696590432368E+03
  0.3656362038302282E+00  0.9338964796258775E+00  0.3979373114564537E+03
  0.3574656669680030E+00  0.9367865973899459E+00  0.4138427016176462E+03
  0.3492951325752533E+00  0.9396141769637963E+00  0.4290425027038928E+03
  0.3411246008296713E+00  0.9423790295833044E+00  0.4434346279431861E+03
  0.3329540719263814E+00  0.9450809706718851E+00  0.4579030496079513E+03
  0.3247835460801308E+00  0.9477198198528157E+00  0.4730018955655645E+03
  0.3166130235278230E+00  0.9502954009612771E+00  0.4890175071311468E+03
  0.3084425045314506E+00  0.9528075420561144E+00  0.5058258213495889E+03
  0.3002719893815085E+00  0.9552560754313160E+00  0.5232054669401674E+03
  0.2921014784009779E+00  0.9576408376272095E+00  0.5405503135598159E+03
  0.2839309719500016E+00  0.9599616694413742E+00  0.5581378559271193E+03
  0.2757604704313845E+00  0.9622184159392698E+00  0.5765436724312942E+03
  0.2675899742971076E+00  0.9644109264645802E+00  0.5961800853844953E+03
  0.2594194840560681E+00  0.9665390546492710E+00  0.6164251070791698E+03
  0.2512490002833307E+00  0.9686026584233628E+00  0.6372191972670590E+03
  0.2430785236312446E+00  0.9706016000244151E+00  0.6587563186259856E+03
  0.2349080548428762E+00  0.9725357460067257E+00  0.6809542631427952E+03
  0.2267375947683499E+00  0.9744049672502397E+00  0.7033226926898300E+03
  0.2185671443848464E+00  0.9762091389691724E+00  0.7267288733199417E+03
  0.2103967048212628E+00  0.9779481407203411E+00  0.7522458919712204E+03
  0.2022262773888417E+00  0.9796218564112101E+00  0.7798777682042052E+03
  0.1940558636195398E+00  0.9812301743076443E+00  0.8082893651316773E+03
  0.1858854653144977E+00  0.9827729870413743E+00  0.8376097617107466E+03
  0.1777150846058812E+00  0.9842501916171713E+00  0.8682050570266628E+03
  0.1695447240365762E+00  0.9856616894197333E+00  0.8999739001473382E+03
  0.1613743866640789E+00  0.9870073862202815E+00  0.9326926687729499E+03
  0.1532040761975885E+00  0.9882871921828699E+00  0.9685137774207137E+03
  0.1450337971813853E+00  0.9895010218704087E+00  0.1008744437166734E+04
  0.1368635552438019E+00  0.9906487942504061E+00  0.1052476023135839E+04
  0.1286933574408989E+00  0.9917304327004320E+00  0.1097891417945684E+04
  0.1205232127396896E+00  0.9927458650133153E+00  0.1146132947691197E+04
  0.1123531327118049E+00  0.9936950234020883E+00  0.1197966677543578E+04
  0.1041831325528455E+00  0.9945778445047068E+00  0.1253161789600229E+04
  0.9601323262085862E-01  0.9953942693885953E+00  0.1312015572140855E+04
  0.8784346083082471E-01  0.9961442435551087E+00  0.1378752508899583E+04
  0.7967385651719167E-01  0.9968277169440913E+00  0.1454704132250190E+04
  0.7150447693306423E-01  0.9974446439389107E+00  0.1539392175081166E+04
  0.6333540875299180E-01  0.9979949833727938E+00  0.1635391678132057E+04
  0.5516678972815772E-01  0.9984786985384589E+00  0.1751899125891145E+04
  0.4699885272846815E-01  0.9988957572063257E+00  0.1894901588346352E+04
  0.3883202470742381E-01  0.9992461316671845E+00  0.2083502043761851E+04
  0.3066718105470672E-01  0.9995297988558859E+00  0.2360931944552370E+04
  0.2250643816359393E-01  0.9997467408113523E+00  0.2772757609006487E+04
  0.1435650599352885E-01  0.9998969471378596E+00  0.3268850264670754E+04
  0.6254421014113626E-02  0.9999804411726474E+00  0.3677579523116758E+04
