# nlmax, ncor, nside =         383           1         128
  0.3135338232575680E+01 -0.9999804411726474E+00  0.1887792794498559E+10
  0.3127236147596264E+01 -0.9998969471378596E+00  0.1860024671443189E+10
  0.3119086215426199E+01 -0.9997467408113523E+00  0.1817079232976189E+10
  0.3110925472535087E+01 -0.9995297988558859E+00  0.1766796295705755E+10
  0.3102760628882369E+01 -0.9992461316671845E+00  0.1713090249321758E+10
  0.3094593800861325E+01 -0.9988957572063257E+00  0.1655875488426322E+10
  0.3086425863861635E+01 -0.9984786985384589E+00  0.1597193389970346E+10
  0.3078257244836801E+01 -0.9979949833727938E+00  0.1541826878848797E+10
  0.3070088176656729E+01 -0.9974446439389107E+00  0.1489815336560423E+10
  0.3061918797072602E+01 -0.9968277169440913E+00  0.1435841772390888E+10
  0.3053749192758969E+01 -0.9961442435551087E+00  0.1377443048168875E+10
  0.3045579420968934E+01 -0.9953942693885953E+00  0.1317677604243288E+10
  0.3037409521036948E+01 -0.9945778445047068E+00  0.1260790805948429E+10
  0.3029239520877988E+01 -0.9936950234020883E+00  0.1209546012885689E+10
  0.3021069440850104E+01 -0.9927458650133153E+00  0.1165582109381936E+10
  0.3012899296148894E+01 -0.9917304327004320E+00  0.1129675902452361E+10
  0.3004729098345992E+01 -0.9906487942504061E+00  0.1100982066852293E+10
  0.2996558856408408E+01 -0.9895010218704087E+00  0.1076932376569550E+10
  0.2988388577392205E+01 -0.9882871921828699E+00  0.1054534124923573E+10
  0.2980218266925714E+01 -0.9870073862202815E+00  0.1031822704863048E+10
  0.2972047929553217E+01 -0.9856616894197333E+00  0.1008466015527063E+10
  0.2963877568983912E+01 -0.9842501916171713E+00  0.9853974934080372E+09
  0.2955707188275296E+01 -0.9827729870413743E+00  0.9640413490666203E+09
  0.2947536789970254E+01 -0.9812301743076443E+00  0.9452899113090512E+09
  0.2939366376200951E+01 -0.9796218564112101E+00  0.9285469772676615E+09
  0.2931195948768531E+01 -0.9779481407203411E+00  0.9123665613475403E+09
  0.2923025509204947E+01 -0.9762091389691724E+00  0.8961761566367438E+09
  0.2914855058821443E+01 -0.9744049672502397E+00  0.8802657382327224E+09
  0.2906684598746917E+01 -0.9725357460067257E+00  0.8645731931033003E+09
  0.2898514129958549E+01 -0.9706016000244151E+00  0.8488343781536456E+09
  0.2890343653306462E+01 -0.9686026584233628E+00  0.8334706211156253E+09
  0.2882173169533725E+01 -0.9665390546492710E+00  0.8196640257789266E+09
  0.2874002679292686E+01 -0.9644109264645802E+00  0.8085485743006535E+09
  0.2865832183158409E+01 -0.9622184159392698E+00  0.7999081395633298E+09
  0.2857661681639792E+01 -0.9599616694413742E+00  0.7917340137291543E+09
  0.2849491175188815E+01 -0.9576408376272095E+00  0.7817723436812888E+09
  0.2841320664208285E+01 -0.9552560754313160E+00  0.7692804481674082E+09
  0.2833150149058343E+01 -0.9528075420561144E+00  0.7550103785159543E+09
  0.2824979630061970E+01 -0.9502954009612771E+00  0.7405499953671268E+09
  0.2816809107509663E+01 -0.9477198198528157E+00  0.7279878296007614E+09
  0.2808638581663412E+01 -0.9450809706718851E+00  0.7184625316032968E+09
  0.2800468052760122E+01 -0.9423790295833044E+00  0.7101879983400064E+09
  0.2792297521014540E+01 -0.9396141769637963E+00  0.6994931065001587E+09
  0.2784126986621790E+01 -0.9367865973899459E+00  0.6844446534029920E+09
  0.2775956449759565E+01 -0.9338964796258775E+00  0.6661710934850583E+09
  0.2767785910590029E+01 -0.9309440166106540E+00  0.6467269769401984E+09
  0.2759615369261481E+01 -0.9279294054453956E+00  0.6271194568255134E+09
  0.2751444825909805E+01 -0.9248528473801222E+00  0.6076142713126776E+09
  0.2743274280659743E+01 -0.9217145478003181E+00  0.5888165659544020E+09
  0.2735103733626014E+01 -0.9185147162132208E+00  0.5717500426046572E+09
  0.2726933184914305E+01 -0.9152535662338340E+00  0.5570911837852629E+09
  0.2718762634622138E+01 -0.9119313155706682E+00  0.5447092469340030E+09
  0.2710592082839649E+01 -0.9085481860112055E+00  0.5339896092954563E+09
  0.2702421529650271E+01 -0.9051044034070944E+00  0.5243128758822727E+09
  0.2694250975131350E+01 -0.9016001976590722E+00  0.5151694100092635E+09
  0.2686080419354687E+01 -0.8980358027016164E+00  0.5062145937401925E+09
  0.2677909862387029E+01 -0.8944114564873288E+00  0.4974223207885317E+09
  0.2669739304290507E+01 -0.8907274009710492E+00  0.4889456426501026E+09
  0.2661568745123026E+01 -0.8869838820937034E+00  0.4807699658818591E+09
  0.2653398184938621E+01 -0.8831811497658847E+00  0.4727374568733943E+09
  0.2645227623787777E+01 -0.8793194578511700E+00  0.4648409267704239E+09
  0.2637057061717711E+01 -0.8753990641491725E+00  0.4571694371260087E+09
  0.2628886498772639E+01 -0.8714202303783312E+00  0.4496395850658957E+09
  0.2620715934994006E+01 -0.8673832221584393E+00  0.4420564970695271E+09
  0.2612545370420704E+01 -0.8632883089929120E+00  0.4343658640088356E+09
  0.2604374805089263E+01 -0.8591357642507945E+00  0.4267147440072548E+09
  0.2596204239034032E+01 -0.8549258651485127E+00  0.4193234978071988E+09
  0.2588033672287335E+01 -0.8506588927313666E+00  0.4124504942039371E+09
  0.2579863104879621E+01 -0.8463351318547683E+00  0.4063997231719855E+09
  0.2571692536839600E+01 -0.8419548711652254E+00  0.4012734291154174E+09
  0.2563521968194363E+01 -0.8375184030810715E+00  0.3967873322525684E+09
  0.2555351398969496E+01 -0.8330260237729452E+00  0.3925384110724954E+09
  0.2547180829189184E+01 -0.8284780331440178E+00  0.3882813104656820E+09
  0.2539010258876304E+01 -0.8238747348099726E+00  0.3839005936690335E+09
  0.2530839688052518E+01 -0.8192164360787360E+00  0.3794268546320755E+09
  0.2522669116738345E+01 -0.8145034479299620E+00  0.3751007659970634E+09
  0.2514498544953243E+01 -0.8097360849942720E+00  0.3711503269550276E+09
  0.2506327972715673E+01 -0.8049146655322506E+00  0.3674715386282451E+09
  0.2498157400043163E+01 -0.8000395114131988E+00  0.3636662645324517E+09
  0.2489986826952370E+01 -0.7951109480936471E+00  0.3594463253599486E+09
  0.2481816253459126E+01 -0.7901293045956280E+00  0.3548931305770246E+09
  0.2473645679578500E+01 -0.7850949134847117E+00  0.3502423995086679E+09
  0.2465475105324832E+01 -0.7800081108478040E+00  0.3455574528700194E+09
  0.2457304530711785E+01 -0.7748692362707100E+00  0.3406979466723661E+09
  0.2449133955752385E+01 -0.7696786328154644E+00  0.3355714520633415E+09
  0.2440963380459050E+01 -0.7644366469974285E+00  0.3303474295301582E+09
  0.2432792804843637E+01 -0.7591436287621580E+00  0.3253183717700785E+09
  0.2424622228917462E+01 -0.7537999314620412E+00  0.3206768443193262E+09
  0.2416451652691339E+01 -0.7484059118327094E+00  0.3165419004765291E+09
  0.2408281076175607E+01 -0.7429619299692227E+00  0.3129780266537917E+09
  0.2400110499380152E+01 -0.7374683493020299E+00  0.3098895173440266E+09
  0.2391939922314436E+01 -0.7319255365727068E+00  0.3070881552650819E+09
  0.2383769344987516E+01 -0.7263338618094733E+00  0.3044964723780583E+09
  0.2375598767408072E+01 -0.7206936983024912E+00  0.3021608249085643E+09
  0.2367428189584419E+01 -0.7150054225789432E+00  0.3000951178718770E+09
  0.2359257611524532E+01 -0.7092694143778975E+00  0.2982382776108769E+09
  0.2351087033236062E+01 -0.7034860566249567E+00  0.2965581190198533E+09
  0.2342916454726351E+01 -0.6976557354066943E+00  0.2950413915529956E+09
  0.2334745876002450E+01 -0.6917788399448808E+00  0.2935601932737129E+09
  0.2326575297071134E+01 -0.6858557625704990E+00  0.2919243504639549E+09
  0.2318404717938913E+01 -0.6798868986975534E+00  0.2900828439201264E+09
  0.2310234138612046E+01 -0.6738726467966731E+00  0.2881440246042002E+09
  0.2302063559096557E+01 -0.6678134083685102E+00  0.2862150082122459E+09
  0.2293892979398239E+01 -0.6617095879169366E+00  0.2843406653674803E+09
  0.2285722399522673E+01 -0.6555615929220400E+00  0.2825517158789590E+09
  0.2277551819475234E+01 -0.6493698338129212E+00  0.2808646077137290E+09
  0.2269381239261100E+01 -0.6431347239402948E+00  0.2792794005472019E+09
  0.2261210658885265E+01 -0.6368566795488945E+00  0.2778004180536764E+09
  0.2253040078352542E+01 -0.6305361197496849E+00  0.2763997434062213E+09
  0.2244869497667577E+01 -0.6241734664918837E+00  0.2749964711883423E+09
  0.2236698916834853E+01 -0.6177691445347914E+00  0.2735181220333260E+09
  0.2228528335858699E+01 -0.6113235814194364E+00  0.2719704633448606E+09
  0.2220357754743295E+01 -0.6048372074400329E+00  0.2704297825175371E+09
  0.2212187173492683E+01 -0.5983104556152549E+00  0.2689543689389058E+09
  0.2204016592110768E+01 -0.5917437616593286E+00  0.2675178910578029E+09
  0.2195846010601326E+01 -0.5851375639529456E+00  0.2660366769955254E+09
  0.2187675428968010E+01 -0.5784923035139965E+00  0.2644126247057299E+09
  0.2179504847214357E+01 -0.5718084239681300E+00  0.2625958280406702E+09
  0.2171334265343789E+01 -0.5650863715191369E+00  0.2606521032329282E+09
  0.2163163683359622E+01 -0.5583265949191624E+00  0.2587234037673552E+09
  0.2154993101265066E+01 -0.5515295454387482E+00  0.2569139573761092E+09
  0.2146822519063234E+01 -0.5446956768367068E+00  0.2552707760789818E+09
  0.2138651936757143E+01 -0.5378254453298289E+00  0.2538382395150301E+09
  0.2130481354349721E+01 -0.5309193095624275E+00  0.2526470249829876E+09
  0.2122310771843806E+01 -0.5239777305757194E+00  0.2516627684071521E+09
  0.2114140189242155E+01 -0.5170011717770473E+00  0.2507829816041874E+09
  0.2105969606547443E+01 -0.5099900989089429E+00  0.2498850881790670E+09
  0.2097799023762269E+01 -0.5029449800180356E+00  0.2488677078416704E+09
  0.2089628440889158E+01 -0.4958662854238058E+00  0.2476607468517524E+09
  0.2081457857930564E+01 -0.4887544876871878E+00  0.2462609309743639E+09
  0.2073287274888874E+01 -0.4816100615790221E+00  0.2447514887711296E+09
  0.2065116691766407E+01 -0.4744334840483606E+00  0.2432303481622596E+09
  0.2056946108565423E+01 -0.4672252341906264E+00  0.2417458161005229E+09
  0.2048775525288118E+01 -0.4599857932156304E+00  0.2403551583365003E+09
  0.2040604941936635E+01 -0.4527156444154464E+00  0.2391585543419627E+09
  0.2032434358513056E+01 -0.4454152731321473E+00  0.2381877730230114E+09
  0.2024263775019413E+01 -0.4380851667254050E+00  0.2373574692697408E+09
  0.2016093191457685E+01 -0.4307258145399545E+00  0.2365920941889017E+09
  0.2007922607829804E+01 -0.4233377078729265E+00  0.2359036203135344E+09
  0.1999752024137653E+01 -0.4159213399410494E+00  0.2353136879585791E+09
  0.1991581440383068E+01 -0.4084772058477228E+00  0.2348064335901884E+09
  0.1983410856567843E+01 -0.4010058025499653E+00  0.2343957329066516E+09
  0.1975240272693730E+01 -0.3935076288252386E+00  0.2341284486076032E+09
  0.1967069688762441E+01 -0.3859831852381501E+00  0.2339766727926182E+09
  0.1958899104775647E+01 -0.3784329741070359E+00  0.2338374601755159E+09
  0.1950728520734982E+01 -0.3708574994704271E+00  0.2336528315718949E+09
  0.1942557936642046E+01 -0.3632572670534011E+00  0.2333925560441790E+09
  0.1934387352498403E+01 -0.3556327842338202E+00  0.2329752760299788E+09
  0.1926216768305583E+01 -0.3479845600084601E+00  0.2323351432587619E+09
  0.1918046184065086E+01 -0.3403131049590297E+00  0.2314918492749718E+09
  0.1909875599778379E+01 -0.3326189312180866E+00  0.2304995357751900E+09
  0.1901705015446901E+01 -0.3249025524348469E+00  0.2294088911123714E+09
  0.1893534431072063E+01 -0.3171644837408958E+00  0.2282812861518072E+09
  0.1885363846655247E+01 -0.3094052417157978E+00  0.2271644961174780E+09
  0.1877193262197810E+01 -0.3016253443526109E+00  0.2260757615599483E+09
  0.1869022677701083E+01 -0.2938253110233064E+00  0.2250537674393694E+09
  0.1860852093166375E+01 -0.2860056624440968E+00  0.2241880025811889E+09
  0.1852681508594969E+01 -0.2781669206406729E+00  0.2235542612785970E+09
  0.1844510923988128E+01 -0.2703096089133553E+00  0.2231238117269516E+09
  0.1836340339347093E+01 -0.2624342518021592E+00  0.2227980010785760E+09
  0.1828169754673083E+01 -0.2545413750517773E+00  0.2225194532426663E+09
  0.1819999169967299E+01 -0.2466315055764818E+00  0.2223072077923984E+09
  0.1811828585230925E+01 -0.2387051714249486E+00  0.2222538988790175E+09
  0.1803658000465123E+01 -0.2307629017450062E+00  0.2224839474740241E+09
  0.1795487415671042E+01 -0.2228052267483099E+00  0.2230182322039461E+09
  0.1787316830849811E+01 -0.2148326776749467E+00  0.2237248801736418E+09
  0.1779146246002545E+01 -0.2068457867579697E+00  0.2244393099020769E+09
  0.1770975661130345E+01 -0.1988450871878683E+00  0.2250557254145065E+09
  0.1762805076234296E+01 -0.1908311130769725E+00  0.2255233971019814E+09
  0.1754634491315471E+01 -0.1828043994237966E+00  0.2258609492925259E+09
  0.1746463906374929E+01 -0.1747654820773241E+00  0.2261514913724084E+09
  0.1738293321413718E+01 -0.1667148977012352E+00  0.2264518101396249E+09
  0.1730122736432872E+01 -0.1586531837380799E+00  0.2267211801250403E+09
  0.1721952151433418E+01 -0.1505808783733995E+00  0.2268938369151098E+09
  0.1713781566416370E+01 -0.1424985204997981E+00  0.2270186819746558E+09
  0.1705610981382731E+01 -0.1344066496809675E+00  0.2272471486009661E+09
  0.1697440396333499E+01 -0.1263058061156663E+00  0.2276405891628796E+09
  0.1689269811269659E+01 -0.1181965306016578E+00  0.2281209046608304E+09
  0.1681099226192191E+01 -0.1100793644996070E+00  0.2286651818699258E+09
  0.1672928641102067E+01 -0.1019548496969404E+00  0.2293708613349028E+09
  0.1664758056000250E+01 -0.9382352857167028E-01  0.2302674635244769E+09
  0.1656587470887701E+01 -0.8568594395618719E-01  0.2312340283152556E+09
  0.1648416885765370E+01 -0.7754263910102077E-01  0.2321754968074778E+09
  0.1640246300634206E+01 -0.6939415763857371E-01  0.2331678265634151E+09
  0.1632075715495151E+01 -0.6124104354682962E-01  0.2343167855678805E+09
  0.1623905130349143E+01 -0.5308384111303818E-01  0.2355532636838409E+09
  0.1615734545197117E+01 -0.4492309489737940E-01  0.2366718987437815E+09
  0.1607563960040004E+01 -0.3675934969660982E-01  0.2375050480150782E+09
  0.1599393374878733E+01 -0.2859315050769285E-01  0.2379721071494113E+09
  0.1591222789714229E+01 -0.2042504249141571E-01  0.2380508219732989E+09
  0.1583052204547419E+01 -0.1225557093599554E-01  0.2377781961563536E+09
  0.1574881619379224E+01 -0.4085281220676868E-02  0.2372271899356396E+09
  0.1566711034210569E+01  0.4085281220676868E-02  0.2364630488962301E+09
  0.1558540449042374E+01  0.1225557093599554E-01  0.2355575371652499E+09
  0.1550369863875564E+01  0.2042504249141571E-01  0.2346039649916387E+09
  0.1542199278711061E+01  0.2859315050769285E-01  0.2336966779308847E+09
  0.1534028693549790E+01  0.3675934969660982E-01  0.2329088611864716E+09
  0.1525858108392677E+01  0.4492309489737940E-01  0.2322959459339285E+09
  0.1517687523240650E+01  0.5308384111303818E-01  0.2319161304223704E+09
  0.1509516938094642E+01  0.6124104354682962E-01  0.2318288129899941E+09
  0.1501346352955587E+01  0.6939415763857371E-01  0.2320447801667461E+09
  0.1493175767824423E+01  0.7754263910102077E-01  0.2324933178068455E+09
  0.1485005182702093E+01  0.8568594395618719E-01  0.2330998311905737E+09
  0.1476834597589543E+01  0.9382352857167028E-01  0.2338793442097351E+09
  0.1468664012487727E+01  0.1019548496969404E+00  0.2348692477034981E+09
  0.1460493427397602E+01  0.1100793644996070E+00  0.2360143111638176E+09
  0.1452322842320134E+01  0.1181965306016578E+00  0.2372135992984250E+09
  0.1444152257256294E+01  0.1263058061156663E+00  0.2384540061933723E+09
  0.1435981672207062E+01  0.1344066496809675E+00  0.2397739396749195E+09
  0.1427811087173423E+01  0.1424985204997981E+00  0.2411444170061761E+09
  0.1419640502156375E+01  0.1505808783733995E+00  0.2425292190448419E+09
  0.1411469917156921E+01  0.1586531837380799E+00  0.2439602178199144E+09
  0.1403299332176076E+01  0.1667148977012352E+00  0.2453963600506663E+09
  0.1395128747214864E+01  0.1747654820773241E+00  0.2466509301089622E+09
  0.1386958162274323E+01  0.1828043994237966E+00  0.2475600210015670E+09
  0.1378787577355497E+01  0.1908311130769725E+00  0.2481142268504181E+09
  0.1370616992459449E+01  0.1988450871878683E+00  0.2483798806561915E+09
  0.1362446407587248E+01  0.2068457867579697E+00  0.2483750379584168E+09
  0.1354275822739983E+01  0.2148326776749467E+00  0.2481166872722561E+09
  0.1346105237918751E+01  0.2228052267483099E+00  0.2477324927361491E+09
  0.1337934653124670E+01  0.2307629017450062E+00  0.2473836199915618E+09
  0.1329764068358868E+01  0.2387051714249486E+00  0.2471490557029857E+09
  0.1321593483622494E+01  0.2466315055764818E+00  0.2470637255449125E+09
  0.1313422898916710E+01  0.2545413750517773E+00  0.2471626524235992E+09
  0.1305252314242701E+01  0.2624342518021592E+00  0.2474352763637294E+09
  0.1297081729601665E+01  0.2703096089133553E+00  0.2478324192375787E+09
  0.1288911144994824E+01  0.2781669206406729E+00  0.2483361046809656E+09
  0.1280740560423418E+01  0.2860056624440968E+00  0.2490004100071656E+09
  0.1272569975888710E+01  0.2938253110233064E+00  0.2498802665748104E+09
  0.1264399391391984E+01  0.3016253443526109E+00  0.2509293952963682E+09
  0.1256228806934547E+01  0.3094052417157978E+00  0.2520359491258253E+09
  0.1248058222517730E+01  0.3171644837408958E+00  0.2531550021340810E+09
  0.1239887638142892E+01  0.3249025524348469E+00  0.2543114510148558E+09
  0.1231717053811414E+01  0.3326189312180866E+00  0.2554917827032538E+09
  0.1223546469524707E+01  0.3403131049590297E+00  0.2566524737586998E+09
  0.1215375885284210E+01  0.3479845600084601E+00  0.2578214997311701E+09
  0.1207205301091390E+01  0.3556327842338202E+00  0.2591018897099174E+09
  0.1199034716947747E+01  0.3632572670534011E+00  0.2605521718639754E+09
  0.1190864132854811E+01  0.3708574994704271E+00  0.2620955401149753E+09
  0.1182693548814147E+01  0.3784329741070359E+00  0.2636069143337255E+09
  0.1174522964827352E+01  0.3859831852381501E+00  0.2650591061938296E+09
  0.1166352380896063E+01  0.3935076288252386E+00  0.2665345884041810E+09
  0.1158181797021950E+01  0.4010058025499653E+00  0.2681273980652089E+09
  0.1150011213206726E+01  0.4084772058477228E+00  0.2698684126022300E+09
  0.1141840629452141E+01  0.4159213399410494E+00  0.2717313964512634E+09
  0.1133670045759989E+01  0.4233377078729265E+00  0.2737278128487146E+09
  0.1125499462132108E+01  0.4307258145399545E+00  0.2759452078013891E+09
  0.1117328878570381E+01  0.4380851667254050E+00  0.2784532362923463E+09
  0.1109158295076737E+01  0.4454152731321473E+00  0.2812217826487954E+09
  0.1100987711653159E+01  0.4527156444154464E+00  0.2841618104899723E+09
  0.1092817128301675E+01  0.4599857932156304E+00  0.2871779135133304E+09
  0.1084646545024371E+01  0.4672252341906264E+00  0.2901792003609086E+09
  0.1076475961823386E+01  0.4744334840483606E+00  0.2930637778729796E+09
  0.1068305378700920E+01  0.4816100615790221E+00  0.2957650636947029E+09
  0.1060134795659229E+01  0.4887544876871878E+00  0.2983562098165413E+09
  0.1051964212700635E+01  0.4958662854238058E+00  0.3010321529211747E+09
  0.1043793629827524E+01  0.5029449800180356E+00  0.3039158885480902E+09
  0.1035623047042350E+01  0.5099900989089429E+00  0.3069527662368581E+09
  0.1027452464347638E+01  0.5170011717770473E+00  0.3100449485903489E+09
  0.1019281881745987E+01  0.5239777305757194E+00  0.3131707605171945E+09
  0.1011111299240073E+01  0.5309193095624275E+00  0.3162996847505478E+09
  0.1002940716832650E+01  0.5378254453298289E+00  0.3193421095591692E+09
  0.9947701345265596E+00  0.5446956768367068E+00  0.3222615506913675E+09
  0.9865995523247275E+00  0.5515295454387482E+00  0.3251145496203376E+09
  0.9784289702301714E+00  0.5583265949191624E+00  0.3279373871981462E+09
  0.9702583882460036E+00  0.5650863715191369E+00  0.3307290182316346E+09
  0.9620878063754359E+00  0.5718084239681300E+00  0.3335046815556014E+09
  0.9539172246217830E+00  0.5784923035139965E+00  0.3362952848227768E+09
  0.9457466429884676E+00  0.5851375639529456E+00  0.3391662030358961E+09
  0.9375760614790253E+00  0.5917437616593286E+00  0.3422505940962823E+09
  0.9294054800971098E+00  0.5983104556152549E+00  0.3456860734105089E+09
  0.9212348988464978E+00  0.6048372074400329E+00  0.3495260529840816E+09
  0.9130643177310944E+00  0.6113235814194364E+00  0.3537399524023596E+09
  0.9048937367549402E+00  0.6177691445347914E+00  0.3582495748330752E+09
  0.8967231559222163E+00  0.6241734664918837E+00  0.3629287318894392E+09
  0.8885525752372514E+00  0.6305361197496849E+00  0.3676514860459712E+09
  0.8803819947045285E+00  0.6368566795488945E+00  0.3723118300416996E+09
  0.8722114143286931E+00  0.6431347239402948E+00  0.3767562348196670E+09
  0.8640408341145595E+00  0.6493698338129212E+00  0.3808384390022631E+09
  0.8558702540671204E+00  0.6555615929220400E+00  0.3845421807916983E+09
  0.8476996741915547E+00  0.6617095879169366E+00  0.3879480945663553E+09
  0.8395290944932369E+00  0.6678134083685102E+00  0.3912549055453092E+09
  0.8313585149777468E+00  0.6738726467966731E+00  0.3947596854502445E+09
  0.8231879356508802E+00  0.6798868986975534E+00  0.3985862792688348E+09
  0.8150173565186587E+00  0.6858557625704990E+00  0.4025760453260838E+09
  0.8068467775873427E+00  0.6917788399448808E+00  0.4066184682993735E+09
  0.7986761988634423E+00  0.6976557354066943E+00  0.4108797088303379E+09
  0.7905056203537315E+00  0.7034860566249567E+00  0.4155060112978339E+09
  0.7823350420652612E+00  0.7092694143778975E+00  0.4202899249552374E+09
  0.7741644640053743E+00  0.7150054225789432E+00  0.4249445750103291E+09
  0.7659938861817212E+00  0.7206936983024912E+00  0.4295598422573060E+09
  0.7578233086022768E+00  0.7263338618094733E+00  0.4344428271430214E+09
  0.7496527312753575E+00  0.7319255365727068E+00  0.4396618855619661E+09
  0.7414821542096410E+00  0.7374683493020299E+00  0.4451148185058805E+09
  0.7333115774141861E+00  0.7429619299692227E+00  0.4508836789068594E+09
  0.7251410008984539E+00  0.7484059118327094E+00  0.4572266899275156E+09
  0.7169704246723316E+00  0.7537999314620412E+00  0.4642676160062526E+09
  0.7087998487461566E+00  0.7591436287621580E+00  0.4718266324351157E+09
  0.7006292731307425E+00  0.7644366469974285E+00  0.4795675464396267E+09
  0.6924586978374083E+00  0.7696786328154644E+00  0.4872994170598602E+09
  0.6842881228780077E+00  0.7748692362707100E+00  0.4950585121739424E+09
  0.6761175482649616E+00  0.7800081108478040E+00  0.5029344678893188E+09
  0.6679469740112938E+00  0.7850949134847117E+00  0.5109599483409296E+09
  0.6597764001306670E+00  0.7901293045956280E+00  0.5191959034012218E+09
  0.6516058266374236E+00  0.7951109480936471E+00  0.5277092073155456E+09
  0.6434352535466297E+00  0.8000395114131988E+00  0.5364824645269861E+09
  0.6352646808741202E+00  0.8049146655322506E+00  0.5455249377696995E+09
  0.6270941086365502E+00  0.8097360849942720E+00  0.5549923538297396E+09
  0.6189235368514482E+00  0.8145034479299620E+00  0.5650873529165801E+09
  0.6107529655372755E+00  0.8192164360787360E+00  0.5758610421615174E+09
  0.6025823947134890E+00  0.8238747348099726E+00  0.5870332577872267E+09
  0.5944118244006098E+00  0.8284780331440178E+00  0.5980689744206468E+09
  0.5862412546202973E+00  0.8330260237729452E+00  0.6086285460755765E+09
  0.5780706853954301E+00  0.8375184030810715E+00  0.6190674140448312E+09
  0.5699001167501928E+00  0.8419548711652254E+00  0.6302023234936987E+09
  0.5617295487101719E+00  0.8463351318547683E+00  0.6424132439928350E+09
  0.5535589813024583E+00  0.8506588927313666E+00  0.6553950926406960E+09
  0.5453884145557613E+00  0.8549258651485127E+00  0.6689416597320919E+09
  0.5372178485005299E+00  0.8591357642507945E+00  0.6832879068924851E+09
  0.5290472831690897E+00  0.8632883089929120E+00  0.6984680418978567E+09
  0.5208767185957875E+00  0.8673832221584393E+00  0.7139310944450635E+09
  0.5127061548171545E+00  0.8714202303783312E+00  0.7291578955155827E+09
  0.5045355918720822E+00  0.8753990641491725E+00  0.7442815392651174E+09
  0.4963650298020162E+00  0.8793194578511700E+00  0.7596979207604651E+09
  0.4881944686511717E+00  0.8831811497658847E+00  0.7753790627983085E+09
  0.4800239084667671E+00  0.8869838820937034E+00  0.7910160686802235E+09
  0.4718533492992859E+00  0.8907274009710492E+00  0.8065152012188941E+09
  0.4636827912027636E+00  0.8944114564873288E+00  0.8221953558567241E+09
  0.4555122342351060E+00  0.8980358027016164E+00  0.8387350252899871E+09
  0.4473416784584431E+00  0.9016001976590722E+00  0.8568696803373653E+09
  0.4391711239395221E+00  0.9051044034070944E+00  0.8769612021596384E+09
  0.4310005707501444E+00  0.9085481860112055E+00  0.8989651910283955E+09
  0.4228300189676551E+00  0.9119313155706682E+00  0.9226725125304637E+09
  0.4146594686754885E+00  0.9152535662338340E+00  0.9477983175018219E+09
  0.4064889199637791E+00  0.9185147162132208E+00  0.9738917745101414E+09
  0.3983183729300507E+00  0.9217145478003181E+00  0.1000350331364586E+10
  0.3901478276799883E+00  0.9248528473801222E+00  0.1026792183918688E+10
  0.3819772843283120E+00  0.9279294054453956E+00  0.1053109607800596E+10
  0.3738067429997641E+00  0.9309440166106540E+00  0.1078876916857255E+10
  0.3656362038302282E+00  0.9338964796258775E+00  0.1103511682237097E+10
  0.3574656669680030E+00  0.9367865973899459E+00  0.1127088865920501E+10
  0.3492951325752533E+00  0.9396141769637963E+00  0.1150222134824708E+10
  0.3411246008296713E+00  0.9423790295833044E+00  0.1173293367527650E+10
  0.3329540719263814E+00  0.9450809706718851E+00  0.1196556573885252E+10
  0.3247835460801308E+00  0.9477198198528157E+00  0.1220529964329512E+10
  0.3166130235278230E+00  0.9502954009612771E+00  0.1245203710355543E+10
  0.3084425045314506E+00  0.9528075420561144E+00  0.1269267016607530E+10
  0.3002719893815085E+00  0.9552560754313160E+00  0.1291464280469205E+10
  0.2921014784009779E+00  0.9576408376272095E+00  0.1312360249081893E+10
  0.2839309719500016E+00  0.9599616694413742E+00  0.1333846463066995E+10
  0.2757604704313845E+00  0.9622184159392698E+00  0.1357113202587147E+10
  0.2675899742971076E+00  0.9644109264645802E+00  0.1382351941565123E+10
  0.2594194840560681E+00  0.9665390546492710E+00  0.1410609716022611E+10
  0.2512490002833307E+00  0.9686026584233628E+00  0.1444172325942087E+10
  0.2430785236312446E+00  0.9706016000244151E+00  0.1484592406051669E+10
  0.2349080548428762E+00  0.9725357460067257E+00  0.1531744435855389E+10
  0.2267375947683499E+00  0.9744049672502397E+00  0.1585023367886499E+10
  0.2185671443848464E+00  0.9762091389691724E+00  0.1644600048585740E+10
  0.2103967048212628E+00  0.9779481407203411E+00  0.1710957377747163E+10
  0.2022262773888417E+00  0.9796218564112101E+00  0.1784091305857614E+10
  0.1940558636195398E+00  0.9812301743076443E+00  0.1864177533163098E+10
  0.1858854653144977E+00  0.9827729870413743E+00  0.1952264959884243E+10
  0.1777150846058812E+00  0.9842501916171713E+00  0.2048856522332169E+10
  0.1695447240365762E+00  0.9856616894197333E+00  0.2152938538752696E+10
  0.1613743866640789E+00  0.9870073862202815E+00  0.2263605290375995E+10
  0.1532040761975885E+00  0.9882871921828699E+00  0.2381234569090100E+10
  0.1450337971813853E+00  0.9895010218704087E+00  0.2506560036989879E+10
  0.1368635552438019E+00  0.9906487942504061E+00  0.2641177619482175E+10
  0.1286933574408989E+00  0.9917304327004320E+00  0.2789304707320927E+10
  0.1205232127396896E+00  0.9927458650133153E+00  0.2956925017780069E+10
  0.1123531327118049E+00  0.9936950234020883E+00  0.3149001201197824E+10
  0.1041831325528455E+00  0.9945778445047068E+00  0.3370326172855774E+10
  0.9601323262085862E-01  0.9953942693885953E+00  0.3629845788369563E+10
  0.8784346083082471E-01  0.9961442435551087E+00  0.3940026004775217E+10
  0.7967385651719167E-01  0.9968277169440913E+00  0.4309841484435802E+10
  0.7150447693306423E-01  0.9974446439389107E+00  0.4746261138200090E+10
  0.6333540875299180E-01  0.9979949833727938E+00  0.5272925006232342E+10
  0.5516678972815772E-01  0.9984786985384589E+00  0.5948111635415154E+10
  0.4699885272846815E-01  0.9988957572063257E+00  0.6859058010775303E+10
  0.3883202470742381E-01  0.9992461316671845E+00  0.8108636685571872E+10
  0.3066718105470672E-01  0.9995297988558859E+00  0.9826543709071220E+10
  0.2250643816359393E-01  0.9997467408113523E+00  0.1213355876248267E+11
  0.1435650599352885E-01  0.9998969471378596E+00  0.1485691924270020E+11
  0.6254421014113626E-02  0.9999804411726474E+00  0.1712034724721410E+11
