# nlmax, ncor, nside =         383           1         128
  0.3135338232575680E+01 -0.9999804411726474E+00  0.1977315907826910E+03
  0.3127236147596264E+01 -0.9998969471378596E+00  0.2048602292598627E+03
  0.3119086215426199E+01 -0.9997467408113523E+00  0.2147533623091846E+03
  0.3110925472535087E+01 -0.9995297988558859E+00  0.2245827215686371E+03
  0.3102760628882369E+01 -0.9992461316671845E+00  0.2322208178801057E+03
  0.3094593800861325E+01 -0.9988957572063257E+00  0.2367790018349284E+03
  0.3086425863861635E+01 -0.9984786985384589E+00  0.2385250217453934E+03
  0.3078257244836801E+01 -0.9979949833727938E+00  0.2382798194671154E+03
  0.3070088176656729E+01 -0.9974446439389107E+00  0.2369754737448916E+03
  0.3061918797072602E+01 -0.9968277169440913E+00  0.2356343491801031E+03
  0.3053749192758969E+01 -0.9961442435551087E+00  0.2343981130296982E+03
  0.3045579420968934E+01 -0.9953942693885953E+00  0.2324480698769969E+03
  0.3037409521036948E+01 -0.9945778445047068E+00  0.2293922924534586E+03
  0.3029239520877988E+01 -0.9936950234020883E+00  0.2259703850742442E+03
  0.3021069440850104E+01 -0.9927458650133153E+00  0.2231374348799542E+03
  0.3012899296148894E+01 -0.9917304327004320E+00  0.2209277174132647E+03
  0.3004729098345992E+01 -0.9906487942504061E+00  0.2188290464773553E+03
  0.2996558856408408E+01 -0.9895010218704087E+00  0.2164349978514637E+03
  0.2988388577392205E+01 -0.9882871921828699E+00  0.2131735504449989E+03
  0.2980218266925714E+01 -0.9870073862202815E+00  0.2083702045347865E+03
  0.2972047929553217E+01 -0.9856616894197333E+00  0.2020187749026966E+03
  0.2963877568983912E+01 -0.9842501916171713E+00  0.1951184799303397E+03
  0.2955707188275296E+01 -0.9827729870413743E+00  0.1889044119351870E+03
  0.2947536789970254E+01 -0.9812301743076443E+00  0.1838751606204781E+03
  0.2939366376200951E+01 -0.9796218564112101E+00  0.1798088578330947E+03
  0.2931195948768531E+01 -0.9779481407203411E+00  0.1762336310741142E+03
  0.2923025509204947E+01 -0.9762091389691724E+00  0.1726115304883189E+03
  0.2914855058821443E+01 -0.9744049672502397E+00  0.1684748656956783E+03
  0.2906684598746917E+01 -0.9725357460067257E+00  0.1637067474337081E+03
  0.2898514129958549E+01 -0.9706016000244151E+00  0.1586791750956497E+03
  0.2890343653306462E+01 -0.9686026584233628E+00  0.1537831049216855E+03
  0.2882173169533725E+01 -0.9665390546492710E+00  0.1490277270882984E+03
  0.2874002679292686E+01 -0.9644109264645802E+00  0.1442123594053157E+03
  0.2865832183158409E+01 -0.9622184159392698E+00  0.1392626027773897E+03
  0.2857661681639792E+01 -0.9599616694413742E+00  0.1344363541233979E+03
  0.2849491175188815E+01 -0.9576408376272095E+00  0.1302941429247982E+03
  0.2841320664208285E+01 -0.9552560754313160E+00  0.1273777870671535E+03
  0.2833150149058343E+01 -0.9528075420561144E+00  0.1259235998614034E+03
  0.2824979630061970E+01 -0.9502954009612771E+00  0.1256821667290041E+03
  0.2816809107509663E+01 -0.9477198198528157E+00  0.1263224492574371E+03
  0.2808638581663412E+01 -0.9450809706718851E+00  0.1276011079144569E+03
  0.2800468052760122E+01 -0.9423790295833044E+00  0.1293266684479609E+03
  0.2792297521014540E+01 -0.9396141769637963E+00  0.1311866101579176E+03
  0.2784126986621790E+01 -0.9367865973899459E+00  0.1328574371572969E+03
  0.2775956449759565E+01 -0.9338964796258775E+00  0.1340560709667489E+03
  0.2767785910590029E+01 -0.9309440166106540E+00  0.1345018254540165E+03
  0.2759615369261481E+01 -0.9279294054453956E+00  0.1340768538380178E+03
  0.2751444825909805E+01 -0.9248528473801222E+00  0.1330079047967685E+03
  0.2743274280659743E+01 -0.9217145478003181E+00  0.1317176424369470E+03
  0.2735103733626014E+01 -0.9185147162132208E+00  0.1304215778956167E+03
  0.2726933184914305E+01 -0.9152535662338340E+00  0.1290287233696391E+03
  0.2718762634622138E+01 -0.9119313155706682E+00  0.1274548385521186E+03
  0.2710592082839649E+01 -0.9085481860112055E+00  0.1256463816901740E+03
  0.2702421529650271E+01 -0.9051044034070944E+00  0.1233939892453343E+03
  0.2694250975131350E+01 -0.9016001976590722E+00  0.1204701724596101E+03
  0.2686080419354687E+01 -0.8980358027016164E+00  0.1170821367838749E+03
  0.2677909862387029E+01 -0.8944114564873288E+00  0.1138046350545139E+03
  0.2669739304290507E+01 -0.8907274009710492E+00  0.1109435035945289E+03
  0.2661568745123026E+01 -0.8869838820937034E+00  0.1082365680274253E+03
  0.2653398184938621E+01 -0.8831811497658847E+00  0.1051851682019090E+03
  0.2645227623787777E+01 -0.8793194578511700E+00  0.1015557647372265E+03
  0.2637057061717711E+01 -0.8753990641491725E+00  0.9747492194899387E+02
  0.2628886498772639E+01 -0.8714202303783312E+00  0.9315815661962502E+02
  0.2620715934994006E+01 -0.8673832221584393E+00  0.8854411962354763E+02
  0.2612545370420704E+01 -0.8632883089929120E+00  0.8325050963211680E+02
  0.2604374805089263E+01 -0.8591357642507945E+00  0.7700680361546412E+02
  0.2596204239034032E+01 -0.8549258651485127E+00  0.7026726998271090E+02
  0.2588033672287335E+01 -0.8506588927313666E+00  0.6413451905938885E+02
  0.2579863104879621E+01 -0.8463351318547683E+00  0.5953783050735890E+02
  0.2571692536839600E+01 -0.8419548711652254E+00  0.5647197697815801E+02
  0.2563521968194363E+01 -0.8375184030810715E+00  0.5418127879138063E+02
  0.2555351398969496E+01 -0.8330260237729452E+00  0.5190453527409385E+02
  0.2547180829189184E+01 -0.8284780331440178E+00  0.4934505238042718E+02
  0.2539010258876304E+01 -0.8238747348099726E+00  0.4666621168243999E+02
  0.2530839688052518E+01 -0.8192164360787360E+00  0.4427668653523088E+02
  0.2522669116738345E+01 -0.8145034479299620E+00  0.4250067202566644E+02
  0.2514498544953243E+01 -0.8097360849942720E+00  0.4127257954429540E+02
  0.2506327972715673E+01 -0.8049146655322506E+00  0.4012583338175970E+02
  0.2498157400043163E+01 -0.8000395114131988E+00  0.3852554968480545E+02
  0.2489986826952370E+01 -0.7951109480936471E+00  0.3625505225836028E+02
  0.2481816253459126E+01 -0.7901293045956280E+00  0.3351564677618448E+02
  0.2473645679578500E+01 -0.7850949134847117E+00  0.3082077074148747E+02
  0.2465475105324832E+01 -0.7800081108478040E+00  0.2868355947763399E+02
  0.2457304530711785E+01 -0.7748692362707100E+00  0.2724336024390576E+02
  0.2449133955752385E+01 -0.7696786328154644E+00  0.2611933570968019E+02
  0.2440963380459050E+01 -0.7644366469974285E+00  0.2468532084454755E+02
  0.2432792804843637E+01 -0.7591436287621580E+00  0.2248363164474928E+02
  0.2424622228917462E+01 -0.7537999314620412E+00  0.1944772790979129E+02
  0.2416451652691339E+01 -0.7484059118327094E+00  0.1578390440339185E+02
  0.2408281076175607E+01 -0.7429619299692227E+00  0.1175555297682349E+02
  0.2400110499380152E+01 -0.7374683493020299E+00  0.7533652360247636E+01
  0.2391939922314436E+01 -0.7319255365727068E+00  0.3227142607989837E+01
  0.2383769344987516E+01 -0.7263338618094733E+00 -0.9476246224183777E+00
  0.2375598767408072E+01 -0.7206936983024912E+00 -0.4574575715042742E+01
  0.2367428189584419E+01 -0.7150054225789432E+00 -0.7273379902928885E+01
  0.2359257611524532E+01 -0.7092694143778975E+00 -0.8996564152255717E+01
  0.2351087033236062E+01 -0.7034860566249567E+00 -0.1003481240416110E+02
  0.2342916454726351E+01 -0.6976557354066943E+00 -0.1079364230937624E+02
  0.2334745876002450E+01 -0.6917788399448808E+00 -0.1167915821322640E+02
  0.2326575297071134E+01 -0.6858557625704990E+00 -0.1299935953120360E+02
  0.2318404717938913E+01 -0.6798868986975534E+00 -0.1476485088388373E+02
  0.2310234138612046E+01 -0.6738726467966731E+00 -0.1662240226759613E+02
  0.2302063559096557E+01 -0.6678134083685102E+00 -0.1821128851947906E+02
  0.2293892979398239E+01 -0.6617095879169366E+00 -0.1954449600374277E+02
  0.2285722399522673E+01 -0.6555615929220400E+00 -0.2100019812340776E+02
  0.2277551819475234E+01 -0.6493698338129212E+00 -0.2294365675158299E+02
  0.2269381239261100E+01 -0.6431347239402948E+00 -0.2556237374040388E+02
  0.2261210658885265E+01 -0.6368566795488945E+00 -0.2884328418018873E+02
  0.2253040078352542E+01 -0.6305361197496849E+00 -0.3247777480234575E+02
  0.2244869497667577E+01 -0.6241734664918837E+00 -0.3585225728671187E+02
  0.2236698916834853E+01 -0.6177691445347914E+00 -0.3841365913863565E+02
  0.2228528335858699E+01 -0.6113235814194364E+00 -0.4003506661071978E+02
  0.2220357754743295E+01 -0.6048372074400329E+00 -0.4101642642973821E+02
  0.2212187173492683E+01 -0.5983104556152549E+00 -0.4177321324614036E+02
  0.2204016592110768E+01 -0.5917437616593286E+00 -0.4266629595635313E+02
  0.2195846010601326E+01 -0.5851375639529456E+00 -0.4390620674738368E+02
  0.2187675428968010E+01 -0.5784923035139965E+00 -0.4554567545954728E+02
  0.2179504847214357E+01 -0.5718084239681300E+00 -0.4741699850478646E+02
  0.2171334265343789E+01 -0.5650863715191369E+00 -0.4914479192800638E+02
  0.2163163683359622E+01 -0.5583265949191624E+00 -0.5019815443211899E+02
  0.2154993101265066E+01 -0.5515295454387482E+00 -0.5008102662463659E+02
  0.2146822519063234E+01 -0.5446956768367068E+00 -0.4862063415124197E+02
  0.2138651936757143E+01 -0.5378254453298289E+00 -0.4615343263022083E+02
  0.2130481354349721E+01 -0.5309193095624275E+00 -0.4320896841062957E+02
  0.2122310771843806E+01 -0.5239777305757194E+00 -0.4009746146186444E+02
  0.2114140189242155E+01 -0.5170011717770473E+00 -0.3681246038152712E+02
  0.2105969606547443E+01 -0.5099900989089429E+00 -0.3336846653478336E+02
  0.2097799023762269E+01 -0.5029449800180356E+00 -0.2990993195481795E+02
  0.2089628440889158E+01 -0.4958662854238058E+00 -0.2654724605308720E+02
  0.2081457857930564E+01 -0.4887544876871878E+00 -0.2318010357888332E+02
  0.2073287274888874E+01 -0.4816100615790221E+00 -0.1959551519664556E+02
  0.2065116691766407E+01 -0.4744334840483606E+00 -0.1566570655360647E+02
  0.2056946108565423E+01 -0.4672252341906264E+00 -0.1156550862478947E+02
  0.2048775525288118E+01 -0.4599857932156304E+00 -0.7759029249989690E+01
  0.2040604941936635E+01 -0.4527156444154464E+00 -0.4734131314494331E+01
  0.2032434358513056E+01 -0.4454152731321473E+00 -0.2608380272833194E+01
  0.2024263775019413E+01 -0.4380851667254050E+00 -0.1051853796629823E+01
  0.2016093191457685E+01 -0.4307258145399545E+00  0.4107413703569733E+00
  0.2007922607829804E+01 -0.4233377078729265E+00  0.2080936066344522E+01
  0.1999752024137653E+01 -0.4159213399410494E+00  0.4078417661070056E+01
  0.1991581440383068E+01 -0.4084772058477228E+00  0.6491005251346298E+01
  0.1983410856567843E+01 -0.4010058025499653E+00  0.9487153597159542E+01
  0.1975240272693730E+01 -0.3935076288252386E+00  0.1324262124601738E+02
  0.1967069688762441E+01 -0.3859831852381501E+00  0.1784791423325591E+02
  0.1958899104775647E+01 -0.3784329741070359E+00  0.2318946048435052E+02
  0.1950728520734982E+01 -0.3708574994704271E+00  0.2902823215748738E+02
  0.1942557936642046E+01 -0.3632572670534011E+00  0.3512059760545836E+02
  0.1934387352498403E+01 -0.3556327842338202E+00  0.4125174831678751E+02
  0.1926216768305583E+01 -0.3479845600084601E+00  0.4706878062804049E+02
  0.1918046184065086E+01 -0.3403131049590297E+00  0.5213312191441977E+02
  0.1909875599778379E+01 -0.3326189312180866E+00  0.5617102912718899E+02
  0.1901705015446901E+01 -0.3249025524348469E+00  0.5924658367329274E+02
  0.1893534431072063E+01 -0.3171644837408958E+00  0.6158208872200583E+02
  0.1885363846655247E+01 -0.3094052417157978E+00  0.6343897398682740E+02
  0.1877193262197810E+01 -0.3016253443526109E+00  0.6508793278075487E+02
  0.1869022677701083E+01 -0.2938253110233064E+00  0.6678683249406299E+02
  0.1860852093166375E+01 -0.2860056624440968E+00  0.6859677972320604E+02
  0.1852681508594969E+01 -0.2781669206406729E+00  0.7040925301051422E+02
  0.1844510923988128E+01 -0.2703096089133553E+00  0.7209820641580944E+02
  0.1836340339347093E+01 -0.2624342518021592E+00  0.7353821828290459E+02
  0.1828169754673083E+01 -0.2545413750517773E+00  0.7450069355783928E+02
  0.1819999169967299E+01 -0.2466315055764818E+00  0.7477817626227701E+02
  0.1811828585230925E+01 -0.2387051714249486E+00  0.7442755647698897E+02
  0.1803658000465123E+01 -0.2307629017450062E+00  0.7374578679852078E+02
  0.1795487415671042E+01 -0.2228052267483099E+00  0.7290737259185940E+02
  0.1787316830849811E+01 -0.2148326776749467E+00  0.7185395941952741E+02
  0.1779146246002545E+01 -0.2068457867579697E+00  0.7056091112564452E+02
  0.1770975661130345E+01 -0.1988450871878683E+00  0.6923132880631357E+02
  0.1762805076234296E+01 -0.1908311130769725E+00  0.6808022302166808E+02
  0.1754634491315471E+01 -0.1828043994237966E+00  0.6706132151947081E+02
  0.1746463906374929E+01 -0.1747654820773241E+00  0.6578207216066538E+02
  0.1738293321413718E+01 -0.1667148977012352E+00  0.6379527056401949E+02
  0.1730122736432872E+01 -0.1586531837380799E+00  0.6094045244275745E+02
  0.1721952151433418E+01 -0.1505808783733995E+00  0.5751666332337864E+02
  0.1713781566416370E+01 -0.1424985204997981E+00  0.5393464619783502E+02
  0.1705610981382731E+01 -0.1344066496809675E+00  0.5031112955271276E+02
  0.1697440396333499E+01 -0.1263058061156663E+00  0.4640336969674273E+02
  0.1689269811269659E+01 -0.1181965306016578E+00  0.4199924826405828E+02
  0.1681099226192191E+01 -0.1100793644996070E+00  0.3714281588491552E+02
  0.1672928641102067E+01 -0.1019548496969404E+00  0.3205909347423209E+02
  0.1664758056000250E+01 -0.9382352857167028E-01  0.2696019473518148E+02
  0.1656587470887701E+01 -0.8568594395618719E-01  0.2206553726534216E+02
  0.1648416885765370E+01 -0.7754263910102077E-01  0.1750570577275419E+02
  0.1640246300634206E+01 -0.6939415763857371E-01  0.1326657768943891E+02
  0.1632075715495151E+01 -0.6124104354682962E-01  0.9198083518547611E+01
  0.1623905130349143E+01 -0.5308384111303818E-01  0.5227972289365442E+01
  0.1615734545197117E+01 -0.4492309489737940E-01  0.1358116890467884E+01
  0.1607563960040004E+01 -0.3675934969660982E-01 -0.2436150256855794E+01
  0.1599393374878733E+01 -0.2859315050769285E-01 -0.6203517892192855E+01
  0.1591222789714229E+01 -0.2042504249141571E-01 -0.9860487235848433E+01
  0.1583052204547419E+01 -0.1225557093599554E-01 -0.1324871432949316E+02
  0.1574881619379224E+01 -0.4085281220676868E-02 -0.1631818897831819E+02
  0.1566711034210569E+01  0.4085281220676868E-02 -0.1921871941239288E+02
  0.1558540449042374E+01  0.1225557093599554E-01 -0.2217069327283403E+02
  0.1550369863875564E+01  0.2042504249141571E-01 -0.2533994411325195E+02
  0.1542199278711061E+01  0.2859315050769285E-01 -0.2869440730331059E+02
  0.1534028693549790E+01  0.3675934969660982E-01 -0.3198217214752711E+02
  0.1525858108392677E+01  0.4492309489737940E-01 -0.3490856082414727E+02
  0.1517687523240650E+01  0.5308384111303818E-01 -0.3743854746644356E+02
  0.1509516938094642E+01  0.6124104354682962E-01 -0.3979065539765414E+02
  0.1501346352955587E+01  0.6939415763857371E-01 -0.4219420466942779E+02
  0.1493175767824423E+01  0.7754263910102077E-01 -0.4472143575167481E+02
  0.1485005182702093E+01  0.8568594395618719E-01 -0.4738882738846397E+02
  0.1476834597589543E+01  0.9382352857167028E-01 -0.5017453965580757E+02
  0.1468664012487727E+01  0.1019548496969404E+00 -0.5295185191722505E+02
  0.1460493427397602E+01  0.1100793644996070E+00 -0.5552306996750002E+02
  0.1452322842320134E+01  0.1181965306016578E+00 -0.5782432941054294E+02
  0.1444152257256294E+01  0.1263058061156663E+00 -0.5991987755101410E+02
  0.1435981672207062E+01  0.1344066496809675E+00 -0.6187497596681710E+02
  0.1427811087173423E+01  0.1424985204997981E+00 -0.6369929801880438E+02
  0.1419640502156375E+01  0.1505808783733995E+00 -0.6553783218016004E+02
  0.1411469917156921E+01  0.1586531837380799E+00 -0.6765543904468436E+02
  0.1403299332176076E+01  0.1667148977012352E+00 -0.7028092762659075E+02
  0.1395128747214864E+01  0.1747654820773241E+00 -0.7349027455735403E+02
  0.1386958162274323E+01  0.1828043994237966E+00 -0.7725996388116282E+02
  0.1378787577355497E+01  0.1908311130769725E+00 -0.8139980055676435E+02
  0.1370616992459449E+01  0.1988450871878683E+00 -0.8562312984735208E+02
  0.1362446407587248E+01  0.2068457867579697E+00 -0.8968400708554603E+02
  0.1354275822739983E+01  0.2148326776749467E+00 -0.9349431360454417E+02
  0.1346105237918751E+01  0.2228052267483099E+00 -0.9699545956891154E+02
  0.1337934653124670E+01  0.2307629017450062E+00 -0.1002032007005377E+03
  0.1329764068358868E+01  0.2387051714249486E+00 -0.1033658113022128E+03
  0.1321593483622494E+01  0.2466315055764818E+00 -0.1069075276488902E+03
  0.1313422898916710E+01  0.2545413750517773E+00 -0.1110121710478839E+03
  0.1305252314242701E+01  0.2624342518021592E+00 -0.1154508488880525E+03
  0.1297081729601665E+01  0.2703096089133553E+00 -0.1198565522163587E+03
  0.1288911144994824E+01  0.2781669206406729E+00 -0.1241912406460352E+03
  0.1280740560423418E+01  0.2860056624440968E+00 -0.1286543046467810E+03
  0.1272569975888710E+01  0.2938253110233064E+00 -0.1333268455569983E+03
  0.1264399391391984E+01  0.3016253443526109E+00 -0.1379389319486941E+03
  0.1256228806934547E+01  0.3094052417157978E+00 -0.1421288821098148E+03
  0.1248058222517730E+01  0.3171644837408958E+00 -0.1458553511119277E+03
  0.1239887638142892E+01  0.3249025524348469E+00 -0.1495769471959455E+03
  0.1231717053811414E+01  0.3326189312180866E+00 -0.1538034160626311E+03
  0.1223546469524707E+01  0.3403131049590297E+00 -0.1585399461594964E+03
  0.1215375885284210E+01  0.3479845600084601E+00 -0.1632426034936841E+03
  0.1207205301091390E+01  0.3556327842338202E+00 -0.1674393236567555E+03
  0.1199034716947747E+01  0.3632572670534011E+00 -0.1711212120317394E+03
  0.1190864132854811E+01  0.3708574994704271E+00 -0.1746188167148861E+03
  0.1182693548814147E+01  0.3784329741070359E+00 -0.1781686228159211E+03
  0.1174522964827352E+01  0.3859831852381501E+00 -0.1817949863084477E+03
  0.1166352380896063E+01  0.3935076288252386E+00 -0.1852896653332137E+03
  0.1158181797021950E+01  0.4010058025499653E+00 -0.1883435419942709E+03
  0.1150011213206726E+01  0.4084772058477228E+00 -0.1907164236268919E+03
  0.1141840629452141E+01  0.4159213399410494E+00 -0.1924168957272466E+03
  0.1133670045759989E+01  0.4233377078729265E+00 -0.1935310807178626E+03
  0.1125499462132108E+01  0.4307258145399545E+00 -0.1941440112551864E+03
  0.1117328878570381E+01  0.4380851667254050E+00 -0.1944357284135431E+03
  0.1109158295076737E+01  0.4454152731321473E+00 -0.1948180812018513E+03
  0.1100987711653159E+01  0.4527156444154464E+00 -0.1955769879099684E+03
  0.1092817128301675E+01  0.4599857932156304E+00 -0.1966448911776774E+03
  0.1084646545024371E+01  0.4672252341906264E+00 -0.1978089271659442E+03
  0.1076475961823386E+01  0.4744334840483606E+00 -0.1991438889007085E+03
  0.1068305378700920E+01  0.4816100615790221E+00 -0.2007666335547252E+03
  0.1060134795659229E+01  0.4887544876871878E+00 -0.2025211810609606E+03
  0.1051964212700635E+01  0.4958662854238058E+00 -0.2041654283590630E+03
  0.1043793629827524E+01  0.5029449800180356E+00 -0.2058027490729906E+03
  0.1035623047042350E+01  0.5099900989089429E+00 -0.2076851345341319E+03
  0.1027452464347638E+01  0.5170011717770473E+00 -0.2097805679116985E+03
  0.1019281881745987E+01  0.5239777305757194E+00 -0.2117791646293582E+03
  0.1011111299240073E+01  0.5309193095624275E+00 -0.2135539331179990E+03
  0.1002940716832650E+01  0.5378254453298289E+00 -0.2151841476866733E+03
  0.9947701345265596E+00  0.5446956768367068E+00 -0.2166627801959997E+03
  0.9865995523247275E+00  0.5515295454387482E+00 -0.2177975742153055E+03
  0.9784289702301714E+00  0.5583265949191624E+00 -0.2184122058825671E+03
  0.9702583882460036E+00  0.5650863715191369E+00 -0.2184206373744147E+03
  0.9620878063754359E+00  0.5718084239681300E+00 -0.2178524948942327E+03
  0.9539172246217830E+00  0.5784923035139965E+00 -0.2167972393338256E+03
  0.9457466429884676E+00  0.5851375639529456E+00 -0.2153903793994992E+03
  0.9375760614790253E+00  0.5917437616593286E+00 -0.2137172388562490E+03
  0.9294054800971098E+00  0.5983104556152549E+00 -0.2119817915060623E+03
  0.9212348988464978E+00  0.6048372074400329E+00 -0.2104823583864002E+03
  0.9130643177310944E+00  0.6113235814194364E+00 -0.2094805601295878E+03
  0.9048937367549402E+00  0.6177691445347914E+00 -0.2089889864718109E+03
  0.8967231559222163E+00  0.6241734664918837E+00 -0.2089705143642051E+03
  0.8885525752372514E+00  0.6305361197496849E+00 -0.2093002369681674E+03
  0.8803819947045285E+00  0.6368566795488945E+00 -0.2094745693034671E+03
  0.8722114143286931E+00  0.6431347239402948E+00 -0.2085519754913088E+03
  0.8640408341145595E+00  0.6493698338129212E+00 -0.2060042549698351E+03
  0.8558702540671204E+00  0.6555615929220400E+00 -0.2021737319486532E+03
  0.8476996741915547E+00  0.6617095879169366E+00 -0.1978466620609807E+03
  0.8395290944932369E+00  0.6678134083685102E+00 -0.1933456637332646E+03
  0.8313585149777468E+00  0.6738726467966731E+00 -0.1885459822434037E+03
  0.8231879356508802E+00  0.6798868986975534E+00 -0.1833620442491941E+03
  0.8150173565186587E+00  0.6858557625704990E+00 -0.1779176845133099E+03
  0.8068467775873427E+00  0.6917788399448808E+00 -0.1722636648757285E+03
  0.7986761988634423E+00  0.6976557354066943E+00 -0.1664886432104025E+03
  0.7905056203537315E+00  0.7034860566249567E+00 -0.1607783034286249E+03
  0.7823350420652612E+00  0.7092694143778975E+00 -0.1553349930010544E+03
  0.7741644640053743E+00  0.7150054225789432E+00 -0.1501618489956466E+03
  0.7659938861817212E+00  0.7206936983024912E+00 -0.1451730377750429E+03
  0.7578233086022768E+00  0.7263338618094733E+00 -0.1402715824440653E+03
  0.7496527312753575E+00  0.7319255365727068E+00 -0.1353554525879524E+03
  0.7414821542096410E+00  0.7374683493020299E+00 -0.1302882630984221E+03
  0.7333115774141861E+00  0.7429619299692227E+00 -0.1250169717149878E+03
  0.7251410008984539E+00  0.7484059118327094E+00 -0.1194657022102287E+03
  0.7169704246723316E+00  0.7537999314620412E+00 -0.1136218330510734E+03
  0.7087998487461566E+00  0.7591436287621580E+00 -0.1077666816659391E+03
  0.7006292731307425E+00  0.7644366469974285E+00 -0.1025219686887680E+03
  0.6924586978374083E+00  0.7696786328154644E+00 -0.9800917266888864E+02
  0.6842881228780077E+00  0.7748692362707100E+00 -0.9352660765737342E+02
  0.6761175482649616E+00  0.7800081108478040E+00 -0.8814606769417975E+02
  0.6679469740112938E+00  0.7850949134847117E+00 -0.8167391425017790E+02
  0.6597764001306670E+00  0.7901293045956280E+00 -0.7446676311860176E+02
  0.6516058266374236E+00  0.7951109480936471E+00 -0.6674120076171428E+02
  0.6434352535466297E+00  0.8000395114131988E+00 -0.5828354095153730E+02
  0.6352646808741202E+00  0.8049146655322506E+00 -0.4895330656770031E+02
  0.6270941086365502E+00  0.8097360849942720E+00 -0.3878418113946020E+02
  0.6189235368514482E+00  0.8145034479299620E+00 -0.2803075194938256E+02
  0.6107529655372755E+00  0.8192164360787360E+00 -0.1697618913401141E+02
  0.6025823947134890E+00  0.8238747348099726E+00 -0.5878045577335323E+01
  0.5944118244006098E+00  0.8284780331440178E+00  0.5279517055531738E+01
  0.5862412546202973E+00  0.8330260237729452E+00  0.1647106460567570E+02
  0.5780706853954301E+00  0.8375184030810715E+00  0.2756795542429500E+02
  0.5699001167501928E+00  0.8419548711652254E+00  0.3859712492558145E+02
  0.5617295487101719E+00  0.8463351318547683E+00  0.5017872159536906E+02
  0.5535589813024583E+00  0.8506588927313666E+00  0.6273292839109629E+02
  0.5453884145557613E+00  0.8549258651485127E+00  0.7575260173929892E+02
  0.5372178485005299E+00  0.8591357642507945E+00  0.8821233893468029E+02
  0.5290472831690897E+00  0.8632883089929120E+00  0.9995521193206812E+02
  0.5208767185957875E+00  0.8673832221584393E+00  0.1117411310006555E+03
  0.5127061548171545E+00  0.8714202303783312E+00  0.1242475206944933E+03
  0.5045355918720822E+00  0.8753990641491725E+00  0.1373253715142131E+03
  0.4963650298020162E+00  0.8793194578511700E+00  0.1504405638672889E+03
  0.4881944686511717E+00  0.8831811497658847E+00  0.1631792620828354E+03
  0.4800239084667671E+00  0.8869838820937034E+00  0.1756651931444095E+03
  0.4718533492992859E+00  0.8907274009710492E+00  0.1884792390935312E+03
  0.4636827912027636E+00  0.8944114564873288E+00  0.2021876504529897E+03
  0.4555122342351060E+00  0.8980358027016164E+00  0.2164863156852285E+03
  0.4473416784584431E+00  0.9016001976590722E+00  0.2306911611045356E+03
  0.4391711239395221E+00  0.9051044034070944E+00  0.2447601928540601E+03
  0.4310005707501444E+00  0.9085481860112055E+00  0.2595641205401646E+03
  0.4228300189676551E+00  0.9119313155706682E+00  0.2756288574261785E+03
  0.4146594686754885E+00  0.9152535662338340E+00  0.2929943843410648E+03
  0.4064889199637791E+00  0.9185147162132208E+00  0.3117505645732533E+03
  0.3983183729300507E+00  0.9217145478003181E+00  0.3321942158770502E+03
  0.3901478276799883E+00  0.9248528473801222E+00  0.3539246015751840E+03
  0.3819772843283120E+00  0.9279294054453956E+00  0.3762458226012936E+03
  0.3738067429997641E+00  0.9309440166106540E+00  0.3988893713589574E+03
  0.3656362038302282E+00  0.9338964796258775E+00  0.4219750072131027E+03
  0.3574656669680030E+00  0.9367865973899459E+00  0.4450376816559165E+03
  0.3492951325752533E+00  0.9396141769637963E+00  0.4677064076188502E+03
  0.3411246008296713E+00  0.9423790295833044E+00  0.4905322648472777E+03
  0.3329540719263814E+00  0.9450809706718851E+00  0.5145254698132064E+03
  0.3247835460801308E+00  0.9477198198528157E+00  0.5394542360173485E+03
  0.3166130235278230E+00  0.9502954009612771E+00  0.5645120485257105E+03
  0.3084425045314506E+00  0.9528075420561144E+00  0.5895023781860782E+03
  0.3002719893815085E+00  0.9552560754313160E+00  0.6150952357684311E+03
  0.2921014784009779E+00  0.9576408376272095E+00  0.6419283166148454E+03
  0.2839309719500016E+00  0.9599616694413742E+00  0.6706834156449880E+03
  0.2757604704313845E+00  0.9622184159392698E+00  0.7016487755721581E+03
  0.2675899742971076E+00  0.9644109264645802E+00  0.7342541305982285E+03
  0.2594194840560681E+00  0.9665390546492710E+00  0.7669628504302108E+03
  0.2512490002833307E+00  0.9686026584233628E+00  0.7992583132695868E+03
  0.2430785236312446E+00  0.9706016000244151E+00  0.8317823938355577E+03
  0.2349080548428762E+00  0.9725357460067257E+00  0.8649573825337261E+03
  0.2267375947683499E+00  0.9744049672502397E+00  0.8980604776527684E+03
  0.2185671443848464E+00  0.9762091389691724E+00  0.9308817089261265E+03
  0.2103967048212628E+00  0.9779481407203411E+00  0.9639095134256426E+03
  0.2022262773888417E+00  0.9796218564112101E+00  0.9974686023469172E+03
  0.1940558636195398E+00  0.9812301743076443E+00  0.1031498998286525E+04
  0.1858854653144977E+00  0.9827729870413743E+00  0.1067017121921221E+04
  0.1777150846058812E+00  0.9842501916171713E+00  0.1104910843882237E+04
  0.1695447240365762E+00  0.9856616894197333E+00  0.1144907425691124E+04
  0.1613743866640789E+00  0.9870073862202815E+00  0.1186272806258054E+04
  0.1532040761975885E+00  0.9882871921828699E+00  0.1230205402128592E+04
  0.1450337971813853E+00  0.9895010218704087E+00  0.1277908281039759E+04
  0.1368635552438019E+00  0.9906487942504061E+00  0.1328963310151377E+04
  0.1286933574408989E+00  0.9917304327004320E+00  0.1382257587675469E+04
  0.1205232127396896E+00  0.9927458650133153E+00  0.1438858308606888E+04
  0.1123531327118049E+00  0.9936950234020883E+00  0.1499049634600184E+04
  0.1041831325528455E+00  0.9945778445047068E+00  0.1561789972700660E+04
  0.9601323262085862E-01  0.9953942693885953E+00  0.1627160838779426E+04
  0.8784346083082471E-01  0.9961442435551087E+00  0.1698855070241278E+04
  0.7967385651719167E-01  0.9968277169440913E+00  0.1777751790390671E+04
  0.7150447693306423E-01  0.9974446439389107E+00  0.1862715260727320E+04
  0.6333540875299180E-01  0.9979949833727938E+00  0.1957122675988936E+04
  0.5516678972815772E-01  0.9984786985384589E+00  0.2071175366273435E+04
  0.4699885272846815E-01  0.9988957572063257E+00  0.2212642910948182E+04
  0.3883202470742381E-01  0.9992461316671845E+00  0.2398400438185888E+04
  0.3066718105470672E-01  0.9995297988558859E+00  0.2671160726106267E+04
  0.2250643816359393E-01  0.9997467408113523E+00  0.3074054395241681E+04
  0.1435650599352885E-01  0.9998969471378596E+00  0.3559135031265814E+04
  0.6254421014113626E-02  0.9999804411726474E+00  0.3951086879693716E+04
