# nlmax, ncor, nside =         383           1         128
  0.3135338232575680E+01 -0.9999804411726474E+00  0.1450121425365322E+03
  0.3127236147596264E+01 -0.9998969471378596E+00  0.1416101170675508E+03
  0.3119086215426199E+01 -0.9997467408113523E+00  0.1365842724816683E+03
  0.3110925472535087E+01 -0.9995297988558859E+00  0.1311765357341043E+03
  0.3102760628882369E+01 -0.9992461316671845E+00  0.1258621505163624E+03
  0.3094593800861325E+01 -0.9988957572063257E+00  0.1209336627352354E+03
  0.3086425863861635E+01 -0.9984786985384589E+00  0.1172334363461050E+03
  0.3078257244836801E+01 -0.9979949833727938E+00  0.1155052773892164E+03
  0.3070088176656729E+01 -0.9974446439389107E+00  0.1155743683873231E+03
  0.3061918797072602E+01 -0.9968277169440913E+00  0.1163029085438261E+03
  0.3053749192758969E+01 -0.9961442435551087E+00  0.1166221033740575E+03
  0.3045579420968934E+01 -0.9953942693885953E+00  0.1162267962634106E+03
  0.3037409521036948E+01 -0.9945778445047068E+00  0.1157653737830420E+03
  0.3029239520877988E+01 -0.9936950234020883E+00  0.1159868121887594E+03
  0.3021069440850104E+01 -0.9927458650133153E+00  0.1169956488905052E+03
  0.3012899296148894E+01 -0.9917304327004320E+00  0.1183245693025717E+03
  0.3004729098345992E+01 -0.9906487942504061E+00  0.1197364165500873E+03
  0.2996558856408408E+01 -0.9895010218704087E+00  0.1211674249489686E+03
  0.2988388577392205E+01 -0.9882871921828699E+00  0.1225053440770789E+03
  0.2980218266925714E+01 -0.9870073862202815E+00  0.1236155660491019E+03
  0.2972047929553217E+01 -0.9856616894197333E+00  0.1244940764690163E+03
  0.2963877568983912E+01 -0.9842501916171713E+00  0.1249176922411239E+03
  0.2955707188275296E+01 -0.9827729870413743E+00  0.1245031589007248E+03
  0.2947536789970254E+01 -0.9812301743076443E+00  0.1231807239261286E+03
  0.2939366376200951E+01 -0.9796218564112101E+00  0.1214748417504852E+03
  0.2931195948768531E+01 -0.9779481407203411E+00  0.1198953695769165E+03
  0.2923025509204947E+01 -0.9762091389691724E+00  0.1185671883365613E+03
  0.2914855058821443E+01 -0.9744049672502397E+00  0.1176898821237161E+03
  0.2906684598746917E+01 -0.9725357460067257E+00  0.1180067447921089E+03
  0.2898514129958549E+01 -0.9706016000244151E+00  0.1204597025963546E+03
  0.2890343653306462E+01 -0.9686026584233628E+00  0.1253256098689810E+03
  0.2882173169533725E+01 -0.9665390546492710E+00  0.1320703724516998E+03
  0.2874002679292686E+01 -0.9644109264645802E+00  0.1399895494106969E+03
  0.2865832183158409E+01 -0.9622184159392698E+00  0.1484695221536126E+03
  0.2857661681639792E+01 -0.9599616694413742E+00  0.1569331643479969E+03
  0.2849491175188815E+01 -0.9576408376272095E+00  0.1649496922299133E+03
  0.2841320664208285E+01 -0.9552560754313160E+00  0.1724912004847853E+03
  0.2833150149058343E+01 -0.9528075420561144E+00  0.1798020102964657E+03
  0.2824979630061970E+01 -0.9502954009612771E+00  0.1870157222642685E+03
  0.2816809107509663E+01 -0.9477198198528157E+00  0.1941403687365217E+03
  0.2808638581663412E+01 -0.9450809706718851E+00  0.2014073943162475E+03
  0.2800468052760122E+01 -0.9423790295833044E+00  0.2093470372865820E+03
  0.2792297521014540E+01 -0.9396141769637963E+00  0.2183986327210305E+03
  0.2784126986621790E+01 -0.9367865973899459E+00  0.2285285169107156E+03
  0.2775956449759565E+01 -0.9338964796258775E+00  0.2390872350428236E+03
  0.2767785910590029E+01 -0.9309440166106540E+00  0.2491680979655339E+03
  0.2759615369261481E+01 -0.9279294054453956E+00  0.2581777599817224E+03
  0.2751444825909805E+01 -0.9248528473801222E+00  0.2662538624658896E+03
  0.2743274280659743E+01 -0.9217145478003181E+00  0.2738834587612295E+03
  0.2735103733626014E+01 -0.9185147162132208E+00  0.2813534470613785E+03
  0.2726933184914305E+01 -0.9152535662338340E+00  0.2886476229108516E+03
  0.2718762634622138E+01 -0.9119313155706682E+00  0.2957655772404750E+03
  0.2710592082839649E+01 -0.9085481860112055E+00  0.3027650923603343E+03
  0.2702421529650271E+01 -0.9051044034070944E+00  0.3095428127652045E+03
  0.2694250975131350E+01 -0.9016001976590722E+00  0.3157882788374716E+03
  0.2686080419354687E+01 -0.8980358027016164E+00  0.3212071896597328E+03
  0.2677909862387029E+01 -0.8944114564873288E+00  0.3255946476902556E+03
  0.2669739304290507E+01 -0.8907274009710492E+00  0.3288309926267203E+03
  0.2661568745123026E+01 -0.8869838820937034E+00  0.3310609371910367E+03
  0.2653398184938621E+01 -0.8831811497658847E+00  0.3328394647215497E+03
  0.2645227623787777E+01 -0.8793194578511700E+00  0.3347155672908479E+03
  0.2637057061717711E+01 -0.8753990641491725E+00  0.3367712913958259E+03
  0.2628886498772639E+01 -0.8714202303783312E+00  0.3386806760951065E+03
  0.2620715934994006E+01 -0.8673832221584393E+00  0.3403049992731708E+03
  0.2612545370420704E+01 -0.8632883089929120E+00  0.3419206094515413E+03
  0.2604374805089263E+01 -0.8591357642507945E+00  0.3438346347215923E+03
  0.2596204239034032E+01 -0.8549258651485127E+00  0.3459854395895547E+03
  0.2588033672287335E+01 -0.8506588927313666E+00  0.3480393339338231E+03
  0.2579863104879621E+01 -0.8463351318547683E+00  0.3496868233953833E+03
  0.2571692536839600E+01 -0.8419548711652254E+00  0.3508783064070977E+03
  0.2563521968194363E+01 -0.8375184030810715E+00  0.3518365968153196E+03
  0.2555351398969496E+01 -0.8330260237729452E+00  0.3528380428340482E+03
  0.2547180829189184E+01 -0.8284780331440178E+00  0.3538983479069464E+03
  0.2539010258876304E+01 -0.8238747348099726E+00  0.3548120700480466E+03
  0.2530839688052518E+01 -0.8192164360787360E+00  0.3553869528696638E+03
  0.2522669116738345E+01 -0.8145034479299620E+00  0.3556570605908670E+03
  0.2514498544953243E+01 -0.8097360849942720E+00  0.3557947555766049E+03
  0.2506327972715673E+01 -0.8049146655322506E+00  0.3557958471978085E+03
  0.2498157400043163E+01 -0.8000395114131988E+00  0.3553377768835069E+03
  0.2489986826952370E+01 -0.7951109480936471E+00  0.3540768240524845E+03
  0.2481816253459126E+01 -0.7901293045956280E+00  0.3519905782522291E+03
  0.2473645679578500E+01 -0.7850949134847117E+00  0.3493762991589414E+03
  0.2465475105324832E+01 -0.7800081108478040E+00  0.3464713738590169E+03
  0.2457304530711785E+01 -0.7748692362707100E+00  0.3431454934653676E+03
  0.2449133955752385E+01 -0.7696786328154644E+00  0.3391698750350484E+03
  0.2440963380459050E+01 -0.7644366469974285E+00  0.3346490708463274E+03
  0.2432792804843637E+01 -0.7591436287621580E+00  0.3299832593774534E+03
  0.2424622228917462E+01 -0.7537999314620412E+00  0.3254144038724561E+03
  0.2416451652691339E+01 -0.7484059118327094E+00  0.3207922941593470E+03
  0.2408281076175607E+01 -0.7429619299692227E+00  0.3157664734502155E+03
  0.2400110499380152E+01 -0.7374683493020299E+00  0.3100239469954010E+03
  0.2391939922314436E+01 -0.7319255365727068E+00  0.3034266596830284E+03
  0.2383769344987516E+01 -0.7263338618094733E+00  0.2961356233182959E+03
  0.2375598767408072E+01 -0.7206936983024912E+00  0.2886698765243237E+03
  0.2367428189584419E+01 -0.7150054225789432E+00  0.2815855507097892E+03
  0.2359257611524532E+01 -0.7092694143778975E+00  0.2750073654630769E+03
  0.2351087033236062E+01 -0.7034860566249567E+00  0.2685951638309851E+03
  0.2342916454726351E+01 -0.6976557354066943E+00  0.2620420024192708E+03
  0.2334745876002450E+01 -0.6917788399448808E+00  0.2554057322325885E+03
  0.2326575297071134E+01 -0.6858557625704990E+00  0.2490201601908871E+03
  0.2318404717938913E+01 -0.6798868986975534E+00  0.2431980499098419E+03
  0.2310234138612046E+01 -0.6738726467966731E+00  0.2380091891931116E+03
  0.2302063559096557E+01 -0.6678134083685102E+00  0.2332352949683054E+03
  0.2293892979398239E+01 -0.6617095879169366E+00  0.2285271350178835E+03
  0.2285722399522673E+01 -0.6555615929220400E+00  0.2235667836522629E+03
  0.2277551819475234E+01 -0.6493698338129212E+00  0.2181220886818350E+03
  0.2269381239261100E+01 -0.6431347239402948E+00  0.2120119677924656E+03
  0.2261210658885265E+01 -0.6368566795488945E+00  0.2051342149228867E+03
  0.2253040078352542E+01 -0.6305361197496849E+00  0.1975812284442310E+03
  0.2244869497667577E+01 -0.6241734664918837E+00  0.1896257876511268E+03
  0.2236698916834853E+01 -0.6177691445347914E+00  0.1815281929162417E+03
  0.2228528335858699E+01 -0.6113235814194364E+00  0.1733678027794434E+03
  0.2220357754743295E+01 -0.6048372074400329E+00  0.1650618198773630E+03
  0.2212187173492683E+01 -0.5983104556152549E+00  0.1565145569296961E+03
  0.2204016592110768E+01 -0.5917437616593286E+00  0.1478224877985566E+03
  0.2195846010601326E+01 -0.5851375639529456E+00  0.1393588517506098E+03
  0.2187675428968010E+01 -0.5784923035139965E+00  0.1315358420582396E+03
  0.2179504847214357E+01 -0.5718084239681300E+00  0.1244362387832470E+03
  0.2171334265343789E+01 -0.5650863715191369E+00  0.1176755570375124E+03
  0.2163163683359622E+01 -0.5583265949191624E+00  0.1107545678909930E+03
  0.2154993101265066E+01 -0.5515295454387482E+00  0.1034344759507601E+03
  0.2146822519063234E+01 -0.5446956768367068E+00  0.9578385373285951E+02
  0.2138651936757143E+01 -0.5378254453298289E+00  0.8800930631492851E+02
  0.2130481354349721E+01 -0.5309193095624275E+00  0.8034824382911316E+02
  0.2122310771843806E+01 -0.5239777305757194E+00  0.7298213722790253E+02
  0.2114140189242155E+01 -0.5170011717770473E+00  0.6585190071325843E+02
  0.2105969606547443E+01 -0.5099900989089429E+00  0.5858423329669383E+02
  0.2097799023762269E+01 -0.5029449800180356E+00  0.5074964630024832E+02
  0.2089628440889158E+01 -0.4958662854238058E+00  0.4211301072266704E+02
  0.2081457857930564E+01 -0.4887544876871878E+00  0.3271287502856175E+02
  0.2073287274888874E+01 -0.4816100615790221E+00  0.2279633672502139E+02
  0.2065116691766407E+01 -0.4744334840483606E+00  0.1274595218883277E+02
  0.2056946108565423E+01 -0.4672252341906264E+00  0.2850952073989902E+01
  0.2048775525288118E+01 -0.4599857932156304E+00 -0.6823740807908388E+01
  0.2040604941936635E+01 -0.4527156444154464E+00 -0.1631882271551860E+02
  0.2032434358513056E+01 -0.4454152731321473E+00 -0.2550817498306699E+02
  0.2024263775019413E+01 -0.4380851667254050E+00 -0.3416803836285656E+02
  0.2016093191457685E+01 -0.4307258145399545E+00 -0.4227704554389900E+02
  0.2007922607829804E+01 -0.4233377078729265E+00 -0.5006778368258266E+02
  0.1999752024137653E+01 -0.4159213399410494E+00 -0.5775417589490829E+02
  0.1991581440383068E+01 -0.4084772058477228E+00 -0.6535117240777232E+02
  0.1983410856567843E+01 -0.4010058025499653E+00 -0.7271213884730385E+02
  0.1975240272693730E+01 -0.3935076288252386E+00 -0.7964361007109164E+02
  0.1967069688762441E+01 -0.3859831852381501E+00 -0.8600200601633202E+02
  0.1958899104775647E+01 -0.3784329741070359E+00 -0.9189874879321911E+02
  0.1950728520734982E+01 -0.3708574994704271E+00 -0.9775671267998774E+02
  0.1942557936642046E+01 -0.3632572670534011E+00 -0.1039918522731929E+03
  0.1934387352498403E+01 -0.3556327842338202E+00 -0.1106356574447712E+03
  0.1926216768305583E+01 -0.3479845600084601E+00 -0.1173655560938659E+03
  0.1918046184065086E+01 -0.3403131049590297E+00 -0.1237411446118176E+03
  0.1909875599778379E+01 -0.3326189312180866E+00 -0.1293776699944235E+03
  0.1901705015446901E+01 -0.3249025524348469E+00 -0.1340770092347286E+03
  0.1893534431072063E+01 -0.3171644837408958E+00 -0.1380358594717376E+03
  0.1885363846655247E+01 -0.3094052417157978E+00 -0.1417402192513214E+03
  0.1877193262197810E+01 -0.3016253443526109E+00 -0.1455551060728790E+03
  0.1869022677701083E+01 -0.2938253110233064E+00 -0.1494538330214911E+03
  0.1860852093166375E+01 -0.2860056624440968E+00 -0.1533139519291960E+03
  0.1852681508594969E+01 -0.2781669206406729E+00 -0.1572894195721267E+03
  0.1844510923988128E+01 -0.2703096089133553E+00 -0.1618092295460063E+03
  0.1836340339347093E+01 -0.2624342518021592E+00 -0.1671397327409970E+03
  0.1828169754673083E+01 -0.2545413750517773E+00 -0.1731075388504244E+03
  0.1819999169967299E+01 -0.2466315055764818E+00 -0.1792073973802766E+03
  0.1811828585230925E+01 -0.2387051714249486E+00 -0.1850253095542796E+03
  0.1803658000465123E+01 -0.2307629017450062E+00 -0.1904903269284231E+03
  0.1795487415671042E+01 -0.2228052267483099E+00 -0.1957423707429296E+03
  0.1787316830849811E+01 -0.2148326776749467E+00 -0.2007895060068255E+03
  0.1779146246002545E+01 -0.2068457867579697E+00 -0.2055375849141497E+03
  0.1770975661130345E+01 -0.1988450871878683E+00 -0.2100714420002675E+03
  0.1762805076234296E+01 -0.1908311130769725E+00 -0.2147711288779388E+03
  0.1754634491315471E+01 -0.1828043994237966E+00 -0.2199179933118794E+03
  0.1746463906374929E+01 -0.1747654820773241E+00 -0.2254769179832971E+03
  0.1738293321413718E+01 -0.1667148977012352E+00 -0.2312723655234927E+03
  0.1730122736432872E+01 -0.1586531837380799E+00 -0.2372683467152654E+03
  0.1721952151433418E+01 -0.1505808783733995E+00 -0.2433906247124863E+03
  0.1713781566416370E+01 -0.1424985204997981E+00 -0.2494275027255156E+03
  0.1705610981382731E+01 -0.1344066496809675E+00 -0.2552185367304681E+03
  0.1697440396333499E+01 -0.1263058061156663E+00 -0.2609079578797117E+03
  0.1689269811269659E+01 -0.1181965306016578E+00 -0.2667278118332521E+03
  0.1681099226192191E+01 -0.1100793644996070E+00 -0.2726693409985924E+03
  0.1672928641102067E+01 -0.1019548496969404E+00 -0.2783824139164527E+03
  0.1664758056000250E+01 -0.9382352857167028E-01 -0.2834603887297095E+03
  0.1656587470887701E+01 -0.8568594395618719E-01 -0.2876914529381532E+03
  0.1648416885765370E+01 -0.7754263910102077E-01 -0.2911341859959355E+03
  0.1640246300634206E+01 -0.6939415763857371E-01 -0.2940321569381111E+03
  0.1632075715495151E+01 -0.6124104354682962E-01 -0.2966513777907950E+03
  0.1623905130349143E+01 -0.5308384111303818E-01 -0.2991444092696451E+03
  0.1615734545197117E+01 -0.4492309489737940E-01 -0.3015794319233101E+03
  0.1607563960040004E+01 -0.3675934969660982E-01 -0.3040152299533326E+03
  0.1599393374878733E+01 -0.2859315050769285E-01 -0.3064641118062773E+03
  0.1591222789714229E+01 -0.2042504249141571E-01 -0.3087603608392639E+03
  0.1583052204547419E+01 -0.1225557093599554E-01 -0.3106191121444109E+03
  0.1574881619379224E+01 -0.4085281220676868E-02 -0.3117844858792171E+03
  0.1566711034210569E+01  0.4085281220676868E-02 -0.3122122094292184E+03
  0.1558540449042374E+01  0.1225557093599554E-01 -0.3121110540298933E+03
  0.1550369863875564E+01  0.2042504249141571E-01 -0.3117930830765645E+03
  0.1542199278711061E+01  0.2859315050769285E-01 -0.3113610135987313E+03
  0.1534028693549790E+01  0.3675934969660982E-01 -0.3106152214488749E+03
  0.1525858108392677E+01  0.4492309489737940E-01 -0.3092619554161139E+03
  0.1517687523240650E+01  0.5308384111303818E-01 -0.3073104620858268E+03
  0.1509516938094642E+01  0.6124104354682962E-01 -0.3050114453509867E+03
  0.1501346352955587E+01  0.6939415763857371E-01 -0.3025458993251494E+03
  0.1493175767824423E+01  0.7754263910102077E-01 -0.2999457854956729E+03
  0.1485005182702093E+01  0.8568594395618719E-01 -0.2972726420326433E+03
  0.1476834597589543E+01  0.9382352857167028E-01 -0.2946074996175533E+03
  0.1468664012487727E+01  0.1019548496969404E+00 -0.2919221472694138E+03
  0.1460493427397602E+01  0.1100793644996070E+00 -0.2890705707383461E+03
  0.1452322842320134E+01  0.1181965306016578E+00 -0.2860018191354808E+03
  0.1444152257256294E+01  0.1263058061156663E+00 -0.2828570661432883E+03
  0.1435981672207062E+01  0.1344066496809675E+00 -0.2798742139995094E+03
  0.1427811087173423E+01  0.1424985204997981E+00 -0.2772670755090241E+03
  0.1419640502156375E+01  0.1505808783733995E+00 -0.2751342023191427E+03
  0.1411469917156921E+01  0.1586531837380799E+00 -0.2733255724311724E+03
  0.1403299332176076E+01  0.1667148977012352E+00 -0.2715800506359264E+03
  0.1395128747214864E+01  0.1747654820773241E+00 -0.2698413498441113E+03
  0.1386958162274323E+01  0.1828043994237966E+00 -0.2683836472141822E+03
  0.1378787577355497E+01  0.1908311130769725E+00 -0.2675104261798390E+03
  0.1370616992459449E+01  0.1988450871878683E+00 -0.2673148193317573E+03
  0.1362446407587248E+01  0.2068457867579697E+00 -0.2677660980647788E+03
  0.1354275822739983E+01  0.2148326776749467E+00 -0.2688512035527920E+03
  0.1346105237918751E+01  0.2228052267483099E+00 -0.2704612866469819E+03
  0.1337934653124670E+01  0.2307629017450062E+00 -0.2724169547176804E+03
  0.1329764068358868E+01  0.2387051714249486E+00 -0.2745103204669094E+03
  0.1321593483622494E+01  0.2466315055764818E+00 -0.2765316887364676E+03
  0.1313422898916710E+01  0.2545413750517773E+00 -0.2782150923900383E+03
  0.1305252314242701E+01  0.2624342518021592E+00 -0.2794485118347703E+03
  0.1297081729601665E+01  0.2703096089133553E+00 -0.2805110123462409E+03
  0.1288911144994824E+01  0.2781669206406729E+00 -0.2818493723106871E+03
  0.1280740560423418E+01  0.2860056624440968E+00 -0.2834725765603343E+03
  0.1272569975888710E+01  0.2938253110233064E+00 -0.2848185719935477E+03
  0.1264399391391984E+01  0.3016253443526109E+00 -0.2851763361298751E+03
  0.1256228806934547E+01  0.3094052417157978E+00 -0.2842353695512113E+03
  0.1248058222517730E+01  0.3171644837408958E+00 -0.2821916040878225E+03
  0.1239887638142892E+01  0.3249025524348469E+00 -0.2796013430302379E+03
  0.1231717053811414E+01  0.3326189312180866E+00 -0.2770489677447150E+03
  0.1223546469524707E+01  0.3403131049590297E+00 -0.2748946892215250E+03
  0.1215375885284210E+01  0.3479845600084601E+00 -0.2731308268822703E+03
  0.1207205301091390E+01  0.3556327842338202E+00 -0.2716105495173283E+03
  0.1199034716947747E+01  0.3632572670534011E+00 -0.2701015850970167E+03
  0.1190864132854811E+01  0.3708574994704271E+00 -0.2683407253241403E+03
  0.1182693548814147E+01  0.3784329741070359E+00 -0.2661498284713535E+03
  0.1174522964827352E+01  0.3859831852381501E+00 -0.2637765256772122E+03
  0.1166352380896063E+01  0.3935076288252386E+00 -0.2617289095147328E+03
  0.1158181797021950E+01  0.4010058025499653E+00 -0.2603718272507097E+03
  0.1150011213206726E+01  0.4084772058477228E+00 -0.2596981301583272E+03
  0.1141840629452141E+01  0.4159213399410494E+00 -0.2596014532313088E+03
  0.1133670045759989E+01  0.4233377078729265E+00 -0.2598780956185989E+03
  0.1125499462132108E+01  0.4307258145399545E+00 -0.2601018559476395E+03
  0.1117328878570381E+01  0.4380851667254050E+00 -0.2596881963975298E+03
  0.1109158295076737E+01  0.4454152731321473E+00 -0.2583256705839951E+03
  0.1100987711653159E+01  0.4527156444154464E+00 -0.2560332817774755E+03
  0.1092817128301675E+01  0.4599857932156304E+00 -0.2529107384495360E+03
  0.1084646545024371E+01  0.4672252341906264E+00 -0.2489895564923841E+03
  0.1076475961823386E+01  0.4744334840483606E+00 -0.2445243871311726E+03
  0.1068305378700920E+01  0.4816100615790221E+00 -0.2399748252046228E+03
  0.1060134795659229E+01  0.4887544876871878E+00 -0.2357862774398772E+03
  0.1051964212700635E+01  0.4958662854238058E+00 -0.2321536814654899E+03
  0.1043793629827524E+01  0.5029449800180356E+00 -0.2290920305278593E+03
  0.1035623047042350E+01  0.5099900989089429E+00 -0.2264675930040105E+03
  0.1027452464347638E+01  0.5170011717770473E+00 -0.2242107216838460E+03
  0.1019281881745987E+01  0.5239777305757194E+00 -0.2223413570048684E+03
  0.1011111299240073E+01  0.5309193095624275E+00 -0.2208662035124092E+03
  0.1002940716832650E+01  0.5378254453298289E+00 -0.2194237386021462E+03
  0.9947701345265596E+00  0.5446956768367068E+00 -0.2174107162844491E+03
  0.9865995523247275E+00  0.5515295454387482E+00 -0.2143770444360283E+03
  0.9784289702301714E+00  0.5583265949191624E+00 -0.2102861367096963E+03
  0.9702583882460036E+00  0.5650863715191369E+00 -0.2051907889667262E+03
  0.9620878063754359E+00  0.5718084239681300E+00 -0.1992329144236828E+03
  0.9539172246217830E+00  0.5784923035139965E+00 -0.1928643299261647E+03
  0.9457466429884676E+00  0.5851375639529456E+00 -0.1868159667947589E+03
  0.9375760614790253E+00  0.5917437616593286E+00 -0.1815603326135291E+03
  0.9294054800971098E+00  0.5983104556152549E+00 -0.1771093383135160E+03
  0.9212348988464978E+00  0.6048372074400329E+00 -0.1731419560949373E+03
  0.9130643177310944E+00  0.6113235814194364E+00 -0.1692738080177497E+03
  0.9048937367549402E+00  0.6177691445347914E+00 -0.1649864024130667E+03
  0.8967231559222163E+00  0.6241734664918837E+00 -0.1599000452611972E+03
  0.8885525752372514E+00  0.6305361197496849E+00 -0.1539746856289956E+03
  0.8803819947045285E+00  0.6368566795488945E+00 -0.1474724773987362E+03
  0.8722114143286931E+00  0.6431347239402948E+00 -0.1405999730198173E+03
  0.8640408341145595E+00  0.6493698338129212E+00 -0.1334552642476357E+03
  0.8558702540671204E+00  0.6555615929220400E+00 -0.1259287351737566E+03
  0.8476996741915547E+00  0.6617095879169366E+00 -0.1178180133801763E+03
  0.8395290944932369E+00  0.6678134083685102E+00 -0.1091150465936976E+03
  0.8313585149777468E+00  0.6738726467966731E+00 -0.1003550225919219E+03
  0.8231879356508802E+00  0.6798868986975534E+00 -0.9225509763036088E+02
  0.8150173565186587E+00  0.6858557625704990E+00 -0.8499792660596196E+02
  0.8068467775873427E+00  0.6917788399448808E+00 -0.7803388697916957E+02
  0.7986761988634423E+00  0.6976557354066943E+00 -0.7077053596642538E+02
  0.7905056203537315E+00  0.7034860566249567E+00 -0.6292450985726007E+02
  0.7823350420652612E+00  0.7092694143778975E+00 -0.5427558810940470E+02
  0.7741644640053743E+00  0.7150054225789432E+00 -0.4455560466628658E+02
  0.7659938861817212E+00  0.7206936983024912E+00 -0.3391716432098556E+02
  0.7578233086022768E+00  0.7263338618094733E+00 -0.2293005315780266E+02
  0.7496527312753575E+00  0.7319255365727068E+00 -0.1206530036328276E+02
  0.7414821542096410E+00  0.7374683493020299E+00 -0.1373951208206422E+01
  0.7333115774141861E+00  0.7429619299692227E+00  0.9267748875850723E+01
  0.7251410008984539E+00  0.7484059118327094E+00  0.2013917976368828E+02
  0.7169704246723316E+00  0.7537999314620412E+00  0.3158731769109529E+02
  0.7087998487461566E+00  0.7591436287621580E+00  0.4367217088629948E+02
  0.7006292731307425E+00  0.7644366469974285E+00  0.5577472219833512E+02
  0.6924586978374083E+00  0.7696786328154644E+00  0.6722082308259489E+02
  0.6842881228780077E+00  0.7748692362707100E+00  0.7799769584873633E+02
  0.6761175482649616E+00  0.7800081108478040E+00  0.8863191168577968E+02
  0.6679469740112938E+00  0.7850949134847117E+00  0.9945655658932793E+02
  0.6597764001306670E+00  0.7901293045956280E+00  0.1105918151798261E+03
  0.6516058266374236E+00  0.7951109480936471E+00  0.1222346942249158E+03
  0.6434352535466297E+00  0.8000395114131988E+00  0.1346278175427773E+03
  0.6352646808741202E+00  0.8049146655322506E+00  0.1477153348452749E+03
  0.6270941086365502E+00  0.8097360849942720E+00  0.1614032015707630E+03
  0.6189235368514482E+00  0.8145034479299620E+00  0.1757609409579220E+03
  0.6107529655372755E+00  0.8192164360787360E+00  0.1908631552738191E+03
  0.6025823947134890E+00  0.8238747348099726E+00  0.2065102507689709E+03
  0.5944118244006098E+00  0.8284780331440178E+00  0.2225632534706238E+03
  0.5862412546202973E+00  0.8330260237729452E+00  0.2390718871592520E+03
  0.5780706853954301E+00  0.8375184030810715E+00  0.2560267505278463E+03
  0.5699001167501928E+00  0.8419548711652254E+00  0.2732425366458365E+03
  0.5617295487101719E+00  0.8463351318547683E+00  0.2907431031633101E+03
  0.5535589813024583E+00  0.8506588927313666E+00  0.3085425761046255E+03
  0.5453884145557613E+00  0.8549258651485127E+00  0.3264328085388902E+03
  0.5372178485005299E+00  0.8591357642507945E+00  0.3441914306015106E+03
  0.5290472831690897E+00  0.8632883089929120E+00  0.3622063625278026E+03
  0.5208767185957875E+00  0.8673832221584393E+00  0.3810816818405663E+03
  0.5127061548171545E+00  0.8714202303783312E+00  0.4009719689054651E+03
  0.5045355918720822E+00  0.8753990641491725E+00  0.4215331944821755E+03
  0.4963650298020162E+00  0.8793194578511700E+00  0.4425856986191418E+03
  0.4881944686511717E+00  0.8831811497658847E+00  0.4639766890501053E+03
  0.4800239084667671E+00  0.8869838820937034E+00  0.4852333663214668E+03
  0.4718533492992859E+00  0.8907274009710492E+00  0.5058516923357398E+03
  0.4636827912027636E+00  0.8944114564873288E+00  0.5260320384854670E+03
  0.4555122342351060E+00  0.8980358027016164E+00  0.5464330654037268E+03
  0.4473416784584431E+00  0.9016001976590722E+00  0.5676446702683118E+03
  0.4391711239395221E+00  0.9051044034070944E+00  0.5897360531865656E+03
  0.4310005707501444E+00  0.9085481860112055E+00  0.6124212707176293E+03
  0.4228300189676551E+00  0.9119313155706682E+00  0.6351041407330169E+03
  0.4146594686754885E+00  0.9152535662338340E+00  0.6574472210707584E+03
  0.4064889199637791E+00  0.9185147162132208E+00  0.6797601013022173E+03
  0.3983183729300507E+00  0.9217145478003181E+00  0.7026551769711641E+03
  0.3901478276799883E+00  0.9248528473801222E+00  0.7260739174075908E+03
  0.3819772843283120E+00  0.9279294054453956E+00  0.7495154093405813E+03
  0.3738067429997641E+00  0.9309440166106540E+00  0.7725637084158170E+03
  0.3656362038302282E+00  0.9338964796258775E+00  0.7952048161913411E+03
  0.3574656669680030E+00  0.9367865973899459E+00  0.8174182199506098E+03
  0.3492951325752533E+00  0.9396141769637963E+00  0.8395291398422613E+03
  0.3411246008296713E+00  0.9423790295833044E+00  0.8621749039266072E+03
  0.3329540719263814E+00  0.9450809706718851E+00  0.8857806110782889E+03
  0.3247835460801308E+00  0.9477198198528157E+00  0.9101816021377577E+03
  0.3166130235278230E+00  0.9502954009612771E+00  0.9356978044857858E+03
  0.3084425045314506E+00  0.9528075420561144E+00  0.9629194565120891E+03
  0.3002719893815085E+00  0.9552560754313160E+00  0.9915920513016913E+03
  0.2921014784009779E+00  0.9576408376272095E+00  0.1020032735598546E+04
  0.2839309719500016E+00  0.9599616694413742E+00  0.1047278062625383E+04
  0.2757604704313845E+00  0.9622184159392698E+00  0.1073732589761713E+04
  0.2675899742971076E+00  0.9644109264645802E+00  0.1099853799652835E+04
  0.2594194840560681E+00  0.9665390546492710E+00  0.1125210764000675E+04
  0.2512490002833307E+00  0.9686026584233628E+00  0.1150219404583801E+04
  0.2430785236312446E+00  0.9706016000244151E+00  0.1175994333826627E+04
  0.2349080548428762E+00  0.9725357460067257E+00  0.1202827017224062E+04
  0.2267375947683499E+00  0.9744049672502397E+00  0.1229674407239118E+04
  0.2185671443848464E+00  0.9762091389691724E+00  0.1256687235075520E+04
  0.2103967048212628E+00  0.9779481407203411E+00  0.1285298794855951E+04
  0.2022262773888417E+00  0.9796218564112101E+00  0.1316402190399588E+04
  0.1940558636195398E+00  0.9812301743076443E+00  0.1349377304812969E+04
  0.1858854653144977E+00  0.9827729870413743E+00  0.1384336602107039E+04
  0.1777150846058812E+00  0.9842501916171713E+00  0.1422012528377139E+04
  0.1695447240365762E+00  0.9856616894197333E+00  0.1462532666509479E+04
  0.1613743866640789E+00  0.9870073862202815E+00  0.1505504720964844E+04
  0.1532040761975885E+00  0.9882871921828699E+00  0.1552149363102211E+04
  0.1450337971813853E+00  0.9895010218704087E+00  0.1603064359538231E+04
  0.1368635552438019E+00  0.9906487942504061E+00  0.1656917637919203E+04
  0.1286933574408989E+00  0.9917304327004320E+00  0.1711845733909011E+04
  0.1205232127396896E+00  0.9927458650133153E+00  0.1768472961949210E+04
  0.1123531327118049E+00  0.9936950234020883E+00  0.1827275660576354E+04
  0.1041831325528455E+00  0.9945778445047068E+00  0.1887622097795547E+04
  0.9601323262085862E-01  0.9953942693885953E+00  0.1950699843102036E+04
  0.8784346083082471E-01  0.9961442435551087E+00  0.2021409093192656E+04
  0.7967385651719167E-01  0.9968277169440913E+00  0.2101962407147074E+04
  0.7150447693306423E-01  0.9974446439389107E+00  0.2191916920313005E+04
  0.6333540875299180E-01  0.9979949833727938E+00  0.2293975265972265E+04
  0.5516678972815772E-01  0.9984786985384589E+00  0.2416316507142672E+04
  0.4699885272846815E-01  0.9988957572063257E+00  0.2564779725128347E+04
  0.3883202470742381E-01  0.9992461316671845E+00  0.2755156586282198E+04
  0.3066718105470672E-01  0.9995297988558859E+00  0.3031262993413912E+04
  0.2250643816359393E-01  0.9997467408113523E+00  0.3437073303357219E+04
  0.1435650599352885E-01  0.9998969471378596E+00  0.3925027091126035E+04
  0.6254421014113626E-02  0.9999804411726474E+00  0.4319442340878213E+04
