# nlmax, ncor, nside =         383           1         128
  0.3135338232575680E+01 -0.9999804411726474E+00  0.1427346823559547E+03
  0.3127236147596264E+01 -0.9998969471378596E+00  0.1393302083576113E+03
  0.3119086215426199E+01 -0.9997467408113523E+00  0.1342867510712159E+03
  0.3110925472535087E+01 -0.9995297988558859E+00  0.1288401636733695E+03
  0.3102760628882369E+01 -0.9992461316671845E+00  0.1234737737075888E+03
  0.3094593800861325E+01 -0.9988957572063257E+00  0.1184883745453849E+03
  0.3086425863861635E+01 -0.9984786985384589E+00  0.1147304398752130E+03
  0.3078257244836801E+01 -0.9979949833727938E+00  0.1129447525717689E+03
  0.3070088176656729E+01 -0.9974446439389107E+00  0.1129502581664152E+03
  0.3061918797072602E+01 -0.9968277169440913E+00  0.1136103025010308E+03
  0.3053749192758969E+01 -0.9961442435551087E+00  0.1138624899159372E+03
  0.3045579420968934E+01 -0.9953942693885953E+00  0.1134026867988404E+03
  0.3037409521036948E+01 -0.9945778445047068E+00  0.1128786666361727E+03
  0.3029239520877988E+01 -0.9936950234020883E+00  0.1130408731200592E+03
  0.3021069440850104E+01 -0.9927458650133153E+00  0.1139923177168587E+03
  0.3012899296148894E+01 -0.9917304327004320E+00  0.1152659085993648E+03
  0.3004729098345992E+01 -0.9906487942504061E+00  0.1166220308370870E+03
  0.2996558856408408E+01 -0.9895010218704087E+00  0.1179980911533391E+03
  0.2988388577392205E+01 -0.9882871921828699E+00  0.1192852856820435E+03
  0.2980218266925714E+01 -0.9870073862202815E+00  0.1203514375781767E+03
  0.2972047929553217E+01 -0.9856616894197333E+00  0.1211900513863436E+03
  0.2963877568983912E+01 -0.9842501916171713E+00  0.1215735974263558E+03
  0.2955707188275296E+01 -0.9827729870413743E+00  0.1211184302309880E+03
  0.2947536789970254E+01 -0.9812301743076443E+00  0.1197595008231334E+03
  0.2939366376200951E+01 -0.9796218564112101E+00  0.1180226137112646E+03
  0.2931195948768531E+01 -0.9779481407203411E+00  0.1164147298894223E+03
  0.2923025509204947E+01 -0.9762091389691724E+00  0.1150587453369415E+03
  0.2914855058821443E+01 -0.9744049672502397E+00  0.1141548157711872E+03
  0.2906684598746917E+01 -0.9725357460067257E+00  0.1144490467001794E+03
  0.2898514129958549E+01 -0.9706016000244151E+00  0.1168868913697341E+03
  0.2890343653306462E+01 -0.9686026584233628E+00  0.1217464247092716E+03
  0.2882173169533725E+01 -0.9665390546492710E+00  0.1284949780721111E+03
  0.2874002679292686E+01 -0.9644109264645802E+00  0.1364266576350502E+03
  0.2865832183158409E+01 -0.9622184159392698E+00  0.1449243495093303E+03
  0.2857661681639792E+01 -0.9599616694413742E+00  0.1534075908984320E+03
  0.2849491175188815E+01 -0.9576408376272095E+00  0.1614452780378224E+03
  0.2841320664208285E+01 -0.9552560754313160E+00  0.1690102643947664E+03
  0.2833150149058343E+01 -0.9528075420561144E+00  0.1763462101736622E+03
  0.2824979630061970E+01 -0.9502954009612771E+00  0.1835859628272696E+03
  0.2816809107509663E+01 -0.9477198198528157E+00  0.1907350781622828E+03
  0.2808638581663412E+01 -0.9450809706718851E+00  0.1980241300145647E+03
  0.2800468052760122E+01 -0.9423790295833044E+00  0.2059835803457907E+03
  0.2792297521014540E+01 -0.9396141769637963E+00  0.2150560448138379E+03
  0.2784126986621790E+01 -0.9367865973899459E+00  0.2252096650661931E+03
  0.2775956449759565E+01 -0.9338964796258775E+00  0.2357952891531124E+03
  0.2767785910590029E+01 -0.9309440166106540E+00  0.2459041956428867E+03
  0.2759615369261481E+01 -0.9279294054453956E+00  0.2549417503285222E+03
  0.2751444825909805E+01 -0.9248528473801222E+00  0.2630455571179709E+03
  0.2743274280659743E+01 -0.9217145478003181E+00  0.2707037845887090E+03
  0.2735103733626014E+01 -0.9185147162132208E+00  0.2782035999522511E+03
  0.2726933184914305E+01 -0.9152535662338340E+00  0.2855308722187054E+03
  0.2718762634622138E+01 -0.9119313155706682E+00  0.2926874219999629E+03
  0.2710592082839649E+01 -0.9085481860112055E+00  0.2997310269295966E+03
  0.2702421529650271E+01 -0.9051044034070944E+00  0.3065565390626246E+03
  0.2694250975131350E+01 -0.9016001976590722E+00  0.3128504794120135E+03
  0.2686080419354687E+01 -0.8980358027016164E+00  0.3183140218039681E+03
  0.2677909862387029E+01 -0.8944114564873288E+00  0.3227394175412207E+03
  0.2669739304290507E+01 -0.8907274009710492E+00  0.3260086343097857E+03
  0.2661568745123026E+01 -0.8869838820937034E+00  0.3282725532812133E+03
  0.2653398184938621E+01 -0.8831811497658847E+00  0.3300916899128682E+03
  0.2645227623787777E+01 -0.8793194578511700E+00  0.3320160705561355E+03
  0.2637057061717711E+01 -0.8753990641491725E+00  0.3341242863341732E+03
  0.2628886498772639E+01 -0.8714202303783312E+00  0.3360865744521433E+03
  0.2620715934994006E+01 -0.8673832221584393E+00  0.3377626706191726E+03
  0.2612545370420704E+01 -0.8632883089929120E+00  0.3394279751375545E+03
  0.2604374805089263E+01 -0.8591357642507945E+00  0.3413886803347202E+03
  0.2596204239034032E+01 -0.8549258651485127E+00  0.3435824548649322E+03
  0.2588033672287335E+01 -0.8506588927313666E+00  0.3456757741818199E+03
  0.2579863104879621E+01 -0.8463351318547683E+00  0.3473615780773829E+03
  0.2571692536839600E+01 -0.8419548711652254E+00  0.3485929159004324E+03
  0.2563521968194363E+01 -0.8375184030810715E+00  0.3495936720392312E+03
  0.2555351398969496E+01 -0.8330260237729452E+00  0.3506402895006593E+03
  0.2547180829189184E+01 -0.8284780331440178E+00  0.3517475855405270E+03
  0.2539010258876304E+01 -0.8238747348099726E+00  0.3527089164876358E+03
  0.2530839688052518E+01 -0.8192164360787360E+00  0.3533310170016525E+03
  0.2522669116738345E+01 -0.8145034479299620E+00  0.3536461246866217E+03
  0.2514498544953243E+01 -0.8097360849942720E+00  0.3538255390740488E+03
  0.2506327972715673E+01 -0.8049146655322506E+00  0.3538662280048156E+03
  0.2498157400043163E+01 -0.8000395114131988E+00  0.3534478218938804E+03
  0.2489986826952370E+01 -0.7951109480936471E+00  0.3522289771299715E+03
  0.2481816253459126E+01 -0.7901293045956280E+00  0.3501898028504372E+03
  0.2473645679578500E+01 -0.7850949134847117E+00  0.3476280121944746E+03
  0.2465475105324832E+01 -0.7800081108478040E+00  0.3447792808639101E+03
  0.2457304530711785E+01 -0.7748692362707100E+00  0.3415107345787528E+03
  0.2449133955752385E+01 -0.7696786328154644E+00  0.3375908945995137E+03
  0.2440963380459050E+01 -0.7644366469974285E+00  0.3331239969065769E+03
  0.2432792804843637E+01 -0.7591436287621580E+00  0.3285110887648648E+03
  0.2424622228917462E+01 -0.7537999314620412E+00  0.3239949636158332E+03
  0.2416451652691339E+01 -0.7484059118327094E+00  0.3194246765314607E+03
  0.2408281076175607E+01 -0.7429619299692227E+00  0.3144494832249597E+03
  0.2400110499380152E+01 -0.7374683493020299E+00  0.3087565381368476E+03
  0.2391939922314436E+01 -0.7319255365727068E+00  0.3022082971099424E+03
  0.2383769344987516E+01 -0.7263338618094733E+00  0.2949665805112700E+03
  0.2375598767408072E+01 -0.7206936983024912E+00  0.2875503052683117E+03
  0.2367428189584419E+01 -0.7150054225789432E+00  0.2805163353406903E+03
  0.2359257611524532E+01 -0.7092694143778975E+00  0.2739899722068797E+03
  0.2351087033236062E+01 -0.7034860566249567E+00  0.2676292530853480E+03
  0.2342916454726351E+01 -0.6976557354066943E+00  0.2611251006227448E+03
  0.2334745876002450E+01 -0.6917788399448808E+00  0.2545348421318618E+03
  0.2326575297071134E+01 -0.6858557625704990E+00  0.2481945247252055E+03
  0.2318404717938913E+01 -0.6798868986975534E+00  0.2424185655223987E+03
  0.2310234138612046E+01 -0.6738726467966731E+00  0.2372758552679591E+03
  0.2302063559096557E+01 -0.6678134083685102E+00  0.2325467053882367E+03
  0.2293892979398239E+01 -0.6617095879169366E+00  0.2278822148337784E+03
  0.2285722399522673E+01 -0.6555615929220400E+00  0.2229661746835926E+03
  0.2277551819475234E+01 -0.6493698338129212E+00  0.2175660325576194E+03
  0.2269381239261100E+01 -0.6431347239402948E+00  0.2114990540042170E+03
  0.2261210658885265E+01 -0.6368566795488945E+00  0.2046629278195014E+03
  0.2253040078352542E+01 -0.6305361197496849E+00  0.1971519758584792E+03
  0.2244869497667577E+01 -0.6241734664918837E+00  0.1892402881585664E+03
  0.2236698916834853E+01 -0.6177691445347914E+00  0.1811874112664894E+03
  0.2228528335858699E+01 -0.6113235814194364E+00  0.1730710131482396E+03
  0.2220357754743295E+01 -0.6048372074400329E+00  0.1648078285839434E+03
  0.2212187173492683E+01 -0.5983104556152549E+00  0.1563029580178753E+03
  0.2204016592110768E+01 -0.5917437616593286E+00  0.1476529382396220E+03
  0.2195846010601326E+01 -0.5851375639529456E+00  0.1392306579947183E+03
  0.2187675428968010E+01 -0.5784923035139965E+00  0.1314486161075515E+03
  0.2179504847214357E+01 -0.5718084239681300E+00  0.1243902814822995E+03
  0.2171334265343789E+01 -0.5650863715191369E+00  0.1176737395362160E+03
  0.2163163683359622E+01 -0.5583265949191624E+00  0.1108021017770005E+03
  0.2154993101265066E+01 -0.5515295454387482E+00  0.1035362670969361E+03
  0.2146822519063234E+01 -0.5446956768367068E+00  0.9594194751126300E+02
  0.2138651936757143E+01 -0.5378254453298289E+00  0.8822319695433265E+02
  0.2130481354349721E+01 -0.5309193095624275E+00  0.8061593124670844E+02
  0.2122310771843806E+01 -0.5239777305757194E+00  0.7330137638684393E+02
  0.2114140189242155E+01 -0.5170011717770473E+00  0.6622036490809617E+02
  0.2105969606547443E+01 -0.5099900989089429E+00  0.5900094912748351E+02
  0.2097799023762269E+01 -0.5029449800180356E+00  0.5121665597831485E+02
  0.2089628440889158E+01 -0.4958662854238058E+00  0.4263426907003630E+02
  0.2081457857930564E+01 -0.4887544876871878E+00  0.3329077218311672E+02
  0.2073287274888874E+01 -0.4816100615790221E+00  0.2342908865378957E+02
  0.2065116691766407E+01 -0.4744334840483606E+00  0.1342915633748360E+02
  0.2056946108565423E+01 -0.4672252341906264E+00  0.3581124686504182E+01
  0.2048775525288118E+01 -0.4599857932156304E+00 -0.6049205410967226E+01
  0.2040604941936635E+01 -0.4527156444154464E+00 -0.1550141605406109E+02
  0.2032434358513056E+01 -0.4454152731321473E+00 -0.2464778126969367E+02
  0.2024263775019413E+01 -0.4380851667254050E+00 -0.3326264380388205E+02
  0.2016093191457685E+01 -0.4307258145399545E+00 -0.4132403774006290E+02
  0.2007922607829804E+01 -0.4233377078729265E+00 -0.4906599254756505E+02
  0.1999752024137653E+01 -0.4159213399410494E+00 -0.5670352600269993E+02
  0.1991581440383068E+01 -0.4084772058477228E+00 -0.6425180299130251E+02
  0.1983410856567843E+01 -0.4010058025499653E+00 -0.7156556977576606E+02
  0.1975240272693730E+01 -0.3935076288252386E+00 -0.7845191483237615E+02
  0.1967069688762441E+01 -0.3859831852381501E+00 -0.8476696729118356E+02
  0.1958899104775647E+01 -0.3784329741070359E+00 -0.9062084166276227E+02
  0.1950728520734982E+01 -0.3708574994704271E+00 -0.9643547840391261E+02
  0.1942557936642046E+01 -0.3632572670534011E+00 -0.1026270100173530E+03
  0.1934387352498403E+01 -0.3556327842338202E+00 -0.1092273557011583E+03
  0.1926216768305583E+01 -0.3479845600084601E+00 -0.1159143009466899E+03
  0.1918046184065086E+01 -0.3403131049590297E+00 -0.1222484068917951E+03
  0.1909875599778379E+01 -0.3326189312180866E+00 -0.1278457666600535E+03
  0.1901705015446901E+01 -0.3249025524348469E+00 -0.1325079523271532E+03
  0.1893534431072063E+01 -0.3171644837408958E+00 -0.1364288829471499E+03
  0.1885363846655247E+01 -0.3094052417157978E+00 -0.1400927671522416E+03
  0.1877193262197810E+01 -0.3016253443526109E+00 -0.1438659713275331E+03
  0.1869022677701083E+01 -0.2938253110233064E+00 -0.1477250161599017E+03
  0.1860852093166375E+01 -0.2860056624440968E+00 -0.1515484236059037E+03
  0.1852681508594969E+01 -0.2781669206406729E+00 -0.1554897185587648E+03
  0.1844510923988128E+01 -0.2703096089133553E+00 -0.1599774612472169E+03
  0.1836340339347093E+01 -0.2624342518021592E+00 -0.1652794402490373E+03
  0.1828169754673083E+01 -0.2545413750517773E+00 -0.1712220246632422E+03
  0.1819999169967299E+01 -0.2466315055764818E+00 -0.1772976375784102E+03
  0.1811828585230925E+01 -0.2387051714249486E+00 -0.1830903556687440E+03
  0.1803658000465123E+01 -0.2307629017450062E+00 -0.1885300689057445E+03
  0.1795487415671042E+01 -0.2228052267483099E+00 -0.1937589060714048E+03
  0.1787316830849811E+01 -0.2148326776749467E+00 -0.1987865203443077E+03
  0.1779146246002545E+01 -0.2068457867579697E+00 -0.2035176670073601E+03
  0.1770975661130345E+01 -0.1988450871878683E+00 -0.2080367463518581E+03
  0.1762805076234296E+01 -0.1908311130769725E+00 -0.2127247597260115E+03
  0.1754634491315471E+01 -0.1828043994237966E+00 -0.2178644024157842E+03
  0.1746463906374929E+01 -0.1747654820773241E+00 -0.2234206611375380E+03
  0.1738293321413718E+01 -0.1667148977012352E+00 -0.2292169316456891E+03
  0.1730122736432872E+01 -0.1586531837380799E+00 -0.2352159695902788E+03
  0.1721952151433418E+01 -0.1505808783733995E+00 -0.2413427532942937E+03
  0.1713781566416370E+01 -0.1424985204997981E+00 -0.2473853809674007E+03
  0.1705610981382731E+01 -0.1344066496809675E+00 -0.2531828845262017E+03
  0.1697440396333499E+01 -0.1263058061156663E+00 -0.2588785433881904E+03
  0.1689269811269659E+01 -0.1181965306016578E+00 -0.2647053926587932E+03
  0.1681099226192191E+01 -0.1100793644996070E+00 -0.2706568342282667E+03
  0.1672928641102067E+01 -0.1019548496969404E+00 -0.2763826870885758E+03
  0.1664758056000250E+01 -0.9382352857167028E-01 -0.2814735750192247E+03
  0.1656587470887701E+01 -0.8568594395618719E-01 -0.2857139518689195E+03
  0.1648416885765370E+01 -0.7754263910102077E-01 -0.2891621167389612E+03
  0.1640246300634206E+01 -0.6939415763857371E-01 -0.2920640367753412E+03
  0.1632075715495151E+01 -0.6124104354682962E-01 -0.2946872317741073E+03
  0.1623905130349143E+01 -0.5308384111303818E-01 -0.2971834009357490E+03
  0.1615734545197117E+01 -0.4492309489737940E-01 -0.2996194302673085E+03
  0.1607563960040004E+01 -0.3675934969660982E-01 -0.3020537222794723E+03
  0.1599393374878733E+01 -0.2859315050769285E-01 -0.3044993241024437E+03
  0.1591222789714229E+01 -0.2042504249141571E-01 -0.3067915480168266E+03
  0.1583052204547419E+01 -0.1225557093599554E-01 -0.3086460579719438E+03
  0.1574881619379224E+01 -0.4085281220676868E-02 -0.3098066478658198E+03
  0.1566711034210569E+01  0.4085281220676868E-02 -0.3102285075391513E+03
  0.1558540449042374E+01  0.1225557093599554E-01 -0.3101210602197504E+03
  0.1550369863875564E+01  0.2042504249141571E-01 -0.3097976163353198E+03
  0.1542199278711061E+01  0.2859315050769285E-01 -0.3093614920044551E+03
  0.1534028693549790E+01  0.3675934969660982E-01 -0.3086130753282782E+03
  0.1525858108392677E+01  0.4492309489737940E-01 -0.3072576076480119E+03
  0.1517687523240650E+01  0.5308384111303818E-01 -0.3053042711685462E+03
  0.1509516938094642E+01  0.6124104354682962E-01 -0.3030038134560006E+03
  0.1501346352955587E+01  0.6939415763857371E-01 -0.3005363099133069E+03
  0.1493175767824423E+01  0.7754263910102077E-01 -0.2979327512710765E+03
  0.1485005182702093E+01  0.8568594395618719E-01 -0.2952536142983220E+03
  0.1476834597589543E+01  0.9382352857167028E-01 -0.2925791002409752E+03
  0.1468664012487727E+01  0.1019548496969404E+00 -0.2898819337286938E+03
  0.1460493427397602E+01  0.1100793644996070E+00 -0.2870184825767802E+03
  0.1452322842320134E+01  0.1181965306016578E+00 -0.2839403765179140E+03
  0.1444152257256294E+01  0.1263058061156663E+00 -0.2807892625729032E+03
  0.1435981672207062E+01  0.1344066496809675E+00 -0.2778019393801599E+03
  0.1427811087173423E+01  0.1424985204997981E+00 -0.2751919535583366E+03
  0.1419640502156375E+01  0.1505808783733995E+00 -0.2730589071115989E+03
  0.1411469917156921E+01  0.1586531837380799E+00 -0.2712535977958713E+03
  0.1403299332176076E+01  0.1667148977012352E+00 -0.2695134373864927E+03
  0.1395128747214864E+01  0.1747654820773241E+00 -0.2677806646356901E+03
  0.1386958162274323E+01  0.1828043994237966E+00 -0.2663299491492346E+03
  0.1378787577355497E+01  0.1908311130769725E+00 -0.2654668881450833E+03
  0.1370616992459449E+01  0.1988450871878683E+00 -0.2652859913660104E+03
  0.1362446407587248E+01  0.2068457867579697E+00 -0.2657557541661198E+03
  0.1354275822739983E+01  0.2148326776749467E+00 -0.2668610111575505E+03
  0.1346105237918751E+01  0.2228052267483099E+00 -0.2684925368374526E+03
  0.1337934653124670E+01  0.2307629017450062E+00 -0.2704708197842926E+03
  0.1329764068358868E+01  0.2387051714249486E+00 -0.2725893594391698E+03
  0.1321593483622494E+01  0.2466315055764818E+00 -0.2746386456118955E+03
  0.1313422898916710E+01  0.2545413750517773E+00 -0.2763507592630957E+03
  0.1305252314242701E+01  0.2624342518021592E+00 -0.2776120063327087E+03
  0.1297081729601665E+01  0.2703096089133553E+00 -0.2787025376636741E+03
  0.1288911144994824E+01  0.2781669206406729E+00 -0.2800709459545816E+03
  0.1280740560423418E+01  0.2860056624440968E+00 -0.2817274805758936E+03
  0.1272569975888710E+01  0.2938253110233064E+00 -0.2831090798676574E+03
  0.1264399391391984E+01  0.3016253443526109E+00 -0.2835035118068213E+03
  0.1256228806934547E+01  0.3094052417157978E+00 -0.2825990412173583E+03
  0.1248058222517730E+01  0.3171644837408958E+00 -0.2805918727075036E+03
  0.1239887638142892E+01  0.3249025524348469E+00 -0.2780394018352970E+03
  0.1231717053811414E+01  0.3326189312180866E+00 -0.2755265280054680E+03
  0.1223546469524707E+01  0.3403131049590297E+00 -0.2734126568290606E+03
  0.1215375885284210E+01  0.3479845600084601E+00 -0.2716887372856324E+03
  0.1207205301091390E+01  0.3556327842338202E+00 -0.2702069877705374E+03
  0.1199034716947747E+01  0.3632572670534011E+00 -0.2687368361532355E+03
  0.1190864132854811E+01  0.3708574994704271E+00 -0.2670162855586830E+03
  0.1182693548814147E+01  0.3784329741070359E+00 -0.2648681644524079E+03
  0.1174522964827352E+01  0.3859831852381501E+00 -0.2625380473486020E+03
  0.1166352380896063E+01  0.3935076288252386E+00 -0.2605323444455672E+03
  0.1158181797021950E+01  0.4010058025499653E+00 -0.2592153983813288E+03
  0.1150011213206726E+01  0.4084772058477228E+00 -0.2585825887432070E+03
  0.1141840629452141E+01  0.4159213399410494E+00 -0.2585280731987127E+03
  0.1133670045759989E+01  0.4233377078729265E+00 -0.2588466289542081E+03
  0.1125499462132108E+01  0.4307258145399545E+00 -0.2591097634421692E+03
  0.1117328878570381E+01  0.4380851667254050E+00 -0.2587334624122917E+03
  0.1109158295076737E+01  0.4454152731321473E+00 -0.2574091789569116E+03
  0.1100987711653159E+01  0.4527156444154464E+00 -0.2551593260559403E+03
  0.1092817128301675E+01  0.4599857932156304E+00 -0.2520820023707685E+03
  0.1084646545024371E+01  0.4672252341906264E+00 -0.2482055259891011E+03
  0.1076475961823386E+01  0.4744334840483606E+00 -0.2437829648195398E+03
  0.1068305378700920E+01  0.4816100615790221E+00 -0.2392762308430214E+03
  0.1060134795659229E+01  0.4887544876871878E+00 -0.2351331702751970E+03
  0.1051964212700635E+01  0.4958662854238058E+00 -0.2315498484529640E+03
  0.1043793629827524E+01  0.5029449800180356E+00 -0.2285408140385663E+03
  0.1035623047042350E+01  0.5099900989089429E+00 -0.2259712668403555E+03
  0.1027452464347638E+01  0.5170011717770473E+00 -0.2237698919473808E+03
  0.1019281881745987E+01  0.5239777305757194E+00 -0.2219550309687635E+03
  0.1011111299240073E+01  0.5309193095624275E+00 -0.2205323645273429E+03
  0.1002940716832650E+01  0.5378254453298289E+00 -0.2191417241409840E+03
  0.9947701345265596E+00  0.5446956768367068E+00 -0.2171789538033430E+03
  0.9865995523247275E+00  0.5515295454387482E+00 -0.2141937558474008E+03
  0.9784289702301714E+00  0.5583265949191624E+00 -0.2101502300884920E+03
  0.9702583882460036E+00  0.5650863715191369E+00 -0.2051031465736175E+03
  0.9620878063754359E+00  0.5718084239681300E+00 -0.1991947618476525E+03
  0.9539172246217830E+00  0.5784923035139965E+00 -0.1928749349091960E+03
  0.9457466429884676E+00  0.5851375639529456E+00 -0.1868723568516366E+03
  0.9375760614790253E+00  0.5917437616593286E+00 -0.1816603190146334E+03
  0.9294054800971098E+00  0.5983104556152549E+00 -0.1772526383888017E+03
  0.9212348988464978E+00  0.6048372074400329E+00 -0.1733297568241394E+03
  0.9130643177310944E+00  0.6113235814194364E+00 -0.1695076201264107E+03
  0.9048937367549402E+00  0.6177691445347914E+00 -0.1652686619545820E+03
  0.8967231559222163E+00  0.6241734664918837E+00 -0.1602335000728163E+03
  0.8885525752372514E+00  0.6305361197496849E+00 -0.1543622252491429E+03
  0.8803819947045285E+00  0.6368566795488945E+00 -0.1479158371579364E+03
  0.8722114143286931E+00  0.6431347239402948E+00 -0.1411000885397830E+03
  0.8640408341145595E+00  0.6493698338129212E+00 -0.1340124052694758E+03
  0.8558702540671204E+00  0.6555615929220400E+00 -0.1265425442878404E+03
  0.8476996741915547E+00  0.6617095879169366E+00 -0.1184871575739224E+03
  0.8395290944932369E+00  0.6678134083685102E+00 -0.1098381712324041E+03
  0.8313585149777468E+00  0.6738726467966731E+00 -0.1011312210411388E+03
  0.8231879356508802E+00  0.6798868986975534E+00 -0.9308375015720947E+02
  0.8150173565186587E+00  0.6858557625704990E+00 -0.8587940313825625E+02
  0.8068467775873427E+00  0.6917788399448808E+00 -0.7896851460475716E+02
  0.7986761988634423E+00  0.6976557354066943E+00 -0.7175811440890934E+02
  0.7905056203537315E+00  0.7034860566249567E+00 -0.6396524363426729E+02
  0.7823350420652612E+00  0.7092694143778975E+00 -0.5537058233788392E+02
  0.7741644640053743E+00  0.7150054225789432E+00 -0.4570713387578487E+02
  0.7659938861817212E+00  0.7206936983024912E+00 -0.3512742055157958E+02
  0.7578233086022768E+00  0.7263338618094733E+00 -0.2420045719126668E+02
  0.7496527312753575E+00  0.7319255365727068E+00 -0.1339584653136326E+02
  0.7414821542096410E+00  0.7374683493020299E+00 -0.2764250721346107E+01
  0.7333115774141861E+00  0.7429619299692227E+00  0.7817524550858999E+01
  0.7251410008984539E+00  0.7484059118327094E+00  0.1862770168900332E+02
  0.7169704246723316E+00  0.7537999314620412E+00  0.3001304932443986E+02
  0.7087998487461566E+00  0.7591436287621580E+00  0.4203317464457155E+02
  0.7006292731307425E+00  0.7644366469974285E+00  0.5407005387405643E+02
  0.6924586978374083E+00  0.7696786328154644E+00  0.6545232441782457E+02
  0.6842881228780077E+00  0.7748692362707100E+00  0.7616846910130408E+02
  0.6761175482649616E+00  0.7800081108478040E+00  0.8674648981836533E+02
  0.6679469740112938E+00  0.7850949134847117E+00  0.9751820243154890E+02
  0.6597764001306670E+00  0.7901293045956280E+00  0.1086035020630682E+03
  0.6516058266374236E+00  0.7951109480936471E+00  0.1202004966489676E+03
  0.6434352535466297E+00  0.8000395114131988E+00  0.1325512557129442E+03
  0.6352646808741202E+00  0.8049146655322506E+00  0.1455989842648826E+03
  0.6270941086365502E+00  0.8097360849942720E+00  0.1592503089590702E+03
  0.6189235368514482E+00  0.8145034479299620E+00  0.1735754309394961E+03
  0.6107529655372755E+00  0.8192164360787360E+00  0.1886494724241593E+03
  0.6025823947134890E+00  0.8238747348099726E+00  0.2042717536667393E+03
  0.5944118244006098E+00  0.8284780331440178E+00  0.2203011512673725E+03
  0.5862412546202973E+00  0.8330260237729452E+00  0.2367863252460315E+03
  0.5780706853954301E+00  0.8375184030810715E+00  0.2537171268096356E+03
  0.5699001167501928E+00  0.8419548711652254E+00  0.2709072059025605E+03
  0.5617295487101719E+00  0.8463351318547683E+00  0.2883770147753628E+03
  0.5535589813024583E+00  0.8506588927313666E+00  0.3061421442237700E+03
  0.5453884145557613E+00  0.8549258651485127E+00  0.3239994732893222E+03
  0.5372178485005299E+00  0.8591357642507945E+00  0.3417298709989656E+03
  0.5290472831690897E+00  0.8632883089929120E+00  0.3597208959573291E+03
  0.5208767185957875E+00  0.8673832221584393E+00  0.3785718369716835E+03
  0.5127061548171545E+00  0.8714202303783312E+00  0.3984319977256771E+03
  0.5045355918720822E+00  0.8753990641491725E+00  0.4189570454435560E+03
  0.4963650298020162E+00  0.8793194578511700E+00  0.4399668853217508E+03
  0.4881944686511717E+00  0.8831811497658847E+00  0.4613127229149327E+03
  0.4800239084667671E+00  0.8869838820937034E+00  0.4825247326444853E+03
  0.4718533492992859E+00  0.8907274009710492E+00  0.5031018794604810E+03
  0.4636827912027636E+00  0.8944114564873288E+00  0.5232437439548363E+03
  0.4555122342351060E+00  0.8980358027016164E+00  0.5436074605162999E+03
  0.4473416784584431E+00  0.9016001976590722E+00  0.5647803177479467E+03
  0.4391711239395221E+00  0.9051044034070944E+00  0.5868322179603656E+03
  0.4310005707501444E+00  0.9085481860112055E+00  0.6094775671739228E+03
  0.4228300189676551E+00  0.9119313155706682E+00  0.6321242061292570E+03
  0.4146594686754885E+00  0.9152535662338340E+00  0.6544356570081040E+03
  0.4064889199637791E+00  0.9185147162132208E+00  0.6767210091943555E+03
  0.3983183729300507E+00  0.9217145478003181E+00  0.6995906849192834E+03
  0.3901478276799883E+00  0.9248528473801222E+00  0.7229857002867922E+03
  0.3819772843283120E+00  0.9279294054453956E+00  0.7464036175942048E+03
  0.3738067429997641E+00  0.9309440166106540E+00  0.7694290280871278E+03
  0.3656362038302282E+00  0.9338964796258775E+00  0.7920475596916344E+03
  0.3574656669680030E+00  0.9367865973899459E+00  0.8142398578530905E+03
  0.3492951325752533E+00  0.9396141769637963E+00  0.8363299045040343E+03
  0.3411246008296713E+00  0.9423790295833044E+00  0.8589538046009376E+03
  0.3329540719263814E+00  0.9450809706718851E+00  0.8825354647019050E+03
  0.3247835460801308E+00  0.9477198198528157E+00  0.9069129495063056E+03
  0.3166130235278230E+00  0.9502954009612771E+00  0.9324056648958920E+03
  0.3084425045314506E+00  0.9528075420561144E+00  0.9596056056855097E+03
  0.3002719893815085E+00  0.9552560754313160E+00  0.9882562775663946E+03
  0.2921014784009779E+00  0.9576408376272095E+00  0.1016679447057298E+04
  0.2839309719500016E+00  0.9599616694413742E+00  0.1043911000528428E+04
  0.2757604704313845E+00  0.9622184159392698E+00  0.1070356380322982E+04
  0.2675899742971076E+00  0.9644109264645802E+00  0.1096470721027506E+04
  0.2594194840560681E+00  0.9665390546492710E+00  0.1121827187241165E+04
  0.2512490002833307E+00  0.9686026584233628E+00  0.1146840715560659E+04
  0.2430785236312446E+00  0.9706016000244151E+00  0.1172625144321922E+04
  0.2349080548428762E+00  0.9725357460067257E+00  0.1199466725394949E+04
  0.2267375947683499E+00  0.9744049672502397E+00  0.1226324336016517E+04
  0.2185671443848464E+00  0.9762091389691724E+00  0.1253352071982687E+04
  0.2103967048212628E+00  0.9779481407203411E+00  0.1281988948230214E+04
  0.2022262773888417E+00  0.9796218564112101E+00  0.1313121328566536E+04
  0.1940558636195398E+00  0.9812301743076443E+00  0.1346127252110588E+04
  0.1858854653144977E+00  0.9827729870413743E+00  0.1381114223096136E+04
  0.1777150846058812E+00  0.9842501916171713E+00  0.1418819240420795E+04
  0.1695447240365762E+00  0.9856616894197333E+00  0.1459371696405648E+04
  0.1613743866640789E+00  0.9870073862202815E+00  0.1502386129833143E+04
  0.1532040761975885E+00  0.9882871921828699E+00  0.1549077115257388E+04
  0.1450337971813853E+00  0.9895010218704087E+00  0.1600043012014247E+04
  0.1368635552438019E+00  0.9906487942504061E+00  0.1653948137037570E+04
  0.1286933574408989E+00  0.9917304327004320E+00  0.1708932935722712E+04
  0.1205232127396896E+00  0.9927458650133153E+00  0.1765618773823010E+04
  0.1123531327118049E+00  0.9936950234020883E+00  0.1824486064715128E+04
  0.1041831325528455E+00  0.9945778445047068E+00  0.1884895296877145E+04
  0.9601323262085862E-01  0.9953942693885953E+00  0.1948038364527164E+04
  0.8784346083082471E-01  0.9961442435551087E+00  0.2018808585914002E+04
  0.7967385651719167E-01  0.9968277169440913E+00  0.2099427696804111E+04
  0.7150447693306423E-01  0.9974446439389107E+00  0.2189436811376393E+04
  0.6333540875299180E-01  0.9979949833727938E+00  0.2291545456335446E+04
  0.5516678972815772E-01  0.9984786985384589E+00  0.2413916486021001E+04
  0.4699885272846815E-01  0.9988957572063257E+00  0.2562395501533411E+04
  0.3883202470742381E-01  0.9992461316671845E+00  0.2752774794021518E+04
  0.3066718105470672E-01  0.9995297988558859E+00  0.3028892544458004E+04
  0.2250643816359393E-01  0.9997467408113523E+00  0.3434670106649409E+04
  0.1435650599352885E-01  0.9998969471378596E+00  0.3922592174963259E+04
  0.6254421014113626E-02  0.9999804411726474E+00  0.4316858295207458E+04
