# nlmax, ncor, nside =         383           1         128
  0.3135338232575680E+01 -0.9999804411726474E+00  0.5720695666642936E+06
  0.3127236147596264E+01 -0.9998969471378596E+00  0.5650898494662050E+06
  0.3119086215426199E+01 -0.9997467408113523E+00  0.5571243472094558E+06
  0.3110925472535087E+01 -0.9995297988558859E+00  0.5504581941480743E+06
  0.3102760628882369E+01 -0.9992461316671845E+00  0.5446955940088403E+06
  0.3094593800861325E+01 -0.9988957572063257E+00  0.5412543421109569E+06
  0.3086425863861635E+01 -0.9984786985384589E+00  0.5403063326460384E+06
  0.3078257244836801E+01 -0.9979949833727938E+00  0.5387525637285577E+06
  0.3070088176656729E+01 -0.9974446439389107E+00  0.5340679020228367E+06
  0.3061918797072602E+01 -0.9968277169440913E+00  0.5282161653446401E+06
  0.3053749192758969E+01 -0.9961442435551087E+00  0.5235938689289882E+06
  0.3045579420968934E+01 -0.9953942693885953E+00  0.5203840345891906E+06
  0.3037409521036948E+01 -0.9945778445047068E+00  0.5192448753029282E+06
  0.3029239520877988E+01 -0.9936950234020883E+00  0.5180057732993559E+06
  0.3021069440850104E+01 -0.9927458650133153E+00  0.5165477152513424E+06
  0.3012899296148894E+01 -0.9917304327004320E+00  0.5145331091710459E+06
  0.3004729098345992E+01 -0.9906487942504061E+00  0.5118732940266229E+06
  0.2996558856408408E+01 -0.9895010218704087E+00  0.5085885010776248E+06
  0.2988388577392205E+01 -0.9882871921828699E+00  0.5058656719197339E+06
  0.2980218266925714E+01 -0.9870073862202815E+00  0.5044321427112966E+06
  0.2972047929553217E+01 -0.9856616894197333E+00  0.5043175715660213E+06
  0.2963877568983912E+01 -0.9842501916171713E+00  0.5041719325817075E+06
  0.2955707188275296E+01 -0.9827729870413743E+00  0.5035817013697531E+06
  0.2947536789970254E+01 -0.9812301743076443E+00  0.5027713013951103E+06
  0.2939366376200951E+01 -0.9796218564112101E+00  0.5018365951957964E+06
  0.2931195948768531E+01 -0.9779481407203411E+00  0.5006213969091002E+06
  0.2923025509204947E+01 -0.9762091389691724E+00  0.4999720471775985E+06
  0.2914855058821443E+01 -0.9744049672502397E+00  0.4997138054104235E+06
  0.2906684598746917E+01 -0.9725357460067257E+00  0.5002813025113317E+06
  0.2898514129958549E+01 -0.9706016000244151E+00  0.5013778688417849E+06
  0.2890343653306462E+01 -0.9686026584233628E+00  0.5023344961755396E+06
  0.2882173169533725E+01 -0.9665390546492710E+00  0.5019656246875352E+06
  0.2874002679292686E+01 -0.9644109264645802E+00  0.5003666555979838E+06
  0.2865832183158409E+01 -0.9622184159392698E+00  0.4981782318183411E+06
  0.2857661681639792E+01 -0.9599616694413742E+00  0.4955353179203523E+06
  0.2849491175188815E+01 -0.9576408376272095E+00  0.4931672842034532E+06
  0.2841320664208285E+01 -0.9552560754313160E+00  0.4919480638367279E+06
  0.2833150149058343E+01 -0.9528075420561144E+00  0.4918724358195282E+06
  0.2824979630061970E+01 -0.9502954009612771E+00  0.4915724216427053E+06
  0.2816809107509663E+01 -0.9477198198528157E+00  0.4910793514592359E+06
  0.2808638581663412E+01 -0.9450809706718851E+00  0.4899837368582402E+06
  0.2800468052760122E+01 -0.9423790295833044E+00  0.4889488554701485E+06
  0.2792297521014540E+01 -0.9396141769637963E+00  0.4881056774238298E+06
  0.2784126986621790E+01 -0.9367865973899459E+00  0.4879015998191166E+06
  0.2775956449759565E+01 -0.9338964796258775E+00  0.4888260770218467E+06
  0.2767785910590029E+01 -0.9309440166106540E+00  0.4912146838588853E+06
  0.2759615369261481E+01 -0.9279294054453956E+00  0.4949627440870714E+06
  0.2751444825909805E+01 -0.9248528473801222E+00  0.4988246681560855E+06
  0.2743274280659743E+01 -0.9217145478003181E+00  0.5022074747514746E+06
  0.2735103733626014E+01 -0.9185147162132208E+00  0.5056758273289595E+06
  0.2726933184914305E+01 -0.9152535662338340E+00  0.5085110805567208E+06
  0.2718762634622138E+01 -0.9119313155706682E+00  0.5110718127837224E+06
  0.2710592082839649E+01 -0.9085481860112055E+00  0.5135156591033511E+06
  0.2702421529650271E+01 -0.9051044034070944E+00  0.5149483257864843E+06
  0.2694250975131350E+01 -0.9016001976590722E+00  0.5154758208940419E+06
  0.2686080419354687E+01 -0.8980358027016164E+00  0.5161484062300777E+06
  0.2677909862387029E+01 -0.8944114564873288E+00  0.5179068655777535E+06
  0.2669739304290507E+01 -0.8907274009710492E+00  0.5203605243313239E+06
  0.2661568745123026E+01 -0.8869838820937034E+00  0.5228972463312417E+06
  0.2653398184938621E+01 -0.8831811497658847E+00  0.5251373207525543E+06
  0.2645227623787777E+01 -0.8793194578511700E+00  0.5265214505468914E+06
  0.2637057061717711E+01 -0.8753990641491725E+00  0.5279420065034570E+06
  0.2628886498772639E+01 -0.8714202303783312E+00  0.5297177739448538E+06
  0.2620715934994006E+01 -0.8673832221584393E+00  0.5315743303644171E+06
  0.2612545370420704E+01 -0.8632883089929120E+00  0.5335217088501251E+06
  0.2604374805089263E+01 -0.8591357642507945E+00  0.5355157017518051E+06
  0.2596204239034032E+01 -0.8549258651485127E+00  0.5371256925427082E+06
  0.2588033672287335E+01 -0.8506588927313666E+00  0.5374616180460260E+06
  0.2579863104879621E+01 -0.8463351318547683E+00  0.5377772231444890E+06
  0.2571692536839600E+01 -0.8419548711652254E+00  0.5386133199085208E+06
  0.2563521968194363E+01 -0.8375184030810715E+00  0.5392649548986666E+06
  0.2555351398969496E+01 -0.8330260237729452E+00  0.5391716615549342E+06
  0.2547180829189184E+01 -0.8284780331440178E+00  0.5384073342306727E+06
  0.2539010258876304E+01 -0.8238747348099726E+00  0.5375594246550737E+06
  0.2530839688052518E+01 -0.8192164360787360E+00  0.5367887015424249E+06
  0.2522669116738345E+01 -0.8145034479299620E+00  0.5368342561010026E+06
  0.2514498544953243E+01 -0.8097360849942720E+00  0.5368729887650674E+06
  0.2506327972715673E+01 -0.8049146655322506E+00  0.5367807426444289E+06
  0.2498157400043163E+01 -0.8000395114131988E+00  0.5363431704242976E+06
  0.2489986826952370E+01 -0.7951109480936471E+00  0.5358542507634354E+06
  0.2481816253459126E+01 -0.7901293045956280E+00  0.5349023346958177E+06
  0.2473645679578500E+01 -0.7850949134847117E+00  0.5333896008894454E+06
  0.2465475105324832E+01 -0.7800081108478040E+00  0.5318929984186963E+06
  0.2457304530711785E+01 -0.7748692362707100E+00  0.5312962101374868E+06
  0.2449133955752385E+01 -0.7696786328154644E+00  0.5320843266420802E+06
  0.2440963380459050E+01 -0.7644366469974285E+00  0.5343394484885985E+06
  0.2432792804843637E+01 -0.7591436287621580E+00  0.5372441344982245E+06
  0.2424622228917462E+01 -0.7537999314620412E+00  0.5392379252025296E+06
  0.2416451652691339E+01 -0.7484059118327094E+00  0.5400647689240791E+06
  0.2408281076175607E+01 -0.7429619299692227E+00  0.5400210475336366E+06
  0.2400110499380152E+01 -0.7374683493020299E+00  0.5390174155244046E+06
  0.2391939922314436E+01 -0.7319255365727068E+00  0.5371139470171682E+06
  0.2383769344987516E+01 -0.7263338618094733E+00  0.5350755569764787E+06
  0.2375598767408072E+01 -0.7206936983024912E+00  0.5331458919887426E+06
  0.2367428189584419E+01 -0.7150054225789432E+00  0.5317484737496211E+06
  0.2359257611524532E+01 -0.7092694143778975E+00  0.5305322142643282E+06
  0.2351087033236062E+01 -0.7034860566249567E+00  0.5290880263369627E+06
  0.2342916454726351E+01 -0.6976557354066943E+00  0.5279938598176652E+06
  0.2334745876002450E+01 -0.6917788399448808E+00  0.5279122159479873E+06
  0.2326575297071134E+01 -0.6858557625704990E+00  0.5280076095277151E+06
  0.2318404717938913E+01 -0.6798868986975534E+00  0.5277959089226447E+06
  0.2310234138612046E+01 -0.6738726467966731E+00  0.5271251692157921E+06
  0.2302063559096557E+01 -0.6678134083685102E+00  0.5255837942051892E+06
  0.2293892979398239E+01 -0.6617095879169366E+00  0.5237368432020487E+06
  0.2285722399522673E+01 -0.6555615929220400E+00  0.5221638190475340E+06
  0.2277551819475234E+01 -0.6493698338129212E+00  0.5207758188204076E+06
  0.2269381239261100E+01 -0.6431347239402948E+00  0.5198157175259372E+06
  0.2261210658885265E+01 -0.6368566795488945E+00  0.5188894811508119E+06
  0.2253040078352542E+01 -0.6305361197496849E+00  0.5175801858918290E+06
  0.2244869497667577E+01 -0.6241734664918837E+00  0.5159823227327523E+06
  0.2236698916834853E+01 -0.6177691445347914E+00  0.5142823975847298E+06
  0.2228528335858699E+01 -0.6113235814194364E+00  0.5126471170420273E+06
  0.2220357754743295E+01 -0.6048372074400329E+00  0.5109552045873455E+06
  0.2212187173492683E+01 -0.5983104556152549E+00  0.5091506581717732E+06
  0.2204016592110768E+01 -0.5917437616593286E+00  0.5069212669810565E+06
  0.2195846010601326E+01 -0.5851375639529456E+00  0.5049775823919745E+06
  0.2187675428968010E+01 -0.5784923035139965E+00  0.5036313126636682E+06
  0.2179504847214357E+01 -0.5718084239681300E+00  0.5031529671203101E+06
  0.2171334265343789E+01 -0.5650863715191369E+00  0.5033532196882376E+06
  0.2163163683359622E+01 -0.5583265949191624E+00  0.5034410861230934E+06
  0.2154993101265066E+01 -0.5515295454387482E+00  0.5028097254599283E+06
  0.2146822519063234E+01 -0.5446956768367068E+00  0.5019297568959316E+06
  0.2138651936757143E+01 -0.5378254453298289E+00  0.5012318685931212E+06
  0.2130481354349721E+01 -0.5309193095624275E+00  0.5006066197746661E+06
  0.2122310771843806E+01 -0.5239777305757194E+00  0.4999317391946076E+06
  0.2114140189242155E+01 -0.5170011717770473E+00  0.4992351819841455E+06
  0.2105969606547443E+01 -0.5099900989089429E+00  0.4987618854997423E+06
  0.2097799023762269E+01 -0.5029449800180356E+00  0.4987021446374703E+06
  0.2089628440889158E+01 -0.4958662854238058E+00  0.4991095433430762E+06
  0.2081457857930564E+01 -0.4887544876871878E+00  0.5003517034678839E+06
  0.2073287274888874E+01 -0.4816100615790221E+00  0.5023662576827474E+06
  0.2065116691766407E+01 -0.4744334840483606E+00  0.5045232615767668E+06
  0.2056946108565423E+01 -0.4672252341906264E+00  0.5061299409347526E+06
  0.2048775525288118E+01 -0.4599857932156304E+00  0.5071155479140771E+06
  0.2040604941936635E+01 -0.4527156444154464E+00  0.5076618071243372E+06
  0.2032434358513056E+01 -0.4454152731321473E+00  0.5083313104648172E+06
  0.2024263775019413E+01 -0.4380851667254050E+00  0.5094178222197389E+06
  0.2016093191457685E+01 -0.4307258145399545E+00  0.5112568219478833E+06
  0.2007922607829804E+01 -0.4233377078729265E+00  0.5129075084299831E+06
  0.1999752024137653E+01 -0.4159213399410494E+00  0.5139883425388064E+06
  0.1991581440383068E+01 -0.4084772058477228E+00  0.5143038153456150E+06
  0.1983410856567843E+01 -0.4010058025499653E+00  0.5145433082558084E+06
  0.1975240272693730E+01 -0.3935076288252386E+00  0.5150940472200954E+06
  0.1967069688762441E+01 -0.3859831852381501E+00  0.5158992884445709E+06
  0.1958899104775647E+01 -0.3784329741070359E+00  0.5170300696052248E+06
  0.1950728520734982E+01 -0.3708574994704271E+00  0.5184585169011510E+06
  0.1942557936642046E+01 -0.3632572670534011E+00  0.5196384972118019E+06
  0.1934387352498403E+01 -0.3556327842338202E+00  0.5202021139414127E+06
  0.1926216768305583E+01 -0.3479845600084601E+00  0.5202396519851827E+06
  0.1918046184065086E+01 -0.3403131049590297E+00  0.5200017109190738E+06
  0.1909875599778379E+01 -0.3326189312180866E+00  0.5195283541169523E+06
  0.1901705015446901E+01 -0.3249025524348469E+00  0.5189666306085449E+06
  0.1893534431072063E+01 -0.3171644837408958E+00  0.5184122469655307E+06
  0.1885363846655247E+01 -0.3094052417157978E+00  0.5180964358019155E+06
  0.1877193262197810E+01 -0.3016253443526109E+00  0.5181663411217593E+06
  0.1869022677701083E+01 -0.2938253110233064E+00  0.5189349775012095E+06
  0.1860852093166375E+01 -0.2860056624440968E+00  0.5200208337659622E+06
  0.1852681508594969E+01 -0.2781669206406729E+00  0.5213886551281829E+06
  0.1844510923988128E+01 -0.2703096089133553E+00  0.5223409201262532E+06
  0.1836340339347093E+01 -0.2624342518021592E+00  0.5231228357013632E+06
  0.1828169754673083E+01 -0.2545413750517773E+00  0.5233902397720007E+06
  0.1819999169967299E+01 -0.2466315055764818E+00  0.5231584247287115E+06
  0.1811828585230925E+01 -0.2387051714249486E+00  0.5221174066217763E+06
  0.1803658000465123E+01 -0.2307629017450062E+00  0.5201816241180553E+06
  0.1795487415671042E+01 -0.2228052267483099E+00  0.5176849161656934E+06
  0.1787316830849811E+01 -0.2148326776749467E+00  0.5147284443117458E+06
  0.1779146246002545E+01 -0.2068457867579697E+00  0.5117111206912519E+06
  0.1770975661130345E+01 -0.1988450871878683E+00  0.5089848117942124E+06
  0.1762805076234296E+01 -0.1908311130769725E+00  0.5065656222521836E+06
  0.1754634491315471E+01 -0.1828043994237966E+00  0.5053830203994725E+06
  0.1746463906374929E+01 -0.1747654820773241E+00  0.5047677298570366E+06
  0.1738293321413718E+01 -0.1667148977012352E+00  0.5044030340050394E+06
  0.1730122736432872E+01 -0.1586531837380799E+00  0.5040710631939166E+06
  0.1721952151433418E+01 -0.1505808783733995E+00  0.5040161146851478E+06
  0.1713781566416370E+01 -0.1424985204997981E+00  0.5035338411710982E+06
  0.1705610981382731E+01 -0.1344066496809675E+00  0.5031578834350123E+06
  0.1697440396333499E+01 -0.1263058061156663E+00  0.5029723861090960E+06
  0.1689269811269659E+01 -0.1181965306016578E+00  0.5029418253634432E+06
  0.1681099226192191E+01 -0.1100793644996070E+00  0.5027318058385604E+06
  0.1672928641102067E+01 -0.1019548496969404E+00  0.5025456664087696E+06
  0.1664758056000250E+01 -0.9382352857167028E-01  0.5024763057496975E+06
  0.1656587470887701E+01 -0.8568594395618719E-01  0.5028181308950185E+06
  0.1648416885765370E+01 -0.7754263910102077E-01  0.5030937768630591E+06
  0.1640246300634206E+01 -0.6939415763857371E-01  0.5031625165572054E+06
  0.1632075715495151E+01 -0.6124104354682962E-01  0.5030925741181461E+06
  0.1623905130349143E+01 -0.5308384111303818E-01  0.5029048655440332E+06
  0.1615734545197117E+01 -0.4492309489737940E-01  0.5031904550653530E+06
  0.1607563960040004E+01 -0.3675934969660982E-01  0.5038977493697319E+06
  0.1599393374878733E+01 -0.2859315050769285E-01  0.5049028053863012E+06
  0.1591222789714229E+01 -0.2042504249141571E-01  0.5064995211033822E+06
  0.1583052204547419E+01 -0.1225557093599554E-01  0.5082472021490592E+06
  0.1574881619379224E+01 -0.4085281220676868E-02  0.5099414860920259E+06
  0.1566711034210569E+01  0.4085281220676868E-02  0.5110883912163608E+06
  0.1558540449042374E+01  0.1225557093599554E-01  0.5119778339679876E+06
  0.1550369863875564E+01  0.2042504249141571E-01  0.5128029902483318E+06
  0.1542199278711061E+01  0.2859315050769285E-01  0.5142235297309654E+06
  0.1534028693549790E+01  0.3675934969660982E-01  0.5158128775964610E+06
  0.1525858108392677E+01  0.4492309489737940E-01  0.5172387091138847E+06
  0.1517687523240650E+01  0.5308384111303818E-01  0.5175572429048742E+06
  0.1509516938094642E+01  0.6124104354682962E-01  0.5164195576210460E+06
  0.1501346352955587E+01  0.6939415763857371E-01  0.5142586471892300E+06
  0.1493175767824423E+01  0.7754263910102077E-01  0.5124856468403483E+06
  0.1485005182702093E+01  0.8568594395618719E-01  0.5114529060241156E+06
  0.1476834597589543E+01  0.9382352857167028E-01  0.5109399501204342E+06
  0.1468664012487727E+01  0.1019548496969404E+00  0.5101709181697802E+06
  0.1460493427397602E+01  0.1100793644996070E+00  0.5092860816318183E+06
  0.1452322842320134E+01  0.1181965306016578E+00  0.5076211071592402E+06
  0.1444152257256294E+01  0.1263058061156663E+00  0.5050934406503076E+06
  0.1435981672207062E+01  0.1344066496809675E+00  0.5021295703263496E+06
  0.1427811087173423E+01  0.1424985204997981E+00  0.4997150494440134E+06
  0.1419640502156375E+01  0.1505808783733995E+00  0.4983270708134999E+06
  0.1411469917156921E+01  0.1586531837380799E+00  0.4980107196631924E+06
  0.1403299332176076E+01  0.1667148977012352E+00  0.4983929159874322E+06
  0.1395128747214864E+01  0.1747654820773241E+00  0.4996336033967477E+06
  0.1386958162274323E+01  0.1828043994237966E+00  0.5015200841286732E+06
  0.1378787577355497E+01  0.1908311130769725E+00  0.5033250067765763E+06
  0.1370616992459449E+01  0.1988450871878683E+00  0.5052885092639462E+06
  0.1362446407587248E+01  0.2068457867579697E+00  0.5074467775988851E+06
  0.1354275822739983E+01  0.2148326776749467E+00  0.5093724170959273E+06
  0.1346105237918751E+01  0.2228052267483099E+00  0.5111984613327323E+06
  0.1337934653124670E+01  0.2307629017450062E+00  0.5129507319931482E+06
  0.1329764068358868E+01  0.2387051714249486E+00  0.5144984631345484E+06
  0.1321593483622494E+01  0.2466315055764818E+00  0.5156180343797403E+06
  0.1313422898916710E+01  0.2545413750517773E+00  0.5167427163006881E+06
  0.1305252314242701E+01  0.2624342518021592E+00  0.5175641183863759E+06
  0.1297081729601665E+01  0.2703096089133553E+00  0.5180531669556091E+06
  0.1288911144994824E+01  0.2781669206406729E+00  0.5181453201662721E+06
  0.1280740560423418E+01  0.2860056624440968E+00  0.5179279197476529E+06
  0.1272569975888710E+01  0.2938253110233064E+00  0.5171882214230601E+06
  0.1264399391391984E+01  0.3016253443526109E+00  0.5168126586526473E+06
  0.1256228806934547E+01  0.3094052417157978E+00  0.5166441261114242E+06
  0.1248058222517730E+01  0.3171644837408958E+00  0.5175900463758470E+06
  0.1239887638142892E+01  0.3249025524348469E+00  0.5189877318882336E+06
  0.1231717053811414E+01  0.3326189312180866E+00  0.5200308783012000E+06
  0.1223546469524707E+01  0.3403131049590297E+00  0.5204996424379851E+06
  0.1215375885284210E+01  0.3479845600084601E+00  0.5211322531663369E+06
  0.1207205301091390E+01  0.3556327842338202E+00  0.5213440355617393E+06
  0.1199034716947747E+01  0.3632572670534011E+00  0.5214434850700218E+06
  0.1190864132854811E+01  0.3708574994704271E+00  0.5217603325593115E+06
  0.1182693548814147E+01  0.3784329741070359E+00  0.5217346192292561E+06
  0.1174522964827352E+01  0.3859831852381501E+00  0.5208266296334628E+06
  0.1166352380896063E+01  0.3935076288252386E+00  0.5196777205033103E+06
  0.1158181797021950E+01  0.4010058025499653E+00  0.5185678204333198E+06
  0.1150011213206726E+01  0.4084772058477228E+00  0.5185972143485500E+06
  0.1141840629452141E+01  0.4159213399410494E+00  0.5193575631114411E+06
  0.1133670045759989E+01  0.4233377078729265E+00  0.5202615249078267E+06
  0.1125499462132108E+01  0.4307258145399545E+00  0.5202334720237705E+06
  0.1117328878570381E+01  0.4380851667254050E+00  0.5193346220134295E+06
  0.1109158295076737E+01  0.4454152731321473E+00  0.5183328299834981E+06
  0.1100987711653159E+01  0.4527156444154464E+00  0.5185444795419846E+06
  0.1092817128301675E+01  0.4599857932156304E+00  0.5186369118644947E+06
  0.1084646545024371E+01  0.4672252341906264E+00  0.5188781296047494E+06
  0.1076475961823386E+01  0.4744334840483606E+00  0.5197734264813447E+06
  0.1068305378700920E+01  0.4816100615790221E+00  0.5219106839905767E+06
  0.1060134795659229E+01  0.4887544876871878E+00  0.5242912518562853E+06
  0.1051964212700635E+01  0.4958662854238058E+00  0.5266346122306889E+06
  0.1043793629827524E+01  0.5029449800180356E+00  0.5284808219967539E+06
  0.1035623047042350E+01  0.5099900989089429E+00  0.5301948014445703E+06
  0.1027452464347638E+01  0.5170011717770473E+00  0.5317042574833269E+06
  0.1019281881745987E+01  0.5239777305757194E+00  0.5327643624579218E+06
  0.1011111299240073E+01  0.5309193095624275E+00  0.5325510238601706E+06
  0.1002940716832650E+01  0.5378254453298289E+00  0.5323964389526881E+06
  0.9947701345265596E+00  0.5446956768367068E+00  0.5321608389289356E+06
  0.9865995523247275E+00  0.5515295454387482E+00  0.5315466485931227E+06
  0.9784289702301714E+00  0.5583265949191624E+00  0.5305174417763042E+06
  0.9702583882460036E+00  0.5650863715191369E+00  0.5299330672687991E+06
  0.9620878063754359E+00  0.5718084239681300E+00  0.5296693073332080E+06
  0.9539172246217830E+00  0.5784923035139965E+00  0.5300603924545464E+06
  0.9457466429884676E+00  0.5851375639529456E+00  0.5301089098453338E+06
  0.9375760614790253E+00  0.5917437616593286E+00  0.5303630016640687E+06
  0.9294054800971098E+00  0.5983104556152549E+00  0.5299893235550090E+06
  0.9212348988464978E+00  0.6048372074400329E+00  0.5294820455862234E+06
  0.9130643177310944E+00  0.6113235814194364E+00  0.5290338561154616E+06
  0.9048937367549402E+00  0.6177691445347914E+00  0.5294391094442750E+06
  0.8967231559222163E+00  0.6241734664918837E+00  0.5305333636736484E+06
  0.8885525752372514E+00  0.6305361197496849E+00  0.5321160315936942E+06
  0.8803819947045285E+00  0.6368566795488945E+00  0.5327608190354485E+06
  0.8722114143286931E+00  0.6431347239402948E+00  0.5331421822243937E+06
  0.8640408341145595E+00  0.6493698338129212E+00  0.5331036557791831E+06
  0.8558702540671204E+00  0.6555615929220400E+00  0.5331586203200875E+06
  0.8476996741915547E+00  0.6617095879169366E+00  0.5331672379193576E+06
  0.8395290944932369E+00  0.6678134083685102E+00  0.5332596395141699E+06
  0.8313585149777468E+00  0.6738726467966731E+00  0.5328677784885443E+06
  0.8231879356508802E+00  0.6798868986975534E+00  0.5325824231689323E+06
  0.8150173565186587E+00  0.6858557625704990E+00  0.5319702847098116E+06
  0.8068467775873427E+00  0.6917788399448808E+00  0.5321815391031746E+06
  0.7986761988634423E+00  0.6976557354066943E+00  0.5336347699821943E+06
  0.7905056203537315E+00  0.7034860566249567E+00  0.5359658327646868E+06
  0.7823350420652612E+00  0.7092694143778975E+00  0.5375342290686765E+06
  0.7741644640053743E+00  0.7150054225789432E+00  0.5382972779952321E+06
  0.7659938861817212E+00  0.7206936983024912E+00  0.5378109924232329E+06
  0.7578233086022768E+00  0.7263338618094733E+00  0.5369019819758874E+06
  0.7496527312753575E+00  0.7319255365727068E+00  0.5357529960274551E+06
  0.7414821542096410E+00  0.7374683493020299E+00  0.5350059763405956E+06
  0.7333115774141861E+00  0.7429619299692227E+00  0.5339386041676875E+06
  0.7251410008984539E+00  0.7484059118327094E+00  0.5334326107837313E+06
  0.7169704246723316E+00  0.7537999314620412E+00  0.5325563538105127E+06
  0.7087998487461566E+00  0.7591436287621580E+00  0.5315436255674283E+06
  0.7006292731307425E+00  0.7644366469974285E+00  0.5285457513303617E+06
  0.6924586978374083E+00  0.7696786328154644E+00  0.5248429618278886E+06
  0.6842881228780077E+00  0.7748692362707100E+00  0.5210091277393104E+06
  0.6761175482649616E+00  0.7800081108478040E+00  0.5178971499627925E+06
  0.6679469740112938E+00  0.7850949134847117E+00  0.5151659678238875E+06
  0.6597764001306670E+00  0.7901293045956280E+00  0.5131464668601942E+06
  0.6516058266374236E+00  0.7951109480936471E+00  0.5110221261625370E+06
  0.6434352535466297E+00  0.8000395114131988E+00  0.5097502106900253E+06
  0.6352646808741202E+00  0.8049146655322506E+00  0.5087295807543133E+06
  0.6270941086365502E+00  0.8097360849942720E+00  0.5080191301473225E+06
  0.6189235368514482E+00  0.8145034479299620E+00  0.5068878626041866E+06
  0.6107529655372755E+00  0.8192164360787360E+00  0.5063625550941077E+06
  0.6025823947134890E+00  0.8238747348099726E+00  0.5058975811243859E+06
  0.5944118244006098E+00  0.8284780331440178E+00  0.5061034942318560E+06
  0.5862412546202973E+00  0.8330260237729452E+00  0.5062464820781053E+06
  0.5780706853954301E+00  0.8375184030810715E+00  0.5074742315922378E+06
  0.5699001167501928E+00  0.8419548711652254E+00  0.5097642548873049E+06
  0.5617295487101719E+00  0.8463351318547683E+00  0.5132856176935426E+06
  0.5535589813024583E+00  0.8506588927313666E+00  0.5165419918838978E+06
  0.5453884145557613E+00  0.8549258651485127E+00  0.5189270580018547E+06
  0.5372178485005299E+00  0.8591357642507945E+00  0.5183892171741617E+06
  0.5290472831690897E+00  0.8632883089929120E+00  0.5167024291005434E+06
  0.5208767185957875E+00  0.8673832221584393E+00  0.5148277204769457E+06
  0.5127061548171545E+00  0.8714202303783312E+00  0.5145184510229237E+06
  0.5045355918720822E+00  0.8753990641491725E+00  0.5146535777075203E+06
  0.4963650298020162E+00  0.8793194578511700E+00  0.5160484586647500E+06
  0.4881944686511717E+00  0.8831811497658847E+00  0.5174917038234226E+06
  0.4800239084667671E+00  0.8869838820937034E+00  0.5193932359218749E+06
  0.4718533492992859E+00  0.8907274009710492E+00  0.5207220711599319E+06
  0.4636827912027636E+00  0.8944114564873288E+00  0.5226958166785109E+06
  0.4555122342351060E+00  0.8980358027016164E+00  0.5252011961541823E+06
  0.4473416784584431E+00  0.9016001976590722E+00  0.5296317761313645E+06
  0.4391711239395221E+00  0.9051044034070944E+00  0.5335231980059608E+06
  0.4310005707501444E+00  0.9085481860112055E+00  0.5354369508478824E+06
  0.4228300189676551E+00  0.9119313155706682E+00  0.5352906829246416E+06
  0.4146594686754885E+00  0.9152535662338340E+00  0.5348721069157871E+06
  0.4064889199637791E+00  0.9185147162132208E+00  0.5338769186746271E+06
  0.3983183729300507E+00  0.9217145478003181E+00  0.5327994978922410E+06
  0.3901478276799883E+00  0.9248528473801222E+00  0.5298014505556886E+06
  0.3819772843283120E+00  0.9279294054453956E+00  0.5256374519003214E+06
  0.3738067429997641E+00  0.9309440166106540E+00  0.5189144053500518E+06
  0.3656362038302282E+00  0.9338964796258775E+00  0.5145312755387792E+06
  0.3574656669680030E+00  0.9367865973899459E+00  0.5116256591989208E+06
  0.3492951325752533E+00  0.9396141769637963E+00  0.5112761733070693E+06
  0.3411246008296713E+00  0.9423790295833044E+00  0.5104559171552025E+06
  0.3329540719263814E+00  0.9450809706718851E+00  0.5091592444472227E+06
  0.3247835460801308E+00  0.9477198198528157E+00  0.5057908566322906E+06
  0.3166130235278230E+00  0.9502954009612771E+00  0.5027835017945800E+06
  0.3084425045314506E+00  0.9528075420561144E+00  0.5001136340256852E+06
  0.3002719893815085E+00  0.9552560754313160E+00  0.4997794463354231E+06
  0.2921014784009779E+00  0.9576408376272095E+00  0.5004161586134682E+06
  0.2839309719500016E+00  0.9599616694413742E+00  0.5031285104265580E+06
  0.2757604704313845E+00  0.9622184159392698E+00  0.5058351776033954E+06
  0.2675899742971076E+00  0.9644109264645802E+00  0.5093608718951878E+06
  0.2594194840560681E+00  0.9665390546492710E+00  0.5107290721378638E+06
  0.2512490002833307E+00  0.9686026584233628E+00  0.5118628309815602E+06
  0.2430785236312446E+00  0.9706016000244151E+00  0.5120181393501877E+06
  0.2349080548428762E+00  0.9725357460067257E+00  0.5150086430880837E+06
  0.2267375947683499E+00  0.9744049672502397E+00  0.5192845465947289E+06
  0.2185671443848464E+00  0.9762091389691724E+00  0.5285949037471839E+06
  0.2103967048212628E+00  0.9779481407203411E+00  0.5388535969771930E+06
  0.2022262773888417E+00  0.9796218564112101E+00  0.5507247074333854E+06
  0.1940558636195398E+00  0.9812301743076443E+00  0.5601470391066619E+06
  0.1858854653144977E+00  0.9827729870413743E+00  0.5699477460099885E+06
  0.1777150846058812E+00  0.9842501916171713E+00  0.5790854999960576E+06
  0.1695447240365762E+00  0.9856616894197333E+00  0.5923340771726771E+06
  0.1613743866640789E+00  0.9870073862202815E+00  0.6071520441307509E+06
  0.1532040761975885E+00  0.9882871921828699E+00  0.6265681121898675E+06
  0.1450337971813853E+00  0.9895010218704087E+00  0.6440273836014104E+06
  0.1368635552438019E+00  0.9906487942504061E+00  0.6631028400330618E+06
  0.1286933574408989E+00  0.9917304327004320E+00  0.6792343565703143E+06
  0.1205232127396896E+00  0.9927458650133153E+00  0.6990156956579877E+06
  0.1123531327118049E+00  0.9936950234020883E+00  0.7173547574883152E+06
  0.1041831325528455E+00  0.9945778445047068E+00  0.7427852759491139E+06
  0.9601323262085862E-01  0.9953942693885953E+00  0.7721127328835417E+06
  0.8784346083082471E-01  0.9961442435551087E+00  0.8160772715215667E+06
  0.7967385651719167E-01  0.9968277169440913E+00  0.8667381744632357E+06
  0.7150447693306423E-01  0.9974446439389107E+00  0.9324684306886077E+06
  0.6333540875299180E-01  0.9979949833727938E+00  0.9979255585143443E+06
  0.5516678972815772E-01  0.9984786985384589E+00  0.1081644258344522E+07
  0.4699885272846815E-01  0.9988957572063257E+00  0.1174234710935925E+07
  0.3883202470742381E-01  0.9992461316671845E+00  0.1315809579686400E+07
  0.3066718105470672E-01  0.9995297988558859E+00  0.1500234779119516E+07
  0.2250643816359393E-01  0.9997467408113523E+00  0.1807567918975944E+07
  0.1435650599352885E-01  0.9998969471378596E+00  0.2201868568747210E+07
  0.6254421014113626E-02  0.9999804411726474E+00  0.2734888957743968E+07
