# nlmax, ncor, nside =         383           1         128
  0.3135338232575680E+01 -0.9999804411726474E+00 -0.3574615215543548E+03
  0.3127236147596264E+01 -0.9998969471378596E+00 -0.3607915529891548E+03
  0.3119086215426199E+01 -0.9997467408113523E+00 -0.3647506401554734E+03
  0.3110925472535087E+01 -0.9995297988558859E+00 -0.3679217942515683E+03
  0.3102760628882369E+01 -0.9992461316671845E+00 -0.3701929383794015E+03
  0.3094593800861325E+01 -0.9988957572063257E+00 -0.3721596618678690E+03
  0.3086425863861635E+01 -0.9984786985384589E+00 -0.3745458930438543E+03
  0.3078257244836801E+01 -0.9979949833727938E+00 -0.3781386196500881E+03
  0.3070088176656729E+01 -0.9974446439389107E+00 -0.3833515667162316E+03
  0.3061918797072602E+01 -0.9968277169440913E+00 -0.3893522240538673E+03
  0.3053749192758969E+01 -0.9961442435551087E+00 -0.3940491339072095E+03
  0.3045579420968934E+01 -0.9953942693885953E+00 -0.3955481955282799E+03
  0.3037409521036948E+01 -0.9945778445047068E+00 -0.3938045504955551E+03
  0.3029239520877988E+01 -0.9936950234020883E+00 -0.3906892774560720E+03
  0.3021069440850104E+01 -0.9927458650133153E+00 -0.3882376638149246E+03
  0.3012899296148894E+01 -0.9917304327004320E+00 -0.3868069649551772E+03
  0.3004729098345992E+01 -0.9906487942504061E+00 -0.3851140079796812E+03
  0.2996558856408408E+01 -0.9895010218704087E+00 -0.3820496114522334E+03
  0.2988388577392205E+01 -0.9882871921828699E+00 -0.3780209192491374E+03
  0.2980218266925714E+01 -0.9870073862202815E+00 -0.3742608967622744E+03
  0.2972047929553217E+01 -0.9856616894197333E+00 -0.3712985241189449E+03
  0.2963877568983912E+01 -0.9842501916171713E+00 -0.3686426726437498E+03
  0.2955707188275296E+01 -0.9827729870413743E+00 -0.3656390099695535E+03
  0.2947536789970254E+01 -0.9812301743076443E+00 -0.3619556027888256E+03
  0.2939366376200951E+01 -0.9796218564112101E+00 -0.3573373955076885E+03
  0.2931195948768531E+01 -0.9779481407203411E+00 -0.3515503900200293E+03
  0.2923025509204947E+01 -0.9762091389691724E+00 -0.3446922865150846E+03
  0.2914855058821443E+01 -0.9744049672502397E+00 -0.3371796271402774E+03
  0.2906684598746917E+01 -0.9725357460067257E+00 -0.3294152527991071E+03
  0.2898514129958549E+01 -0.9706016000244151E+00 -0.3217178523433440E+03
  0.2890343653306462E+01 -0.9686026584233628E+00 -0.3143756373768765E+03
  0.2882173169533725E+01 -0.9665390546492710E+00 -0.3073858747652400E+03
  0.2874002679292686E+01 -0.9644109264645802E+00 -0.3003304979075194E+03
  0.2865832183158409E+01 -0.9622184159392698E+00 -0.2929349811801271E+03
  0.2857661681639792E+01 -0.9599616694413742E+00 -0.2856194366672843E+03
  0.2849491175188815E+01 -0.9576408376272095E+00 -0.2791068167932166E+03
  0.2841320664208285E+01 -0.9552560754313160E+00 -0.2735873555711846E+03
  0.2833150149058343E+01 -0.9528075420561144E+00 -0.2685874838317482E+03
  0.2824979630061970E+01 -0.9502954009612771E+00 -0.2635357303619986E+03
  0.2816809107509663E+01 -0.9477198198528157E+00 -0.2581772610042706E+03
  0.2808638581663412E+01 -0.9450809706718851E+00 -0.2526033288877065E+03
  0.2800468052760122E+01 -0.9423790295833044E+00 -0.2472018019108970E+03
  0.2792297521014540E+01 -0.9396141769637963E+00 -0.2425014492795325E+03
  0.2784126986621790E+01 -0.9367865973899459E+00 -0.2388054514250691E+03
  0.2775956449759565E+01 -0.9338964796258775E+00 -0.2359672070078663E+03
  0.2767785910590029E+01 -0.9309440166106540E+00 -0.2335704712391514E+03
  0.2759615369261481E+01 -0.9279294054453956E+00 -0.2311901942213164E+03
  0.2751444825909805E+01 -0.9248528473801222E+00 -0.2284300689971669E+03
  0.2743274280659743E+01 -0.9217145478003181E+00 -0.2249124350900365E+03
  0.2735103733626014E+01 -0.9185147162132208E+00 -0.2203843800685477E+03
  0.2726933184914305E+01 -0.9152535662338340E+00 -0.2148249004352770E+03
  0.2718762634622138E+01 -0.9119313155706682E+00 -0.2085236304495413E+03
  0.2710592082839649E+01 -0.9085481860112055E+00 -0.2021368425919054E+03
  0.2702421529650271E+01 -0.9051044034070944E+00 -0.1964510695942045E+03
  0.2694250975131350E+01 -0.9016001976590722E+00 -0.1918075975823992E+03
  0.2686080419354687E+01 -0.8980358027016164E+00 -0.1878440383440291E+03
  0.2677909862387029E+01 -0.8944114564873288E+00 -0.1840200578039191E+03
  0.2669739304290507E+01 -0.8907274009710492E+00 -0.1802716022697887E+03
  0.2661568745123026E+01 -0.8869838820937034E+00 -0.1769300376764437E+03
  0.2653398184938621E+01 -0.8831811497658847E+00 -0.1741654147676572E+03
  0.2645227623787777E+01 -0.8793194578511700E+00 -0.1717668399895750E+03
  0.2637057061717711E+01 -0.8753990641491725E+00 -0.1693016480973774E+03
  0.2628886498772639E+01 -0.8714202303783312E+00 -0.1661980882339848E+03
  0.2620715934994006E+01 -0.8673832221584393E+00 -0.1618166204286666E+03
  0.2612545370420704E+01 -0.8632883089929120E+00 -0.1557992609295446E+03
  0.2604374805089263E+01 -0.8591357642507945E+00 -0.1483887708244538E+03
  0.2596204239034032E+01 -0.8549258651485127E+00 -0.1402384185159656E+03
  0.2588033672287335E+01 -0.8506588927313666E+00 -0.1319092093437901E+03
  0.2579863104879621E+01 -0.8463351318547683E+00 -0.1236077867996953E+03
  0.2571692536839600E+01 -0.8419548711652254E+00 -0.1152941879962369E+03
  0.2563521968194363E+01 -0.8375184030810715E+00 -0.1069320109329857E+03
  0.2555351398969496E+01 -0.8330260237729452E+00 -0.9869444485214663E+02
  0.2547180829189184E+01 -0.8284780331440178E+00 -0.9095271802727488E+02
  0.2539010258876304E+01 -0.8238747348099726E+00 -0.8395362384080114E+02
  0.2530839688052518E+01 -0.8192164360787360E+00 -0.7748848221621373E+02
  0.2522669116738345E+01 -0.8145034479299620E+00 -0.7097993534177361E+02
  0.2514498544953243E+01 -0.8097360849942720E+00 -0.6388796143247362E+02
  0.2506327972715673E+01 -0.8049146655322506E+00 -0.5597643155867647E+02
  0.2498157400043163E+01 -0.8000395114131988E+00 -0.4734448076617009E+02
  0.2489986826952370E+01 -0.7951109480936471E+00 -0.3843309136169565E+02
  0.2481816253459126E+01 -0.7901293045956280E+00 -0.2994101996011271E+02
  0.2473645679578500E+01 -0.7850949134847117E+00 -0.2246587898610974E+02
  0.2465475105324832E+01 -0.7800081108478040E+00 -0.1611802064188096E+02
  0.2457304530711785E+01 -0.7748692362707100E+00 -0.1051880141900571E+02
  0.2449133955752385E+01 -0.7696786328154644E+00 -0.5124972692667291E+01
  0.2440963380459050E+01 -0.7644366469974285E+00  0.4904514343085641E+00
  0.2432792804843637E+01 -0.7591436287621580E+00  0.6543018177910737E+01
  0.2424622228917462E+01 -0.7537999314620412E+00  0.1307653383668920E+02
  0.2416451652691339E+01 -0.7484059118327094E+00  0.2010849824000789E+02
  0.2408281076175607E+01 -0.7429619299692227E+00  0.2772904301960469E+02
  0.2400110499380152E+01 -0.7374683493020299E+00  0.3594934246881478E+02
  0.2391939922314436E+01 -0.7319255365727068E+00  0.4449008787355401E+02
  0.2383769344987516E+01 -0.7263338618094733E+00  0.5293667904917644E+02
  0.2375598767408072E+01 -0.7206936983024912E+00  0.6116664176526024E+02
  0.2367428189584419E+01 -0.7150054225789432E+00  0.6946076387360009E+02
  0.2359257611524532E+01 -0.7092694143778975E+00  0.7814130752686660E+02
  0.2351087033236062E+01 -0.7034860566249567E+00  0.8724624740707156E+02
  0.2342916454726351E+01 -0.6976557354066943E+00  0.9659667040492916E+02
  0.2334745876002450E+01 -0.6917788399448808E+00  0.1060422991025470E+03
  0.2326575297071134E+01 -0.6858557625704990E+00  0.1155861544274903E+03
  0.2318404717938913E+01 -0.6798868986975534E+00  0.1253398723901708E+03
  0.2310234138612046E+01 -0.6738726467966731E+00  0.1353486361389579E+03
  0.2302063559096557E+01 -0.6678134083685102E+00  0.1454078364757118E+03
  0.2293892979398239E+01 -0.6617095879169366E+00  0.1551361621511662E+03
  0.2285722399522673E+01 -0.6555615929220400E+00  0.1643234524136680E+03
  0.2277551819475234E+01 -0.6493698338129212E+00  0.1731073758255991E+03
  0.2269381239261100E+01 -0.6431347239402948E+00  0.1816804073294460E+03
  0.2261210658885265E+01 -0.6368566795488945E+00  0.1899094665819482E+03
  0.2253040078352542E+01 -0.6305361197496849E+00  0.1973974503309532E+03
  0.2244869497667577E+01 -0.6241734664918837E+00  0.2039069457305679E+03
  0.2236698916834853E+01 -0.6177691445347914E+00  0.2096429648385598E+03
  0.2228528335858699E+01 -0.6113235814194364E+00  0.2151305542469889E+03
  0.2220357754743295E+01 -0.6048372074400329E+00  0.2208271309703365E+03
  0.2212187173492683E+01 -0.5983104556152549E+00  0.2267845024146585E+03
  0.2204016592110768E+01 -0.5917437616593286E+00  0.2326374455327726E+03
  0.2195846010601326E+01 -0.5851375639529456E+00  0.2379203951406956E+03
  0.2187675428968010E+01 -0.5784923035139965E+00  0.2423738371954830E+03
  0.2179504847214357E+01 -0.5718084239681300E+00  0.2459762606716394E+03
  0.2171334265343789E+01 -0.5650863715191369E+00  0.2488386815652497E+03
  0.2163163683359622E+01 -0.5583265949191624E+00  0.2511499640297544E+03
  0.2154993101265066E+01 -0.5515295454387482E+00  0.2530735355857358E+03
  0.2146822519063234E+01 -0.5446956768367068E+00  0.2545703551521102E+03
  0.2138651936757143E+01 -0.5378254453298289E+00  0.2554304161003939E+03
  0.2130481354349721E+01 -0.5309193095624275E+00  0.2555575925262672E+03
  0.2122310771843806E+01 -0.5239777305757194E+00  0.2550746234827502E+03
  0.2114140189242155E+01 -0.5170011717770473E+00  0.2540826825783012E+03
  0.2105969606547443E+01 -0.5099900989089429E+00  0.2525368628188396E+03
  0.2097799023762269E+01 -0.5029449800180356E+00  0.2504875431627059E+03
  0.2089628440889158E+01 -0.4958662854238058E+00  0.2482292525259392E+03
  0.2081457857930564E+01 -0.4887544876871878E+00  0.2460247443656616E+03
  0.2073287274888874E+01 -0.4816100615790221E+00  0.2438037602760174E+03
  0.2065116691766407E+01 -0.4744334840483606E+00  0.2412446724754546E+03
  0.2056946108565423E+01 -0.4672252341906264E+00  0.2380219146096445E+03
  0.2048775525288118E+01 -0.4599857932156304E+00  0.2339126901730695E+03
  0.2040604941936635E+01 -0.4527156444154464E+00  0.2288604639357957E+03
  0.2032434358513056E+01 -0.4454152731321473E+00  0.2230892238617857E+03
  0.2024263775019413E+01 -0.4380851667254050E+00  0.2170892626092504E+03
  0.2016093191457685E+01 -0.4307258145399545E+00  0.2114234043766334E+03
  0.2007922607829804E+01 -0.4233377078729265E+00  0.2065305457844729E+03
  0.1999752024137653E+01 -0.4159213399410494E+00  0.2025602411621841E+03
  0.1991581440383068E+01 -0.4084772058477228E+00  0.1992189911788809E+03
  0.1983410856567843E+01 -0.4010058025499653E+00  0.1958840953190099E+03
  0.1975240272693730E+01 -0.3935076288252386E+00  0.1921040911944118E+03
  0.1967069688762441E+01 -0.3859831852381501E+00  0.1879830384978510E+03
  0.1958899104775647E+01 -0.3784329741070359E+00  0.1839573257493893E+03
  0.1950728520734982E+01 -0.3708574994704271E+00  0.1802949518322423E+03
  0.1942557936642046E+01 -0.3632572670534011E+00  0.1769434846656627E+03
  0.1934387352498403E+01 -0.3556327842338202E+00  0.1737119298255037E+03
  0.1926216768305583E+01 -0.3479845600084601E+00  0.1703999570630105E+03
  0.1918046184065086E+01 -0.3403131049590297E+00  0.1668530660781660E+03
  0.1909875599778379E+01 -0.3326189312180866E+00  0.1630760210256337E+03
  0.1901705015446901E+01 -0.3249025524348469E+00  0.1592424556101091E+03
  0.1893534431072063E+01 -0.3171644837408958E+00  0.1555116274091898E+03
  0.1885363846655247E+01 -0.3094052417157978E+00  0.1519354323682712E+03
  0.1877193262197810E+01 -0.3016253443526109E+00  0.1485637608633632E+03
  0.1869022677701083E+01 -0.2938253110233064E+00  0.1454403966989644E+03
  0.1860852093166375E+01 -0.2860056624440968E+00  0.1424280133325389E+03
  0.1852681508594969E+01 -0.2781669206406729E+00  0.1392381699223894E+03
  0.1844510923988128E+01 -0.2703096089133553E+00  0.1357073218877417E+03
  0.1836340339347093E+01 -0.2624342518021592E+00  0.1318567703242469E+03
  0.1828169754673083E+01 -0.2545413750517773E+00  0.1276336415696360E+03
  0.1819999169967299E+01 -0.2466315055764818E+00  0.1228113397095295E+03
  0.1811828585230925E+01 -0.2387051714249486E+00  0.1172499960557258E+03
  0.1803658000465123E+01 -0.2307629017450062E+00  0.1111379414420206E+03
  0.1795487415671042E+01 -0.2228052267483099E+00  0.1049419033486771E+03
  0.1787316830849811E+01 -0.2148326776749467E+00  0.9918209277840485E+02
  0.1779146246002545E+01 -0.2068457867579697E+00  0.9414412974110229E+02
  0.1770975661130345E+01 -0.1988450871878683E+00  0.8963295721237401E+02
  0.1762805076234296E+01 -0.1908311130769725E+00  0.8507330390684515E+02
  0.1754634491315471E+01 -0.1828043994237966E+00  0.8000848459265249E+02
  0.1746463906374929E+01 -0.1747654820773241E+00  0.7445001813229842E+02
  0.1738293321413718E+01 -0.1667148977012352E+00  0.6868549064092289E+02
  0.1730122736432872E+01 -0.1586531837380799E+00  0.6294948133392567E+02
  0.1721952151433418E+01 -0.1505808783733995E+00  0.5741883141490290E+02
  0.1713781566416370E+01 -0.1424985204997981E+00  0.5227141147731212E+02
  0.1705610981382731E+01 -0.1344066496809675E+00  0.4747927678405290E+02
  0.1697440396333499E+01 -0.1263058061156663E+00  0.4268707214442608E+02
  0.1689269811269659E+01 -0.1181965306016578E+00  0.3754718597077231E+02
  0.1681099226192191E+01 -0.1100793644996070E+00  0.3212134331030557E+02
  0.1672928641102067E+01 -0.1019548496969404E+00  0.2680291108196582E+02
  0.1664758056000250E+01 -0.9382352857167028E-01  0.2190318738870753E+02
  0.1656587470887701E+01 -0.8568594395618719E-01  0.1739265337924613E+02
  0.1648416885765370E+01 -0.7754263910102077E-01  0.1295395342247719E+02
  0.1640246300634206E+01 -0.6939415763857371E-01  0.8239556944342331E+01
  0.1632075715495151E+01 -0.6124104354682962E-01  0.3184283822757828E+01
  0.1623905130349143E+01 -0.5308384111303818E-01 -0.1920525961969800E+01
  0.1615734545197117E+01 -0.4492309489737940E-01 -0.6793962470685599E+01
  0.1607563960040004E+01 -0.3675934969660982E-01 -0.1161275106130889E+02
  0.1599393374878733E+01 -0.2859315050769285E-01 -0.1695009985339407E+02
  0.1591222789714229E+01 -0.2042504249141571E-01 -0.2323309393019486E+02
  0.1583052204547419E+01 -0.1225557093599554E-01 -0.3032933604681239E+02
  0.1574881619379224E+01 -0.4085281220676868E-02 -0.3763877632229534E+02
  0.1566711034210569E+01  0.4085281220676868E-02 -0.4452804881135601E+02
  0.1558540449042374E+01  0.1225557093599554E-01 -0.5074308801675340E+02
  0.1550369863875564E+01  0.2042504249141571E-01 -0.5648248953439904E+02
  0.1542199278711061E+01  0.2859315050769285E-01 -0.6205636841749182E+02
  0.1534028693549790E+01  0.3675934969660982E-01 -0.6752571696461769E+02
  0.1525858108392677E+01  0.4492309489737940E-01 -0.7278461411661981E+02
  0.1517687523240650E+01  0.5308384111303818E-01 -0.7786532654274244E+02
  0.1509516938094642E+01  0.6124104354682962E-01 -0.8286914671039665E+02
  0.1501346352955587E+01  0.6939415763857371E-01 -0.8763408595632454E+02
  0.1493175767824423E+01  0.7754263910102077E-01 -0.9181635491218618E+02
  0.1485005182702093E+01  0.8568594395618719E-01 -0.9535725493960969E+02
  0.1476834597589543E+01  0.9382352857167028E-01 -0.9857251172660308E+02
  0.1468664012487727E+01  0.1019548496969404E+00 -0.1017342772765612E+03
  0.1460493427397602E+01  0.1100793644996070E+00 -0.1048650639772638E+03
  0.1452322842320134E+01  0.1181965306016578E+00 -0.1079905837989262E+03
  0.1444152257256294E+01  0.1263058061156663E+00 -0.1112647152851659E+03
  0.1435981672207062E+01  0.1344066496809675E+00 -0.1147120530636328E+03
  0.1427811087173423E+01  0.1424985204997981E+00 -0.1180723664588745E+03
  0.1419640502156375E+01  0.1505808783733995E+00 -0.1210197583486877E+03
  0.1411469917156921E+01  0.1586531837380799E+00 -0.1234299380841454E+03
  0.1403299332176076E+01  0.1667148977012352E+00 -0.1254340240850452E+03
  0.1395128747214864E+01  0.1747654820773241E+00 -0.1272980761150765E+03
  0.1386958162274323E+01  0.1828043994237966E+00 -0.1291478353015821E+03
  0.1378787577355497E+01  0.1908311130769725E+00 -0.1306918514211862E+03
  0.1370616992459449E+01  0.1988450871878683E+00 -0.1313757227942453E+03
  0.1362446407587248E+01  0.2068457867579697E+00 -0.1309762805848268E+03
  0.1354275822739983E+01  0.2148326776749467E+00 -0.1298961145396770E+03
  0.1346105237918751E+01  0.2228052267483099E+00 -0.1287361122249113E+03
  0.1337934653124670E+01  0.2307629017450062E+00 -0.1277772277478100E+03
  0.1329764068358868E+01  0.2387051714249486E+00 -0.1270336616517785E+03
  0.1321593483622494E+01  0.2466315055764818E+00 -0.1265768562473991E+03
  0.1313422898916710E+01  0.2545413750517773E+00 -0.1265750310856154E+03
  0.1305252314242701E+01  0.2624342518021592E+00 -0.1271435813529733E+03
  0.1297081729601665E+01  0.2703096089133553E+00 -0.1282983513527489E+03
  0.1288911144994824E+01  0.2781669206406729E+00 -0.1299351410814131E+03
  0.1280740560423418E+01  0.2860056624440968E+00 -0.1318034449668435E+03
  0.1272569975888710E+01  0.2938253110233064E+00 -0.1336850211904174E+03
  0.1264399391391984E+01  0.3016253443526109E+00 -0.1356444990006100E+03
  0.1256228806934547E+01  0.3094052417157978E+00 -0.1379200570006653E+03
  0.1248058222517730E+01  0.3171644837408958E+00 -0.1405565926395296E+03
  0.1239887638142892E+01  0.3249025524348469E+00 -0.1433427213915137E+03
  0.1231717053811414E+01  0.3326189312180866E+00 -0.1460868378850600E+03
  0.1223546469524707E+01  0.3403131049590297E+00 -0.1487443977864926E+03
  0.1215375885284210E+01  0.3479845600084601E+00 -0.1513142111158928E+03
  0.1207205301091390E+01  0.3556327842338202E+00 -0.1538287450161642E+03
  0.1199034716947747E+01  0.3632572670534011E+00 -0.1563977363426143E+03
  0.1190864132854811E+01  0.3708574994704271E+00 -0.1590563457915873E+03
  0.1182693548814147E+01  0.3784329741070359E+00 -0.1616333049757438E+03
  0.1174522964827352E+01  0.3859831852381501E+00 -0.1639500906245665E+03
  0.1166352380896063E+01  0.3935076288252386E+00 -0.1660588250033572E+03
  0.1158181797021950E+01  0.4010058025499653E+00 -0.1681286881114651E+03
  0.1150011213206726E+01  0.4084772058477228E+00 -0.1702395226574404E+03
  0.1141840629452141E+01  0.4159213399410494E+00 -0.1724635385569265E+03
  0.1133670045759989E+01  0.4233377078729265E+00 -0.1749955436120063E+03
  0.1125499462132108E+01  0.4307258145399545E+00 -0.1779837971028698E+03
  0.1117328878570381E+01  0.4380851667254050E+00 -0.1812869120993468E+03
  0.1109158295076737E+01  0.4454152731321473E+00 -0.1845102129232169E+03
  0.1100987711653159E+01  0.4527156444154464E+00 -0.1872384649018198E+03
  0.1092817128301675E+01  0.4599857932156304E+00 -0.1892718527981147E+03
  0.1084646545024371E+01  0.4672252341906264E+00 -0.1908213299789681E+03
  0.1076475961823386E+01  0.4744334840483606E+00 -0.1924597485722082E+03
  0.1068305378700920E+01  0.4816100615790221E+00 -0.1946317431971832E+03
  0.1060134795659229E+01  0.4887544876871878E+00 -0.1971479975200382E+03
  0.1051964212700635E+01  0.4958662854238058E+00 -0.1993347786578182E+03
  0.1043793629827524E+01  0.5029449800180356E+00 -0.2007057094492773E+03
  0.1035623047042350E+01  0.5099900989089429E+00 -0.2013637653272823E+03
  0.1027452464347638E+01  0.5170011717770473E+00 -0.2018402969489046E+03
  0.1019281881745987E+01  0.5239777305757194E+00 -0.2027607184594061E+03
  0.1011111299240073E+01  0.5309193095624275E+00 -0.2045894012331244E+03
  0.1002940716832650E+01  0.5378254453298289E+00 -0.2073963085755926E+03
  0.9947701345265596E+00  0.5446956768367068E+00 -0.2107698311591265E+03
  0.9865995523247275E+00  0.5515295454387482E+00 -0.2140740380823011E+03
  0.9784289702301714E+00  0.5583265949191624E+00 -0.2168723127630976E+03
  0.9702583882460036E+00  0.5650863715191369E+00 -0.2191614106479499E+03
  0.9620878063754359E+00  0.5718084239681300E+00 -0.2213097879970384E+03
  0.9539172246217830E+00  0.5784923035139965E+00 -0.2237615398243632E+03
  0.9457466429884676E+00  0.5851375639529456E+00 -0.2266489102856020E+03
  0.9375760614790253E+00  0.5917437616593286E+00 -0.2296736398611446E+03
  0.9294054800971098E+00  0.5983104556152549E+00 -0.2324802190015441E+03
  0.9212348988464978E+00  0.6048372074400329E+00 -0.2350766037786705E+03
  0.9130643177310944E+00  0.6113235814194364E+00 -0.2377171732083441E+03
  0.9048937367549402E+00  0.6177691445347914E+00 -0.2404720066207823E+03
  0.8967231559222163E+00  0.6241734664918837E+00 -0.2431526782097670E+03
  0.8885525752372514E+00  0.6305361197496849E+00 -0.2456023388020987E+03
  0.8803819947045285E+00  0.6368566795488945E+00 -0.2478300489029764E+03
  0.8722114143286931E+00  0.6431347239402948E+00 -0.2498933864669097E+03
  0.8640408341145595E+00  0.6493698338129212E+00 -0.2518169668151662E+03
  0.8558702540671204E+00  0.6555615929220400E+00 -0.2535712261078161E+03
  0.8476996741915547E+00  0.6617095879169366E+00 -0.2550407549969185E+03
  0.8395290944932369E+00  0.6678134083685102E+00 -0.2561375557349060E+03
  0.8313585149777468E+00  0.6738726467966731E+00 -0.2569817909304483E+03
  0.8231879356508802E+00  0.6798868986975534E+00 -0.2577428167814133E+03
  0.8150173565186587E+00  0.6858557625704990E+00 -0.2582657317280203E+03
  0.8068467775873427E+00  0.6917788399448808E+00 -0.2581547887150974E+03
  0.7986761988634423E+00  0.6976557354066943E+00 -0.2572875450679244E+03
  0.7905056203537315E+00  0.7034860566249567E+00 -0.2559209248278673E+03
  0.7823350420652612E+00  0.7092694143778975E+00 -0.2542319715142380E+03
  0.7741644640053743E+00  0.7150054225789432E+00 -0.2520993373181704E+03
  0.7659938861817212E+00  0.7206936983024912E+00 -0.2494049750350052E+03
  0.7578233086022768E+00  0.7263338618094733E+00 -0.2462321986218037E+03
  0.7496527312753575E+00  0.7319255365727068E+00 -0.2427446898584905E+03
  0.7414821542096410E+00  0.7374683493020299E+00 -0.2391641484452811E+03
  0.7333115774141861E+00  0.7429619299692227E+00 -0.2357943138686926E+03
  0.7251410008984539E+00  0.7484059118327094E+00 -0.2327011169707350E+03
  0.7169704246723316E+00  0.7537999314620412E+00 -0.2294042269650515E+03
  0.7087998487461566E+00  0.7591436287621580E+00 -0.2251560080745089E+03
  0.7006292731307425E+00  0.7644366469974285E+00 -0.2194061484000100E+03
  0.6924586978374083E+00  0.7696786328154644E+00 -0.2118124501293875E+03
  0.6842881228780077E+00  0.7748692362707100E+00 -0.2021775305047138E+03
  0.6761175482649616E+00  0.7800081108478040E+00 -0.1907851892026561E+03
  0.6679469740112938E+00  0.7850949134847117E+00 -0.1785218986817631E+03
  0.6597764001306670E+00  0.7901293045956280E+00 -0.1662748151186771E+03
  0.6516058266374236E+00  0.7951109480936471E+00 -0.1544051041231219E+03
  0.6434352535466297E+00  0.8000395114131988E+00 -0.1429763672880314E+03
  0.6352646808741202E+00  0.8049146655322506E+00 -0.1320593223180187E+03
  0.6270941086365502E+00  0.8097360849942720E+00 -0.1215371579976355E+03
  0.6189235368514482E+00  0.8145034479299620E+00 -0.1110549445573417E+03
  0.6107529655372755E+00  0.8192164360787360E+00 -0.1004524906634139E+03
  0.6025823947134890E+00  0.8238747348099726E+00 -0.8988589014796729E+02
  0.5944118244006098E+00  0.8284780331440178E+00 -0.7938570092409043E+02
  0.5862412546202973E+00  0.8330260237729452E+00 -0.6873282558757231E+02
  0.5780706853954301E+00  0.8375184030810715E+00 -0.5781819670306684E+02
  0.5699001167501928E+00  0.8419548711652254E+00 -0.4660654509959688E+02
  0.5617295487101719E+00  0.8463351318547683E+00 -0.3472945879343979E+02
  0.5535589813024583E+00  0.8506588927313666E+00 -0.2166960264479476E+02
  0.5453884145557613E+00  0.8549258651485127E+00 -0.7335810305276090E+01
  0.5372178485005299E+00  0.8591357642507945E+00  0.8041754916065525E+01
  0.5290472831690897E+00  0.8632883089929120E+00  0.2441232958509209E+02
  0.5208767185957875E+00  0.8673832221584393E+00  0.4171518155663696E+02
  0.5127061548171545E+00  0.8714202303783312E+00  0.5942915421483140E+02
  0.5045355918720822E+00  0.8753990641491725E+00  0.7696298716105721E+02
  0.4963650298020162E+00  0.8793194578511700E+00  0.9431702710357820E+02
  0.4881944686511717E+00  0.8831811497658847E+00  0.1118505417283410E+03
  0.4800239084667671E+00  0.8869838820937034E+00  0.1297209676089469E+03
  0.4718533492992859E+00  0.8907274009710492E+00  0.1480158627566148E+03
  0.4636827912027636E+00  0.8944114564873288E+00  0.1669564179986178E+03
  0.4555122342351060E+00  0.8980358027016164E+00  0.1864574821306970E+03
  0.4473416784584431E+00  0.9016001976590722E+00  0.2060108035542537E+03
  0.4391711239395221E+00  0.9051044034070944E+00  0.2254854824144020E+03
  0.4310005707501444E+00  0.9085481860112055E+00  0.2455116015768469E+03
  0.4228300189676551E+00  0.9119313155706682E+00  0.2667110228482493E+03
  0.4146594686754885E+00  0.9152535662338340E+00  0.2891581585356984E+03
  0.4064889199637791E+00  0.9185147162132208E+00  0.3128023033250418E+03
  0.3983183729300507E+00  0.9217145478003181E+00  0.3376252690886698E+03
  0.3901478276799883E+00  0.9248528473801222E+00  0.3631713356957731E+03
  0.3819772843283120E+00  0.9279294054453956E+00  0.3887675274548725E+03
  0.3738067429997641E+00  0.9309440166106540E+00  0.4143697769205424E+03
  0.3656362038302282E+00  0.9338964796258775E+00  0.4403859716377059E+03
  0.3574656669680030E+00  0.9367865973899459E+00  0.4666982082340407E+03
  0.3492951325752533E+00  0.9396141769637963E+00  0.4927813357774125E+03
  0.3411246008296713E+00  0.9423790295833044E+00  0.5186656283412827E+03
  0.3329540719263814E+00  0.9450809706718851E+00  0.5448327432453046E+03
  0.3247835460801308E+00  0.9477198198528157E+00  0.5713702551532856E+03
  0.3166130235278230E+00  0.9502954009612771E+00  0.5981796079395804E+03
  0.3084425045314506E+00  0.9528075420561144E+00  0.6257260914423322E+03
  0.3002719893815085E+00  0.9552560754313160E+00  0.6547171026378061E+03
  0.2921014784009779E+00  0.9576408376272095E+00  0.6853970928772902E+03
  0.2839309719500016E+00  0.9599616694413742E+00  0.7177423752716388E+03
  0.2757604704313845E+00  0.9622184159392698E+00  0.7516078793607642E+03
  0.2675899742971076E+00  0.9644109264645802E+00  0.7861830660296504E+03
  0.2594194840560681E+00  0.9665390546492710E+00  0.8203975774954523E+03
  0.2512490002833307E+00  0.9686026584233628E+00  0.8544140491432063E+03
  0.2430785236312446E+00  0.9706016000244151E+00  0.8894734361809261E+03
  0.2349080548428762E+00  0.9725357460067257E+00  0.9258984880682891E+03
  0.2267375947683499E+00  0.9744049672502397E+00  0.9627624549031896E+03
  0.2185671443848464E+00  0.9762091389691724E+00  0.9997382349933824E+03
  0.2103967048212628E+00  0.9779481407203411E+00  0.1037466798426679E+04
  0.2022262773888417E+00  0.9796218564112101E+00  0.1076111981999557E+04
  0.1940558636195398E+00  0.9812301743076443E+00  0.1115738277794894E+04
  0.1858854653144977E+00  0.9827729870413743E+00  0.1158024512191658E+04
  0.1777150846058812E+00  0.9842501916171713E+00  0.1205118350706214E+04
  0.1695447240365762E+00  0.9856616894197333E+00  0.1256888234388253E+04
  0.1613743866640789E+00  0.9870073862202815E+00  0.1311612842053440E+04
  0.1532040761975885E+00  0.9882871921828699E+00  0.1368666022930073E+04
  0.1450337971813853E+00  0.9895010218704087E+00  0.1427948858573137E+04
  0.1368635552438019E+00  0.9906487942504061E+00  0.1488052016349488E+04
  0.1286933574408989E+00  0.9917304327004320E+00  0.1548070313467606E+04
  0.1205232127396896E+00  0.9927458650133153E+00  0.1609672048390607E+04
  0.1123531327118049E+00  0.9936950234020883E+00  0.1674466369769455E+04
  0.1041831325528455E+00  0.9945778445047068E+00  0.1741886809296022E+04
  0.9601323262085862E-01  0.9953942693885953E+00  0.1812617095444838E+04
  0.8784346083082471E-01  0.9961442435551087E+00  0.1890250016142568E+04
  0.7967385651719167E-01  0.9968277169440913E+00  0.1976411408843146E+04
  0.7150447693306423E-01  0.9974446439389107E+00  0.2069831048630443E+04
  0.6333540875299180E-01  0.9979949833727938E+00  0.2173633909929645E+04
  0.5516678972815772E-01  0.9984786985384589E+00  0.2296466101391486E+04
  0.4699885272846815E-01  0.9988957572063257E+00  0.2446127696663997E+04
  0.3883202470742381E-01  0.9992461316671845E+00  0.2639038064057469E+04
  0.3066718105470672E-01  0.9995297988558859E+00  0.2918760971767008E+04
  0.2250643816359393E-01  0.9997467408113523E+00  0.3326974515989218E+04
  0.1435650599352885E-01  0.9998969471378596E+00  0.3815989706602272E+04
  0.6254421014113626E-02  0.9999804411726474E+00  0.4208059315096325E+04
