# nlmax, ncor, nside =         383           1         128
  0.3135338232575680E+01 -0.9999804411726474E+00  0.3004267057811189E+03
  0.3127236147596264E+01 -0.9998969471378596E+00  0.3043671357701662E+03
  0.3119086215426199E+01 -0.9997467408113523E+00  0.3107540838844791E+03
  0.3110925472535087E+01 -0.9995297988558859E+00  0.3187832577541295E+03
  0.3102760628882369E+01 -0.9992461316671845E+00  0.3269215815452450E+03
  0.3094593800861325E+01 -0.9988957572063257E+00  0.3335106390853524E+03
  0.3086425863861635E+01 -0.9984786985384589E+00  0.3385050344820298E+03
  0.3078257244836801E+01 -0.9979949833727938E+00  0.3427997131943730E+03
  0.3070088176656729E+01 -0.9974446439389107E+00  0.3467500125492813E+03
  0.3061918797072602E+01 -0.9968277169440913E+00  0.3505001022399359E+03
  0.3053749192758969E+01 -0.9961442435551087E+00  0.3541355916656995E+03
  0.3045579420968934E+01 -0.9953942693885953E+00  0.3574096001632273E+03
  0.3037409521036948E+01 -0.9945778445047068E+00  0.3603123999907481E+03
  0.3029239520877988E+01 -0.9936950234020883E+00  0.3631726743627034E+03
  0.3021069440850104E+01 -0.9927458650133153E+00  0.3663929794586894E+03
  0.3012899296148894E+01 -0.9917304327004320E+00  0.3699431850401480E+03
  0.3004729098345992E+01 -0.9906487942504061E+00  0.3735701370175017E+03
  0.2996558856408408E+01 -0.9895010218704087E+00  0.3774132748644726E+03
  0.2988388577392205E+01 -0.9882871921828699E+00  0.3815296074049143E+03
  0.2980218266925714E+01 -0.9870073862202815E+00  0.3852469338221367E+03
  0.2972047929553217E+01 -0.9856616894197333E+00  0.3875626031591636E+03
  0.2963877568983912E+01 -0.9842501916171713E+00  0.3882065968747777E+03
  0.2955707188275296E+01 -0.9827729870413743E+00  0.3876754126081741E+03
  0.2947536789970254E+01 -0.9812301743076443E+00  0.3865582819818522E+03
  0.2939366376200951E+01 -0.9796218564112101E+00  0.3851318794384916E+03
  0.2931195948768531E+01 -0.9779481407203411E+00  0.3834537715252210E+03
  0.2923025509204947E+01 -0.9762091389691724E+00  0.3808314993942460E+03
  0.2914855058821443E+01 -0.9744049672502397E+00  0.3765471172055172E+03
  0.2906684598746917E+01 -0.9725357460067257E+00  0.3713512168421619E+03
  0.2898514129958549E+01 -0.9706016000244151E+00  0.3664264140403063E+03
  0.2890343653306462E+01 -0.9686026584233628E+00  0.3624805556810566E+03
  0.2882173169533725E+01 -0.9665390546492710E+00  0.3599248618205115E+03
  0.2874002679292686E+01 -0.9644109264645802E+00  0.3585293433717248E+03
  0.2865832183158409E+01 -0.9622184159392698E+00  0.3571149865773615E+03
  0.2857661681639792E+01 -0.9599616694413742E+00  0.3544020475951490E+03
  0.2849491175188815E+01 -0.9576408376272095E+00  0.3501007966115250E+03
  0.2841320664208285E+01 -0.9552560754313160E+00  0.3447794910757009E+03
  0.2833150149058343E+01 -0.9528075420561144E+00  0.3390031106828383E+03
  0.2824979630061970E+01 -0.9502954009612771E+00  0.3328410614715382E+03
  0.2816809107509663E+01 -0.9477198198528157E+00  0.3262140476428676E+03
  0.2808638581663412E+01 -0.9450809706718851E+00  0.3196766443995816E+03
  0.2800468052760122E+01 -0.9423790295833044E+00  0.3144036725049617E+03
  0.2792297521014540E+01 -0.9396141769637963E+00  0.3112522977790505E+03
  0.2784126986621790E+01 -0.9367865973899459E+00  0.3100905312522440E+03
  0.2775956449759565E+01 -0.9338964796258775E+00  0.3099966409310372E+03
  0.2767785910590029E+01 -0.9309440166106540E+00  0.3098678378912638E+03
  0.2759615369261481E+01 -0.9279294054453956E+00  0.3090962262667493E+03
  0.2751444825909805E+01 -0.9248528473801222E+00  0.3078650192281619E+03
  0.2743274280659743E+01 -0.9217145478003181E+00  0.3064305745799380E+03
  0.2735103733626014E+01 -0.9185147162132208E+00  0.3044309676246374E+03
  0.2726933184914305E+01 -0.9152535662338340E+00  0.3013599124696676E+03
  0.2718762634622138E+01 -0.9119313155706682E+00  0.2973382523706146E+03
  0.2710592082839649E+01 -0.9085481860112055E+00  0.2930887789942875E+03
  0.2702421529650271E+01 -0.9051044034070944E+00  0.2891880764636149E+03
  0.2694250975131350E+01 -0.9016001976590722E+00  0.2856422218009128E+03
  0.2686080419354687E+01 -0.8980358027016164E+00  0.2822637079519400E+03
  0.2677909862387029E+01 -0.8944114564873288E+00  0.2790775519584685E+03
  0.2669739304290507E+01 -0.8907274009710492E+00  0.2762092134283840E+03
  0.2661568745123026E+01 -0.8869838820937034E+00  0.2737136738093466E+03
  0.2653398184938621E+01 -0.8831811497658847E+00  0.2713687593615648E+03
  0.2645227623787777E+01 -0.8793194578511700E+00  0.2686183258486222E+03
  0.2637057061717711E+01 -0.8753990641491725E+00  0.2652068014129247E+03
  0.2628886498772639E+01 -0.8714202303783312E+00  0.2614578907004459E+03
  0.2620715934994006E+01 -0.8673832221584393E+00  0.2579472627156873E+03
  0.2612545370420704E+01 -0.8632883089929120E+00  0.2549074208572691E+03
  0.2604374805089263E+01 -0.8591357642507945E+00  0.2520974420426788E+03
  0.2596204239034032E+01 -0.8549258651485127E+00  0.2494209016628735E+03
  0.2588033672287335E+01 -0.8506588927313666E+00  0.2471247002085591E+03
  0.2579863104879621E+01 -0.8463351318547683E+00  0.2453648408281545E+03
  0.2571692536839600E+01 -0.8419548711652254E+00  0.2441451004386584E+03
  0.2563521968194363E+01 -0.8375184030810715E+00  0.2435960084597161E+03
  0.2555351398969496E+01 -0.8330260237729452E+00  0.2438628522296120E+03
  0.2547180829189184E+01 -0.8284780331440178E+00  0.2446104306873123E+03
  0.2539010258876304E+01 -0.8238747348099726E+00  0.2451065804410311E+03
  0.2530839688052518E+01 -0.8192164360787360E+00  0.2448862322452703E+03
  0.2522669116738345E+01 -0.8145034479299620E+00  0.2440535505131535E+03
  0.2514498544953243E+01 -0.8097360849942720E+00  0.2428956667401303E+03
  0.2506327972715673E+01 -0.8049146655322506E+00  0.2417162734690488E+03
  0.2498157400043163E+01 -0.8000395114131988E+00  0.2409832380146177E+03
  0.2489986826952370E+01 -0.7951109480936471E+00  0.2410329614921117E+03
  0.2481816253459126E+01 -0.7901293045956280E+00  0.2416529380615610E+03
  0.2473645679578500E+01 -0.7850949134847117E+00  0.2422156885951655E+03
  0.2465475105324832E+01 -0.7800081108478040E+00  0.2423172312265424E+03
  0.2457304530711785E+01 -0.7748692362707100E+00  0.2420422531382047E+03
  0.2449133955752385E+01 -0.7696786328154644E+00  0.2414900793208240E+03
  0.2440963380459050E+01 -0.7644366469974285E+00  0.2406409646838813E+03
  0.2432792804843637E+01 -0.7591436287621580E+00  0.2397388522729919E+03
  0.2424622228917462E+01 -0.7537999314620412E+00  0.2390406829408324E+03
  0.2416451652691339E+01 -0.7484059118327094E+00  0.2383221299224154E+03
  0.2408281076175607E+01 -0.7429619299692227E+00  0.2372094659373052E+03
  0.2400110499380152E+01 -0.7374683493020299E+00  0.2354653291577102E+03
  0.2391939922314436E+01 -0.7319255365727068E+00  0.2328536155243898E+03
  0.2383769344987516E+01 -0.7263338618094733E+00  0.2293261135996462E+03
  0.2375598767408072E+01 -0.7206936983024912E+00  0.2252732877834171E+03
  0.2367428189584419E+01 -0.7150054225789432E+00  0.2211971277100530E+03
  0.2359257611524532E+01 -0.7092694143778975E+00  0.2172042473758773E+03
  0.2351087033236062E+01 -0.7034860566249567E+00  0.2129900427092297E+03
  0.2342916454726351E+01 -0.6976557354066943E+00  0.2082921504244563E+03
  0.2334745876002450E+01 -0.6917788399448808E+00  0.2031979744893999E+03
  0.2326575297071134E+01 -0.6858557625704990E+00  0.1980542285241013E+03
  0.2318404717938913E+01 -0.6798868986975534E+00  0.1931818558541842E+03
  0.2310234138612046E+01 -0.6738726467966731E+00  0.1887145626517228E+03
  0.2302063559096557E+01 -0.6678134083685102E+00  0.1845109636915477E+03
  0.2293892979398239E+01 -0.6617095879169366E+00  0.1802422409643458E+03
  0.2285722399522673E+01 -0.6555615929220400E+00  0.1756744090047942E+03
  0.2277551819475234E+01 -0.6493698338129212E+00  0.1708532623468389E+03
  0.2269381239261100E+01 -0.6431347239402948E+00  0.1659009827392772E+03
  0.2261210658885265E+01 -0.6368566795488945E+00  0.1608576124777931E+03
  0.2253040078352542E+01 -0.6305361197496849E+00  0.1557672388403572E+03
  0.2244869497667577E+01 -0.6241734664918837E+00  0.1507633378297517E+03
  0.2236698916834853E+01 -0.6177691445347914E+00  0.1459135373050451E+03
  0.2228528335858699E+01 -0.6113235814194364E+00  0.1410495484627891E+03
  0.2220357754743295E+01 -0.6048372074400329E+00  0.1357850801141205E+03
  0.2212187173492683E+01 -0.5983104556152549E+00  0.1296696861594344E+03
  0.2204016592110768E+01 -0.5917437616593286E+00  0.1224065919673912E+03
  0.2195846010601326E+01 -0.5851375639529456E+00  0.1141141778659555E+03
  0.2187675428968010E+01 -0.5784923035139965E+00  0.1054229327628281E+03
  0.2179504847214357E+01 -0.5718084239681300E+00  0.9716689164338334E+02
  0.2171334265343789E+01 -0.5650863715191369E+00  0.8976816034037374E+02
  0.2163163683359622E+01 -0.5583265949191624E+00  0.8300952236789288E+02
  0.2154993101265066E+01 -0.5515295454387482E+00  0.7640567289409339E+02
  0.2146822519063234E+01 -0.5446956768367068E+00  0.6963089687017373E+02
  0.2138651936757143E+01 -0.5378254453298289E+00  0.6271026503176155E+02
  0.2130481354349721E+01 -0.5309193095624275E+00  0.5598114570029050E+02
  0.2122310771843806E+01 -0.5239777305757194E+00  0.4976839430237626E+02
  0.2114140189242155E+01 -0.5170011717770473E+00  0.4400591748712370E+02
  0.2105969606547443E+01 -0.5099900989089429E+00  0.3819611711514877E+02
  0.2097799023762269E+01 -0.5029449800180356E+00  0.3207148785517862E+02
  0.2089628440889158E+01 -0.4958662854238058E+00  0.2596025323917181E+02
  0.2081457857930564E+01 -0.4887544876871878E+00  0.2018409729423724E+02
  0.2073287274888874E+01 -0.4816100615790221E+00  0.1429081316155572E+02
  0.2065116691766407E+01 -0.4744334840483606E+00  0.7397646074295519E+01
  0.2056946108565423E+01 -0.4672252341906264E+00 -0.7961703208219294E+00
  0.2048775525288118E+01 -0.4599857932156304E+00 -0.9684289489338351E+01
  0.2040604941936635E+01 -0.4527156444154464E+00 -0.1835254329030405E+02
  0.2032434358513056E+01 -0.4454152731321473E+00 -0.2628950357171187E+02
  0.2024263775019413E+01 -0.4380851667254050E+00 -0.3365039058518596E+02
  0.2016093191457685E+01 -0.4307258145399545E+00 -0.4091278217063827E+02
  0.2007922607829804E+01 -0.4233377078729265E+00 -0.4839611878996998E+02
  0.1999752024137653E+01 -0.4159213399410494E+00 -0.5598553039787238E+02
  0.1991581440383068E+01 -0.4084772058477228E+00 -0.6326656692107586E+02
  0.1983410856567843E+01 -0.4010058025499653E+00 -0.6994223548342848E+02
  0.1975240272693730E+01 -0.3935076288252386E+00 -0.7602357725306615E+02
  0.1967069688762441E+01 -0.3859831852381501E+00 -0.8156946251564696E+02
  0.1958899104775647E+01 -0.3784329741070359E+00 -0.8657237920596853E+02
  0.1950728520734982E+01 -0.3708574994704271E+00 -0.9108190399629230E+02
  0.1942557936642046E+01 -0.3632572670534011E+00 -0.9525853139374588E+02
  0.1934387352498403E+01 -0.3556327842338202E+00 -0.9925820842001765E+02
  0.1926216768305583E+01 -0.3479845600084601E+00 -0.1032433067222518E+03
  0.1918046184065086E+01 -0.3403131049590297E+00 -0.1073870229572930E+03
  0.1909875599778379E+01 -0.3326189312180866E+00 -0.1117686593319160E+03
  0.1901705015446901E+01 -0.3249025524348469E+00 -0.1162355936416045E+03
  0.1893534431072063E+01 -0.3171644837408958E+00 -0.1205665819440499E+03
  0.1885363846655247E+01 -0.3094052417157978E+00 -0.1246985209359253E+03
  0.1877193262197810E+01 -0.3016253443526109E+00 -0.1286706199087183E+03
  0.1869022677701083E+01 -0.2938253110233064E+00 -0.1323974879355987E+03
  0.1860852093166375E+01 -0.2860056624440968E+00 -0.1357160862649966E+03
  0.1852681508594969E+01 -0.2781669206406729E+00 -0.1385739690338871E+03
  0.1844510923988128E+01 -0.2703096089133553E+00 -0.1410367567722850E+03
  0.1836340339347093E+01 -0.2624342518021592E+00 -0.1432332462013033E+03
  0.1828169754673083E+01 -0.2545413750517773E+00 -0.1454533750413295E+03
  0.1819999169967299E+01 -0.2466315055764818E+00 -0.1480677480406152E+03
  0.1811828585230925E+01 -0.2387051714249486E+00 -0.1512374916913442E+03
  0.1803658000465123E+01 -0.2307629017450062E+00 -0.1547072055830804E+03
  0.1795487415671042E+01 -0.2228052267483099E+00 -0.1580210523428376E+03
  0.1787316830849811E+01 -0.2148326776749467E+00 -0.1609580985691859E+03
  0.1779146246002545E+01 -0.2068457867579697E+00 -0.1636646409378783E+03
  0.1770975661130345E+01 -0.1988450871878683E+00 -0.1663689021522844E+03
  0.1762805076234296E+01 -0.1908311130769725E+00 -0.1691292784572051E+03
  0.1754634491315471E+01 -0.1828043994237966E+00 -0.1718868969172391E+03
  0.1746463906374929E+01 -0.1747654820773241E+00 -0.1746784323813706E+03
  0.1738293321413718E+01 -0.1667148977012352E+00 -0.1776599354742969E+03
  0.1730122736432872E+01 -0.1586531837380799E+00 -0.1810401926281993E+03
  0.1721952151433418E+01 -0.1505808783733995E+00 -0.1849221047193514E+03
  0.1713781566416370E+01 -0.1424985204997981E+00 -0.1893405656357908E+03
  0.1705610981382731E+01 -0.1344066496809675E+00 -0.1943653643709668E+03
  0.1697440396333499E+01 -0.1263058061156663E+00 -0.2000387985637084E+03
  0.1689269811269659E+01 -0.1181965306016578E+00 -0.2061726850553586E+03
  0.1681099226192191E+01 -0.1100793644996070E+00 -0.2123479038083589E+03
  0.1672928641102067E+01 -0.1019548496969404E+00 -0.2181298000931859E+03
  0.1664758056000250E+01 -0.9382352857167028E-01 -0.2232498232169154E+03
  0.1656587470887701E+01 -0.8568594395618719E-01 -0.2275557776529266E+03
  0.1648416885765370E+01 -0.7754263910102077E-01 -0.2311543776189327E+03
  0.1640246300634206E+01 -0.6939415763857371E-01 -0.2344676755680266E+03
  0.1632075715495151E+01 -0.6124104354682962E-01 -0.2378689621397320E+03
  0.1623905130349143E+01 -0.5308384111303818E-01 -0.2413019016750559E+03
  0.1615734545197117E+01 -0.4492309489737940E-01 -0.2445267327063498E+03
  0.1607563960040004E+01 -0.3675934969660982E-01 -0.2475322627767452E+03
  0.1599393374878733E+01 -0.2859315050769285E-01 -0.2505307316408733E+03
  0.1591222789714229E+01 -0.2042504249141571E-01 -0.2535948902171342E+03
  0.1583052204547419E+01 -0.1225557093599554E-01 -0.2566067811866770E+03
  0.1574881619379224E+01 -0.4085281220676868E-02 -0.2594900023102750E+03
  0.1566711034210569E+01  0.4085281220676868E-02 -0.2623022967987878E+03
  0.1558540449042374E+01  0.1225557093599554E-01 -0.2651539766378497E+03
  0.1550369863875564E+01  0.2042504249141571E-01 -0.2682714785995144E+03
  0.1542199278711061E+01  0.2859315050769285E-01 -0.2718976377286214E+03
  0.1534028693549790E+01  0.3675934969660982E-01 -0.2760114836856720E+03
  0.1525858108392677E+01  0.4492309489737940E-01 -0.2802593696004072E+03
  0.1517687523240650E+01  0.5308384111303818E-01 -0.2845029495415407E+03
  0.1509516938094642E+01  0.6124104354682962E-01 -0.2891556669103526E+03
  0.1501346352955587E+01  0.6939415763857371E-01 -0.2946501074255468E+03
  0.1493175767824423E+01  0.7754263910102077E-01 -0.3007382331470688E+03
  0.1485005182702093E+01  0.8568594395618719E-01 -0.3066955802695638E+03
  0.1476834597589543E+01  0.9382352857167028E-01 -0.3120244591854290E+03
  0.1468664012487727E+01  0.1019548496969404E+00 -0.3167252880082285E+03
  0.1460493427397602E+01  0.1100793644996070E+00 -0.3209741868154701E+03
  0.1452322842320134E+01  0.1181965306016578E+00 -0.3248916447389360E+03
  0.1444152257256294E+01  0.1263058061156663E+00 -0.3284736507755828E+03
  0.1435981672207062E+01  0.1344066496809675E+00 -0.3316341683004740E+03
  0.1427811087173423E+01  0.1424985204997981E+00 -0.3344260921887188E+03
  0.1419640502156375E+01  0.1505808783733995E+00 -0.3372454788504406E+03
  0.1411469917156921E+01  0.1586531837380799E+00 -0.3405485903674028E+03
  0.1403299332176076E+01  0.1667148977012352E+00 -0.3443831999303395E+03
  0.1395128747214864E+01  0.1747654820773241E+00 -0.3482914753610650E+03
  0.1386958162274323E+01  0.1828043994237966E+00 -0.3517140168106769E+03
  0.1378787577355497E+01  0.1908311130769725E+00 -0.3543801898802883E+03
  0.1370616992459449E+01  0.1988450871878683E+00 -0.3564322007700832E+03
  0.1362446407587248E+01  0.2068457867579697E+00 -0.3582206899228353E+03
  0.1354275822739983E+01  0.2148326776749467E+00 -0.3599321946852492E+03
  0.1346105237918751E+01  0.2228052267483099E+00 -0.3614492132593409E+03
  0.1337934653124670E+01  0.2307629017450062E+00 -0.3625360244554005E+03
  0.1329764068358868E+01  0.2387051714249486E+00 -0.3630158457244854E+03
  0.1321593483622494E+01  0.2466315055764818E+00 -0.3628206451278151E+03
  0.1313422898916710E+01  0.2545413750517773E+00 -0.3619411455539881E+03
  0.1305252314242701E+01  0.2624342518021592E+00 -0.3604091476956158E+03
  0.1297081729601665E+01  0.2703096089133553E+00 -0.3582413993882965E+03
  0.1288911144994824E+01  0.2781669206406729E+00 -0.3553433706052815E+03
  0.1280740560423418E+01  0.2860056624440968E+00 -0.3515242742522418E+03
  0.1272569975888710E+01  0.2938253110233064E+00 -0.3468011227703411E+03
  0.1264399391391984E+01  0.3016253443526109E+00 -0.3415804662905721E+03
  0.1256228806934547E+01  0.3094052417157978E+00 -0.3363551195541978E+03
  0.1248058222517730E+01  0.3171644837408958E+00 -0.3311849535046517E+03
  0.1239887638142892E+01  0.3249025524348469E+00 -0.3258283194237029E+03
  0.1231717053811414E+01  0.3326189312180866E+00 -0.3202154303470452E+03
  0.1223546469524707E+01  0.3403131049590297E+00 -0.3145721404310870E+03
  0.1215375885284210E+01  0.3479845600084601E+00 -0.3091642953712085E+03
  0.1207205301091390E+01  0.3556327842338202E+00 -0.3041811565465749E+03
  0.1199034716947747E+01  0.3632572670534011E+00 -0.2996429106696968E+03
  0.1190864132854811E+01  0.3708574994704271E+00 -0.2954303797005239E+03
  0.1182693548814147E+01  0.3784329741070359E+00 -0.2913972303626132E+03
  0.1174522964827352E+01  0.3859831852381501E+00 -0.2875464018620738E+03
  0.1166352380896063E+01  0.3935076288252386E+00 -0.2839783785166060E+03
  0.1158181797021950E+01  0.4010058025499653E+00 -0.2806430854262078E+03
  0.1150011213206726E+01  0.4084772058477228E+00 -0.2773008992051613E+03
  0.1141840629452141E+01  0.4159213399410494E+00 -0.2737965699848367E+03
  0.1133670045759989E+01  0.4233377078729265E+00 -0.2700275583249384E+03
  0.1125499462132108E+01  0.4307258145399545E+00 -0.2656720983320076E+03
  0.1117328878570381E+01  0.4380851667254050E+00 -0.2602840088190068E+03
  0.1109158295076737E+01  0.4454152731321473E+00 -0.2536961434613141E+03
  0.1100987711653159E+01  0.4527156444154464E+00 -0.2459240835152329E+03
  0.1092817128301675E+01  0.4599857932156304E+00 -0.2369274934332697E+03
  0.1084646545024371E+01  0.4672252341906264E+00 -0.2268110729514057E+03
  0.1076475961823386E+01  0.4744334840483606E+00 -0.2162464244391786E+03
  0.1068305378700920E+01  0.4816100615790221E+00 -0.2061408871225700E+03
  0.1060134795659229E+01  0.4887544876871878E+00 -0.1969209606253845E+03
  0.1051964212700635E+01  0.4958662854238058E+00 -0.1883737688193018E+03
  0.1043793629827524E+01  0.5029449800180356E+00 -0.1802425447807244E+03
  0.1035623047042350E+01  0.5099900989089429E+00 -0.1724722280279714E+03
  0.1027452464347638E+01  0.5170011717770473E+00 -0.1650214973898996E+03
  0.1019281881745987E+01  0.5239777305757194E+00 -0.1577525146374306E+03
  0.1011111299240073E+01  0.5309193095624275E+00 -0.1505556542491251E+03
  0.1002940716832650E+01  0.5378254453298289E+00 -0.1432093812255819E+03
  0.9947701345265596E+00  0.5446956768367068E+00 -0.1354175186671845E+03
  0.9865995523247275E+00  0.5515295454387482E+00 -0.1272180803060067E+03
  0.9784289702301714E+00  0.5583265949191624E+00 -0.1192313416267361E+03
  0.9702583882460036E+00  0.5650863715191369E+00 -0.1120041373719145E+03
  0.9620878063754359E+00  0.5718084239681300E+00 -0.1053582608338411E+03
  0.9539172246217830E+00  0.5784923035139965E+00 -0.9856821160546647E+02
  0.9457466429884676E+00  0.5851375639529456E+00 -0.9101842590039621E+02
  0.9375760614790253E+00  0.5917437616593286E+00 -0.8244052836403085E+02
  0.9294054800971098E+00  0.5983104556152549E+00 -0.7287088801173660E+02
  0.9212348988464978E+00  0.6048372074400329E+00 -0.6254293131748324E+02
  0.9130643177310944E+00  0.6113235814194364E+00 -0.5181375977988276E+02
  0.9048937367549402E+00  0.6177691445347914E+00 -0.4091596713821242E+02
  0.8967231559222163E+00  0.6241734664918837E+00 -0.2993343226762448E+02
  0.8885525752372514E+00  0.6305361197496849E+00 -0.1880069536384792E+02
  0.8803819947045285E+00  0.6368566795488945E+00 -0.7380218216866033E+01
  0.8722114143286931E+00  0.6431347239402948E+00  0.4389836657174383E+01
  0.8640408341145595E+00  0.6493698338129212E+00  0.1617530783841531E+02
  0.8558702540671204E+00  0.6555615929220400E+00  0.2732019662788477E+02
  0.8476996741915547E+00  0.6617095879169366E+00  0.3739358434155447E+02
  0.8395290944932369E+00  0.6678134083685102E+00  0.4652547886375490E+02
  0.8313585149777468E+00  0.6738726467966731E+00  0.5494553964557988E+02
  0.8231879356508802E+00  0.6798868986975534E+00  0.6258893826492719E+02
  0.8150173565186587E+00  0.6858557625704990E+00  0.6933694370759405E+02
  0.8068467775873427E+00  0.6917788399448808E+00  0.7537594211046707E+02
  0.7986761988634423E+00  0.6976557354066943E+00  0.8093664488073944E+02
  0.7905056203537315E+00  0.7034860566249567E+00  0.8610799510690090E+02
  0.7823350420652612E+00  0.7092694143778975E+00  0.9100986837710273E+02
  0.7741644640053743E+00  0.7150054225789432E+00  0.9582787870069393E+02
  0.7659938861817212E+00  0.7206936983024912E+00  0.1003656513983124E+03
  0.7578233086022768E+00  0.7263338618094733E+00  0.1041886607196101E+03
  0.7496527312753575E+00  0.7319255365727068E+00  0.1072543178195754E+03
  0.7414821542096410E+00  0.7374683493020299E+00  0.1101026928440882E+03
  0.7333115774141861E+00  0.7429619299692227E+00  0.1133034476467124E+03
  0.7251410008984539E+00  0.7484059118327094E+00  0.1172488519477210E+03
  0.7169704246723316E+00  0.7537999314620412E+00  0.1221995965072241E+03
  0.7087998487461566E+00  0.7591436287621580E+00  0.1281283441172453E+03
  0.7006292731307425E+00  0.7644366469974285E+00  0.1343648646582137E+03
  0.6924586978374083E+00  0.7696786328154644E+00  0.1400603896254061E+03
  0.6842881228780077E+00  0.7748692362707100E+00  0.1450187030569206E+03
  0.6761175482649616E+00  0.7800081108478040E+00  0.1497219173064408E+03
  0.6679469740112938E+00  0.7850949134847117E+00  0.1544777437560176E+03
  0.6597764001306670E+00  0.7901293045956280E+00  0.1592629506496836E+03
  0.6516058266374236E+00  0.7951109480936471E+00  0.1640717999308820E+03
  0.6434352535466297E+00  0.8000395114131988E+00  0.1689911547310133E+03
  0.6352646808741202E+00  0.8049146655322506E+00  0.1739092495437896E+03
  0.6270941086365502E+00  0.8097360849942720E+00  0.1787045314414788E+03
  0.6189235368514482E+00  0.8145034479299620E+00  0.1835296073786862E+03
  0.6107529655372755E+00  0.8192164360787360E+00  0.1888059568817021E+03
  0.6025823947134890E+00  0.8238747348099726E+00  0.1948468582866633E+03
  0.5944118244006098E+00  0.8284780331440178E+00  0.2018388670409462E+03
  0.5862412546202973E+00  0.8330260237729452E+00  0.2098419897407620E+03
  0.5780706853954301E+00  0.8375184030810715E+00  0.2186501956474186E+03
  0.5699001167501928E+00  0.8419548711652254E+00  0.2278629491101700E+03
  0.5617295487101719E+00  0.8463351318547683E+00  0.2374892593720525E+03
  0.5535589813024583E+00  0.8506588927313666E+00  0.2478993580034497E+03
  0.5453884145557613E+00  0.8549258651485127E+00  0.2592591316936057E+03
  0.5372178485005299E+00  0.8591357642507945E+00  0.2712574459807514E+03
  0.5290472831690897E+00  0.8632883089929120E+00  0.2836073966605385E+03
  0.5208767185957875E+00  0.8673832221584393E+00  0.2961422949763110E+03
  0.5127061548171545E+00  0.8714202303783312E+00  0.3085448100923397E+03
  0.5045355918720822E+00  0.8753990641491725E+00  0.3202888092105912E+03
  0.4963650298020162E+00  0.8793194578511700E+00  0.3312144424211508E+03
  0.4881944686511717E+00  0.8831811497658847E+00  0.3416817791942826E+03
  0.4800239084667671E+00  0.8869838820937034E+00  0.3524133602324716E+03
  0.4718533492992859E+00  0.8907274009710492E+00  0.3643117628279973E+03
  0.4636827912027636E+00  0.8944114564873288E+00  0.3783952017516086E+03
  0.4555122342351060E+00  0.8980358027016164E+00  0.3948811951386160E+03
  0.4473416784584431E+00  0.9016001976590722E+00  0.4130609170045875E+03
  0.4391711239395221E+00  0.9051044034070944E+00  0.4322725081340725E+03
  0.4310005707501444E+00  0.9085481860112055E+00  0.4524049007474848E+03
  0.4228300189676551E+00  0.9119313155706682E+00  0.4733022362443606E+03
  0.4146594686754885E+00  0.9152535662338340E+00  0.4944969725875750E+03
  0.4064889199637791E+00  0.9185147162132208E+00  0.5154714542026400E+03
  0.3983183729300507E+00  0.9217145478003181E+00  0.5359095934701577E+03
  0.3901478276799883E+00  0.9248528473801222E+00  0.5553877077207997E+03
  0.3819772843283120E+00  0.9279294054453956E+00  0.5737736452214075E+03
  0.3738067429997641E+00  0.9309440166106540E+00  0.5918887391464809E+03
  0.3656362038302282E+00  0.9338964796258775E+00  0.6110173279101921E+03
  0.3574656669680030E+00  0.9367865973899459E+00  0.6313011280627710E+03
  0.3492951325752533E+00  0.9396141769637963E+00  0.6521502535366513E+03
  0.3411246008296713E+00  0.9423790295833044E+00  0.6735737986628897E+03
  0.3329540719263814E+00  0.9450809706718851E+00  0.6960531228533026E+03
  0.3247835460801308E+00  0.9477198198528157E+00  0.7191140894017585E+03
  0.3166130235278230E+00  0.9502954009612771E+00  0.7420791887603716E+03
  0.3084425045314506E+00  0.9528075420561144E+00  0.7655623720037609E+03
  0.3002719893815085E+00  0.9552560754313160E+00  0.7909035582241445E+03
  0.2921014784009779E+00  0.9576408376272095E+00  0.8182524596680225E+03
  0.2839309719500016E+00  0.9599616694413742E+00  0.8471000920780323E+03
  0.2757604704313845E+00  0.9622184159392698E+00  0.8772405332680854E+03
  0.2675899742971076E+00  0.9644109264645802E+00  0.9086636874046644E+03
  0.2594194840560681E+00  0.9665390546492710E+00  0.9409250092230882E+03
  0.2512490002833307E+00  0.9686026584233628E+00  0.9740559975608363E+03
  0.2430785236312446E+00  0.9706016000244151E+00  0.1008824560747763E+04
  0.2349080548428762E+00  0.9725357460067257E+00  0.1045779808231055E+04
  0.2267375947683499E+00  0.9744049672502397E+00  0.1084339378151230E+04
  0.2185671443848464E+00  0.9762091389691724E+00  0.1124163580144736E+04
  0.2103967048212628E+00  0.9779481407203411E+00  0.1165151007887459E+04
  0.2022262773888417E+00  0.9796218564112101E+00  0.1206421931492086E+04
  0.1940558636195398E+00  0.9812301743076443E+00  0.1246780655942744E+04
  0.1858854653144977E+00  0.9827729870413743E+00  0.1286799819036804E+04
  0.1777150846058812E+00  0.9842501916171713E+00  0.1327889903627762E+04
  0.1695447240365762E+00  0.9856616894197333E+00  0.1370581273183263E+04
  0.1613743866640789E+00  0.9870073862202815E+00  0.1414444189477323E+04
  0.1532040761975885E+00  0.9882871921828699E+00  0.1460182472352821E+04
  0.1450337971813853E+00  0.9895010218704087E+00  0.1508334436030436E+04
  0.1368635552438019E+00  0.9906487942504061E+00  0.1557973921396821E+04
  0.1286933574408989E+00  0.9917304327004320E+00  0.1608653455383580E+04
  0.1205232127396896E+00  0.9927458650133153E+00  0.1662766706471616E+04
  0.1123531327118049E+00  0.9936950234020883E+00  0.1721588960361987E+04
  0.1041831325528455E+00  0.9945778445047068E+00  0.1783922997532761E+04
  0.9601323262085862E-01  0.9953942693885953E+00  0.1850348772278305E+04
  0.8784346083082471E-01  0.9961442435551087E+00  0.1926029321017269E+04
  0.7967385651719167E-01  0.9968277169440913E+00  0.2013502542132593E+04
  0.7150447693306423E-01  0.9974446439389107E+00  0.2112116744734324E+04
  0.6333540875299180E-01  0.9979949833727938E+00  0.2224754953567543E+04
  0.5516678972815772E-01  0.9984786985384589E+00  0.2359048041071960E+04
  0.4699885272846815E-01  0.9988957572063257E+00  0.2520225506779682E+04
  0.3883202470742381E-01  0.9992461316671845E+00  0.2724056259699947E+04
  0.3066718105470672E-01  0.9995297988558859E+00  0.3014147694553952E+04
  0.2250643816359393E-01  0.9997467408113523E+00  0.3437070101835037E+04
  0.1435650599352885E-01  0.9998969471378596E+00  0.3958613788537138E+04
  0.6254421014113626E-02  0.9999804411726474E+00  0.4406087523509816E+04
