# nlmax, ncor, nside =         383           1         128
  0.3135338232575680E+01 -0.9999804411726474E+00 -0.2939256275836487E+03
  0.3127236147596264E+01 -0.9998969471378596E+00 -0.2911590800045700E+03
  0.3119086215426199E+01 -0.9997467408113523E+00 -0.2867229411194762E+03
  0.3110925472535087E+01 -0.9995297988558859E+00 -0.2812569676691081E+03
  0.3102760628882369E+01 -0.9992461316671845E+00 -0.2747893895370289E+03
  0.3094593800861325E+01 -0.9988957572063257E+00 -0.2666000625493642E+03
  0.3086425863861635E+01 -0.9984786985384589E+00 -0.2564009371534978E+03
  0.3078257244836801E+01 -0.9979949833727938E+00 -0.2453656573924937E+03
  0.3070088176656729E+01 -0.9974446439389107E+00 -0.2352890025073638E+03
  0.3061918797072602E+01 -0.9968277169440913E+00 -0.2268090062345463E+03
  0.3053749192758969E+01 -0.9961442435551087E+00 -0.2190223120112194E+03
  0.3045579420968934E+01 -0.9953942693885953E+00 -0.2107534931137597E+03
  0.3037409521036948E+01 -0.9945778445047068E+00 -0.2016385321139893E+03
  0.3029239520877988E+01 -0.9936950234020883E+00 -0.1920101861139975E+03
  0.3021069440850104E+01 -0.9927458650133153E+00 -0.1823214599184733E+03
  0.3012899296148894E+01 -0.9917304327004320E+00 -0.1728622537374663E+03
  0.3004729098345992E+01 -0.9906487942504061E+00 -0.1636720063036112E+03
  0.2996558856408408E+01 -0.9895010218704087E+00 -0.1545017136723912E+03
  0.2988388577392205E+01 -0.9882871921828699E+00 -0.1449679428494837E+03
  0.2980218266925714E+01 -0.9870073862202815E+00 -0.1348542206632303E+03
  0.2972047929553217E+01 -0.9856616894197333E+00 -0.1243295800576938E+03
  0.2963877568983912E+01 -0.9842501916171713E+00 -0.1139911584487631E+03
  0.2955707188275296E+01 -0.9827729870413743E+00 -0.1046741490227320E+03
  0.2947536789970254E+01 -0.9812301743076443E+00 -0.9701585741246909E+02
  0.2939366376200951E+01 -0.9796218564112101E+00 -0.9112918598509479E+02
  0.2931195948768531E+01 -0.9779481407203411E+00 -0.8678475201098381E+02
  0.2923025509204947E+01 -0.9762091389691724E+00 -0.8380809484376884E+02
  0.2914855058821443E+01 -0.9744049672502397E+00 -0.8207804831894980E+02
  0.2906684598746917E+01 -0.9725357460067257E+00 -0.8125151985348454E+02
  0.2898514129958549E+01 -0.9706016000244151E+00 -0.8082299252695630E+02
  0.2890343653306462E+01 -0.9686026584233628E+00 -0.8042472371028707E+02
  0.2882173169533725E+01 -0.9665390546492710E+00 -0.7974574686261862E+02
  0.2874002679292686E+01 -0.9644109264645802E+00 -0.7817511477100913E+02
  0.2865832183158409E+01 -0.9622184159392698E+00 -0.7490480706634391E+02
  0.2857661681639792E+01 -0.9599616694413742E+00 -0.6952979402218443E+02
  0.2849491175188815E+01 -0.9576408376272095E+00 -0.6237723037021861E+02
  0.2841320664208285E+01 -0.9552560754313160E+00 -0.5422485201286023E+02
  0.2833150149058343E+01 -0.9528075420561144E+00 -0.4584531527838455E+02
  0.2824979630061970E+01 -0.9502954009612771E+00 -0.3774499426585668E+02
  0.2816809107509663E+01 -0.9477198198528157E+00 -0.3008968297237353E+02
  0.2808638581663412E+01 -0.9450809706718851E+00 -0.2284397845003373E+02
  0.2800468052760122E+01 -0.9423790295833044E+00 -0.1607835712170170E+02
  0.2792297521014540E+01 -0.9396141769637963E+00 -0.1000589187565135E+02
  0.2784126986621790E+01 -0.9367865973899459E+00 -0.4501517532949637E+01
  0.2775956449759565E+01 -0.9338964796258775E+00  0.1284389243901525E+01
  0.2767785910590029E+01 -0.9309440166106540E+00  0.8464163073717518E+01
  0.2759615369261481E+01 -0.9279294054453956E+00  0.1741473512809377E+02
  0.2751444825909805E+01 -0.9248528473801222E+00  0.2735173464748461E+02
  0.2743274280659743E+01 -0.9217145478003181E+00  0.3695244798056977E+02
  0.2735103733626014E+01 -0.9185147162132208E+00  0.4533031846401740E+02
  0.2726933184914305E+01 -0.9152535662338340E+00  0.5242014076085313E+02
  0.2718762634622138E+01 -0.9119313155706682E+00  0.5862294963031183E+02
  0.2710592082839649E+01 -0.9085481860112055E+00  0.6431844747023641E+02
  0.2702421529650271E+01 -0.9051044034070944E+00  0.6976638102447131E+02
  0.2694250975131350E+01 -0.9016001976590722E+00  0.7523920219949144E+02
  0.2686080419354687E+01 -0.8980358027016164E+00  0.8092134228498416E+02
  0.2677909862387029E+01 -0.8944114564873288E+00  0.8661283727802794E+02
  0.2669739304290507E+01 -0.8907274009710492E+00  0.9177470411060251E+02
  0.2661568745123026E+01 -0.8869838820937034E+00  0.9604890703734385E+02
  0.2653398184938621E+01 -0.8831811497658847E+00  0.9963960969718474E+02
  0.2645227623787777E+01 -0.8793194578511700E+00  0.1030832483306970E+03
  0.2637057061717711E+01 -0.8753990641491725E+00  0.1067833615260401E+03
  0.2628886498772639E+01 -0.8714202303783312E+00  0.1109108953947847E+03
  0.2620715934994006E+01 -0.8673832221584393E+00  0.1156138795409574E+03
  0.2612545370420704E+01 -0.8632883089929120E+00  0.1210674806673689E+03
  0.2604374805089263E+01 -0.8591357642507945E+00  0.1272691206327335E+03
  0.2596204239034032E+01 -0.8549258651485127E+00  0.1339036880920877E+03
  0.2588033672287335E+01 -0.8506588927313666E+00  0.1404805037683277E+03
  0.2579863104879621E+01 -0.8463351318547683E+00  0.1466106823896265E+03
  0.2571692536839600E+01 -0.8419548711652254E+00  0.1521934892784858E+03
  0.2563521968194363E+01 -0.8375184030810715E+00  0.1574017558966986E+03
  0.2555351398969496E+01 -0.8330260237729452E+00  0.1625336840080735E+03
  0.2547180829189184E+01 -0.8284780331440178E+00  0.1678789879405673E+03
  0.2539010258876304E+01 -0.8238747348099726E+00  0.1736340581250995E+03
  0.2530839688052518E+01 -0.8192164360787360E+00  0.1797894910342852E+03
  0.2522669116738345E+01 -0.8145034479299620E+00  0.1860507762687102E+03
  0.2514498544953243E+01 -0.8097360849942720E+00  0.1919696947566476E+03
  0.2506327972715673E+01 -0.8049146655322506E+00  0.1972023391115876E+03
  0.2498157400043163E+01 -0.8000395114131988E+00  0.2015710529088672E+03
  0.2489986826952370E+01 -0.7951109480936471E+00  0.2049227990474609E+03
  0.2481816253459126E+01 -0.7901293045956280E+00  0.2071395744239536E+03
  0.2473645679578500E+01 -0.7850949134847117E+00  0.2083296180281449E+03
  0.2465475105324832E+01 -0.7800081108478040E+00  0.2087645268464456E+03
  0.2457304530711785E+01 -0.7748692362707100E+00  0.2084908815881892E+03
  0.2449133955752385E+01 -0.7696786328154644E+00  0.2072014287924984E+03
  0.2440963380459050E+01 -0.7644366469974285E+00  0.2046770729308531E+03
  0.2432792804843637E+01 -0.7591436287621580E+00  0.2012489072593452E+03
  0.2424622228917462E+01 -0.7537999314620412E+00  0.1976777629089480E+03
  0.2416451652691339E+01 -0.7484059118327094E+00  0.1946468331692027E+03
  0.2408281076175607E+01 -0.7429619299692227E+00  0.1924372769657003E+03
  0.2400110499380152E+01 -0.7374683493020299E+00  0.1909307636413574E+03
  0.2391939922314436E+01 -0.7319255365727068E+00  0.1897264488769436E+03
  0.2383769344987516E+01 -0.7263338618094733E+00  0.1882867436820395E+03
  0.2375598767408072E+01 -0.7206936983024912E+00  0.1861528440697083E+03
  0.2367428189584419E+01 -0.7150054225789432E+00  0.1831586327070144E+03
  0.2359257611524532E+01 -0.7092694143778975E+00  0.1795140537718946E+03
  0.2351087033236062E+01 -0.7034860566249567E+00  0.1757184206575399E+03
  0.2342916454726351E+01 -0.6976557354066943E+00  0.1723311372337886E+03
  0.2334745876002450E+01 -0.6917788399448808E+00  0.1696835452203059E+03
  0.2326575297071134E+01 -0.6858557625704990E+00  0.1677089184098283E+03
  0.2318404717938913E+01 -0.6798868986975534E+00  0.1660371837426921E+03
  0.2310234138612046E+01 -0.6738726467966731E+00  0.1642954515725458E+03
  0.2302063559096557E+01 -0.6678134083685102E+00  0.1623848338565693E+03
  0.2293892979398239E+01 -0.6617095879169366E+00  0.1605106661009977E+03
  0.2285722399522673E+01 -0.6555615929220400E+00  0.1589146595437441E+03
  0.2277551819475234E+01 -0.6493698338129212E+00  0.1575500005501218E+03
  0.2269381239261100E+01 -0.6431347239402948E+00  0.1560875990137006E+03
  0.2261210658885265E+01 -0.6368566795488945E+00  0.1542985162072894E+03
  0.2253040078352542E+01 -0.6305361197496849E+00  0.1523351098504766E+03
  0.2244869497667577E+01 -0.6241734664918837E+00  0.1505326179359404E+03
  0.2236698916834853E+01 -0.6177691445347914E+00  0.1490200240605633E+03
  0.2228528335858699E+01 -0.6113235814194364E+00  0.1476441796778295E+03
  0.2220357754743295E+01 -0.6048372074400329E+00  0.1461822412875387E+03
  0.2212187173492683E+01 -0.5983104556152549E+00  0.1444799151922346E+03
  0.2204016592110768E+01 -0.5917437616593286E+00  0.1424584335471599E+03
  0.2195846010601326E+01 -0.5851375639529456E+00  0.1401521559842055E+03
  0.2187675428968010E+01 -0.5784923035139965E+00  0.1377087604005911E+03
  0.2179504847214357E+01 -0.5718084239681300E+00  0.1352390013625656E+03
  0.2171334265343789E+01 -0.5650863715191369E+00  0.1327169267621538E+03
  0.2163163683359622E+01 -0.5583265949191624E+00  0.1301090755515720E+03
  0.2154993101265066E+01 -0.5515295454387482E+00  0.1274883156646788E+03
  0.2146822519063234E+01 -0.5446956768367068E+00  0.1248726347705175E+03
  0.2138651936757143E+01 -0.5378254453298289E+00  0.1220021570639431E+03
  0.2130481354349721E+01 -0.5309193095624275E+00  0.1183960474645865E+03
  0.2122310771843806E+01 -0.5239777305757194E+00  0.1136434890342356E+03
  0.2114140189242155E+01 -0.5170011717770473E+00  0.1076578599787456E+03
  0.2105969606547443E+01 -0.5099900989089429E+00  0.1007412273624016E+03
  0.2097799023762269E+01 -0.5029449800180356E+00  0.9340188799717141E+02
  0.2089628440889158E+01 -0.4958662854238058E+00  0.8599571935962936E+02
  0.2081457857930564E+01 -0.4887544876871878E+00  0.7853783662064323E+02
  0.2073287274888874E+01 -0.4816100615790221E+00  0.7094580139048878E+02
  0.2065116691766407E+01 -0.4744334840483606E+00  0.6338625421764623E+02
  0.2056946108565423E+01 -0.4672252341906264E+00  0.5621267592733121E+02
  0.2048775525288118E+01 -0.4599857932156304E+00  0.4961395172275711E+02
  0.2040604941936635E+01 -0.4527156444154464E+00  0.4350348946961043E+02
  0.2032434358513056E+01 -0.4454152731321473E+00  0.3770842196819956E+02
  0.2024263775019413E+01 -0.4380851667254050E+00  0.3209131812657721E+02
  0.2016093191457685E+01 -0.4307258145399545E+00  0.2654597249324741E+02
  0.2007922607829804E+01 -0.4233377078729265E+00  0.2107576042172041E+02
  0.1999752024137653E+01 -0.4159213399410494E+00  0.1586036594626097E+02
  0.1991581440383068E+01 -0.4084772058477228E+00  0.1110347607258360E+02
  0.1983410856567843E+01 -0.4010058025499653E+00  0.6856198673617039E+01
  0.1975240272693730E+01 -0.3935076288252386E+00  0.3074094376059027E+01
  0.1967069688762441E+01 -0.3859831852381501E+00 -0.2978512526212667E+00
  0.1958899104775647E+01 -0.3784329741070359E+00 -0.3447121045538513E+01
  0.1950728520734982E+01 -0.3708574994704271E+00 -0.6751629026533484E+01
  0.1942557936642046E+01 -0.3632572670534011E+00 -0.1051895264010157E+02
  0.1934387352498403E+01 -0.3556327842338202E+00 -0.1473716288130473E+02
  0.1926216768305583E+01 -0.3479845600084601E+00 -0.1919380465733442E+02
  0.1918046184065086E+01 -0.3403131049590297E+00 -0.2372736806434915E+02
  0.1909875599778379E+01 -0.3326189312180866E+00 -0.2827532476572371E+02
  0.1901705015446901E+01 -0.3249025524348469E+00 -0.3284160848623006E+02
  0.1893534431072063E+01 -0.3171644837408958E+00 -0.3754308854546370E+02
  0.1885363846655247E+01 -0.3094052417157978E+00 -0.4254137859143059E+02
  0.1877193262197810E+01 -0.3016253443526109E+00 -0.4779541620935326E+02
  0.1869022677701083E+01 -0.2938253110233064E+00 -0.5297734727073799E+02
  0.1860852093166375E+01 -0.2860056624440968E+00 -0.5771246426038267E+02
  0.1852681508594969E+01 -0.2781669206406729E+00 -0.6181862792612063E+02
  0.1844510923988128E+01 -0.2703096089133553E+00 -0.6529861970323061E+02
  0.1836340339347093E+01 -0.2624342518021592E+00 -0.6823423201419183E+02
  0.1828169754673083E+01 -0.2545413750517773E+00 -0.7072949639727044E+02
  0.1819999169967299E+01 -0.2466315055764818E+00 -0.7287709766731702E+02
  0.1811828585230925E+01 -0.2387051714249486E+00 -0.7479951502434110E+02
  0.1803658000465123E+01 -0.2307629017450062E+00 -0.7677886266302372E+02
  0.1795487415671042E+01 -0.2228052267483099E+00 -0.7920665584016359E+02
  0.1787316830849811E+01 -0.2148326776749467E+00 -0.8222898262649197E+02
  0.1779146246002545E+01 -0.2068457867579697E+00 -0.8552877926078267E+02
  0.1770975661130345E+01 -0.1988450871878683E+00 -0.8863510774599578E+02
  0.1762805076234296E+01 -0.1908311130769725E+00 -0.9138404099598583E+02
  0.1754634491315471E+01 -0.1828043994237966E+00 -0.9393987522410563E+02
  0.1746463906374929E+01 -0.1747654820773241E+00 -0.9647606572423798E+02
  0.1738293321413718E+01 -0.1667148977012352E+00 -0.9902041419367701E+02
  0.1730122736432872E+01 -0.1586531837380799E+00 -0.1015559710723553E+03
  0.1721952151433418E+01 -0.1505808783733995E+00 -0.1041270974684369E+03
  0.1713781566416370E+01 -0.1424985204997981E+00 -0.1068767895826458E+03
  0.1705610981382731E+01 -0.1344066496809675E+00 -0.1100396773805099E+03
  0.1697440396333499E+01 -0.1263058061156663E+00 -0.1137973403841171E+03
  0.1689269811269659E+01 -0.1181965306016578E+00 -0.1180588434804373E+03
  0.1681099226192191E+01 -0.1100793644996070E+00 -0.1224628974573970E+03
  0.1672928641102067E+01 -0.1019548496969404E+00 -0.1266327736480258E+03
  0.1664758056000250E+01 -0.9382352857167028E-01 -0.1303397878252389E+03
  0.1656587470887701E+01 -0.8568594395618719E-01 -0.1334433830734883E+03
  0.1648416885765370E+01 -0.7754263910102077E-01 -0.1358615679358753E+03
  0.1640246300634206E+01 -0.6939415763857371E-01 -0.1376619132691883E+03
  0.1632075715495151E+01 -0.6124104354682962E-01 -0.1390472974516059E+03
  0.1623905130349143E+01 -0.5308384111303818E-01 -0.1401940194731803E+03
  0.1615734545197117E+01 -0.4492309489737940E-01 -0.1411818358965458E+03
  0.1607563960040004E+01 -0.3675934969660982E-01 -0.1420714586866821E+03
  0.1599393374878733E+01 -0.2859315050769285E-01 -0.1429405637387296E+03
  0.1591222789714229E+01 -0.2042504249141571E-01 -0.1438427962405694E+03
  0.1583052204547419E+01 -0.1225557093599554E-01 -0.1448156258311528E+03
  0.1574881619379224E+01 -0.4085281220676868E-02 -0.1459083750415217E+03
  0.1566711034210569E+01  0.4085281220676868E-02 -0.1471238608412469E+03
  0.1558540449042374E+01  0.1225557093599554E-01 -0.1483539192215065E+03
  0.1550369863875564E+01  0.2042504249141571E-01 -0.1494392805049621E+03
  0.1542199278711061E+01  0.2859315050769285E-01 -0.1502945520496688E+03
  0.1534028693549790E+01  0.3675934969660982E-01 -0.1509693750683759E+03
  0.1525858108392677E+01  0.4492309489737940E-01 -0.1516065107500331E+03
  0.1517687523240650E+01  0.5308384111303818E-01 -0.1522998121050783E+03
  0.1509516938094642E+01  0.6124104354682962E-01 -0.1529391585485542E+03
  0.1501346352955587E+01  0.6939415763857371E-01 -0.1532504646342402E+03
  0.1493175767824423E+01  0.7754263910102077E-01 -0.1530456540849387E+03
  0.1485005182702093E+01  0.8568594395618719E-01 -0.1523545638390758E+03
  0.1476834597589543E+01  0.9382352857167028E-01 -0.1512904441466422E+03
  0.1468664012487727E+01  0.1019548496969404E+00 -0.1499866763452717E+03
  0.1460493427397602E+01  0.1100793644996070E+00 -0.1487736994352341E+03
  0.1452322842320134E+01  0.1181965306016578E+00 -0.1481726068559650E+03
  0.1444152257256294E+01  0.1263058061156663E+00 -0.1484767879787259E+03
  0.1435981672207062E+01  0.1344066496809675E+00 -0.1494636296978317E+03
  0.1427811087173423E+01  0.1424985204997981E+00 -0.1506716651838835E+03
  0.1419640502156375E+01  0.1505808783733995E+00 -0.1517985363530398E+03
  0.1411469917156921E+01  0.1586531837380799E+00 -0.1526965399337381E+03
  0.1403299332176076E+01  0.1667148977012352E+00 -0.1532169886388226E+03
  0.1395128747214864E+01  0.1747654820773241E+00 -0.1532784283391631E+03
  0.1386958162274323E+01  0.1828043994237966E+00 -0.1529327594527763E+03
  0.1378787577355497E+01  0.1908311130769725E+00 -0.1522197126909908E+03
  0.1370616992459449E+01  0.1988450871878683E+00 -0.1511491415589377E+03
  0.1362446407587248E+01  0.2068457867579697E+00 -0.1499541613041405E+03
  0.1354275822739983E+01  0.2148326776749467E+00 -0.1491218370248893E+03
  0.1346105237918751E+01  0.2228052267483099E+00 -0.1489784353431680E+03
  0.1337934653124670E+01  0.2307629017450062E+00 -0.1493780204058275E+03
  0.1329764068358868E+01  0.2387051714249486E+00 -0.1498876903285235E+03
  0.1321593483622494E+01  0.2466315055764818E+00 -0.1501256029698173E+03
  0.1313422898916710E+01  0.2545413750517773E+00 -0.1499110052125388E+03
  0.1305252314242701E+01  0.2624342518021592E+00 -0.1493424235840288E+03
  0.1297081729601665E+01  0.2703096089133553E+00 -0.1488074584239874E+03
  0.1288911144994824E+01  0.2781669206406729E+00 -0.1486922589408307E+03
  0.1280740560423418E+01  0.2860056624440968E+00 -0.1489745110731628E+03
  0.1272569975888710E+01  0.2938253110233064E+00 -0.1492169056196825E+03
  0.1264399391391984E+01  0.3016253443526109E+00 -0.1489744643761074E+03
  0.1256228806934547E+01  0.3094052417157978E+00 -0.1481383196080443E+03
  0.1248058222517730E+01  0.3171644837408958E+00 -0.1470044291767896E+03
  0.1239887638142892E+01  0.3249025524348469E+00 -0.1461531284840480E+03
  0.1231717053811414E+01  0.3326189312180866E+00 -0.1461017280893571E+03
  0.1223546469524707E+01  0.3403131049590297E+00 -0.1468491804183119E+03
  0.1215375885284210E+01  0.3479845600084601E+00 -0.1478346536709509E+03
  0.1207205301091390E+01  0.3556327842338202E+00 -0.1484728967976630E+03
  0.1199034716947747E+01  0.3632572670534011E+00 -0.1486126325138586E+03
  0.1190864132854811E+01  0.3708574994704271E+00 -0.1484157756948246E+03
  0.1182693548814147E+01  0.3784329741070359E+00 -0.1480487107222744E+03
  0.1174522964827352E+01  0.3859831852381501E+00 -0.1476497612598947E+03
  0.1166352380896063E+01  0.3935076288252386E+00 -0.1473654877518455E+03
  0.1158181797021950E+01  0.4010058025499653E+00 -0.1472304320227332E+03
  0.1150011213206726E+01  0.4084772058477228E+00 -0.1471583371707219E+03
  0.1141840629452141E+01  0.4159213399410494E+00 -0.1471393351603588E+03
  0.1133670045759989E+01  0.4233377078729265E+00 -0.1472654122971649E+03
  0.1125499462132108E+01  0.4307258145399545E+00 -0.1475069110128713E+03
  0.1117328878570381E+01  0.4380851667254050E+00 -0.1476535540240112E+03
  0.1109158295076737E+01  0.4454152731321473E+00 -0.1475173588841163E+03
  0.1100987711653159E+01  0.4527156444154464E+00 -0.1470650471324548E+03
  0.1092817128301675E+01  0.4599857932156304E+00 -0.1464320638300952E+03
  0.1084646545024371E+01  0.4672252341906264E+00 -0.1459691576136340E+03
  0.1076475961823386E+01  0.4744334840483606E+00 -0.1460912569452655E+03
  0.1068305378700920E+01  0.4816100615790221E+00 -0.1468045833003667E+03
  0.1060134795659229E+01  0.4887544876871878E+00 -0.1475373189347670E+03
  0.1051964212700635E+01  0.4958662854238058E+00 -0.1477156935355115E+03
  0.1043793629827524E+01  0.5029449800180356E+00 -0.1473444920666782E+03
  0.1035623047042350E+01  0.5099900989089429E+00 -0.1467622429609298E+03
  0.1027452464347638E+01  0.5170011717770473E+00 -0.1460685530291975E+03
  0.1019281881745987E+01  0.5239777305757194E+00 -0.1451515231229156E+03
  0.1011111299240073E+01  0.5309193095624275E+00 -0.1441051227432533E+03
  0.1002940716832650E+01  0.5378254453298289E+00 -0.1432511576717017E+03
  0.9947701345265596E+00  0.5446956768367068E+00 -0.1428106263070090E+03
  0.9865995523247275E+00  0.5515295454387482E+00 -0.1427734583960505E+03
  0.9784289702301714E+00  0.5583265949191624E+00 -0.1429808183658126E+03
  0.9702583882460036E+00  0.5650863715191369E+00 -0.1431650258917302E+03
  0.9620878063754359E+00  0.5718084239681300E+00 -0.1430395294716400E+03
  0.9539172246217830E+00  0.5784923035139965E+00 -0.1424881554081341E+03
  0.9457466429884676E+00  0.5851375639529456E+00 -0.1415909366753212E+03
  0.9375760614790253E+00  0.5917437616593286E+00 -0.1404888700671962E+03
  0.9294054800971098E+00  0.5983104556152549E+00 -0.1393813105703172E+03
  0.9212348988464978E+00  0.6048372074400329E+00 -0.1385344384839597E+03
  0.9130643177310944E+00  0.6113235814194364E+00 -0.1380153895128454E+03
  0.9048937367549402E+00  0.6177691445347914E+00 -0.1375414363858402E+03
  0.8967231559222163E+00  0.6241734664918837E+00 -0.1369124386843616E+03
  0.8885525752372514E+00  0.6305361197496849E+00 -0.1364335045125980E+03
  0.8803819947045285E+00  0.6368566795488945E+00 -0.1365060720130450E+03
  0.8722114143286931E+00  0.6431347239402948E+00 -0.1369104404809680E+03
  0.8640408341145595E+00  0.6493698338129212E+00 -0.1369028931844391E+03
  0.8558702540671204E+00  0.6555615929220400E+00 -0.1359684281171850E+03
  0.8476996741915547E+00  0.6617095879169366E+00 -0.1341594926175864E+03
  0.8395290944932369E+00  0.6678134083685102E+00 -0.1318107436850777E+03
  0.8313585149777468E+00  0.6738726467966731E+00 -0.1292451182630361E+03
  0.8231879356508802E+00  0.6798868986975534E+00 -0.1266452288926104E+03
  0.8150173565186587E+00  0.6858557625704990E+00 -0.1239108381302038E+03
  0.8068467775873427E+00  0.6917788399448808E+00 -0.1207126355433672E+03
  0.7986761988634423E+00  0.6976557354066943E+00 -0.1168678345506697E+03
  0.7905056203537315E+00  0.7034860566249567E+00 -0.1125480608910379E+03
  0.7823350420652612E+00  0.7092694143778975E+00 -0.1080464820090629E+03
  0.7741644640053743E+00  0.7150054225789432E+00 -0.1035700118326156E+03
  0.7659938861817212E+00  0.7206936983024912E+00 -0.9932456917795871E+02
  0.7578233086022768E+00  0.7263338618094733E+00 -0.9551454480237132E+02
  0.7496527312753575E+00  0.7319255365727068E+00 -0.9214972234286404E+02
  0.7414821542096410E+00  0.7374683493020299E+00 -0.8904448385597100E+02
  0.7333115774141861E+00  0.7429619299692227E+00 -0.8598157763771256E+02
  0.7251410008984539E+00  0.7484059118327094E+00 -0.8268654029789546E+02
  0.7169704246723316E+00  0.7537999314620412E+00 -0.7884073497157068E+02
  0.7087998487461566E+00  0.7591436287621580E+00 -0.7444423873112987E+02
  0.7006292731307425E+00  0.7644366469974285E+00 -0.6993365830836403E+02
  0.6924586978374083E+00  0.7696786328154644E+00 -0.6553842469215110E+02
  0.6842881228780077E+00  0.7748692362707100E+00 -0.6074748362337920E+02
  0.6761175482649616E+00  0.7800081108478040E+00 -0.5483220752531417E+02
  0.6679469740112938E+00  0.7850949134847117E+00 -0.4767340117173027E+02
  0.6597764001306670E+00  0.7901293045956280E+00 -0.3968915472727132E+02
  0.6516058266374236E+00  0.7951109480936471E+00 -0.3123098758966570E+02
  0.6434352535466297E+00  0.8000395114131988E+00 -0.2244301981952091E+02
  0.6352646808741202E+00  0.8049146655322506E+00 -0.1340239015087038E+02
  0.6270941086365502E+00  0.8097360849942720E+00 -0.3988037528798077E+01
  0.6189235368514482E+00  0.8145034479299620E+00  0.6116170928217717E+01
  0.6107529655372755E+00  0.8192164360787360E+00  0.1696872215941551E+02
  0.6025823947134890E+00  0.8238747348099726E+00  0.2822421309746142E+02
  0.5944118244006098E+00  0.8284780331440178E+00  0.3967154732990527E+02
  0.5862412546202973E+00  0.8330260237729452E+00  0.5153425995692517E+02
  0.5780706853954301E+00  0.8375184030810715E+00  0.6400262384235974E+02
  0.5699001167501928E+00  0.8419548711652254E+00  0.7682739636298440E+02
  0.5617295487101719E+00  0.8463351318547683E+00  0.8954242854027066E+02
  0.5535589813024583E+00  0.8506588927313666E+00  0.1017654981634309E+03
  0.5453884145557613E+00  0.8549258651485127E+00  0.1132897655968881E+03
  0.5372178485005299E+00  0.8591357642507945E+00  0.1243277724271260E+03
  0.5290472831690897E+00  0.8632883089929120E+00  0.1356478567671639E+03
  0.5208767185957875E+00  0.8673832221584393E+00  0.1479965785941082E+03
  0.5127061548171545E+00  0.8714202303783312E+00  0.1613911423595795E+03
  0.5045355918720822E+00  0.8753990641491725E+00  0.1753308998164923E+03
  0.4963650298020162E+00  0.8793194578511700E+00  0.1895213385838582E+03
  0.4881944686511717E+00  0.8831811497658847E+00  0.2039925559279586E+03
  0.4800239084667671E+00  0.8869838820937034E+00  0.2187612540472549E+03
  0.4718533492992859E+00  0.8907274009710492E+00  0.2337861288895490E+03
  0.4636827912027636E+00  0.8944114564873288E+00  0.2489948724900101E+03
  0.4555122342351060E+00  0.8980358027016164E+00  0.2640720097804719E+03
  0.4473416784584431E+00  0.9016001976590722E+00  0.2786459947938009E+03
  0.4391711239395221E+00  0.9051044034070944E+00  0.2929680375735568E+03
  0.4310005707501444E+00  0.9085481860112055E+00  0.3079067342518327E+03
  0.4228300189676551E+00  0.9119313155706682E+00  0.3240213684254635E+03
  0.4146594686754885E+00  0.9152535662338340E+00  0.3411794147006149E+03
  0.4064889199637791E+00  0.9185147162132208E+00  0.3592174808439707E+03
  0.3983183729300507E+00  0.9217145478003181E+00  0.3782811134909612E+03
  0.3901478276799883E+00  0.9248528473801222E+00  0.3983324890368165E+03
  0.3819772843283120E+00  0.9279294054453956E+00  0.4189792421412313E+03
  0.3738067429997641E+00  0.9309440166106540E+00  0.4398745425667045E+03
  0.3656362038302282E+00  0.9338964796258775E+00  0.4606845747846422E+03
  0.3574656669680030E+00  0.9367865973899459E+00  0.4808056007276992E+03
  0.3492951325752533E+00  0.9396141769637963E+00  0.4998473396812122E+03
  0.3411246008296713E+00  0.9423790295833044E+00  0.5182300560378027E+03
  0.3329540719263814E+00  0.9450809706718851E+00  0.5367025625427988E+03
  0.3247835460801308E+00  0.9477198198528157E+00  0.5557211520783579E+03
  0.3166130235278230E+00  0.9502954009612771E+00  0.5759388908300289E+03
  0.3084425045314506E+00  0.9528075420561144E+00  0.5985309195179809E+03
  0.3002719893815085E+00  0.9552560754313160E+00  0.6240987295641418E+03
  0.2921014784009779E+00  0.9576408376272095E+00  0.6518862582201796E+03
  0.2839309719500016E+00  0.9599616694413742E+00  0.6808252949075463E+03
  0.2757604704313845E+00  0.9622184159392698E+00  0.7105408381065590E+03
  0.2675899742971076E+00  0.9644109264645802E+00  0.7407084095258522E+03
  0.2594194840560681E+00  0.9665390546492710E+00  0.7705303060064657E+03
  0.2512490002833307E+00  0.9686026584233628E+00  0.7995879713878006E+03
  0.2430785236312446E+00  0.9706016000244151E+00  0.8282087759277548E+03
  0.2349080548428762E+00  0.9725357460067257E+00  0.8566293075781073E+03
  0.2267375947683499E+00  0.9744049672502397E+00  0.8850372181550377E+03
  0.2185671443848464E+00  0.9762091389691724E+00  0.9144581291829351E+03
  0.2103967048212628E+00  0.9779481407203411E+00  0.9458977111132962E+03
  0.2022262773888417E+00  0.9796218564112101E+00  0.9786464187556362E+03
  0.1940558636195398E+00  0.9812301743076443E+00  0.1011327705254964E+04
  0.1858854653144977E+00  0.9827729870413743E+00  0.1044361297056853E+04
  0.1777150846058812E+00  0.9842501916171713E+00  0.1079288146935387E+04
  0.1695447240365762E+00  0.9856616894197333E+00  0.1116264403713775E+04
  0.1613743866640789E+00  0.9870073862202815E+00  0.1154609359749675E+04
  0.1532040761975885E+00  0.9882871921828699E+00  0.1194915722205114E+04
  0.1450337971813853E+00  0.9895010218704087E+00  0.1238016332630251E+04
  0.1368635552438019E+00  0.9906487942504061E+00  0.1283230422318000E+04
  0.1286933574408989E+00  0.9917304327004320E+00  0.1330461219184784E+04
  0.1205232127396896E+00  0.9927458650133153E+00  0.1382169606486957E+04
  0.1123531327118049E+00  0.9936950234020883E+00  0.1440294678538696E+04
  0.1041831325528455E+00  0.9945778445047068E+00  0.1503700265313387E+04
  0.9601323262085862E-01  0.9953942693885953E+00  0.1571483418545005E+04
  0.8784346083082471E-01  0.9961442435551087E+00  0.1645181271977946E+04
  0.7967385651719167E-01  0.9968277169440913E+00  0.1725167712092987E+04
  0.7150447693306423E-01  0.9974446439389107E+00  0.1810689846734301E+04
  0.6333540875299180E-01  0.9979949833727938E+00  0.1906539915660121E+04
  0.5516678972815772E-01  0.9984786985384589E+00  0.2022391552062533E+04
  0.4699885272846815E-01  0.9988957572063257E+00  0.2165534870904904E+04
  0.3883202470742381E-01  0.9992461316671845E+00  0.2351278562912164E+04
  0.3066718105470672E-01  0.9995297988558859E+00  0.2622909698917195E+04
  0.2250643816359393E-01  0.9997467408113523E+00  0.3022967944033878E+04
  0.1435650599352885E-01  0.9998969471378596E+00  0.3505133942143323E+04
  0.6254421014113626E-02  0.9999804411726474E+00  0.3892904123860806E+04
