# nlmax, ncor, nside =         383           1         128
  0.3135338232575680E+01 -0.9999804411726474E+00  0.2678855265619835E+03
  0.3127236147596264E+01 -0.9998969471378596E+00  0.2632395490998325E+03
  0.3119086215426199E+01 -0.9997467408113523E+00  0.2587209412932947E+03
  0.3110925472535087E+01 -0.9995297988558859E+00  0.2587390257153523E+03
  0.3102760628882369E+01 -0.9992461316671845E+00  0.2647107666147916E+03
  0.3094593800861325E+01 -0.9988957572063257E+00  0.2754152991734414E+03
  0.3086425863861635E+01 -0.9984786985384589E+00  0.2868443569926976E+03
  0.3078257244836801E+01 -0.9979949833727938E+00  0.2952222825586006E+03
  0.3070088176656729E+01 -0.9974446439389107E+00  0.2988594923506569E+03
  0.3061918797072602E+01 -0.9968277169440913E+00  0.2990577130422959E+03
  0.3053749192758969E+01 -0.9961442435551087E+00  0.2984035830010896E+03
  0.3045579420968934E+01 -0.9953942693885953E+00  0.2982080706962642E+03
  0.3037409521036948E+01 -0.9945778445047068E+00  0.2977867941318032E+03
  0.3029239520877988E+01 -0.9936950234020883E+00  0.2951934766090480E+03
  0.3021069440850104E+01 -0.9927458650133153E+00  0.2896705517441873E+03
  0.3012899296148894E+01 -0.9917304327004320E+00  0.2825952741762039E+03
  0.3004729098345992E+01 -0.9906487942504061E+00  0.2764988629056278E+03
  0.2996558856408408E+01 -0.9895010218704087E+00  0.2725624270185568E+03
  0.2988388577392205E+01 -0.9882871921828699E+00  0.2701790160245696E+03
  0.2980218266925714E+01 -0.9870073862202815E+00  0.2673896219360938E+03
  0.2972047929553217E+01 -0.9856616894197333E+00  0.2628434374010234E+03
  0.2963877568983912E+01 -0.9842501916171713E+00  0.2561445799417235E+03
  0.2955707188275296E+01 -0.9827729870413743E+00  0.2474813836429641E+03
  0.2947536789970254E+01 -0.9812301743076443E+00  0.2375378833937939E+03
  0.2939366376200951E+01 -0.9796218564112101E+00  0.2276608117677438E+03
  0.2931195948768531E+01 -0.9779481407203411E+00  0.2189986919173134E+03
  0.2923025509204947E+01 -0.9762091389691724E+00  0.2117831578171500E+03
  0.2914855058821443E+01 -0.9744049672502397E+00  0.2056592231441598E+03
  0.2906684598746917E+01 -0.9725357460067257E+00  0.2005618552326925E+03
  0.2898514129958549E+01 -0.9706016000244151E+00  0.1966935173041620E+03
  0.2890343653306462E+01 -0.9686026584233628E+00  0.1939346525581767E+03
  0.2882173169533725E+01 -0.9665390546492710E+00  0.1918342351993749E+03
  0.2874002679292686E+01 -0.9644109264645802E+00  0.1901926932654562E+03
  0.2865832183158409E+01 -0.9622184159392698E+00  0.1889758022580563E+03
  0.2857661681639792E+01 -0.9599616694413742E+00  0.1883056175747187E+03
  0.2849491175188815E+01 -0.9576408376272095E+00  0.1884942744432633E+03
  0.2841320664208285E+01 -0.9552560754313160E+00  0.1895878248531662E+03
  0.2833150149058343E+01 -0.9528075420561144E+00  0.1913109369979020E+03
  0.2824979630061970E+01 -0.9502954009612771E+00  0.1931560495646815E+03
  0.2816809107509663E+01 -0.9477198198528157E+00  0.1951758673977048E+03
  0.2808638581663412E+01 -0.9450809706718851E+00  0.1978189030970112E+03
  0.2800468052760122E+01 -0.9423790295833044E+00  0.2015269284790486E+03
  0.2792297521014540E+01 -0.9396141769637963E+00  0.2062392001697622E+03
  0.2784126986621790E+01 -0.9367865973899459E+00  0.2115387094514140E+03
  0.2775956449759565E+01 -0.9338964796258775E+00  0.2171917399918056E+03
  0.2767785910590029E+01 -0.9309440166106540E+00  0.2230110501557496E+03
  0.2759615369261481E+01 -0.9279294054453956E+00  0.2285273308044159E+03
  0.2751444825909805E+01 -0.9248528473801222E+00  0.2334969977365131E+03
  0.2743274280659743E+01 -0.9217145478003181E+00  0.2380123416200179E+03
  0.2735103733626014E+01 -0.9185147162132208E+00  0.2422751046702147E+03
  0.2726933184914305E+01 -0.9152535662338340E+00  0.2461991514452287E+03
  0.2718762634622138E+01 -0.9119313155706682E+00  0.2494787405265952E+03
  0.2710592082839649E+01 -0.9085481860112055E+00  0.2518942365231010E+03
  0.2702421529650271E+01 -0.9051044034070944E+00  0.2532267541587403E+03
  0.2694250975131350E+01 -0.9016001976590722E+00  0.2535339282416598E+03
  0.2686080419354687E+01 -0.8980358027016164E+00  0.2530467285208829E+03
  0.2677909862387029E+01 -0.8944114564873288E+00  0.2522148956753228E+03
  0.2669739304290507E+01 -0.8907274009710492E+00  0.2512499862918644E+03
  0.2661568745123026E+01 -0.8869838820937034E+00  0.2499891018638282E+03
  0.2653398184938621E+01 -0.8831811497658847E+00  0.2482985250945461E+03
  0.2645227623787777E+01 -0.8793194578511700E+00  0.2461834889357773E+03
  0.2637057061717711E+01 -0.8753990641491725E+00  0.2437348734170791E+03
  0.2628886498772639E+01 -0.8714202303783312E+00  0.2413475621311299E+03
  0.2620715934994006E+01 -0.8673832221584393E+00  0.2396322820199358E+03
  0.2612545370420704E+01 -0.8632883089929120E+00  0.2390066131896765E+03
  0.2604374805089263E+01 -0.8591357642507945E+00  0.2389781743504150E+03
  0.2596204239034032E+01 -0.8549258651485127E+00  0.2382670533377359E+03
  0.2588033672287335E+01 -0.8506588927313666E+00  0.2359894017740636E+03
  0.2579863104879621E+01 -0.8463351318547683E+00  0.2321746850812596E+03
  0.2571692536839600E+01 -0.8419548711652254E+00  0.2272245877777083E+03
  0.2563521968194363E+01 -0.8375184030810715E+00  0.2213691581238925E+03
  0.2555351398969496E+01 -0.8330260237729452E+00  0.2148669083910552E+03
  0.2547180829189184E+01 -0.8284780331440178E+00  0.2081120910733520E+03
  0.2539010258876304E+01 -0.8238747348099726E+00  0.2013743212232384E+03
  0.2530839688052518E+01 -0.8192164360787360E+00  0.1942956484383356E+03
  0.2522669116738345E+01 -0.8145034479299620E+00  0.1862941524872967E+03
  0.2514498544953243E+01 -0.8097360849942720E+00  0.1770267754684420E+03
  0.2506327972715673E+01 -0.8049146655322506E+00  0.1667859580138565E+03
  0.2498157400043163E+01 -0.8000395114131988E+00  0.1564622515489314E+03
  0.2489986826952370E+01 -0.7951109480936471E+00  0.1470087637824033E+03
  0.2481816253459126E+01 -0.7901293045956280E+00  0.1388134068435756E+03
  0.2473645679578500E+01 -0.7850949134847117E+00  0.1315720397248350E+03
  0.2465475105324832E+01 -0.7800081108478040E+00  0.1244972240826500E+03
  0.2457304530711785E+01 -0.7748692362707100E+00  0.1169788227923351E+03
  0.2449133955752385E+01 -0.7696786328154644E+00  0.1092065252078341E+03
  0.2440963380459050E+01 -0.7644366469974285E+00  0.1018372686804049E+03
  0.2432792804843637E+01 -0.7591436287621580E+00  0.9536759506010932E+02
  0.2424622228917462E+01 -0.7537999314620412E+00  0.8987950395039553E+02
  0.2416451652691339E+01 -0.7484059118327094E+00  0.8516804933764823E+02
  0.2408281076175607E+01 -0.7429619299692227E+00  0.8088734356903552E+02
  0.2400110499380152E+01 -0.7374683493020299E+00  0.7649320931903007E+02
  0.2391939922314436E+01 -0.7319255365727068E+00  0.7152163467614361E+02
  0.2383769344987516E+01 -0.7263338618094733E+00  0.6602085192562605E+02
  0.2375598767408072E+01 -0.7206936983024912E+00  0.6057921854711060E+02
  0.2367428189584419E+01 -0.7150054225789432E+00  0.5576785035218571E+02
  0.2359257611524532E+01 -0.7092694143778975E+00  0.5170207726618420E+02
  0.2351087033236062E+01 -0.7034860566249567E+00  0.4821690313120728E+02
  0.2342916454726351E+01 -0.6976557354066943E+00  0.4518024503389131E+02
  0.2334745876002450E+01 -0.6917788399448808E+00  0.4292823291647120E+02
  0.2326575297071134E+01 -0.6858557625704990E+00  0.4182579278010896E+02
  0.2318404717938913E+01 -0.6798868986975534E+00  0.4160456100670991E+02
  0.2310234138612046E+01 -0.6738726467966731E+00  0.4163254344942222E+02
  0.2302063559096557E+01 -0.6678134083685102E+00  0.4136667097874831E+02
  0.2293892979398239E+01 -0.6617095879169366E+00  0.4091996112479830E+02
  0.2285722399522673E+01 -0.6555615929220400E+00  0.4087247515973614E+02
  0.2277551819475234E+01 -0.6493698338129212E+00  0.4186373757919699E+02
  0.2269381239261100E+01 -0.6431347239402948E+00  0.4409898209403484E+02
  0.2261210658885265E+01 -0.6368566795488945E+00  0.4717878693609444E+02
  0.2253040078352542E+01 -0.6305361197496849E+00  0.5028182804989491E+02
  0.2244869497667577E+01 -0.6241734664918837E+00  0.5283563282594290E+02
  0.2236698916834853E+01 -0.6177691445347914E+00  0.5474868346045132E+02
  0.2228528335858699E+01 -0.6113235814194364E+00  0.5620316888030641E+02
  0.2220357754743295E+01 -0.6048372074400329E+00  0.5758391083247275E+02
  0.2212187173492683E+01 -0.5983104556152549E+00  0.5944756616624745E+02
  0.2204016592110768E+01 -0.5917437616593286E+00  0.6208847857654986E+02
  0.2195846010601326E+01 -0.5851375639529456E+00  0.6517011690942270E+02
  0.2187675428968010E+01 -0.5784923035139965E+00  0.6794493350106441E+02
  0.2179504847214357E+01 -0.5718084239681300E+00  0.6981046758459445E+02
  0.2171334265343789E+01 -0.5650863715191369E+00  0.7075538514526292E+02
  0.2163163683359622E+01 -0.5583265949191624E+00  0.7123790591443756E+02
  0.2154993101265066E+01 -0.5515295454387482E+00  0.7135271432234349E+02
  0.2146822519063234E+01 -0.5446956768367068E+00  0.7087842274468920E+02
  0.2138651936757143E+01 -0.5378254453298289E+00  0.6960591841979598E+02
  0.2130481354349721E+01 -0.5309193095624275E+00  0.6756705104203346E+02
  0.2122310771843806E+01 -0.5239777305757194E+00  0.6504805314883384E+02
  0.2114140189242155E+01 -0.5170011717770473E+00  0.6223070569247697E+02
  0.2105969606547443E+01 -0.5099900989089429E+00  0.5893987627815758E+02
  0.2097799023762269E+01 -0.5029449800180356E+00  0.5494015134492314E+02
  0.2089628440889158E+01 -0.4958662854238058E+00  0.5025214291029955E+02
  0.2081457857930564E+01 -0.4887544876871878E+00  0.4536146060058559E+02
  0.2073287274888874E+01 -0.4816100615790221E+00  0.4086857928270973E+02
  0.2065116691766407E+01 -0.4744334840483606E+00  0.3690944086731733E+02
  0.2056946108565423E+01 -0.4672252341906264E+00  0.3320164805870678E+02
  0.2048775525288118E+01 -0.4599857932156304E+00  0.2926268998837969E+02
  0.2040604941936635E+01 -0.4527156444154464E+00  0.2449484959561463E+02
  0.2032434358513056E+01 -0.4454152731321473E+00  0.1856180065676859E+02
  0.2024263775019413E+01 -0.4380851667254050E+00  0.1129738020712536E+02
  0.2016093191457685E+01 -0.4307258145399545E+00  0.2857225091578848E+01
  0.2007922607829804E+01 -0.4233377078729265E+00 -0.6242488076480240E+01
  0.1999752024137653E+01 -0.4159213399410494E+00 -0.1503596810037687E+02
  0.1991581440383068E+01 -0.4084772058477228E+00 -0.2286439044430462E+02
  0.1983410856567843E+01 -0.4010058025499653E+00 -0.2961231204399767E+02
  0.1975240272693730E+01 -0.3935076288252386E+00 -0.3575973684700863E+02
  0.1967069688762441E+01 -0.3859831852381501E+00 -0.4154713914027685E+02
  0.1958899104775647E+01 -0.3784329741070359E+00 -0.4709565571670220E+02
  0.1950728520734982E+01 -0.3708574994704271E+00 -0.5259580928459425E+02
  0.1942557936642046E+01 -0.3632572670534011E+00 -0.5839915003266188E+02
  0.1934387352498403E+01 -0.3556327842338202E+00 -0.6472813251332853E+02
  0.1926216768305583E+01 -0.3479845600084601E+00 -0.7151520127412512E+02
  0.1918046184065086E+01 -0.3403131049590297E+00 -0.7836933641358405E+02
  0.1909875599778379E+01 -0.3326189312180866E+00 -0.8469230127148884E+02
  0.1901705015446901E+01 -0.3249025524348469E+00 -0.9001996294365864E+02
  0.1893534431072063E+01 -0.3171644837408958E+00 -0.9445441828269145E+02
  0.1885363846655247E+01 -0.3094052417157978E+00 -0.9861479347869007E+02
  0.1877193262197810E+01 -0.3016253443526109E+00 -0.1032208243936127E+03
  0.1869022677701083E+01 -0.2938253110233064E+00 -0.1086276614418978E+03
  0.1860852093166375E+01 -0.2860056624440968E+00 -0.1148134864080015E+03
  0.1852681508594969E+01 -0.2781669206406729E+00 -0.1214881714339441E+03
  0.1844510923988128E+01 -0.2703096089133553E+00 -0.1284677041602255E+03
  0.1836340339347093E+01 -0.2624342518021592E+00 -0.1356381993126751E+03
  0.1828169754673083E+01 -0.2545413750517773E+00 -0.1427179831039852E+03
  0.1819999169967299E+01 -0.2466315055764818E+00 -0.1492393954156375E+03
  0.1811828585230925E+01 -0.2387051714249486E+00 -0.1549108572548859E+03
  0.1803658000465123E+01 -0.2307629017450062E+00 -0.1599423999727007E+03
  0.1795487415671042E+01 -0.2228052267483099E+00 -0.1647715539765385E+03
  0.1787316830849811E+01 -0.2148326776749467E+00 -0.1695694444004598E+03
  0.1779146246002545E+01 -0.2068457867579697E+00 -0.1743199321542413E+03
  0.1770975661130345E+01 -0.1988450871878683E+00 -0.1791181918581757E+03
  0.1762805076234296E+01 -0.1908311130769725E+00 -0.1842150123067069E+03
  0.1754634491315471E+01 -0.1828043994237966E+00 -0.1895521825545469E+03
  0.1746463906374929E+01 -0.1747654820773241E+00 -0.1945742267709691E+03
  0.1738293321413718E+01 -0.1667148977012352E+00 -0.1988392298978932E+03
  0.1730122736432872E+01 -0.1586531837380799E+00 -0.2027996288020181E+03
  0.1721952151433418E+01 -0.1505808783733995E+00 -0.2071029273317207E+03
  0.1713781566416370E+01 -0.1424985204997981E+00 -0.2120327730533465E+03
  0.1705610981382731E+01 -0.1344066496809675E+00 -0.2174178441609097E+03
  0.1697440396333499E+01 -0.1263058061156663E+00 -0.2229291903019013E+03
  0.1689269811269659E+01 -0.1181965306016578E+00 -0.2279266070787070E+03
  0.1681099226192191E+01 -0.1100793644996070E+00 -0.2316772121289858E+03
  0.1672928641102067E+01 -0.1019548496969404E+00 -0.2336194621767394E+03
  0.1664758056000250E+01 -0.9382352857167028E-01 -0.2339148696600426E+03
  0.1656587470887701E+01 -0.8568594395618719E-01 -0.2331690680853446E+03
  0.1648416885765370E+01 -0.7754263910102077E-01 -0.2321110288277846E+03
  0.1640246300634206E+01 -0.6939415763857371E-01 -0.2313293490449910E+03
  0.1632075715495151E+01 -0.6124104354682962E-01 -0.2312511875903717E+03
  0.1623905130349143E+01 -0.5308384111303818E-01 -0.2320533388789502E+03
  0.1615734545197117E+01 -0.4492309489737940E-01 -0.2338900715923192E+03
  0.1607563960040004E+01 -0.3675934969660982E-01 -0.2367291276324358E+03
  0.1599393374878733E+01 -0.2859315050769285E-01 -0.2402057130811207E+03
  0.1591222789714229E+01 -0.2042504249141571E-01 -0.2435454456029539E+03
  0.1583052204547419E+01 -0.1225557093599554E-01 -0.2460555054941054E+03
  0.1574881619379224E+01 -0.4085281220676868E-02 -0.2474619005810541E+03
  0.1566711034210569E+01  0.4085281220676868E-02 -0.2480252951201524E+03
  0.1558540449042374E+01  0.1225557093599554E-01 -0.2480650033473343E+03
  0.1550369863875564E+01  0.2042504249141571E-01 -0.2476437516075647E+03
  0.1542199278711061E+01  0.2859315050769285E-01 -0.2464849501118990E+03
  0.1534028693549790E+01  0.3675934969660982E-01 -0.2445629987748221E+03
  0.1525858108392677E+01  0.4492309489737940E-01 -0.2425415967674685E+03
  0.1517687523240650E+01  0.5308384111303818E-01 -0.2416905461701198E+03
  0.1509516938094642E+01  0.6124104354682962E-01 -0.2427816049140313E+03
  0.1501346352955587E+01  0.6939415763857371E-01 -0.2454659461560719E+03
  0.1493175767824423E+01  0.7754263910102077E-01 -0.2485341675757621E+03
  0.1485005182702093E+01  0.8568594395618719E-01 -0.2510041943522350E+03
  0.1476834597589543E+01  0.9382352857167028E-01 -0.2526648747091898E+03
  0.1468664012487727E+01  0.1019548496969404E+00 -0.2537645527862103E+03
  0.1460493427397602E+01  0.1100793644996070E+00 -0.2543783474844672E+03
  0.1452322842320134E+01  0.1181965306016578E+00 -0.2545568957352142E+03
  0.1444152257256294E+01  0.1263058061156663E+00 -0.2545737326267787E+03
  0.1435981672207062E+01  0.1344066496809675E+00 -0.2547149783383659E+03
  0.1427811087173423E+01  0.1424985204997981E+00 -0.2551260487715368E+03
  0.1419640502156375E+01  0.1505808783733995E+00 -0.2557850591799440E+03
  0.1411469917156921E+01  0.1586531837380799E+00 -0.2564463655930620E+03
  0.1403299332176076E+01  0.1667148977012352E+00 -0.2568251432185465E+03
  0.1395128747214864E+01  0.1747654820773241E+00 -0.2567348917615591E+03
  0.1386958162274323E+01  0.1828043994237966E+00 -0.2560365490796060E+03
  0.1378787577355497E+01  0.1908311130769725E+00 -0.2545993815665065E+03
  0.1370616992459449E+01  0.1988450871878683E+00 -0.2524760425587252E+03
  0.1362446407587248E+01  0.2068457867579697E+00 -0.2497230517707823E+03
  0.1354275822739983E+01  0.2148326776749467E+00 -0.2467436015456652E+03
  0.1346105237918751E+01  0.2228052267483099E+00 -0.2439332355040251E+03
  0.1337934653124670E+01  0.2307629017450062E+00 -0.2415833721676409E+03
  0.1329764068358868E+01  0.2387051714249486E+00 -0.2397323847351230E+03
  0.1321593483622494E+01  0.2466315055764818E+00 -0.2382414899863712E+03
  0.1313422898916710E+01  0.2545413750517773E+00 -0.2367434743215014E+03
  0.1305252314242701E+01  0.2624342518021592E+00 -0.2349417253678726E+03
  0.1297081729601665E+01  0.2703096089133553E+00 -0.2326245980573775E+03
  0.1288911144994824E+01  0.2781669206406729E+00 -0.2295975756707094E+03
  0.1280740560423418E+01  0.2860056624440968E+00 -0.2255006534818712E+03
  0.1272569975888710E+01  0.2938253110233064E+00 -0.2203424131641022E+03
  0.1264399391391984E+01  0.3016253443526109E+00 -0.2145272793546882E+03
  0.1256228806934547E+01  0.3094052417157978E+00 -0.2084628915422041E+03
  0.1248058222517730E+01  0.3171644837408958E+00 -0.2020751287800281E+03
  0.1239887638142892E+01  0.3249025524348469E+00 -0.1952572092927099E+03
  0.1231717053811414E+01  0.3326189312180866E+00 -0.1880885317593588E+03
  0.1223546469524707E+01  0.3403131049590297E+00 -0.1811063808275549E+03
  0.1215375885284210E+01  0.3479845600084601E+00 -0.1748572390162152E+03
  0.1207205301091390E+01  0.3556327842338202E+00 -0.1696616469019816E+03
  0.1199034716947747E+01  0.3632572670534011E+00 -0.1655373896740123E+03
  0.1190864132854811E+01  0.3708574994704271E+00 -0.1622757031841626E+03
  0.1182693548814147E+01  0.3784329741070359E+00 -0.1591905118657850E+03
  0.1174522964827352E+01  0.3859831852381501E+00 -0.1557091773597240E+03
  0.1166352380896063E+01  0.3935076288252386E+00 -0.1514420805047026E+03
  0.1158181797021950E+01  0.4010058025499653E+00 -0.1464553642754039E+03
  0.1150011213206726E+01  0.4084772058477228E+00 -0.1411663905858912E+03
  0.1141840629452141E+01  0.4159213399410494E+00 -0.1363759748743861E+03
  0.1133670045759989E+01  0.4233377078729265E+00 -0.1325922133208102E+03
  0.1125499462132108E+01  0.4307258145399545E+00 -0.1295323728455572E+03
  0.1117328878570381E+01  0.4380851667254050E+00 -0.1263804918712349E+03
  0.1109158295076737E+01  0.4454152731321473E+00 -0.1227114446061899E+03
  0.1100987711653159E+01  0.4527156444154464E+00 -0.1185462625504962E+03
  0.1092817128301675E+01  0.4599857932156304E+00 -0.1142768852153662E+03
  0.1084646545024371E+01  0.4672252341906264E+00 -0.1100510725925713E+03
  0.1076475961823386E+01  0.4744334840483606E+00 -0.1060719606684987E+03
  0.1068305378700920E+01  0.4816100615790221E+00 -0.1023084274685550E+03
  0.1060134795659229E+01  0.4887544876871878E+00 -0.9852955198234291E+02
  0.1051964212700635E+01  0.4958662854238058E+00 -0.9420273740240076E+02
  0.1043793629827524E+01  0.5029449800180356E+00 -0.8906283248141854E+02
  0.1035623047042350E+01  0.5099900989089429E+00 -0.8315580381399323E+02
  0.1027452464347638E+01  0.5170011717770473E+00 -0.7687687185285523E+02
  0.1019281881745987E+01  0.5239777305757194E+00 -0.7058072568571977E+02
  0.1011111299240073E+01  0.5309193095624275E+00 -0.6469518084102469E+02
  0.1002940716832650E+01  0.5378254453298289E+00 -0.5901076574207285E+02
  0.9947701345265596E+00  0.5446956768367068E+00 -0.5293499631920635E+02
  0.9865995523247275E+00  0.5515295454387482E+00 -0.4608383249989979E+02
  0.9784289702301714E+00  0.5583265949191624E+00 -0.3907081808937211E+02
  0.9702583882460036E+00  0.5650863715191369E+00 -0.3280718968681476E+02
  0.9620878063754359E+00  0.5718084239681300E+00 -0.2786908732098443E+02
  0.9539172246217830E+00  0.5784923035139965E+00 -0.2418947563917498E+02
  0.9457466429884676E+00  0.5851375639529456E+00 -0.2152788082006792E+02
  0.9375760614790253E+00  0.5917437616593286E+00 -0.1960733648214196E+02
  0.9294054800971098E+00  0.5983104556152549E+00 -0.1844329302840131E+02
  0.9212348988464978E+00  0.6048372074400329E+00 -0.1790425048794750E+02
  0.9130643177310944E+00  0.6113235814194364E+00 -0.1809716426527132E+02
  0.9048937367549402E+00  0.6177691445347914E+00 -0.1903383071001431E+02
  0.8967231559222163E+00  0.6241734664918837E+00 -0.2094657132008147E+02
  0.8885525752372514E+00  0.6305361197496849E+00 -0.2350845299468519E+02
  0.8803819947045285E+00  0.6368566795488945E+00 -0.2594862560020455E+02
  0.8722114143286931E+00  0.6431347239402948E+00 -0.2735949183482206E+02
  0.8640408341145595E+00  0.6493698338129212E+00 -0.2755857000673998E+02
  0.8558702540671204E+00  0.6555615929220400E+00 -0.2680708970138073E+02
  0.8476996741915547E+00  0.6617095879169366E+00 -0.2549206902726969E+02
  0.8395290944932369E+00  0.6678134083685102E+00 -0.2339875492818587E+02
  0.8313585149777468E+00  0.6738726467966731E+00 -0.2049368737099046E+02
  0.8231879356508802E+00  0.6798868986975534E+00 -0.1706821180914088E+02
  0.8150173565186587E+00  0.6858557625704990E+00 -0.1350434901822831E+02
  0.8068467775873427E+00  0.6917788399448808E+00 -0.9497462240196695E+01
  0.7986761988634423E+00  0.6976557354066943E+00 -0.4684850835149613E+01
  0.7905056203537315E+00  0.7034860566249567E+00  0.1111247953552545E+01
  0.7823350420652612E+00  0.7092694143778975E+00  0.7502826739973748E+01
  0.7741644640053743E+00  0.7150054225789432E+00  0.1383185505693886E+02
  0.7659938861817212E+00  0.7206936983024912E+00  0.1929601200493009E+02
  0.7578233086022768E+00  0.7263338618094733E+00  0.2369141439047873E+02
  0.7496527312753575E+00  0.7319255365727068E+00  0.2723553043392291E+02
  0.7414821542096410E+00  0.7374683493020299E+00  0.3078655401022180E+02
  0.7333115774141861E+00  0.7429619299692227E+00  0.3494081023008364E+02
  0.7251410008984539E+00  0.7484059118327094E+00  0.3999746232093928E+02
  0.7169704246723316E+00  0.7537999314620412E+00  0.4562160119516984E+02
  0.7087998487461566E+00  0.7591436287621580E+00  0.5166132823064505E+02
  0.7006292731307425E+00  0.7644366469974285E+00  0.5799089773033618E+02
  0.6924586978374083E+00  0.7696786328154644E+00  0.6492035654807289E+02
  0.6842881228780077E+00  0.7748692362707100E+00  0.7248890836639330E+02
  0.6761175482649616E+00  0.7800081108478040E+00  0.8042243889674684E+02
  0.6679469740112938E+00  0.7850949134847117E+00  0.8794782679774629E+02
  0.6597764001306670E+00  0.7901293045956280E+00  0.9493056263053751E+02
  0.6516058266374236E+00  0.7951109480936471E+00  0.1017468740174032E+03
  0.6434352535466297E+00  0.8000395114131988E+00  0.1089014458075082E+03
  0.6352646808741202E+00  0.8049146655322506E+00  0.1160409306393269E+03
  0.6270941086365502E+00  0.8097360849942720E+00  0.1228731066198762E+03
  0.6189235368514482E+00  0.8145034479299620E+00  0.1294583246649386E+03
  0.6107529655372755E+00  0.8192164360787360E+00  0.1363182138448841E+03
  0.6025823947134890E+00  0.8238747348099726E+00  0.1436645592142929E+03
  0.5944118244006098E+00  0.8284780331440178E+00  0.1516243378990299E+03
  0.5862412546202973E+00  0.8330260237729452E+00  0.1598307852611763E+03
  0.5780706853954301E+00  0.8375184030810715E+00  0.1679648395755271E+03
  0.5699001167501928E+00  0.8419548711652254E+00  0.1757096432964150E+03
  0.5617295487101719E+00  0.8463351318547683E+00  0.1835367818303938E+03
  0.5535589813024583E+00  0.8506588927313666E+00  0.1916655756478315E+03
  0.5453884145557613E+00  0.8549258651485127E+00  0.1998894152934255E+03
  0.5372178485005299E+00  0.8591357642507945E+00  0.2075287694810559E+03
  0.5290472831690897E+00  0.8632883089929120E+00  0.2144958080143643E+03
  0.5208767185957875E+00  0.8673832221584393E+00  0.2210376036832579E+03
  0.5127061548171545E+00  0.8714202303783312E+00  0.2280757967162536E+03
  0.5045355918720822E+00  0.8753990641491725E+00  0.2362288589147731E+03
  0.4963650298020162E+00  0.8793194578511700E+00  0.2462111913718345E+03
  0.4881944686511717E+00  0.8831811497658847E+00  0.2577099770710783E+03
  0.4800239084667671E+00  0.8869838820937034E+00  0.2698405634161132E+03
  0.4718533492992859E+00  0.8907274009710492E+00  0.2817671009255342E+03
  0.4636827912027636E+00  0.8944114564873288E+00  0.2937159420309953E+03
  0.4555122342351060E+00  0.8980358027016164E+00  0.3059003554801477E+03
  0.4473416784584431E+00  0.9016001976590722E+00  0.3183764981661456E+03
  0.4391711239395221E+00  0.9051044034070944E+00  0.3307432438402194E+03
  0.4310005707501444E+00  0.9085481860112055E+00  0.3431626091875324E+03
  0.4228300189676551E+00  0.9119313155706682E+00  0.3551655912916207E+03
  0.4146594686754885E+00  0.9152535662338340E+00  0.3663854087022006E+03
  0.4064889199637791E+00  0.9185147162132208E+00  0.3766050485862925E+03
  0.3983183729300507E+00  0.9217145478003181E+00  0.3869868024217083E+03
  0.3901478276799883E+00  0.9248528473801222E+00  0.3980324770188904E+03
  0.3819772843283120E+00  0.9279294054453956E+00  0.4096888491696726E+03
  0.3738067429997641E+00  0.9309440166106540E+00  0.4217558005991618E+03
  0.3656362038302282E+00  0.9338964796258775E+00  0.4348019242450885E+03
  0.3574656669680030E+00  0.9367865973899459E+00  0.4485121953539415E+03
  0.3492951325752533E+00  0.9396141769637963E+00  0.4627011396771817E+03
  0.3411246008296713E+00  0.9423790295833044E+00  0.4772944389724440E+03
  0.3329540719263814E+00  0.9450809706718851E+00  0.4933687580409706E+03
  0.3247835460801308E+00  0.9477198198528157E+00  0.5112053978514775E+03
  0.3166130235278230E+00  0.9502954009612771E+00  0.5307362471869443E+03
  0.3084425045314506E+00  0.9528075420561144E+00  0.5509520861106471E+03
  0.3002719893815085E+00  0.9552560754313160E+00  0.5710309465186417E+03
  0.2921014784009779E+00  0.9576408376272095E+00  0.5896617106988410E+03
  0.2839309719500016E+00  0.9599616694413742E+00  0.6071558486531591E+03
  0.2757604704313845E+00  0.9622184159392698E+00  0.6245188936711692E+03
  0.2675899742971076E+00  0.9644109264645802E+00  0.6432375489071341E+03
  0.2594194840560681E+00  0.9665390546492710E+00  0.6632958155078063E+03
  0.2512490002833307E+00  0.9686026584233628E+00  0.6853707734661316E+03
  0.2430785236312446E+00  0.9706016000244151E+00  0.7088163428471079E+03
  0.2349080548428762E+00  0.9725357460067257E+00  0.7322782654934302E+03
  0.2267375947683499E+00  0.9744049672502397E+00  0.7538885738459636E+03
  0.2185671443848464E+00  0.9762091389691724E+00  0.7749253184919546E+03
  0.2103967048212628E+00  0.9779481407203411E+00  0.7977091281868491E+03
  0.2022262773888417E+00  0.9796218564112101E+00  0.8236008681788255E+03
  0.1940558636195398E+00  0.9812301743076443E+00  0.8511368946686173E+03
  0.1858854653144977E+00  0.9827729870413743E+00  0.8800806003171790E+03
  0.1777150846058812E+00  0.9842501916171713E+00  0.9102112708749198E+03
  0.1695447240365762E+00  0.9856616894197333E+00  0.9418558998220171E+03
  0.1613743866640789E+00  0.9870073862202815E+00  0.9743681552991585E+03
  0.1532040761975885E+00  0.9882871921828699E+00  0.1009691157777311E+04
  0.1450337971813853E+00  0.9895010218704087E+00  0.1048608687267619E+04
  0.1368635552438019E+00  0.9906487942504061E+00  0.1090553149533647E+04
  0.1286933574408989E+00  0.9917304327004320E+00  0.1133562616385294E+04
  0.1205232127396896E+00  0.9927458650133153E+00  0.1178964040984578E+04
  0.1123531327118049E+00  0.9936950234020883E+00  0.1226774428311798E+04
  0.1041831325528455E+00  0.9945778445047068E+00  0.1277438974058294E+04
  0.9601323262085862E-01  0.9953942693885953E+00  0.1331852487779247E+04
  0.8784346083082471E-01  0.9961442435551087E+00  0.1395209193219650E+04
  0.7967385651719167E-01  0.9968277169440913E+00  0.1467725668949962E+04
  0.7150447693306423E-01  0.9974446439389107E+00  0.1548037594745100E+04
  0.6333540875299180E-01  0.9979949833727938E+00  0.1637263234312464E+04
  0.5516678972815772E-01  0.9984786985384589E+00  0.1746165202406552E+04
  0.4699885272846815E-01  0.9988957572063257E+00  0.1881446923208978E+04
  0.3883202470742381E-01  0.9992461316671845E+00  0.2063859581051878E+04
  0.3066718105470672E-01  0.9995297988558859E+00  0.2336071783803063E+04
  0.2250643816359393E-01  0.9997467408113523E+00  0.2742345152691245E+04
  0.1435650599352885E-01  0.9998969471378596E+00  0.3230997019226695E+04
  0.6254421014113626E-02  0.9999804411726474E+00  0.3627967912029515E+04
