# nlmax, ncor, nside =         383           1         128
  0.3135338232575680E+01 -0.9999804411726474E+00  0.4501108953599488E+05
  0.3127236147596264E+01 -0.9998969471378596E+00  0.4485345302416468E+05
  0.3119086215426199E+01 -0.9997467408113523E+00  0.4453464270100665E+05
  0.3110925472535087E+01 -0.9995297988558859E+00  0.4413109382249237E+05
  0.3102760628882369E+01 -0.9992461316671845E+00  0.4353469334562649E+05
  0.3094593800861325E+01 -0.9988957572063257E+00  0.4273402089731242E+05
  0.3086425863861635E+01 -0.9984786985384589E+00  0.4184491917154534E+05
  0.3078257244836801E+01 -0.9979949833727938E+00  0.4094528927837458E+05
  0.3070088176656729E+01 -0.9974446439389107E+00  0.4002323742526602E+05
  0.3061918797072602E+01 -0.9968277169440913E+00  0.3907162010139342E+05
  0.3053749192758969E+01 -0.9961442435551087E+00  0.3812577887387532E+05
  0.3045579420968934E+01 -0.9953942693885953E+00  0.3721588770889334E+05
  0.3037409521036948E+01 -0.9945778445047068E+00  0.3632596406736958E+05
  0.3029239520877988E+01 -0.9936950234020883E+00  0.3547114552752548E+05
  0.3021069440850104E+01 -0.9927458650133153E+00  0.3463224509076824E+05
  0.3012899296148894E+01 -0.9917304327004320E+00  0.3381251504235009E+05
  0.3004729098345992E+01 -0.9906487942504061E+00  0.3303490799999355E+05
  0.2996558856408408E+01 -0.9895010218704087E+00  0.3231434081858140E+05
  0.2988388577392205E+01 -0.9882871921828699E+00  0.3162674877750307E+05
  0.2980218266925714E+01 -0.9870073862202815E+00  0.3097043937770178E+05
  0.2972047929553217E+01 -0.9856616894197333E+00  0.3033505618682304E+05
  0.2963877568983912E+01 -0.9842501916171713E+00  0.2973204077028446E+05
  0.2955707188275296E+01 -0.9827729870413743E+00  0.2913685445103575E+05
  0.2947536789970254E+01 -0.9812301743076443E+00  0.2854700683597680E+05
  0.2939366376200951E+01 -0.9796218564112101E+00  0.2796892823925111E+05
  0.2931195948768531E+01 -0.9779481407203411E+00  0.2740327888029298E+05
  0.2923025509204947E+01 -0.9762091389691724E+00  0.2684784532655217E+05
  0.2914855058821443E+01 -0.9744049672502397E+00  0.2631876328598099E+05
  0.2906684598746917E+01 -0.9725357460067257E+00  0.2580113491463157E+05
  0.2898514129958549E+01 -0.9706016000244151E+00  0.2530628408426254E+05
  0.2890343653306462E+01 -0.9686026584233628E+00  0.2482475303795316E+05
  0.2882173169533725E+01 -0.9665390546492710E+00  0.2436703028993626E+05
  0.2874002679292686E+01 -0.9644109264645802E+00  0.2392330774147552E+05
  0.2865832183158409E+01 -0.9622184159392698E+00  0.2349518306668207E+05
  0.2857661681639792E+01 -0.9599616694413742E+00  0.2308309894105342E+05
  0.2849491175188815E+01 -0.9576408376272095E+00  0.2268886494426738E+05
  0.2841320664208285E+01 -0.9552560754313160E+00  0.2231489960491667E+05
  0.2833150149058343E+01 -0.9528075420561144E+00  0.2196437344457209E+05
  0.2824979630061970E+01 -0.9502954009612771E+00  0.2163017810187478E+05
  0.2816809107509663E+01 -0.9477198198528157E+00  0.2129768572259606E+05
  0.2808638581663412E+01 -0.9450809706718851E+00  0.2096267083842193E+05
  0.2800468052760122E+01 -0.9423790295833044E+00  0.2064047872986292E+05
  0.2792297521014540E+01 -0.9396141769637963E+00  0.2032713617460346E+05
  0.2784126986621790E+01 -0.9367865973899459E+00  0.2003349322740776E+05
  0.2775956449759565E+01 -0.9338964796258775E+00  0.1974691731280593E+05
  0.2767785910590029E+01 -0.9309440166106540E+00  0.1947190615983289E+05
  0.2759615369261481E+01 -0.9279294054453956E+00  0.1921208693048386E+05
  0.2751444825909805E+01 -0.9248528473801222E+00  0.1895846908475796E+05
  0.2743274280659743E+01 -0.9217145478003181E+00  0.1870715231515394E+05
  0.2735103733626014E+01 -0.9185147162132208E+00  0.1846102406110105E+05
  0.2726933184914305E+01 -0.9152535662338340E+00  0.1822603788889957E+05
  0.2718762634622138E+01 -0.9119313155706682E+00  0.1800425176506894E+05
  0.2710592082839649E+01 -0.9085481860112055E+00  0.1778133433470113E+05
  0.2702421529650271E+01 -0.9051044034070944E+00  0.1756251426937140E+05
  0.2694250975131350E+01 -0.9016001976590722E+00  0.1735295425530585E+05
  0.2686080419354687E+01 -0.8980358027016164E+00  0.1714742155082978E+05
  0.2677909862387029E+01 -0.8944114564873288E+00  0.1694485046827809E+05
  0.2669739304290507E+01 -0.8907274009710492E+00  0.1674875850453461E+05
  0.2661568745123026E+01 -0.8869838820937034E+00  0.1655893839222031E+05
  0.2653398184938621E+01 -0.8831811497658847E+00  0.1637594337301727E+05
  0.2645227623787777E+01 -0.8793194578511700E+00  0.1619809969570747E+05
  0.2637057061717711E+01 -0.8753990641491725E+00  0.1602603915599122E+05
  0.2628886498772639E+01 -0.8714202303783312E+00  0.1586081444168323E+05
  0.2620715934994006E+01 -0.8673832221584393E+00  0.1569952101200458E+05
  0.2612545370420704E+01 -0.8632883089929120E+00  0.1554126312313186E+05
  0.2604374805089263E+01 -0.8591357642507945E+00  0.1539082323904617E+05
  0.2596204239034032E+01 -0.8549258651485127E+00  0.1524426298722678E+05
  0.2588033672287335E+01 -0.8506588927313666E+00  0.1509967123363910E+05
  0.2579863104879621E+01 -0.8463351318547683E+00  0.1495552174770355E+05
  0.2571692536839600E+01 -0.8419548711652254E+00  0.1480941164704743E+05
  0.2563521968194363E+01 -0.8375184030810715E+00  0.1466846421705117E+05
  0.2555351398969496E+01 -0.8330260237729452E+00  0.1453369713860761E+05
  0.2547180829189184E+01 -0.8284780331440178E+00  0.1440139321664075E+05
  0.2539010258876304E+01 -0.8238747348099726E+00  0.1427347164185435E+05
  0.2530839688052518E+01 -0.8192164360787360E+00  0.1414090135752354E+05
  0.2522669116738345E+01 -0.8145034479299620E+00  0.1401502681807303E+05
  0.2514498544953243E+01 -0.8097360849942720E+00  0.1389579599660880E+05
  0.2506327972715673E+01 -0.8049146655322506E+00  0.1377782542476372E+05
  0.2498157400043163E+01 -0.8000395114131988E+00  0.1366472107940605E+05
  0.2489986826952370E+01 -0.7951109480936471E+00  0.1355029586412441E+05
  0.2481816253459126E+01 -0.7901293045956280E+00  0.1343736201169657E+05
  0.2473645679578500E+01 -0.7850949134847117E+00  0.1332791178840893E+05
  0.2465475105324832E+01 -0.7800081108478040E+00  0.1322375321840413E+05
  0.2457304530711785E+01 -0.7748692362707100E+00  0.1313368527711351E+05
  0.2449133955752385E+01 -0.7696786328154644E+00  0.1304343280116000E+05
  0.2440963380459050E+01 -0.7644366469974285E+00  0.1295084146252301E+05
  0.2432792804843637E+01 -0.7591436287621580E+00  0.1285600017121932E+05
  0.2424622228917462E+01 -0.7537999314620412E+00  0.1275899115498798E+05
  0.2416451652691339E+01 -0.7484059118327094E+00  0.1266555154423869E+05
  0.2408281076175607E+01 -0.7429619299692227E+00  0.1258085942130143E+05
  0.2400110499380152E+01 -0.7374683493020299E+00  0.1249585270292142E+05
  0.2391939922314436E+01 -0.7319255365727068E+00  0.1240934580436498E+05
  0.2383769344987516E+01 -0.7263338618094733E+00  0.1232244608308300E+05
  0.2375598767408072E+01 -0.7206936983024912E+00  0.1223804727111520E+05
  0.2367428189584419E+01 -0.7150054225789432E+00  0.1215548594215222E+05
  0.2359257611524532E+01 -0.7092694143778975E+00  0.1207213585435293E+05
  0.2351087033236062E+01 -0.7034860566249567E+00  0.1198353271172666E+05
  0.2342916454726351E+01 -0.6976557354066943E+00  0.1189878634423370E+05
  0.2334745876002450E+01 -0.6917788399448808E+00  0.1181638934089886E+05
  0.2326575297071134E+01 -0.6858557625704990E+00  0.1173912886184669E+05
  0.2318404717938913E+01 -0.6798868986975534E+00  0.1166162263120003E+05
  0.2310234138612046E+01 -0.6738726467966731E+00  0.1158492874096377E+05
  0.2302063559096557E+01 -0.6678134083685102E+00  0.1151325925116788E+05
  0.2293892979398239E+01 -0.6617095879169366E+00  0.1144689251624661E+05
  0.2285722399522673E+01 -0.6555615929220400E+00  0.1138020460638862E+05
  0.2277551819475234E+01 -0.6493698338129212E+00  0.1131780494669918E+05
  0.2269381239261100E+01 -0.6431347239402948E+00  0.1125349509787923E+05
  0.2261210658885265E+01 -0.6368566795488945E+00  0.1118442745092254E+05
  0.2253040078352542E+01 -0.6305361197496849E+00  0.1111138345020212E+05
  0.2244869497667577E+01 -0.6241734664918837E+00  0.1103925581350200E+05
  0.2236698916834853E+01 -0.6177691445347914E+00  0.1096975106782732E+05
  0.2228528335858699E+01 -0.6113235814194364E+00  0.1090919045570994E+05
  0.2220357754743295E+01 -0.6048372074400329E+00  0.1085425281910073E+05
  0.2212187173492683E+01 -0.5983104556152549E+00  0.1080199412195577E+05
  0.2204016592110768E+01 -0.5917437616593286E+00  0.1074825923872549E+05
  0.2195846010601326E+01 -0.5851375639529456E+00  0.1069846230759945E+05
  0.2187675428968010E+01 -0.5784923035139965E+00  0.1065026741531931E+05
  0.2179504847214357E+01 -0.5718084239681300E+00  0.1059971642205877E+05
  0.2171334265343789E+01 -0.5650863715191369E+00  0.1054446771593347E+05
  0.2163163683359622E+01 -0.5583265949191624E+00  0.1049492844627314E+05
  0.2154993101265066E+01 -0.5515295454387482E+00  0.1044678613855379E+05
  0.2146822519063234E+01 -0.5446956768367068E+00  0.1040075065742861E+05
  0.2138651936757143E+01 -0.5378254453298289E+00  0.1035421213481722E+05
  0.2130481354349721E+01 -0.5309193095624275E+00  0.1031005789211517E+05
  0.2122310771843806E+01 -0.5239777305757194E+00  0.1026176893250437E+05
  0.2114140189242155E+01 -0.5170011717770473E+00  0.1021970830758020E+05
  0.2105969606547443E+01 -0.5099900989089429E+00  0.1017696387885633E+05
  0.2097799023762269E+01 -0.5029449800180356E+00  0.1013753878221226E+05
  0.2089628440889158E+01 -0.4958662854238058E+00  0.1009806947588473E+05
  0.2081457857930564E+01 -0.4887544876871878E+00  0.1006137322151263E+05
  0.2073287274888874E+01 -0.4816100615790221E+00  0.1002089125537555E+05
  0.2065116691766407E+01 -0.4744334840483606E+00  0.9984780115710706E+04
  0.2056946108565423E+01 -0.4672252341906264E+00  0.9944805118068030E+04
  0.2048775525288118E+01 -0.4599857932156304E+00  0.9909224060204051E+04
  0.2040604941936635E+01 -0.4527156444154464E+00  0.9869180671593502E+04
  0.2032434358513056E+01 -0.4454152731321473E+00  0.9828901277952109E+04
  0.2024263775019413E+01 -0.4380851667254050E+00  0.9791417652312482E+04
  0.2016093191457685E+01 -0.4307258145399545E+00  0.9758280091437673E+04
  0.2007922607829804E+01 -0.4233377078729265E+00  0.9726622213420744E+04
  0.1999752024137653E+01 -0.4159213399410494E+00  0.9693100186728891E+04
  0.1991581440383068E+01 -0.4084772058477228E+00  0.9654854861774405E+04
  0.1983410856567843E+01 -0.4010058025499653E+00  0.9626074728016285E+04
  0.1975240272693730E+01 -0.3935076288252386E+00  0.9594909943073382E+04
  0.1967069688762441E+01 -0.3859831852381501E+00  0.9560876025635869E+04
  0.1958899104775647E+01 -0.3784329741070359E+00  0.9529357251715672E+04
  0.1950728520734982E+01 -0.3708574994704271E+00  0.9506226956964812E+04
  0.1942557936642046E+01 -0.3632572670534011E+00  0.9481182785433824E+04
  0.1934387352498403E+01 -0.3556327842338202E+00  0.9459744711972040E+04
  0.1926216768305583E+01 -0.3479845600084601E+00  0.9436158580762914E+04
  0.1918046184065086E+01 -0.3403131049590297E+00  0.9418292887499376E+04
  0.1909875599778379E+01 -0.3326189312180866E+00  0.9398182878567804E+04
  0.1901705015446901E+01 -0.3249025524348469E+00  0.9381005687535946E+04
  0.1893534431072063E+01 -0.3171644837408958E+00  0.9351496327616998E+04
  0.1885363846655247E+01 -0.3094052417157978E+00  0.9324718486976866E+04
  0.1877193262197810E+01 -0.3016253443526109E+00  0.9298477637378612E+04
  0.1869022677701083E+01 -0.2938253110233064E+00  0.9274443019241939E+04
  0.1860852093166375E+01 -0.2860056624440968E+00  0.9247873519734763E+04
  0.1852681508594969E+01 -0.2781669206406729E+00  0.9221241468567961E+04
  0.1844510923988128E+01 -0.2703096089133553E+00  0.9193650054621874E+04
  0.1836340339347093E+01 -0.2624342518021592E+00  0.9173178461893449E+04
  0.1828169754673083E+01 -0.2545413750517773E+00  0.9146748535405597E+04
  0.1819999169967299E+01 -0.2466315055764818E+00  0.9121701518224359E+04
  0.1811828585230925E+01 -0.2387051714249486E+00  0.9098463793763691E+04
  0.1803658000465123E+01 -0.2307629017450062E+00  0.9077251616392952E+04
  0.1795487415671042E+01 -0.2228052267483099E+00  0.9051956055012161E+04
  0.1787316830849811E+01 -0.2148326776749467E+00  0.9025309114676576E+04
  0.1779146246002545E+01 -0.2068457867579697E+00  0.9001927392324516E+04
  0.1770975661130345E+01 -0.1988450871878683E+00  0.8987820882902730E+04
  0.1762805076234296E+01 -0.1908311130769725E+00  0.8971366623088692E+04
  0.1754634491315471E+01 -0.1828043994237966E+00  0.8955114335106982E+04
  0.1746463906374929E+01 -0.1747654820773241E+00  0.8937857438666955E+04
  0.1738293321413718E+01 -0.1667148977012352E+00  0.8923912390586498E+04
  0.1730122736432872E+01 -0.1586531837380799E+00  0.8906082666135419E+04
  0.1721952151433418E+01 -0.1505808783733995E+00  0.8891443285531837E+04
  0.1713781566416370E+01 -0.1424985204997981E+00  0.8878207607046261E+04
  0.1705610981382731E+01 -0.1344066496809675E+00  0.8866694443208664E+04
  0.1697440396333499E+01 -0.1263058061156663E+00  0.8851028772136751E+04
  0.1689269811269659E+01 -0.1181965306016578E+00  0.8836951414774216E+04
  0.1681099226192191E+01 -0.1100793644996070E+00  0.8817596689010323E+04
  0.1672928641102067E+01 -0.1019548496969404E+00  0.8796852019564052E+04
  0.1664758056000250E+01 -0.9382352857167028E-01  0.8775550216947047E+04
  0.1656587470887701E+01 -0.8568594395618719E-01  0.8755669473423635E+04
  0.1648416885765370E+01 -0.7754263910102077E-01  0.8734919721750017E+04
  0.1640246300634206E+01 -0.6939415763857371E-01  0.8713494629833316E+04
  0.1632075715495151E+01 -0.6124104354682962E-01  0.8687531767134240E+04
  0.1623905130349143E+01 -0.5308384111303818E-01  0.8663686194484186E+04
  0.1615734545197117E+01 -0.4492309489737940E-01  0.8640535292815266E+04
  0.1607563960040004E+01 -0.3675934969660982E-01  0.8623661415476427E+04
  0.1599393374878733E+01 -0.2859315050769285E-01  0.8606057293911970E+04
  0.1591222789714229E+01 -0.2042504249141571E-01  0.8588195676464531E+04
  0.1583052204547419E+01 -0.1225557093599554E-01  0.8563443636961001E+04
  0.1574881619379224E+01 -0.4085281220676868E-02  0.8539220869686644E+04
  0.1566711034210569E+01  0.4085281220676868E-02  0.8515288524835214E+04
  0.1558540449042374E+01  0.1225557093599554E-01  0.8499692500888252E+04
  0.1550369863875564E+01  0.2042504249141571E-01  0.8486337014961846E+04
  0.1542199278711061E+01  0.2859315050769285E-01  0.8483061152299328E+04
  0.1534028693549790E+01  0.3675934969660982E-01  0.8476037894583747E+04
  0.1525858108392677E+01  0.4492309489737940E-01  0.8468073466424659E+04
  0.1517687523240650E+01  0.5308384111303818E-01  0.8460515508936303E+04
  0.1509516938094642E+01  0.6124104354682962E-01  0.8452692814495938E+04
  0.1501346352955587E+01  0.6939415763857371E-01  0.8441355906456143E+04
  0.1493175767824423E+01  0.7754263910102077E-01  0.8441131208807517E+04
  0.1485005182702093E+01  0.8568594395618719E-01  0.8437177117553350E+04
  0.1476834597589543E+01  0.9382352857167028E-01  0.8434957524375384E+04
  0.1468664012487727E+01  0.1019548496969404E+00  0.8433745779182233E+04
  0.1460493427397602E+01  0.1100793644996070E+00  0.8437361034025924E+04
  0.1452322842320134E+01  0.1181965306016578E+00  0.8443600956170803E+04
  0.1444152257256294E+01  0.1263058061156663E+00  0.8452243183888419E+04
  0.1435981672207062E+01  0.1344066496809675E+00  0.8458053585967502E+04
  0.1427811087173423E+01  0.1424985204997981E+00  0.8469494978330231E+04
  0.1419640502156375E+01  0.1505808783733995E+00  0.8476751675820538E+04
  0.1411469917156921E+01  0.1586531837380799E+00  0.8487948260088095E+04
  0.1403299332176076E+01  0.1667148977012352E+00  0.8500364950088606E+04
  0.1395128747214864E+01  0.1747654820773241E+00  0.8516898737414733E+04
  0.1386958162274323E+01  0.1828043994237966E+00  0.8537664345977835E+04
  0.1378787577355497E+01  0.1908311130769725E+00  0.8565977853040575E+04
  0.1370616992459449E+01  0.1988450871878683E+00  0.8593505710723146E+04
  0.1362446407587248E+01  0.2068457867579697E+00  0.8626335710921609E+04
  0.1354275822739983E+01  0.2148326776749467E+00  0.8653500249617846E+04
  0.1346105237918751E+01  0.2228052267483099E+00  0.8683350053006061E+04
  0.1337934653124670E+01  0.2307629017450062E+00  0.8711756943697012E+04
  0.1329764068358868E+01  0.2387051714249486E+00  0.8741312870027055E+04
  0.1321593483622494E+01  0.2466315055764818E+00  0.8760921850870502E+04
  0.1313422898916710E+01  0.2545413750517773E+00  0.8783530808830457E+04
  0.1305252314242701E+01  0.2624342518021592E+00  0.8802694116438901E+04
  0.1297081729601665E+01  0.2703096089133553E+00  0.8828052717385715E+04
  0.1288911144994824E+01  0.2781669206406729E+00  0.8852563573014049E+04
  0.1280740560423418E+01  0.2860056624440968E+00  0.8882059354397625E+04
  0.1272569975888710E+01  0.2938253110233064E+00  0.8912896496775778E+04
  0.1264399391391984E+01  0.3016253443526109E+00  0.8952656792580603E+04
  0.1256228806934547E+01  0.3094052417157978E+00  0.8984854500269175E+04
  0.1248058222517730E+01  0.3171644837408958E+00  0.9017689729795095E+04
  0.1239887638142892E+01  0.3249025524348469E+00  0.9042319719255342E+04
  0.1231717053811414E+01  0.3326189312180866E+00  0.9067601388237521E+04
  0.1223546469524707E+01  0.3403131049590297E+00  0.9083546729257605E+04
  0.1215375885284210E+01  0.3479845600084601E+00  0.9103054928791324E+04
  0.1207205301091390E+01  0.3556327842338202E+00  0.9126106067654042E+04
  0.1199034716947747E+01  0.3632572670534011E+00  0.9164341169353564E+04
  0.1190864132854811E+01  0.3708574994704271E+00  0.9194991419712107E+04
  0.1182693548814147E+01  0.3784329741070359E+00  0.9231812483808631E+04
  0.1174522964827352E+01  0.3859831852381501E+00  0.9264051222431504E+04
  0.1166352380896063E+01  0.3935076288252386E+00  0.9298111501641775E+04
  0.1158181797021950E+01  0.4010058025499653E+00  0.9330335518672933E+04
  0.1150011213206726E+01  0.4084772058477228E+00  0.9369324839785297E+04
  0.1141840629452141E+01  0.4159213399410494E+00  0.9400638437093476E+04
  0.1133670045759989E+01  0.4233377078729265E+00  0.9435195023194079E+04
  0.1125499462132108E+01  0.4307258145399545E+00  0.9467348596216676E+04
  0.1117328878570381E+01  0.4380851667254050E+00  0.9506442555983507E+04
  0.1109158295076737E+01  0.4454152731321473E+00  0.9541385946093624E+04
  0.1100987711653159E+01  0.4527156444154464E+00  0.9585600380324646E+04
  0.1092817128301675E+01  0.4599857932156304E+00  0.9633290214481578E+04
  0.1084646545024371E+01  0.4672252341906264E+00  0.9679833152389674E+04
  0.1076475961823386E+01  0.4744334840483606E+00  0.9719936241692580E+04
  0.1068305378700920E+01  0.4816100615790221E+00  0.9764823987803746E+04
  0.1060134795659229E+01  0.4887544876871878E+00  0.9799706188903190E+04
  0.1051964212700635E+01  0.4958662854238058E+00  0.9841369201380603E+04
  0.1043793629827524E+01  0.5029449800180356E+00  0.9878715951742446E+04
  0.1035623047042350E+01  0.5099900989089429E+00  0.9921165067332146E+04
  0.1027452464347638E+01  0.5170011717770473E+00  0.9959227765306838E+04
  0.1019281881745987E+01  0.5239777305757194E+00  0.1000636891335032E+05
  0.1011111299240073E+01  0.5309193095624275E+00  0.1004428206276606E+05
  0.1002940716832650E+01  0.5378254453298289E+00  0.1009424501513286E+05
  0.9947701345265596E+00  0.5446956768367068E+00  0.1013736259356554E+05
  0.9865995523247275E+00  0.5515295454387482E+00  0.1019154545313909E+05
  0.9784289702301714E+00  0.5583265949191624E+00  0.1024015010778977E+05
  0.9702583882460036E+00  0.5650863715191369E+00  0.1029493475807991E+05
  0.9620878063754359E+00  0.5718084239681300E+00  0.1034810969440815E+05
  0.9539172246217830E+00  0.5784923035139965E+00  0.1041436779574818E+05
  0.9457466429884676E+00  0.5851375639529456E+00  0.1047305099843684E+05
  0.9375760614790253E+00  0.5917437616593286E+00  0.1053182130651410E+05
  0.9294054800971098E+00  0.5983104556152549E+00  0.1058948997201190E+05
  0.9212348988464978E+00  0.6048372074400329E+00  0.1066764264440736E+05
  0.9130643177310944E+00  0.6113235814194364E+00  0.1073692989882780E+05
  0.9048937367549402E+00  0.6177691445347914E+00  0.1081199094895497E+05
  0.8967231559222163E+00  0.6241734664918837E+00  0.1087984496100321E+05
  0.8885525752372514E+00  0.6305361197496849E+00  0.1095981937196712E+05
  0.8803819947045285E+00  0.6368566795488945E+00  0.1103851864529922E+05
  0.8722114143286931E+00  0.6431347239402948E+00  0.1112124131865401E+05
  0.8640408341145595E+00  0.6493698338129212E+00  0.1120719052693283E+05
  0.8558702540671204E+00  0.6555615929220400E+00  0.1129941082467623E+05
  0.8476996741915547E+00  0.6617095879169366E+00  0.1137944758098795E+05
  0.8395290944932369E+00  0.6678134083685102E+00  0.1145927412665798E+05
  0.8313585149777468E+00  0.6738726467966731E+00  0.1153998461629046E+05
  0.8231879356508802E+00  0.6798868986975534E+00  0.1162589517680824E+05
  0.8150173565186587E+00  0.6858557625704990E+00  0.1171730323363138E+05
  0.8068467775873427E+00  0.6917788399448808E+00  0.1181735831796076E+05
  0.7986761988634423E+00  0.6976557354066943E+00  0.1190184216736563E+05
  0.7905056203537315E+00  0.7034860566249567E+00  0.1199836142233345E+05
  0.7823350420652612E+00  0.7092694143778975E+00  0.1209785880960446E+05
  0.7741644640053743E+00  0.7150054225789432E+00  0.1220270276966924E+05
  0.7659938861817212E+00  0.7206936983024912E+00  0.1230559262965559E+05
  0.7578233086022768E+00  0.7263338618094733E+00  0.1242354490445626E+05
  0.7496527312753575E+00  0.7319255365727068E+00  0.1254149540722261E+05
  0.7414821542096410E+00  0.7374683493020299E+00  0.1266461225977875E+05
  0.7333115774141861E+00  0.7429619299692227E+00  0.1277276346908505E+05
  0.7251410008984539E+00  0.7484059118327094E+00  0.1289060600503402E+05
  0.7169704246723316E+00  0.7537999314620412E+00  0.1299447311164825E+05
  0.7087998487461566E+00  0.7591436287621580E+00  0.1311190128459292E+05
  0.7006292731307425E+00  0.7644366469974285E+00  0.1321195371430846E+05
  0.6924586978374083E+00  0.7696786328154644E+00  0.1332730094982233E+05
  0.6842881228780077E+00  0.7748692362707100E+00  0.1343979960900072E+05
  0.6761175482649616E+00  0.7800081108478040E+00  0.1355072701062577E+05
  0.6679469740112938E+00  0.7850949134847117E+00  0.1364737721289206E+05
  0.6597764001306670E+00  0.7901293045956280E+00  0.1375198930934621E+05
  0.6516058266374236E+00  0.7951109480936471E+00  0.1385432927554461E+05
  0.6434352535466297E+00  0.8000395114131988E+00  0.1397576391527923E+05
  0.6352646808741202E+00  0.8049146655322506E+00  0.1408678392855097E+05
  0.6270941086365502E+00  0.8097360849942720E+00  0.1421905333320930E+05
  0.6189235368514482E+00  0.8145034479299620E+00  0.1434284246654428E+05
  0.6107529655372755E+00  0.8192164360787360E+00  0.1448055266377646E+05
  0.6025823947134890E+00  0.8238747348099726E+00  0.1461884762801839E+05
  0.5944118244006098E+00  0.8284780331440178E+00  0.1477003744235204E+05
  0.5862412546202973E+00  0.8330260237729452E+00  0.1491042116517007E+05
  0.5780706853954301E+00  0.8375184030810715E+00  0.1506205583780007E+05
  0.5699001167501928E+00  0.8419548711652254E+00  0.1520894717772196E+05
  0.5617295487101719E+00  0.8463351318547683E+00  0.1536504435431410E+05
  0.5535589813024583E+00  0.8506588927313666E+00  0.1551332872131087E+05
  0.5453884145557613E+00  0.8549258651485127E+00  0.1567808418153779E+05
  0.5372178485005299E+00  0.8591357642507945E+00  0.1583329917205822E+05
  0.5290472831690897E+00  0.8632883089929120E+00  0.1600573315301924E+05
  0.5208767185957875E+00  0.8673832221584393E+00  0.1617432127347511E+05
  0.5127061548171545E+00  0.8714202303783312E+00  0.1636657896111987E+05
  0.5045355918720822E+00  0.8753990641491725E+00  0.1654275033700381E+05
  0.4963650298020162E+00  0.8793194578511700E+00  0.1673175060141699E+05
  0.4881944686511717E+00  0.8831811497658847E+00  0.1691040756309146E+05
  0.4800239084667671E+00  0.8869838820937034E+00  0.1711033860043545E+05
  0.4718533492992859E+00  0.8907274009710492E+00  0.1731087656804024E+05
  0.4636827912027636E+00  0.8944114564873288E+00  0.1754218585849398E+05
  0.4555122342351060E+00  0.8980358027016164E+00  0.1774473292566472E+05
  0.4473416784584431E+00  0.9016001976590722E+00  0.1796436381456380E+05
  0.4391711239395221E+00  0.9051044034070944E+00  0.1815477053251306E+05
  0.4310005707501444E+00  0.9085481860112055E+00  0.1837490615553712E+05
  0.4228300189676551E+00  0.9119313155706682E+00  0.1859109276136288E+05
  0.4146594686754885E+00  0.9152535662338340E+00  0.1883795998676561E+05
  0.4064889199637791E+00  0.9185147162132208E+00  0.1906295393280733E+05
  0.3983183729300507E+00  0.9217145478003181E+00  0.1931771487050470E+05
  0.3901478276799883E+00  0.9248528473801222E+00  0.1956246639038099E+05
  0.3819772843283120E+00  0.9279294054453956E+00  0.1983420849221995E+05
  0.3738067429997641E+00  0.9309440166106540E+00  0.2008764815629443E+05
  0.3656362038302282E+00  0.9338964796258775E+00  0.2039675314996720E+05
  0.3574656669680030E+00  0.9367865973899459E+00  0.2066766974831733E+05
  0.3492951325752533E+00  0.9396141769637963E+00  0.2098458829300997E+05
  0.3411246008296713E+00  0.9423790295833044E+00  0.2127548058084079E+05
  0.3329540719263814E+00  0.9450809706718851E+00  0.2159936632424208E+05
  0.3247835460801308E+00  0.9477198198528157E+00  0.2193088835713801E+05
  0.3166130235278230E+00  0.9502954009612771E+00  0.2232803202440432E+05
  0.3084425045314506E+00  0.9528075420561144E+00  0.2268666891804998E+05
  0.3002719893815085E+00  0.9552560754313160E+00  0.2311395589023726E+05
  0.2921014784009779E+00  0.9576408376272095E+00  0.2353057895554732E+05
  0.2839309719500016E+00  0.9599616694413742E+00  0.2400778715397005E+05
  0.2757604704313845E+00  0.9622184159392698E+00  0.2445308511864999E+05
  0.2675899742971076E+00  0.9644109264645802E+00  0.2495096376147644E+05
  0.2594194840560681E+00  0.9665390546492710E+00  0.2541281737778763E+05
  0.2512490002833307E+00  0.9686026584233628E+00  0.2593926927702259E+05
  0.2430785236312446E+00  0.9706016000244151E+00  0.2645760350161713E+05
  0.2349080548428762E+00  0.9725357460067257E+00  0.2704852372533598E+05
  0.2267375947683499E+00  0.9744049672502397E+00  0.2761759868469750E+05
  0.2185671443848464E+00  0.9762091389691724E+00  0.2827052327418908E+05
  0.2103967048212628E+00  0.9779481407203411E+00  0.2886903851885740E+05
  0.2022262773888417E+00  0.9796218564112101E+00  0.2954985197486224E+05
  0.1940558636195398E+00  0.9812301743076443E+00  0.3018323756323209E+05
  0.1858854653144977E+00  0.9827729870413743E+00  0.3095261880878152E+05
  0.1777150846058812E+00  0.9842501916171713E+00  0.3167493242807508E+05
  0.1695447240365762E+00  0.9856616894197333E+00  0.3247023820283381E+05
  0.1613743866640789E+00  0.9870073862202815E+00  0.3319635147807685E+05
  0.1532040761975885E+00  0.9882871921828699E+00  0.3405349931611243E+05
  0.1450337971813853E+00  0.9895010218704087E+00  0.3488027274954874E+05
  0.1368635552438019E+00  0.9906487942504061E+00  0.3579773900876730E+05
  0.1286933574408989E+00  0.9917304327004320E+00  0.3671077016984234E+05
  0.1205232127396896E+00  0.9927458650133153E+00  0.3786027629605957E+05
  0.1123531327118049E+00  0.9936950234020883E+00  0.3890489765810390E+05
  0.1041831325528455E+00  0.9945778445047068E+00  0.4016765842264346E+05
  0.9601323262085862E-01  0.9953942693885953E+00  0.4123235145292118E+05
  0.8784346083082471E-01  0.9961442435551087E+00  0.4261155868952387E+05
  0.7967385651719167E-01  0.9968277169440913E+00  0.4378193747122567E+05
  0.7150447693306423E-01  0.9974446439389107E+00  0.4518172075199497E+05
  0.6333540875299180E-01  0.9979949833727938E+00  0.4623213279266455E+05
  0.5516678972815772E-01  0.9984786985384589E+00  0.4762629746020641E+05
  0.4699885272846815E-01  0.9988957572063257E+00  0.4865095543418842E+05
  0.3883202470742381E-01  0.9992461316671845E+00  0.5031530640131881E+05
  0.3066718105470672E-01  0.9995297988558859E+00  0.5141990834091562E+05
  0.2250643816359393E-01  0.9997467408113523E+00  0.5437335153029796E+05
  0.1435650599352885E-01  0.9998969471378596E+00  0.5696935256980787E+05
  0.6254421014113626E-02  0.9999804411726474E+00  0.6780592248271918E+05
