# nlmax, ncor, nside =         383           1         128
  0.3135338232575680E+01 -0.9999804411726474E+00  0.1888813352552419E+10
  0.3127236147596264E+01 -0.9998969471378596E+00  0.1861067203187654E+10
  0.3119086215426199E+01 -0.9997467408113523E+00  0.1818146846602750E+10
  0.3110925472535087E+01 -0.9995297988558859E+00  0.1767883776271423E+10
  0.3102760628882369E+01 -0.9992461316671845E+00  0.1714193321598917E+10
  0.3094593800861325E+01 -0.9988957572063257E+00  0.1656990754227247E+10
  0.3086425863861635E+01 -0.9984786985384589E+00  0.1598311999815306E+10
  0.3078257244836801E+01 -0.9979949833727938E+00  0.1542933954914931E+10
  0.3070088176656729E+01 -0.9974446439389107E+00  0.1490897141653825E+10
  0.3061918797072602E+01 -0.9968277169440913E+00  0.1436891772008671E+10
  0.3053749192758969E+01 -0.9961442435551087E+00  0.1378461167136624E+10
  0.3045579420968934E+01 -0.9953942693885953E+00  0.1318665904453533E+10
  0.3037409521036948E+01 -0.9945778445047068E+00  0.1261750995305094E+10
  0.3029239520877988E+01 -0.9936950234020883E+00  0.1210480412111785E+10
  0.3021069440850104E+01 -0.9927458650133153E+00  0.1166496150863560E+10
  0.3012899296148894E+01 -0.9917304327004320E+00  0.1130578685682113E+10
  0.3004729098345992E+01 -0.9906487942504061E+00  0.1101882600586318E+10
  0.2996558856408408E+01 -0.9895010218704087E+00  0.1077833623094433E+10
  0.2988388577392205E+01 -0.9882871921828699E+00  0.1055430568773745E+10
  0.2980218266925714E+01 -0.9870073862202815E+00  0.1032704297278283E+10
  0.2972047929553217E+01 -0.9856616894197333E+00  0.1009324824403700E+10
  0.2963877568983912E+01 -0.9842501916171713E+00  0.9862315127692958E+09
  0.2955707188275296E+01 -0.9827729870413743E+00  0.9648540727128631E+09
  0.2947536789970254E+01 -0.9812301743076443E+00  0.9460879843050115E+09
  0.2939366376200951E+01 -0.9796218564112101E+00  0.9293378539215094E+09
  0.2931195948768531E+01 -0.9779481407203411E+00  0.9131563943308176E+09
  0.2923025509204947E+01 -0.9762091389691724E+00  0.8969679570970466E+09
  0.2914855058821443E+01 -0.9744049672502397E+00  0.8810586539697465E+09
  0.2906684598746917E+01 -0.9725357460067257E+00  0.8653640272777604E+09
  0.2898514129958549E+01 -0.9706016000244151E+00  0.8496212337153113E+09
  0.2890343653306462E+01 -0.9686026584233628E+00  0.8342560851263480E+09
  0.2882173169533725E+01 -0.9665390546492710E+00  0.8204545196552417E+09
  0.2874002679292686E+01 -0.9644109264645802E+00  0.8093499497990242E+09
  0.2865832183158409E+01 -0.9622184159392698E+00  0.8007219427799201E+09
  0.2857661681639792E+01 -0.9599616694413742E+00  0.7925579269708976E+09
  0.2849491175188815E+01 -0.9576408376272095E+00  0.7826030601180488E+09
  0.2841320664208285E+01 -0.9552560754313160E+00  0.7701151249292144E+09
  0.2833150149058343E+01 -0.9528075420561144E+00  0.7558461195101197E+09
  0.2824979630061970E+01 -0.9502954009612771E+00  0.7413834941756420E+09
  0.2816809107509663E+01 -0.9477198198528157E+00  0.7288157713934839E+09
  0.2808638581663412E+01 -0.9450809706718851E+00  0.7192816104631791E+09
  0.2800468052760122E+01 -0.9423790295833044E+00  0.7109945557776911E+09
  0.2792297521014540E+01 -0.9396141769637963E+00  0.7002835284756792E+09
  0.2784126986621790E+01 -0.9367865973899459E+00  0.6852164721720257E+09
  0.2775956449759565E+01 -0.9338964796258775E+00  0.6669236392076616E+09
  0.2767785910590029E+01 -0.9309440166106540E+00  0.6474610897727926E+09
  0.2759615369261481E+01 -0.9279294054453956E+00  0.6278364105014129E+09
  0.2751444825909805E+01 -0.9248528473801222E+00  0.6083140935520192E+09
  0.2743274280659743E+01 -0.9217145478003181E+00  0.5894968628618307E+09
  0.2735103733626014E+01 -0.9185147162132208E+00  0.5724070959499178E+09
  0.2726933184914305E+01 -0.9152535662338340E+00  0.5577229670428268E+09
  0.2718762634622138E+01 -0.9119313155706682E+00  0.5453172701821052E+09
  0.2710592082839649E+01 -0.9085481860112055E+00  0.5345776469152506E+09
  0.2702421529650271E+01 -0.9051044034070944E+00  0.5248843488838128E+09
  0.2694250975131350E+01 -0.9016001976590722E+00  0.5157260714954687E+09
  0.2686080419354687E+01 -0.8980358027016164E+00  0.5067567968539453E+09
  0.2677909862387029E+01 -0.8944114564873288E+00  0.4979499072925583E+09
  0.2669739304290507E+01 -0.8907274009710492E+00  0.4894592007738054E+09
  0.2661568745123026E+01 -0.8869838820937034E+00  0.4812719630592927E+09
  0.2653398184938621E+01 -0.8831811497658847E+00  0.4732319189432834E+09
  0.2645227623787777E+01 -0.8793194578511700E+00  0.4653316846316239E+09
  0.2637057061717711E+01 -0.8753990641491725E+00  0.4576589814143744E+09
  0.2628886498772639E+01 -0.8714202303783312E+00  0.4501295720899276E+09
  0.2620715934994006E+01 -0.8673832221584393E+00  0.4425485011269997E+09
  0.2612545370420704E+01 -0.8632883089929120E+00  0.4348613706502835E+09
  0.2604374805089263E+01 -0.8591357642507945E+00  0.4272154101316226E+09
  0.2596204239034032E+01 -0.8549258651485127E+00  0.4198320114284085E+09
  0.2588033672287335E+01 -0.8506588927313666E+00  0.4129702006281790E+09
  0.2579863104879621E+01 -0.8463351318547683E+00  0.4069322662690914E+09
  0.2571692536839600E+01 -0.8419548711652254E+00  0.4018168641183003E+09
  0.2563521968194363E+01 -0.8375184030810715E+00  0.3973370378648731E+09
  0.2555351398969496E+01 -0.8330260237729452E+00  0.3930896883601470E+09
  0.2547180829189184E+01 -0.8284780331440178E+00  0.3888311720531262E+09
  0.2539010258876304E+01 -0.8238747348099726E+00  0.3844482004842761E+09
  0.2530839688052518E+01 -0.8192164360787360E+00  0.3799733157160212E+09
  0.2522669116738345E+01 -0.8145034479299620E+00  0.3756482231091092E+09
  0.2514498544953243E+01 -0.8097360849942720E+00  0.3717002471844291E+09
  0.2506327972715673E+01 -0.8049146655322506E+00  0.3680234187820830E+09
  0.2498157400043163E+01 -0.8000395114131988E+00  0.3642177051961598E+09
  0.2489986826952370E+01 -0.7951109480936471E+00  0.3599936345700479E+09
  0.2481816253459126E+01 -0.7901293045956280E+00  0.3554314471836712E+09
  0.2473645679578500E+01 -0.7850949134847117E+00  0.3507659970798270E+09
  0.2465475105324832E+01 -0.7800081108478040E+00  0.3460611052362197E+09
  0.2457304530711785E+01 -0.7748692362707100E+00  0.3411784227859040E+09
  0.2449133955752385E+01 -0.7696786328154644E+00  0.3360275925483826E+09
  0.2440963380459050E+01 -0.7644366469974285E+00  0.3307789608067621E+09
  0.2432792804843637E+01 -0.7591436287621580E+00  0.3257248300814725E+09
  0.2424622228917462E+01 -0.7537999314620412E+00  0.3210571371884374E+09
  0.2416451652691339E+01 -0.7484059118327094E+00  0.3168941234395194E+09
  0.2408281076175607E+01 -0.7429619299692227E+00  0.3132996541498114E+09
  0.2400110499380152E+01 -0.7374683493020299E+00  0.3101785452407941E+09
  0.2391939922314436E+01 -0.7319255365727068E+00  0.3073449209266340E+09
  0.2383769344987516E+01 -0.7263338618094733E+00  0.3047248695264274E+09
  0.2375598767408072E+01 -0.7206936983024912E+00  0.3023678410458363E+09
  0.2367428189584419E+01 -0.7150054225789432E+00  0.3002886604624543E+09
  0.2359257611524532E+01 -0.7092694143778975E+00  0.2984242600663224E+09
  0.2351087033236062E+01 -0.7034860566249567E+00  0.2967384869845776E+09
  0.2342916454726351E+01 -0.6976557354066943E+00  0.2952146053213971E+09
  0.2334745876002450E+01 -0.6917788399448808E+00  0.2937239852800282E+09
  0.2326575297071134E+01 -0.6858557625704990E+00  0.2920784935709719E+09
  0.2318404717938913E+01 -0.6798868986975534E+00  0.2902296189834909E+09
  0.2310234138612046E+01 -0.6738726467966731E+00  0.2882864038207812E+09
  0.2302063559096557E+01 -0.6678134083685102E+00  0.2863546092190672E+09
  0.2293892979398239E+01 -0.6617095879169366E+00  0.2844771300219337E+09
  0.2285722399522673E+01 -0.6555615929220400E+00  0.2826834120175570E+09
  0.2277551819475234E+01 -0.6493698338129212E+00  0.2809896961305221E+09
  0.2269381239261100E+01 -0.6431347239402948E+00  0.2793966206296000E+09
  0.2261210658885265E+01 -0.6368566795488945E+00  0.2779093027200637E+09
  0.2253040078352542E+01 -0.6305361197496849E+00  0.2765002189720608E+09
  0.2244869497667577E+01 -0.6241734664918837E+00  0.2750884051286226E+09
  0.2236698916834853E+01 -0.6177691445347914E+00  0.2736016372711463E+09
  0.2228528335858699E+01 -0.6113235814194364E+00  0.2720467712808342E+09
  0.2220357754743295E+01 -0.6048372074400329E+00  0.2705010571477139E+09
  0.2212187173492683E+01 -0.5983104556152549E+00  0.2690219143471869E+09
  0.2204016592110768E+01 -0.5917437616593286E+00  0.2675800019807920E+09
  0.2195846010601326E+01 -0.5851375639529456E+00  0.2660882333946521E+09
  0.2187675428968010E+01 -0.5784923035139965E+00  0.2644467362873510E+09
  0.2179504847214357E+01 -0.5718084239681300E+00  0.2626062433119360E+09
  0.2171334265343789E+01 -0.5650863715191369E+00  0.2606353054247562E+09
  0.2163163683359622E+01 -0.5583265949191624E+00  0.2586798851931629E+09
  0.2154993101265066E+01 -0.5515295454387482E+00  0.2568478971976915E+09
  0.2146822519063234E+01 -0.5446956768367068E+00  0.2551877140070066E+09
  0.2138651936757143E+01 -0.5378254453298289E+00  0.2537421495399237E+09
  0.2130481354349721E+01 -0.5309193095624275E+00  0.2525390605290086E+09
  0.2122310771843806E+01 -0.5239777305757194E+00  0.2515421182041482E+09
  0.2114140189242155E+01 -0.5170011717770473E+00  0.2506482107087460E+09
  0.2105969606547443E+01 -0.5099900989089429E+00  0.2497349178069445E+09
  0.2097799023762269E+01 -0.5029449800180356E+00  0.2487018287306864E+09
  0.2089628440889158E+01 -0.4958662854238058E+00  0.2474808492324891E+09
  0.2081457857930564E+01 -0.4887544876871878E+00  0.2460706597376679E+09
  0.2073287274888874E+01 -0.4816100615790221E+00  0.2445546700186501E+09
  0.2065116691766407E+01 -0.4744334840483606E+00  0.2430290007793835E+09
  0.2056946108565423E+01 -0.4672252341906264E+00  0.2415397093483775E+09
  0.2048775525288118E+01 -0.4599857932156304E+00  0.2401427271894037E+09
  0.2040604941936635E+01 -0.4527156444154464E+00  0.2389379570083803E+09
  0.2032434358513056E+01 -0.4454152731321473E+00  0.2379576961631474E+09
  0.2024263775019413E+01 -0.4380851667254050E+00  0.2371177157019653E+09
  0.2016093191457685E+01 -0.4307258145399545E+00  0.2363434173569824E+09
  0.2007922607829804E+01 -0.4233377078729265E+00  0.2356466619689385E+09
  0.1999752024137653E+01 -0.4159213399410494E+00  0.2350482781398622E+09
  0.1991581440383068E+01 -0.4084772058477228E+00  0.2345323215407745E+09
  0.1983410856567843E+01 -0.4010058025499653E+00  0.2341137599731855E+09
  0.1975240272693730E+01 -0.3935076288252386E+00  0.2338404668044752E+09
  0.1967069688762441E+01 -0.3859831852381501E+00  0.2336844101987258E+09
  0.1958899104775647E+01 -0.3784329741070359E+00  0.2335419656909340E+09
  0.1950728520734982E+01 -0.3708574994704271E+00  0.2333548885275961E+09
  0.1942557936642046E+01 -0.3632572670534011E+00  0.2330928377699091E+09
  0.1934387352498403E+01 -0.3556327842338202E+00  0.2326736899150808E+09
  0.1926216768305583E+01 -0.3479845600084601E+00  0.2320303822082020E+09
  0.1918046184065086E+01 -0.3403131049590297E+00  0.2311819560456600E+09
  0.1909875599778379E+01 -0.3326189312180866E+00  0.2301828447210657E+09
  0.1901705015446901E+01 -0.3249025524348469E+00  0.2290844425068824E+09
  0.1893534431072063E+01 -0.3171644837408958E+00  0.2279488037496585E+09
  0.1885363846655247E+01 -0.3094052417157978E+00  0.2268244125181855E+09
  0.1877193262197810E+01 -0.3016253443526109E+00  0.2257291445953211E+09
  0.1869022677701083E+01 -0.2938253110233064E+00  0.2247017388341261E+09
  0.1860852093166375E+01 -0.2860056624440968E+00  0.2238309063792493E+09
  0.1852681508594969E+01 -0.2781669206406729E+00  0.2231913232522897E+09
  0.1844510923988128E+01 -0.2703096089133553E+00  0.2227535004633985E+09
  0.1836340339347093E+01 -0.2624342518021592E+00  0.2224184880607931E+09
  0.1828169754673083E+01 -0.2545413750517773E+00  0.2221286100874164E+09
  0.1819999169967299E+01 -0.2466315055764818E+00  0.2219024121313469E+09
  0.1811828585230925E+01 -0.2387051714249486E+00  0.2218323604247202E+09
  0.1803658000465123E+01 -0.2307629017450062E+00  0.2220436173019668E+09
  0.1795487415671042E+01 -0.2228052267483099E+00  0.2225584594856725E+09
  0.1787316830849811E+01 -0.2148326776749467E+00  0.2232461715630749E+09
  0.1779146246002545E+01 -0.2068457867579697E+00  0.2239426717163701E+09
  0.1770975661130345E+01 -0.1988450871878683E+00  0.2245425259520129E+09
  0.1762805076234296E+01 -0.1908311130769725E+00  0.2249957982349260E+09
  0.1754634491315471E+01 -0.1828043994237966E+00  0.2253220986431264E+09
  0.1746463906374929E+01 -0.1747654820773241E+00  0.2256050880246328E+09
  0.1738293321413718E+01 -0.1667148977012352E+00  0.2259015408601636E+09
  0.1730122736432872E+01 -0.1586531837380799E+00  0.2261704771615056E+09
  0.1721952151433418E+01 -0.1505808783733995E+00  0.2263457258318586E+09
  0.1713781566416370E+01 -0.1424985204997981E+00  0.2264753478524481E+09
  0.1705610981382731E+01 -0.1344066496809675E+00  0.2267093027425955E+09
  0.1697440396333499E+01 -0.1263058061156663E+00  0.2271069934491227E+09
  0.1689269811269659E+01 -0.1181965306016578E+00  0.2275883931012739E+09
  0.1681099226192191E+01 -0.1100793644996070E+00  0.2281294593220515E+09
  0.1672928641102067E+01 -0.1019548496969404E+00  0.2288280125495861E+09
  0.1664758056000250E+01 -0.9382352857167028E-01  0.2297154258519377E+09
  0.1656587470887701E+01 -0.8568594395618719E-01  0.2306731333992801E+09
  0.1648416885765370E+01 -0.7754263910102077E-01  0.2316079688672323E+09
  0.1640246300634206E+01 -0.6939415763857371E-01  0.2325968207618227E+09
  0.1632075715495151E+01 -0.6124104354682962E-01  0.2337453397949674E+09
  0.1623905130349143E+01 -0.5308384111303818E-01  0.2349832354022993E+09
  0.1615734545197117E+01 -0.4492309489737940E-01  0.2361033642314365E+09
  0.1607563960040004E+01 -0.3675934969660982E-01  0.2369369024438700E+09
  0.1599393374878733E+01 -0.2859315050769285E-01  0.2374036931140460E+09
  0.1591222789714229E+01 -0.2042504249141571E-01  0.2374832010641140E+09
  0.1583052204547419E+01 -0.1225557093599554E-01  0.2372137849641903E+09
  0.1574881619379224E+01 -0.4085281220676868E-02  0.2366679107690237E+09
  0.1566711034210569E+01  0.4085281220676868E-02  0.2359084598071104E+09
  0.1558540449042374E+01  0.1225557093599554E-01  0.2350045547821527E+09
  0.1550369863875564E+01  0.2042504249141571E-01  0.2340485064362878E+09
  0.1542199278711061E+01  0.2859315050769285E-01  0.2331361852691443E+09
  0.1534028693549790E+01  0.3675934969660982E-01  0.2323440138154488E+09
  0.1525858108392677E+01  0.4492309489737940E-01  0.2317303669935306E+09
  0.1517687523240650E+01  0.5308384111303818E-01  0.2313545150595266E+09
  0.1509516938094642E+01  0.6124104354682962E-01  0.2312749296041681E+09
  0.1501346352955587E+01  0.6939415763857371E-01  0.2315004249893892E+09
  0.1493175767824423E+01  0.7754263910102077E-01  0.2319583896059480E+09
  0.1485005182702093E+01  0.8568594395618719E-01  0.2325731497195633E+09
  0.1476834597589543E+01  0.9382352857167028E-01  0.2333596186280739E+09
  0.1468664012487727E+01  0.1019548496969404E+00  0.2343556281314279E+09
  0.1460493427397602E+01  0.1100793644996070E+00  0.2355063704696211E+09
  0.1452322842320134E+01  0.1181965306016578E+00  0.2367111134116725E+09
  0.1444152257256294E+01  0.1263058061156663E+00  0.2379569271387826E+09
  0.1435981672207062E+01  0.1344066496809675E+00  0.2392825409007015E+09
  0.1427811087173423E+01  0.1424985204997981E+00  0.2406593431452814E+09
  0.1419640502156375E+01  0.1505808783733995E+00  0.2420513011349243E+09
  0.1411469917156921E+01  0.1586531837380799E+00  0.2434901609941869E+09
  0.1403299332176076E+01  0.1667148977012352E+00  0.2449346045215611E+09
  0.1395128747214864E+01  0.1747654820773241E+00  0.2461979537969771E+09
  0.1386958162274323E+01  0.1828043994237966E+00  0.2471169290390607E+09
  0.1378787577355497E+01  0.1908311130769725E+00  0.2476830779732699E+09
  0.1370616992459449E+01  0.1988450871878683E+00  0.2479634907511252E+09
  0.1362446407587248E+01  0.2068457867579697E+00  0.2479765473750075E+09
  0.1354275822739983E+01  0.2148326776749467E+00  0.2477390178523894E+09
  0.1346105237918751E+01  0.2228052267483099E+00  0.2473774128744182E+09
  0.1337934653124670E+01  0.2307629017450062E+00  0.2470507475233455E+09
  0.1329764068358868E+01  0.2387051714249486E+00  0.2468360102469155E+09
  0.1321593483622494E+01  0.2466315055764818E+00  0.2467677596865542E+09
  0.1313422898916710E+01  0.2545413750517773E+00  0.2468821020162395E+09
  0.1305252314242701E+01  0.2624342518021592E+00  0.2471692304451965E+09
  0.1297081729601665E+01  0.2703096089133553E+00  0.2475794891658837E+09
  0.1288911144994824E+01  0.2781669206406729E+00  0.2480943961789630E+09
  0.1280740560423418E+01  0.2860056624440968E+00  0.2487688386251027E+09
  0.1272569975888710E+01  0.2938253110233064E+00  0.2496592650103465E+09
  0.1264399391391984E+01  0.3016253443526109E+00  0.2507198852712372E+09
  0.1256228806934547E+01  0.3094052417157978E+00  0.2518376233110888E+09
  0.1248058222517730E+01  0.3171644837408958E+00  0.2529654595855319E+09
  0.1239887638142892E+01  0.3249025524348469E+00  0.2541266593186181E+09
  0.1231717053811414E+01  0.3326189312180866E+00  0.2553075423106938E+09
  0.1223546469524707E+01  0.3403131049590297E+00  0.2564662486973878E+09
  0.1215375885284210E+01  0.3479845600084601E+00  0.2576335901530478E+09
  0.1207205301091390E+01  0.3556327842338202E+00  0.2589151100401727E+09
  0.1199034716947747E+01  0.3632572670534011E+00  0.2603703873037494E+09
  0.1190864132854811E+01  0.3708574994704271E+00  0.2619222744702073E+09
  0.1182693548814147E+01  0.3784329741070359E+00  0.2634447058145241E+09
  0.1174522964827352E+01  0.3859831852381501E+00  0.2649093781639027E+09
  0.1166352380896063E+01  0.3935076288252386E+00  0.2663977613673258E+09
  0.1158181797021950E+01  0.4010058025499653E+00  0.2680033280852828E+09
  0.1150011213206726E+01  0.4084772058477228E+00  0.2697571294084508E+09
  0.1141840629452141E+01  0.4159213399410494E+00  0.2716338207750053E+09
  0.1133670045759989E+01  0.4233377078729265E+00  0.2736461394224176E+09
  0.1125499462132108E+01  0.4307258145399545E+00  0.2758827399622125E+09
  0.1117328878570381E+01  0.4380851667254050E+00  0.2784135808070972E+09
  0.1109158295076737E+01  0.4454152731321473E+00  0.2812077458443756E+09
  0.1100987711653159E+01  0.4527156444154464E+00  0.2841747009057404E+09
  0.1092817128301675E+01  0.4599857932156304E+00  0.2872175825890626E+09
  0.1084646545024371E+01  0.4672252341906264E+00  0.2902444782986082E+09
  0.1076475961823386E+01  0.4744334840483606E+00  0.2931529508784829E+09
  0.1068305378700920E+01  0.4816100615790221E+00  0.2958764385323064E+09
  0.1060134795659229E+01  0.4887544876871878E+00  0.2984887180521454E+09
  0.1051964212700635E+01  0.4958662854238058E+00  0.3011855996693164E+09
  0.1043793629827524E+01  0.5029449800180356E+00  0.3040906712098652E+09
  0.1035623047042350E+01  0.5099900989089429E+00  0.3071493774634854E+09
  0.1027452464347638E+01  0.5170011717770473E+00  0.3102635770949335E+09
  0.1019281881745987E+01  0.5239777305757194E+00  0.3134110973727633E+09
  0.1011111299240073E+01  0.5309193095624275E+00  0.3165611248244419E+09
  0.1002940716832650E+01  0.5378254453298289E+00  0.3196243613489976E+09
  0.9947701345265596E+00  0.5446956768367068E+00  0.3225649820418591E+09
  0.9865995523247275E+00  0.5515295454387482E+00  0.3254395688607270E+09
  0.9784289702301714E+00  0.5583265949191624E+00  0.3282833319197387E+09
  0.9702583882460036E+00  0.5650863715191369E+00  0.3310937746857233E+09
  0.9620878063754359E+00  0.5718084239681300E+00  0.3338853242995979E+09
  0.9539172246217830E+00  0.5784923035139965E+00  0.3366888394044309E+09
  0.9457466429884676E+00  0.5851375639529456E+00  0.3395699491682537E+09
  0.9375760614790253E+00  0.5917437616593286E+00  0.3426622577964545E+09
  0.9294054800971098E+00  0.5983104556152549E+00  0.3461040877799835E+09
  0.9212348988464978E+00  0.6048372074400329E+00  0.3499493851255378E+09
  0.9130643177310944E+00  0.6113235814194364E+00  0.3541673965708145E+09
  0.9048937367549402E+00  0.6177691445347914E+00  0.3586793896111693E+09
  0.8967231559222163E+00  0.6241734664918837E+00  0.3633592793353813E+09
  0.8885525752372514E+00  0.6305361197496849E+00  0.3680822296642164E+09
  0.8803819947045285E+00  0.6368566795488945E+00  0.3727435551480901E+09
  0.8722114143286931E+00  0.6431347239402948E+00  0.3771903318792160E+09
  0.8640408341145595E+00  0.6493698338129212E+00  0.3812761492055391E+09
  0.8558702540671204E+00  0.6555615929220400E+00  0.3849845670814836E+09
  0.8476996741915547E+00  0.6617095879169366E+00  0.3883965558313372E+09
  0.8395290944932369E+00  0.6678134083685102E+00  0.3917115056652730E+09
  0.8313585149777468E+00  0.6738726467966731E+00  0.3952269457050012E+09
  0.8231879356508802E+00  0.6798868986975534E+00  0.3990667336039220E+09
  0.8150173565186587E+00  0.6858557625704990E+00  0.4030718595437408E+09
  0.8068467775873427E+00  0.6917788399448808E+00  0.4071308968068699E+09
  0.7986761988634423E+00  0.6976557354066943E+00  0.4114082167584013E+09
  0.7905056203537315E+00  0.7034860566249567E+00  0.4160477828550283E+09
  0.7823350420652612E+00  0.7092694143778975E+00  0.4208407769551888E+09
  0.7741644640053743E+00  0.7150054225789432E+00  0.4255010059671896E+09
  0.7659938861817212E+00  0.7206936983024912E+00  0.4301205513439310E+09
  0.7578233086022768E+00  0.7263338618094733E+00  0.4350085524688278E+09
  0.7496527312753575E+00  0.7319255365727068E+00  0.4402341580559416E+09
  0.7414821542096410E+00  0.7374683493020299E+00  0.4456947782997890E+09
  0.7333115774141861E+00  0.7429619299692227E+00  0.4514711693323759E+09
  0.7251410008984539E+00  0.7484059118327094E+00  0.4578195295602994E+09
  0.7169704246723316E+00  0.7537999314620412E+00  0.4648617970864617E+09
  0.7087998487461566E+00  0.7591436287621580E+00  0.4724180703877551E+09
  0.7006292731307425E+00  0.7644366469974285E+00  0.4801541370752308E+09
  0.6924586978374083E+00  0.7696786328154644E+00  0.4878812220296389E+09
  0.6842881228780077E+00  0.7748692362707100E+00  0.4956359655739796E+09
  0.6761175482649616E+00  0.7800081108478040E+00  0.5035070259313003E+09
  0.6679469740112938E+00  0.7850949134847117E+00  0.5115268250530002E+09
  0.6597764001306670E+00  0.7901293045956280E+00  0.5197574848878930E+09
  0.6516058266374236E+00  0.7951109480936471E+00  0.5282668903352146E+09
  0.6434352535466297E+00  0.8000395114131988E+00  0.5370370584181044E+09
  0.6352646808741202E+00  0.8049146655322506E+00  0.5460756297373518E+09
  0.6270941086365502E+00  0.8097360849942720E+00  0.5555371086302462E+09
  0.6189235368514482E+00  0.8145034479299620E+00  0.5656237401841804E+09
  0.6107529655372755E+00  0.8192164360787360E+00  0.5763864930299314E+09
  0.6025823947134890E+00  0.8238747348099726E+00  0.5875448062465540E+09
  0.5944118244006098E+00  0.8284780331440178E+00  0.5985629066277421E+09
  0.5862412546202973E+00  0.8330260237729452E+00  0.6091004412633874E+09
  0.5780706853954301E+00  0.8375184030810715E+00  0.6195132419943753E+09
  0.5699001167501928E+00  0.8419548711652254E+00  0.6306203800510106E+09
  0.5617295487101719E+00  0.8463351318547683E+00  0.6428050127233614E+09
  0.5535589813024583E+00  0.8506588927313666E+00  0.6557635149513458E+09
  0.5453884145557613E+00  0.8549258651485127E+00  0.6692883645019187E+09
  0.5372178485005299E+00  0.8591357642507945E+00  0.6836125284009207E+09
  0.5290472831690897E+00  0.8632883089929120E+00  0.6987701013035728E+09
  0.5208767185957875E+00  0.8673832221584393E+00  0.7142117055566915E+09
  0.5127061548171545E+00  0.8714202303783312E+00  0.7294193544436895E+09
  0.5045355918720822E+00  0.8753990641491725E+00  0.7445260148679271E+09
  0.4963650298020162E+00  0.8793194578511700E+00  0.7599272336111084E+09
  0.4881944686511717E+00  0.8831811497658847E+00  0.7755955537896843E+09
  0.4800239084667671E+00  0.8869838820937034E+00  0.7912232088933403E+09
  0.4718533492992859E+00  0.8907274009710492E+00  0.8067171710964607E+09
  0.4636827912027636E+00  0.8944114564873288E+00  0.8223958299787506E+09
  0.4555122342351060E+00  0.8980358027016164E+00  0.8389359924564162E+09
  0.4473416784584431E+00  0.9016001976590722E+00  0.8570713021837080E+09
  0.4391711239395221E+00  0.9051044034070944E+00  0.8771629109320225E+09
  0.4310005707501444E+00  0.9085481860112055E+00  0.8991668630648538E+09
  0.4228300189676551E+00  0.9119313155706682E+00  0.9228746276229850E+09
  0.4146594686754885E+00  0.9152535662338340E+00  0.9480016136355835E+09
  0.4064889199637791E+00  0.9185147162132208E+00  0.9740972994547446E+09
  0.3983183729300507E+00  0.9217145478003181E+00  0.1000559308931567E+10
  0.3901478276799883E+00  0.9248528473801222E+00  0.1027004831184620E+10
  0.3819772843283120E+00  0.9279294054453956E+00  0.1053323984507053E+10
  0.3738067429997641E+00  0.9309440166106540E+00  0.1079089502817403E+10
  0.3656362038302282E+00  0.9338964796258775E+00  0.1103718975289453E+10
  0.3574656669680030E+00  0.9367865973899459E+00  0.1127287741940715E+10
  0.3492951325752533E+00  0.9396141769637963E+00  0.1150408810828077E+10
  0.3411246008296713E+00  0.9423790295833044E+00  0.1173463156142387E+10
  0.3329540719263814E+00  0.9450809706718851E+00  0.1196705429328864E+10
  0.3247835460801308E+00  0.9477198198528157E+00  0.1220656173589424E+10
  0.3166130235278230E+00  0.9502954009612771E+00  0.1245307890554047E+10
  0.3084425045314506E+00  0.9528075420561144E+00  0.1269350497226560E+10
  0.3002719893815085E+00  0.9552560754313160E+00  0.1291527316890845E+10
  0.2921014784009779E+00  0.9576408376272095E+00  0.1312401617561394E+10
  0.2839309719500016E+00  0.9599616694413742E+00  0.1333865124774875E+10
  0.2757604704313845E+00  0.9622184159392698E+00  0.1357110811673096E+10
  0.2675899742971076E+00  0.9644109264645802E+00  0.1382333589357463E+10
  0.2594194840560681E+00  0.9665390546492710E+00  0.1410581936260152E+10
  0.2512490002833307E+00  0.9686026584233628E+00  0.1444140605238909E+10
  0.2430785236312446E+00  0.9706016000244151E+00  0.1484560655588889E+10
  0.2349080548428762E+00  0.9725357460067257E+00  0.1531715713489614E+10
  0.2267375947683499E+00  0.9744049672502397E+00  0.1584999648724052E+10
  0.2185671443848464E+00  0.9762091389691724E+00  0.1644581217714619E+10
  0.2103967048212628E+00  0.9779481407203411E+00  0.1710941573272170E+10
  0.2022262773888417E+00  0.9796218564112101E+00  0.1784076936112475E+10
  0.1940558636195398E+00  0.9812301743076443E+00  0.1864164790754353E+10
  0.1858854653144977E+00  0.9827729870413743E+00  0.1952255420784308E+10
  0.1777150846058812E+00  0.9842501916171713E+00  0.2048852060009043E+10
  0.1695447240365762E+00  0.9856616894197333E+00  0.2152941449449511E+10
  0.1613743866640789E+00  0.9870073862202815E+00  0.2263619674356657E+10
  0.1532040761975885E+00  0.9882871921828699E+00  0.2381267146993482E+10
  0.1450337971813853E+00  0.9895010218704087E+00  0.2506618583589976E+10
  0.1368635552438019E+00  0.9906487942504061E+00  0.2641267080327088E+10
  0.1286933574408989E+00  0.9917304327004320E+00  0.2789423489898345E+10
  0.1205232127396896E+00  0.9927458650133153E+00  0.2957064664192189E+10
  0.1123531327118049E+00  0.9936950234020883E+00  0.3149150216474710E+10
  0.1041831325528455E+00  0.9945778445047068E+00  0.3370474903234683E+10
  0.9601323262085862E-01  0.9953942693885953E+00  0.3629987944871072E+10
  0.8784346083082471E-01  0.9961442435551087E+00  0.3940155768012097E+10
  0.7967385651719167E-01  0.9968277169440913E+00  0.4309950148957410E+10
  0.7150447693306423E-01  0.9974446439389107E+00  0.4746338194793200E+10
  0.6333540875299180E-01  0.9979949833727938E+00  0.5272963416829862E+10
  0.5516678972815772E-01  0.9984786985384589E+00  0.5948111557563958E+10
  0.4699885272846815E-01  0.9988957572063257E+00  0.6859024986184581E+10
  0.3883202470742381E-01  0.9992461316671845E+00  0.8108577675260977E+10
  0.3066718105470672E-01  0.9995297988558859E+00  0.9826466657825415E+10
  0.2250643816359393E-01  0.9997467408113523E+00  0.1213347444711072E+11
  0.1435650599352885E-01  0.9998969471378596E+00  0.1485683877930321E+11
  0.6254421014113626E-02  0.9999804411726474E+00  0.1712027484262013E+11
