# nlmax, ncor, nside =         383           1         128
  0.3135338232575680E+01 -0.9999804411726474E+00  0.1709467101520960E+02
  0.3127236147596264E+01 -0.9998969471378596E+00  0.1925635200694534E+02
  0.3119086215426199E+01 -0.9997467408113523E+00  0.2098317083026641E+02
  0.3110925472535087E+01 -0.9995297988558859E+00  0.2100624891636697E+02
  0.3102760628882369E+01 -0.9992461316671845E+00  0.1893197751273644E+02
  0.3094593800861325E+01 -0.9988957572063257E+00  0.1490895415727752E+02
  0.3086425863861635E+01 -0.9984786985384589E+00  0.1008183304712574E+02
  0.3078257244836801E+01 -0.9979949833727938E+00  0.5826474682585717E+01
  0.3070088176656729E+01 -0.9974446439389107E+00  0.2871954722975775E+01
  0.3061918797072602E+01 -0.9968277169440913E+00  0.1754634603387980E+01
  0.3053749192758969E+01 -0.9961442435551087E+00  0.2335953577891793E+01
  0.3045579420968934E+01 -0.9953942693885953E+00  0.3167097106591609E+01
  0.3037409521036948E+01 -0.9945778445047068E+00  0.2667186349030613E+01
  0.3029239520877988E+01 -0.9936950234020883E+00  0.2803420073756553E+00
  0.3021069440850104E+01 -0.9927458650133153E+00 -0.3499474635133558E+01
  0.3012899296148894E+01 -0.9917304327004320E+00 -0.8302249034373663E+01
  0.3004729098345992E+01 -0.9906487942504061E+00 -0.1423477824226673E+02
  0.2996558856408408E+01 -0.9895010218704087E+00 -0.2083094536620267E+02
  0.2988388577392205E+01 -0.9882871921828699E+00 -0.2678030005058950E+02
  0.2980218266925714E+01 -0.9870073862202815E+00 -0.3079407489847047E+02
  0.2972047929553217E+01 -0.9856616894197333E+00 -0.3247742866754417E+02
  0.2963877568983912E+01 -0.9842501916171713E+00 -0.3226190339053455E+02
  0.2955707188275296E+01 -0.9827729870413743E+00 -0.3108793786373179E+02
  0.2947536789970254E+01 -0.9812301743076443E+00 -0.2987575770737043E+02
  0.2939366376200951E+01 -0.9796218564112101E+00 -0.2895160761809600E+02
  0.2931195948768531E+01 -0.9779481407203411E+00 -0.2788211632039624E+02
  0.2923025509204947E+01 -0.9762091389691724E+00 -0.2668472295801935E+02
  0.2914855058821443E+01 -0.9744049672502397E+00 -0.2583487328210113E+02
  0.2906684598746917E+01 -0.9725357460067257E+00 -0.2499021129837123E+02
  0.2898514129958549E+01 -0.9706016000244151E+00 -0.2368368506873558E+02
  0.2890343653306462E+01 -0.9686026584233628E+00 -0.2171188480622925E+02
  0.2882173169533725E+01 -0.9665390546492710E+00 -0.1860313793164587E+02
  0.2874002679292686E+01 -0.9644109264645802E+00 -0.1396630019647483E+02
  0.2865832183158409E+01 -0.9622184159392698E+00 -0.8238467797386415E+01
  0.2857661681639792E+01 -0.9599616694413742E+00 -0.2457320497684688E+01
  0.2849491175188815E+01 -0.9576408376272095E+00  0.2658695618060174E+01
  0.2841320664208285E+01 -0.9552560754313160E+00  0.7137645223758962E+01
  0.2833150149058343E+01 -0.9528075420561144E+00  0.1155299067037167E+02
  0.2824979630061970E+01 -0.9502954009612771E+00  0.1644294510192181E+02
  0.2816809107509663E+01 -0.9477198198528157E+00  0.2187421669376105E+02
  0.2808638581663412E+01 -0.9450809706718851E+00  0.2752822091081912E+02
  0.2800468052760122E+01 -0.9423790295833044E+00  0.3273845558023271E+02
  0.2792297521014540E+01 -0.9396141769637963E+00  0.3649746162564644E+02
  0.2784126986621790E+01 -0.9367865973899459E+00  0.3818206319740818E+02
  0.2775956449759565E+01 -0.9338964796258775E+00  0.3842496556755203E+02
  0.2767785910590029E+01 -0.9309440166106540E+00  0.3866441639687301E+02
  0.2759615369261481E+01 -0.9279294054453956E+00  0.3981018680889860E+02
  0.2751444825909805E+01 -0.9248528473801222E+00  0.4174109079566429E+02
  0.2743274280659743E+01 -0.9217145478003181E+00  0.4371231847940889E+02
  0.2735103733626014E+01 -0.9185147162132208E+00  0.4494901091857351E+02
  0.2726933184914305E+01 -0.9152535662338340E+00  0.4502808110294903E+02
  0.2718762634622138E+01 -0.9119313155706682E+00  0.4403806023573073E+02
  0.2710592082839649E+01 -0.9085481860112055E+00  0.4276617454311206E+02
  0.2702421529650271E+01 -0.9051044034070944E+00  0.4241699142213709E+02
  0.2694250975131350E+01 -0.9016001976590722E+00  0.4370468469951789E+02
  0.2686080419354687E+01 -0.8980358027016164E+00  0.4632689506786567E+02
  0.2677909862387029E+01 -0.8944114564873288E+00  0.4940524443034909E+02
  0.2669739304290507E+01 -0.8907274009710492E+00  0.5223742681519342E+02
  0.2661568745123026E+01 -0.8869838820937034E+00  0.5463382263463808E+02
  0.2653398184938621E+01 -0.8831811497658847E+00  0.5657638886015375E+02
  0.2645227623787777E+01 -0.8793194578511700E+00  0.5794303027069682E+02
  0.2637057061717711E+01 -0.8753990641491725E+00  0.5893810260612747E+02
  0.2628886498772639E+01 -0.8714202303783312E+00  0.5997889683547698E+02
  0.2620715934994006E+01 -0.8673832221584393E+00  0.6118169565050343E+02
  0.2612545370420704E+01 -0.8632883089929120E+00  0.6220598609679075E+02
  0.2604374805089263E+01 -0.8591357642507945E+00  0.6271665551398650E+02
  0.2596204239034032E+01 -0.8549258651485127E+00  0.6304323847754315E+02
  0.2588033672287335E+01 -0.8506588927313666E+00  0.6397829885922587E+02
  0.2579863104879621E+01 -0.8463351318547683E+00  0.6601032409240854E+02
  0.2571692536839600E+01 -0.8419548711652254E+00  0.6910110668523642E+02
  0.2563521968194363E+01 -0.8375184030810715E+00  0.7291282062013909E+02
  0.2555351398969496E+01 -0.8330260237729452E+00  0.7691555129643734E+02
  0.2547180829189184E+01 -0.8284780331440178E+00  0.8035690008743397E+02
  0.2539010258876304E+01 -0.8238747348099726E+00  0.8265776636562065E+02
  0.2530839688052518E+01 -0.8192164360787360E+00  0.8402011002619051E+02
  0.2522669116738345E+01 -0.8145034479299620E+00  0.8543176529480397E+02
  0.2514498544953243E+01 -0.8097360849942720E+00  0.8780494334852108E+02
  0.2506327972715673E+01 -0.8049146655322506E+00  0.9130497222021354E+02
  0.2498157400043163E+01 -0.8000395114131988E+00  0.9551646814951516E+02
  0.2489986826952370E+01 -0.7951109480936471E+00  0.9993326347737865E+02
  0.2481816253459126E+01 -0.7901293045956280E+00  0.1042768736292872E+03
  0.2473645679578500E+01 -0.7850949134847117E+00  0.1084243950776112E+03
  0.2465475105324832E+01 -0.7800081108478040E+00  0.1122973106801552E+03
  0.2457304530711785E+01 -0.7748692362707100E+00  0.1158743304736153E+03
  0.2449133955752385E+01 -0.7696786328154644E+00  0.1190310354789636E+03
  0.2440963380459050E+01 -0.7644366469974285E+00  0.1215923011434202E+03
  0.2432792804843637E+01 -0.7591436287621580E+00  0.1236462462732180E+03
  0.2424622228917462E+01 -0.7537999314620412E+00  0.1253771921012231E+03
  0.2416451652691339E+01 -0.7484059118327094E+00  0.1267408153866681E+03
  0.2408281076175607E+01 -0.7429619299692227E+00  0.1276999858675062E+03
  0.2400110499380152E+01 -0.7374683493020299E+00  0.1283141224893332E+03
  0.2391939922314436E+01 -0.7319255365727068E+00  0.1286237773159823E+03
  0.2383769344987516E+01 -0.7263338618094733E+00  0.1288185052388069E+03
  0.2375598767408072E+01 -0.7206936983024912E+00  0.1292020574706761E+03
  0.2367428189584419E+01 -0.7150054225789432E+00  0.1298175064228899E+03
  0.2359257611524532E+01 -0.7092694143778975E+00  0.1305112955444988E+03
  0.2351087033236062E+01 -0.7034860566249567E+00  0.1314016583818764E+03
  0.2342916454726351E+01 -0.6976557354066943E+00  0.1329117119579448E+03
  0.2334745876002450E+01 -0.6917788399448808E+00  0.1352156174479653E+03
  0.2326575297071134E+01 -0.6858557625704990E+00  0.1379689163499866E+03
  0.2318404717938913E+01 -0.6798868986975534E+00  0.1406666574861910E+03
  0.2310234138612046E+01 -0.6738726467966731E+00  0.1430653454700172E+03
  0.2302063559096557E+01 -0.6678134083685102E+00  0.1450517102453584E+03
  0.2293892979398239E+01 -0.6617095879169366E+00  0.1463863638152803E+03
  0.2285722399522673E+01 -0.6555615929220400E+00  0.1468534477695779E+03
  0.2277551819475234E+01 -0.6493698338129212E+00  0.1465845080413063E+03
  0.2269381239261100E+01 -0.6431347239402948E+00  0.1459617246070895E+03
  0.2261210658885265E+01 -0.6368566795488945E+00  0.1453059727510596E+03
  0.2253040078352542E+01 -0.6305361197496849E+00  0.1446936338013064E+03
  0.2244869497667577E+01 -0.6241734664918837E+00  0.1440373055689062E+03
  0.2236698916834853E+01 -0.6177691445347914E+00  0.1432783767764525E+03
  0.2228528335858699E+01 -0.6113235814194364E+00  0.1425096708014197E+03
  0.2220357754743295E+01 -0.6048372074400329E+00  0.1418543630791459E+03
  0.2212187173492683E+01 -0.5983104556152549E+00  0.1412292515773196E+03
  0.2204016592110768E+01 -0.5917437616593286E+00  0.1403203666584955E+03
  0.2195846010601326E+01 -0.5851375639529456E+00  0.1388349172829214E+03
  0.2187675428968010E+01 -0.5784923035139965E+00  0.1367259624504044E+03
  0.2179504847214357E+01 -0.5718084239681300E+00  0.1341801495521329E+03
  0.2171334265343789E+01 -0.5650863715191369E+00  0.1314127666852982E+03
  0.2163163683359622E+01 -0.5583265949191624E+00  0.1286037269739777E+03
  0.2154993101265066E+01 -0.5515295454387482E+00  0.1259405184761958E+03
  0.2146822519063234E+01 -0.5446956768367068E+00  0.1235018964875584E+03
  0.2138651936757143E+01 -0.5378254453298289E+00  0.1211926389686536E+03
  0.2130481354349721E+01 -0.5309193095624275E+00  0.1189316480412342E+03
  0.2122310771843806E+01 -0.5239777305757194E+00  0.1168059697382810E+03
  0.2114140189242155E+01 -0.5170011717770473E+00  0.1149526955719842E+03
  0.2105969606547443E+01 -0.5099900989089429E+00  0.1132091936663623E+03
  0.2097799023762269E+01 -0.5029449800180356E+00  0.1111783294873771E+03
  0.2089628440889158E+01 -0.4958662854238058E+00  0.1085424597736809E+03
  0.2081457857930564E+01 -0.4887544876871878E+00  0.1052545291582431E+03
  0.2073287274888874E+01 -0.4816100615790221E+00  0.1014834605347949E+03
  0.2065116691766407E+01 -0.4744334840483606E+00  0.9757236183534559E+02
  0.2056946108565423E+01 -0.4672252341906264E+00  0.9396016316759543E+02
  0.2048775525288118E+01 -0.4599857932156304E+00  0.9099469381489821E+02
  0.2040604941936635E+01 -0.4527156444154464E+00  0.8877785588988729E+02
  0.2032434358513056E+01 -0.4454152731321473E+00  0.8704748588692476E+02
  0.2024263775019413E+01 -0.4380851667254050E+00  0.8510084561660996E+02
  0.2016093191457685E+01 -0.4307258145399545E+00  0.8222187213358468E+02
  0.2007922607829804E+01 -0.4233377078729265E+00  0.7835450233403911E+02
  0.1999752024137653E+01 -0.4159213399410494E+00  0.7428027869914747E+02
  0.1991581440383068E+01 -0.4084772058477228E+00  0.7091832795390161E+02
  0.1983410856567843E+01 -0.4010058025499653E+00  0.6844039446174574E+02
  0.1975240272693730E+01 -0.3935076288252386E+00  0.6625404475679073E+02
  0.1967069688762441E+01 -0.3859831852381501E+00  0.6382107829442904E+02
  0.1958899104775647E+01 -0.3784329741070359E+00  0.6106370527146856E+02
  0.1950728520734982E+01 -0.3708574994704271E+00  0.5807919617703607E+02
  0.1942557936642046E+01 -0.3632572670534011E+00  0.5485294728511551E+02
  0.1934387352498403E+01 -0.3556327842338202E+00  0.5140555982502676E+02
  0.1926216768305583E+01 -0.3479845600084601E+00  0.4793411898151710E+02
  0.1918046184065086E+01 -0.3403131049590297E+00  0.4469182961916757E+02
  0.1909875599778379E+01 -0.3326189312180866E+00  0.4170111185384145E+02
  0.1901705015446901E+01 -0.3249025524348469E+00  0.3871122799764368E+02
  0.1893534431072063E+01 -0.3171644837408958E+00  0.3541955041383019E+02
  0.1885363846655247E+01 -0.3094052417157978E+00  0.3181897268511346E+02
  0.1877193262197810E+01 -0.3016253443526109E+00  0.2830094911601156E+02
  0.1869022677701083E+01 -0.2938253110233064E+00  0.2535928258406625E+02
  0.1860852093166375E+01 -0.2860056624440968E+00  0.2314422612528637E+02
  0.1852681508594969E+01 -0.2781669206406729E+00  0.2146181943163931E+02
  0.1844510923988128E+01 -0.2703096089133553E+00  0.2018394209196270E+02
  0.1836340339347093E+01 -0.2624342518021592E+00  0.1936469804278848E+02
  0.1828169754673083E+01 -0.2545413750517773E+00  0.1885439148996478E+02
  0.1819999169967299E+01 -0.2466315055764818E+00  0.1820743859618872E+02
  0.1811828585230925E+01 -0.2387051714249486E+00  0.1711639010402103E+02
  0.1803658000465123E+01 -0.2307629017450062E+00  0.1574908115757531E+02
  0.1795487415671042E+01 -0.2228052267483099E+00  0.1438093566785578E+02
  0.1787316830849811E+01 -0.2148326776749467E+00  0.1276147793371704E+02
  0.1779146246002545E+01 -0.2068457867579697E+00  0.1016006558338887E+02
  0.1770975661130345E+01 -0.1988450871878683E+00  0.6128099075461531E+01
  0.1762805076234296E+01 -0.1908311130769725E+00  0.9763408302340885E+00
  0.1754634491315471E+01 -0.1828043994237966E+00 -0.4578675324888279E+01
  0.1746463906374929E+01 -0.1747654820773241E+00 -0.1009361378840101E+02
  0.1738293321413718E+01 -0.1667148977012352E+00 -0.1557575998904432E+02
  0.1730122736432872E+01 -0.1586531837380799E+00 -0.2124710023708579E+02
  0.1721952151433418E+01 -0.1505808783733995E+00 -0.2718628327601973E+02
  0.1713781566416370E+01 -0.1424985204997981E+00 -0.3327841399369936E+02
  0.1705610981382731E+01 -0.1344066496809675E+00 -0.3934110758361330E+02
  0.1697440396333499E+01 -0.1263058061156663E+00 -0.4522768111558575E+02
  0.1689269811269659E+01 -0.1181965306016578E+00 -0.5085286330652992E+02
  0.1681099226192191E+01 -0.1100793644996070E+00 -0.5623643380727643E+02
  0.1672928641102067E+01 -0.1019548496969404E+00 -0.6148163324229770E+02
  0.1664758056000250E+01 -0.9382352857167028E-01 -0.6667122296055086E+02
  0.1656587470887701E+01 -0.8568594395618719E-01 -0.7175555996615475E+02
  0.1648416885765370E+01 -0.7754263910102077E-01 -0.7681322251265675E+02
  0.1640246300634206E+01 -0.6939415763857371E-01 -0.8225779596035322E+02
  0.1632075715495151E+01 -0.6124104354682962E-01 -0.8851431241643952E+02
  0.1623905130349143E+01 -0.5308384111303818E-01 -0.9547069435226990E+02
  0.1615734545197117E+01 -0.4492309489737940E-01 -0.1024886707872730E+03
  0.1607563960040004E+01 -0.3675934969660982E-01 -0.1088919510903705E+03
  0.1599393374878733E+01 -0.2859315050769285E-01 -0.1144493418815204E+03
  0.1591222789714229E+01 -0.2042504249141571E-01 -0.1193853100089914E+03
  0.1583052204547419E+01 -0.1225557093599554E-01 -0.1240640688241690E+03
  0.1574881619379224E+01 -0.4085281220676868E-02 -0.1286837627342683E+03
  0.1566711034210569E+01  0.4085281220676868E-02 -0.1332623136799563E+03
  0.1558540449042374E+01  0.1225557093599554E-01 -0.1377815677799406E+03
  0.1550369863875564E+01  0.2042504249141571E-01 -0.1423797240280989E+03
  0.1542199278711061E+01  0.2859315050769285E-01 -0.1472309010179555E+03
  0.1534028693549790E+01  0.3675934969660982E-01 -0.1523080427226000E+03
  0.1525858108392677E+01  0.4492309489737940E-01 -0.1573294402725093E+03
  0.1517687523240650E+01  0.5308384111303818E-01 -0.1620207921751374E+03
  0.1509516938094642E+01  0.6124104354682962E-01 -0.1662398035110730E+03
  0.1501346352955587E+01  0.6939415763857371E-01 -0.1698923299452526E+03
  0.1493175767824423E+01  0.7754263910102077E-01 -0.1729179899957828E+03
  0.1485005182702093E+01  0.8568594395618719E-01 -0.1754802496202957E+03
  0.1476834597589543E+01  0.9382352857167028E-01 -0.1779341989302136E+03
  0.1468664012487727E+01  0.1019548496969404E+00 -0.1805621563878245E+03
  0.1460493427397602E+01  0.1100793644996070E+00 -0.1834083084722882E+03
  0.1452322842320134E+01  0.1181965306016578E+00 -0.1864420481059817E+03
  0.1444152257256294E+01  0.1263058061156663E+00 -0.1896095976036146E+03
  0.1435981672207062E+01  0.1344066496809675E+00 -0.1927429487618575E+03
  0.1427811087173423E+01  0.1424985204997981E+00 -0.1955862588840668E+03
  0.1419640502156375E+01  0.1505808783733995E+00 -0.1979581730989726E+03
  0.1411469917156921E+01  0.1586531837380799E+00 -0.1998187682193235E+03
  0.1403299332176076E+01  0.1667148977012352E+00 -0.2013848875156020E+03
  0.1395128747214864E+01  0.1747654820773241E+00 -0.2031398398140369E+03
  0.1386958162274323E+01  0.1828043994237966E+00 -0.2055080979162481E+03
  0.1378787577355497E+01  0.1908311130769725E+00 -0.2084302006647878E+03
  0.1370616992459449E+01  0.1988450871878683E+00 -0.2115191784620960E+03
  0.1362446407587248E+01  0.2068457867579697E+00 -0.2145356257077365E+03
  0.1354275822739983E+01  0.2148326776749467E+00 -0.2174242637968278E+03
  0.1346105237918751E+01  0.2228052267483099E+00 -0.2200395117587573E+03
  0.1337934653124670E+01  0.2307629017450062E+00 -0.2221631681101689E+03
  0.1329764068358868E+01  0.2387051714249486E+00 -0.2237410217622891E+03
  0.1321593483622494E+01  0.2466315055764818E+00 -0.2249463616860217E+03
  0.1313422898916710E+01  0.2545413750517773E+00 -0.2259779654079807E+03
  0.1305252314242701E+01  0.2624342518021592E+00 -0.2269749844492399E+03
  0.1297081729601665E+01  0.2703096089133553E+00 -0.2280433015467167E+03
  0.1288911144994824E+01  0.2781669206406729E+00 -0.2291548463520041E+03
  0.1280740560423418E+01  0.2860056624440968E+00 -0.2299948705418074E+03
  0.1272569975888710E+01  0.2938253110233064E+00 -0.2302083206121320E+03
  0.1264399391391984E+01  0.3016253443526109E+00 -0.2298016624222467E+03
  0.1256228806934547E+01  0.3094052417157978E+00 -0.2291524211226319E+03
  0.1248058222517730E+01  0.3171644837408958E+00 -0.2285901518199747E+03
  0.1239887638142892E+01  0.3249025524348469E+00 -0.2283016341584746E+03
  0.1231717053811414E+01  0.3326189312180866E+00 -0.2284333936324820E+03
  0.1223546469524707E+01  0.3403131049590297E+00 -0.2290388564619464E+03
  0.1215375885284210E+01  0.3479845600084601E+00 -0.2300109966637037E+03
  0.1207205301091390E+01  0.3556327842338202E+00 -0.2312643673337558E+03
  0.1199034716947747E+01  0.3632572670534011E+00 -0.2326810252560560E+03
  0.1190864132854811E+01  0.3708574994704271E+00 -0.2339503006962004E+03
  0.1182693548814147E+01  0.3784329741070359E+00 -0.2346480786367536E+03
  0.1174522964827352E+01  0.3859831852381501E+00 -0.2346506355091737E+03
  0.1166352380896063E+01  0.3935076288252386E+00 -0.2342244866979843E+03
  0.1158181797021950E+01  0.4010058025499653E+00 -0.2335918150839364E+03
  0.1150011213206726E+01  0.4084772058477228E+00 -0.2326556689985018E+03
  0.1141840629452141E+01  0.4159213399410494E+00 -0.2313229037082160E+03
  0.1133670045759989E+01  0.4233377078729265E+00 -0.2297003757417519E+03
  0.1125499462132108E+01  0.4307258145399545E+00 -0.2279327829831343E+03
  0.1117328878570381E+01  0.4380851667254050E+00 -0.2262191606825659E+03
  0.1109158295076737E+01  0.4454152731321473E+00 -0.2250335112870068E+03
  0.1100987711653159E+01  0.4527156444154464E+00 -0.2247648380971219E+03
  0.1092817128301675E+01  0.4599857932156304E+00 -0.2252495829199974E+03
  0.1084646545024371E+01  0.4672252341906264E+00 -0.2259928951516038E+03
  0.1076475961823386E+01  0.4744334840483606E+00 -0.2268416204552890E+03
  0.1068305378700920E+01  0.4816100615790221E+00 -0.2278372822536820E+03
  0.1060134795659229E+01  0.4887544876871878E+00 -0.2285865261163149E+03
  0.1051964212700635E+01  0.4958662854238058E+00 -0.2283908777812934E+03
  0.1043793629827524E+01  0.5029449800180356E+00 -0.2272284444150743E+03
  0.1035623047042350E+01  0.5099900989089429E+00 -0.2258552823688748E+03
  0.1027452464347638E+01  0.5170011717770473E+00 -0.2248725532331896E+03
  0.1019281881745987E+01  0.5239777305757194E+00 -0.2242005107480841E+03
  0.1011111299240073E+01  0.5309193095624275E+00 -0.2236851336524146E+03
  0.1002940716832650E+01  0.5378254453298289E+00 -0.2234795956972771E+03
  0.9947701345265596E+00  0.5446956768367068E+00 -0.2236348914220449E+03
  0.9865995523247275E+00  0.5515295454387482E+00 -0.2236739798514738E+03
  0.9784289702301714E+00  0.5583265949191624E+00 -0.2229975652446032E+03
  0.9702583882460036E+00  0.5650863715191369E+00 -0.2213812730266744E+03
  0.9620878063754359E+00  0.5718084239681300E+00 -0.2190343646982936E+03
  0.9539172246217830E+00  0.5784923035139965E+00 -0.2162612068263443E+03
  0.9457466429884676E+00  0.5851375639529456E+00 -0.2131758938298807E+03
  0.9375760614790253E+00  0.5917437616593286E+00 -0.2096102924013394E+03
  0.9294054800971098E+00  0.5983104556152549E+00 -0.2053903633149736E+03
  0.9212348988464978E+00  0.6048372074400329E+00 -0.2006121635973385E+03
  0.9130643177310944E+00  0.6113235814194364E+00 -0.1956758105402701E+03
  0.9048937367549402E+00  0.6177691445347914E+00 -0.1909146210628879E+03
  0.8967231559222163E+00  0.6241734664918837E+00 -0.1864386264126988E+03
  0.8885525752372514E+00  0.6305361197496849E+00 -0.1821731860463899E+03
  0.8803819947045285E+00  0.6368566795488945E+00 -0.1780389983400530E+03
  0.8722114143286931E+00  0.6431347239402948E+00 -0.1739675325176162E+03
  0.8640408341145595E+00  0.6493698338129212E+00 -0.1699198741068417E+03
  0.8558702540671204E+00  0.6555615929220400E+00 -0.1658271052697709E+03
  0.8476996741915547E+00  0.6617095879169366E+00 -0.1614686914776408E+03
  0.8395290944932369E+00  0.6678134083685102E+00 -0.1564246497516415E+03
  0.8313585149777468E+00  0.6738726467966731E+00 -0.1504096010479672E+03
  0.8231879356508802E+00  0.6798868986975534E+00 -0.1435766093793701E+03
  0.8150173565186587E+00  0.6858557625704990E+00 -0.1364914513265045E+03
  0.8068467775873427E+00  0.6917788399448808E+00 -0.1298194141373622E+03
  0.7986761988634423E+00  0.6976557354066943E+00 -0.1241301449942142E+03
  0.7905056203537315E+00  0.7034860566249567E+00 -0.1196082816549712E+03
  0.7823350420652612E+00  0.7092694143778975E+00 -0.1158700949387217E+03
  0.7741644640053743E+00  0.7150054225789432E+00 -0.1121640711693660E+03
  0.7659938861817212E+00  0.7206936983024912E+00 -0.1079776179520610E+03
  0.7578233086022768E+00  0.7263338618094733E+00 -0.1031082929623500E+03
  0.7496527312753575E+00  0.7319255365727068E+00 -0.9736020381592128E+02
  0.7414821542096410E+00  0.7374683493020299E+00 -0.9047252423011651E+02
  0.7333115774141861E+00  0.7429619299692227E+00 -0.8250259371902423E+02
  0.7251410008984539E+00  0.7484059118327094E+00 -0.7386667218710632E+02
  0.7169704246723316E+00  0.7537999314620412E+00 -0.6510642970829808E+02
  0.7087998487461566E+00  0.7591436287621580E+00 -0.5657967554715214E+02
  0.7006292731307425E+00  0.7644366469974285E+00 -0.4842989425812867E+02
  0.6924586978374083E+00  0.7696786328154644E+00 -0.4049138967531189E+02
  0.6842881228780077E+00  0.7748692362707100E+00 -0.3229020853978718E+02
  0.6761175482649616E+00  0.7800081108478040E+00 -0.2326718839979002E+02
  0.6679469740112938E+00  0.7850949134847117E+00 -0.1314042664597706E+02
  0.6597764001306670E+00  0.7901293045956280E+00 -0.1777182127011296E+01
  0.6516058266374236E+00  0.7951109480936471E+00  0.1081185302907304E+02
  0.6434352535466297E+00  0.8000395114131988E+00  0.2427556764471877E+02
  0.6352646808741202E+00  0.8049146655322506E+00  0.3794301135963885E+02
  0.6270941086365502E+00  0.8097360849942720E+00  0.5144130922751041E+02
  0.6189235368514482E+00  0.8145034479299620E+00  0.6496728378077158E+02
  0.6107529655372755E+00  0.8192164360787360E+00  0.7896558231159808E+02
  0.6025823947134890E+00  0.8238747348099726E+00  0.9356199682373364E+02
  0.5944118244006098E+00  0.8284780331440178E+00  0.1086559171346945E+03
  0.5862412546202973E+00  0.8330260237729452E+00  0.1241901774412885E+03
  0.5780706853954301E+00  0.8375184030810715E+00  0.1400890403796761E+03
  0.5699001167501928E+00  0.8419548711652254E+00  0.1559896771059374E+03
  0.5617295487101719E+00  0.8463351318547683E+00  0.1714891785774529E+03
  0.5535589813024583E+00  0.8506588927313666E+00  0.1863846614926458E+03
  0.5453884145557613E+00  0.8549258651485127E+00  0.2008307489361246E+03
  0.5372178485005299E+00  0.8591357642507945E+00  0.2152039081794640E+03
  0.5290472831690897E+00  0.8632883089929120E+00  0.2299223490881338E+03
  0.5208767185957875E+00  0.8673832221584393E+00  0.2450747727324510E+03
  0.5127061548171545E+00  0.8714202303783312E+00  0.2605215047606983E+03
  0.5045355918720822E+00  0.8753990641491725E+00  0.2762427956240570E+03
  0.4963650298020162E+00  0.8793194578511700E+00  0.2925121714236387E+03
  0.4881944686511717E+00  0.8831811497658847E+00  0.3093302199992049E+03
  0.4800239084667671E+00  0.8869838820937034E+00  0.3262072214683210E+03
  0.4718533492992859E+00  0.8907274009710492E+00  0.3426600826882661E+03
  0.4636827912027636E+00  0.8944114564873288E+00  0.3589280343600155E+03
  0.4555122342351060E+00  0.8980358027016164E+00  0.3754347872367796E+03
  0.4473416784584431E+00  0.9016001976590722E+00  0.3924334235787746E+03
  0.4391711239395221E+00  0.9051044034070944E+00  0.4102427268044323E+03
  0.4310005707501444E+00  0.9085481860112055E+00  0.4291040904107712E+03
  0.4228300189676551E+00  0.9119313155706682E+00  0.4486910752064547E+03
  0.4146594686754885E+00  0.9152535662338340E+00  0.4685401389016583E+03
  0.4064889199637791E+00  0.9185147162132208E+00  0.4887361307166019E+03
  0.3983183729300507E+00  0.9217145478003181E+00  0.5098067537982132E+03
  0.3901478276799883E+00  0.9248528473801222E+00  0.5316163535046096E+03
  0.3819772843283120E+00  0.9279294054453956E+00  0.5532610766324383E+03
  0.3738067429997641E+00  0.9309440166106540E+00  0.5740591149960729E+03
  0.3656362038302282E+00  0.9338964796258775E+00  0.5940822899711819E+03
  0.3574656669680030E+00  0.9367865973899459E+00  0.6133276268353831E+03
  0.3492951325752533E+00  0.9396141769637963E+00  0.6318820530257411E+03
  0.3411246008296713E+00  0.9423790295833044E+00  0.6505112533929545E+03
  0.3329540719263814E+00  0.9450809706718851E+00  0.6703360314661743E+03
  0.3247835460801308E+00  0.9477198198528157E+00  0.6915111243228124E+03
  0.3166130235278230E+00  0.9502954009612771E+00  0.7133849886818892E+03
  0.3084425045314506E+00  0.9528075420561144E+00  0.7352314485289864E+03
  0.3002719893815085E+00  0.9552560754313160E+00  0.7564095220009618E+03
  0.2921014784009779E+00  0.9576408376272095E+00  0.7763656087629240E+03
  0.2839309719500016E+00  0.9599616694413742E+00  0.7957783384205285E+03
  0.2757604704313845E+00  0.9622184159392698E+00  0.8159035851382238E+03
  0.2675899742971076E+00  0.9644109264645802E+00  0.8368429336399262E+03
  0.2594194840560681E+00  0.9665390546492710E+00  0.8572853328622176E+03
  0.2512490002833307E+00  0.9686026584233628E+00  0.8767735361454049E+03
  0.2430785236312446E+00  0.9706016000244151E+00  0.8963671448800610E+03
  0.2349080548428762E+00  0.9725357460067257E+00  0.9171525037830152E+03
  0.2267375947683499E+00  0.9744049672502397E+00  0.9389965032821402E+03
  0.2185671443848464E+00  0.9762091389691724E+00  0.9620020237656905E+03
  0.2103967048212628E+00  0.9779481407203411E+00  0.9865137816209340E+03
  0.2022262773888417E+00  0.9796218564112101E+00  0.1012002989378913E+04
  0.1940558636195398E+00  0.9812301743076443E+00  0.1037505286653616E+04
  0.1858854653144977E+00  0.9827729870413743E+00  0.1063641904668638E+04
  0.1777150846058812E+00  0.9842501916171713E+00  0.1091642434440761E+04
  0.1695447240365762E+00  0.9856616894197333E+00  0.1121860088115574E+04
  0.1613743866640789E+00  0.9870073862202815E+00  0.1154014124635029E+04
  0.1532040761975885E+00  0.9882871921828699E+00  0.1189194482204918E+04
  0.1450337971813853E+00  0.9895010218704087E+00  0.1228184977574447E+04
  0.1368635552438019E+00  0.9906487942504061E+00  0.1270025110277176E+04
  0.1286933574408989E+00  0.9917304327004320E+00  0.1314083382673293E+04
  0.1205232127396896E+00  0.9927458650133153E+00  0.1362504934956416E+04
  0.1123531327118049E+00  0.9936950234020883E+00  0.1416345419091807E+04
  0.1041831325528455E+00  0.9945778445047068E+00  0.1474310757391540E+04
  0.9601323262085862E-01  0.9953942693885953E+00  0.1536675351046061E+04
  0.8784346083082471E-01  0.9961442435551087E+00  0.1607390744468896E+04
  0.7967385651719167E-01  0.9968277169440913E+00  0.1686893820593787E+04
  0.7150447693306423E-01  0.9974446439389107E+00  0.1772845128906966E+04
  0.6333540875299180E-01  0.9979949833727938E+00  0.1868417548748820E+04
  0.5516678972815772E-01  0.9984786985384589E+00  0.1983891668820792E+04
  0.4699885272846815E-01  0.9988957572063257E+00  0.2128383522829357E+04
  0.3883202470742381E-01  0.9992461316671845E+00  0.2320732800935358E+04
  0.3066718105470672E-01  0.9995297988558859E+00  0.2604974152263451E+04
  0.2250643816359393E-01  0.9997467408113523E+00  0.3025424285723800E+04
  0.1435650599352885E-01  0.9998969471378596E+00  0.3545239389875823E+04
  0.6254421014113626E-02  0.9999804411726474E+00  0.3991094882601614E+04
