# nlmax, ncor, nside =         383           1         128
  0.3135338232575680E+01 -0.9999804411726474E+00 -0.2480779927110539E+02
  0.3127236147596264E+01 -0.9998969471378596E+00 -0.1842767209244089E+02
  0.3119086215426199E+01 -0.9997467408113523E+00 -0.9856324547390621E+01
  0.3110925472535087E+01 -0.9995297988558859E+00 -0.1723168555764568E+01
  0.3102760628882369E+01 -0.9992461316671845E+00  0.5745903358742980E+01
  0.3094593800861325E+01 -0.9988957572063257E+00  0.1375725272637890E+02
  0.3086425863861635E+01 -0.9984786985384589E+00  0.2234554614248758E+02
  0.3078257244836801E+01 -0.9979949833727938E+00  0.2933843097665778E+02
  0.3070088176656729E+01 -0.9974446439389107E+00  0.3247711077900551E+02
  0.3061918797072602E+01 -0.9968277169440913E+00  0.3182497736172166E+02
  0.3053749192758969E+01 -0.9961442435551087E+00  0.2943444206729544E+02
  0.3045579420968934E+01 -0.9953942693885953E+00  0.2715084411235256E+02
  0.3037409521036948E+01 -0.9945778445047068E+00  0.2563032343732692E+02
  0.3029239520877988E+01 -0.9936950234020883E+00  0.2493020464373927E+02
  0.3021069440850104E+01 -0.9927458650133153E+00  0.2530231601835573E+02
  0.3012899296148894E+01 -0.9917304327004320E+00  0.2668185160336163E+02
  0.3004729098345992E+01 -0.9906487942504061E+00  0.2840973893856716E+02
  0.2996558856408408E+01 -0.9895010218704087E+00  0.2965254213910022E+02
  0.2988388577392205E+01 -0.9882871921828699E+00  0.2980638695130526E+02
  0.2980218266925714E+01 -0.9870073862202815E+00  0.2873390587196526E+02
  0.2972047929553217E+01 -0.9856616894197333E+00  0.2659377796863803E+02
  0.2963877568983912E+01 -0.9842501916171713E+00  0.2364667116699751E+02
  0.2955707188275296E+01 -0.9827729870413743E+00  0.2032900460014534E+02
  0.2947536789970254E+01 -0.9812301743076443E+00  0.1720928195659415E+02
  0.2939366376200951E+01 -0.9796218564112101E+00  0.1480138431381702E+02
  0.2931195948768531E+01 -0.9779481407203411E+00  0.1333517249103265E+02
  0.2923025509204947E+01 -0.9762091389691724E+00  0.1270931661534852E+02
  0.2914855058821443E+01 -0.9744049672502397E+00  0.1265620914036803E+02
  0.2906684598746917E+01 -0.9725357460067257E+00  0.1293120481205154E+02
  0.2898514129958549E+01 -0.9706016000244151E+00  0.1325590377416132E+02
  0.2890343653306462E+01 -0.9686026584233628E+00  0.1318892460555846E+02
  0.2882173169533725E+01 -0.9665390546492710E+00  0.1218870866885393E+02
  0.2874002679292686E+01 -0.9644109264645802E+00  0.9900690355218382E+01
  0.2865832183158409E+01 -0.9622184159392698E+00  0.6328326886097137E+01
  0.2857661681639792E+01 -0.9599616694413742E+00  0.1825389991908904E+01
  0.2849491175188815E+01 -0.9576408376272095E+00 -0.2971211702874472E+01
  0.2841320664208285E+01 -0.9552560754313160E+00 -0.7397498375972196E+01
  0.2833150149058343E+01 -0.9528075420561144E+00 -0.1113654192559610E+02
  0.2824979630061970E+01 -0.9502954009612771E+00 -0.1431252577543720E+02
  0.2816809107509663E+01 -0.9477198198528157E+00 -0.1719545048404161E+02
  0.2808638581663412E+01 -0.9450809706718851E+00 -0.1992142583811271E+02
  0.2800468052760122E+01 -0.9423790295833044E+00 -0.2256116030090435E+02
  0.2792297521014540E+01 -0.9396141769637963E+00 -0.2523964559631548E+02
  0.2784126986621790E+01 -0.9367865973899459E+00 -0.2779469636395006E+02
  0.2775956449759565E+01 -0.9338964796258775E+00 -0.2966805288920100E+02
  0.2767785910590029E+01 -0.9309440166106540E+00 -0.3034832945923112E+02
  0.2759615369261481E+01 -0.9279294054453956E+00 -0.2990117172401429E+02
  0.2751444825909805E+01 -0.9248528473801222E+00 -0.2895816680537516E+02
  0.2743274280659743E+01 -0.9217145478003181E+00 -0.2817339367105151E+02
  0.2735103733626014E+01 -0.9185147162132208E+00 -0.2784767116586773E+02
  0.2726933184914305E+01 -0.9152535662338340E+00 -0.2789474815417352E+02
  0.2718762634622138E+01 -0.9119313155706682E+00 -0.2809107342729844E+02
  0.2710592082839649E+01 -0.9085481860112055E+00 -0.2822077837522738E+02
  0.2702421529650271E+01 -0.9051044034070944E+00 -0.2824375204683496E+02
  0.2694250975131350E+01 -0.9016001976590722E+00 -0.2831591168884384E+02
  0.2686080419354687E+01 -0.8980358027016164E+00 -0.2860141020145652E+02
  0.2677909862387029E+01 -0.8944114564873288E+00 -0.2912445761080190E+02
  0.2669739304290507E+01 -0.8907274009710492E+00 -0.2983229427072126E+02
  0.2661568745123026E+01 -0.8869838820937034E+00 -0.3075177605963381E+02
  0.2653398184938621E+01 -0.8831811497658847E+00 -0.3193014142352582E+02
  0.2645227623787777E+01 -0.8793194578511700E+00 -0.3320599137545370E+02
  0.2637057061717711E+01 -0.8753990641491725E+00 -0.3416827272696097E+02
  0.2628886498772639E+01 -0.8714202303783312E+00 -0.3448023432090262E+02
  0.2620715934994006E+01 -0.8673832221584393E+00 -0.3421776244937984E+02
  0.2612545370420704E+01 -0.8632883089929120E+00 -0.3376720339913108E+02
  0.2604374805089263E+01 -0.8591357642507945E+00 -0.3335414890892696E+02
  0.2596204239034032E+01 -0.8549258651485127E+00 -0.3289020553062011E+02
  0.2588033672287335E+01 -0.8506588927313666E+00 -0.3225453781243061E+02
  0.2579863104879621E+01 -0.8463351318547683E+00 -0.3151283103836414E+02
  0.2571692536839600E+01 -0.8419548711652254E+00 -0.3078885756129251E+02
  0.2563521968194363E+01 -0.8375184030810715E+00 -0.3005690785730225E+02
  0.2555351398969496E+01 -0.8330260237729452E+00 -0.2919507212123654E+02
  0.2547180829189184E+01 -0.8284780331440178E+00 -0.2813815354552672E+02
  0.2539010258876304E+01 -0.8238747348099726E+00 -0.2687843889260887E+02
  0.2530839688052518E+01 -0.8192164360787360E+00 -0.2552709311559804E+02
  0.2522669116738345E+01 -0.8145034479299620E+00 -0.2441929398849610E+02
  0.2514498544953243E+01 -0.8097360849942720E+00 -0.2395462446117283E+02
  0.2506327972715673E+01 -0.8049146655322506E+00 -0.2411732179439633E+02
  0.2498157400043163E+01 -0.8000395114131988E+00 -0.2430125569616686E+02
  0.2489986826952370E+01 -0.7951109480936471E+00 -0.2374013918245029E+02
  0.2481816253459126E+01 -0.7901293045956280E+00 -0.2199687140201157E+02
  0.2473645679578500E+01 -0.7850949134847117E+00 -0.1914940256049936E+02
  0.2465475105324832E+01 -0.7800081108478040E+00 -0.1570573066809133E+02
  0.2457304530711785E+01 -0.7748692362707100E+00 -0.1241294547500105E+02
  0.2449133955752385E+01 -0.7696786328154644E+00 -0.9848398189264664E+01
  0.2440963380459050E+01 -0.7644366469974285E+00 -0.7957776466097180E+01
  0.2432792804843637E+01 -0.7591436287621580E+00 -0.6136916363393705E+01
  0.2424622228917462E+01 -0.7537999314620412E+00 -0.3799689304048610E+01
  0.2416451652691339E+01 -0.7484059118327094E+00 -0.8353125505661366E+00
  0.2408281076175607E+01 -0.7429619299692227E+00  0.2470787625657505E+01
  0.2400110499380152E+01 -0.7374683493020299E+00  0.5707126347477654E+01
  0.2391939922314436E+01 -0.7319255365727068E+00  0.8525613994255684E+01
  0.2383769344987516E+01 -0.7263338618094733E+00  0.1081163441833736E+02
  0.2375598767408072E+01 -0.7206936983024912E+00  0.1274368730297485E+02
  0.2367428189584419E+01 -0.7150054225789432E+00  0.1462135597246061E+02
  0.2359257611524532E+01 -0.7092694143778975E+00  0.1657985276492183E+02
  0.2351087033236062E+01 -0.7034860566249567E+00  0.1860516496513615E+02
  0.2342916454726351E+01 -0.6976557354066943E+00  0.2069792621281348E+02
  0.2334745876002450E+01 -0.6917788399448808E+00  0.2279156143481540E+02
  0.2326575297071134E+01 -0.6858557625704990E+00  0.2463778037077019E+02
  0.2318404717938913E+01 -0.6798868986975534E+00  0.2603184986265383E+02
  0.2310234138612046E+01 -0.6738726467966731E+00  0.2714423961094707E+02
  0.2302063559096557E+01 -0.6678134083685102E+00  0.2836450339103922E+02
  0.2293892979398239E+01 -0.6617095879169366E+00  0.2989320781389978E+02
  0.2285722399522673E+01 -0.6555615929220400E+00  0.3161943163668361E+02
  0.2277551819475234E+01 -0.6493698338129212E+00  0.3339844719713327E+02
  0.2269381239261100E+01 -0.6431347239402948E+00  0.3517670511628177E+02
  0.2261210658885265E+01 -0.6368566795488945E+00  0.3685515275453994E+02
  0.2253040078352542E+01 -0.6305361197496849E+00  0.3825267611954963E+02
  0.2244869497667577E+01 -0.6241734664918837E+00  0.3936923630846040E+02
  0.2236698916834853E+01 -0.6177691445347914E+00  0.4058836888115489E+02
  0.2228528335858699E+01 -0.6113235814194364E+00  0.4250734169704041E+02
  0.2220357754743295E+01 -0.6048372074400329E+00  0.4550670142113039E+02
  0.2212187173492683E+01 -0.5983104556152549E+00  0.4948823063207678E+02
  0.2204016592110768E+01 -0.5917437616593286E+00  0.5395049464446851E+02
  0.2195846010601326E+01 -0.5851375639529456E+00  0.5837626699714014E+02
  0.2187675428968010E+01 -0.5784923035139965E+00  0.6247927654442997E+02
  0.2179504847214357E+01 -0.5718084239681300E+00  0.6616037159155546E+02
  0.2171334265343789E+01 -0.5650863715191369E+00  0.6932038522263939E+02
  0.2163163683359622E+01 -0.5583265949191624E+00  0.7185798382777452E+02
  0.2154993101265066E+01 -0.5515295454387482E+00  0.7382789521517446E+02
  0.2146822519063234E+01 -0.5446956768367068E+00  0.7555141723777638E+02
  0.2138651936757143E+01 -0.5378254453298289E+00  0.7751993568843125E+02
  0.2130481354349721E+01 -0.5309193095624275E+00  0.8014876127436857E+02
  0.2122310771843806E+01 -0.5239777305757194E+00  0.8350420724360015E+02
  0.2114140189242155E+01 -0.5170011717770473E+00  0.8728324218857767E+02
  0.2105969606547443E+01 -0.5099900989089429E+00  0.9114368201318655E+02
  0.2097799023762269E+01 -0.5029449800180356E+00  0.9503142461580440E+02
  0.2089628440889158E+01 -0.4958662854238058E+00  0.9902659142396533E+02
  0.2081457857930564E+01 -0.4887544876871878E+00  0.1030053168946896E+03
  0.2073287274888874E+01 -0.4816100615790221E+00  0.1066821758582702E+03
  0.2065116691766407E+01 -0.4744334840483606E+00  0.1099532827055282E+03
  0.2056946108565423E+01 -0.4672252341906264E+00  0.1129206720912430E+03
  0.2048775525288118E+01 -0.4599857932156304E+00  0.1155722128535843E+03
  0.2040604941936635E+01 -0.4527156444154464E+00  0.1176803718327371E+03
  0.2032434358513056E+01 -0.4454152731321473E+00  0.1190984491360522E+03
  0.2024263775019413E+01 -0.4380851667254050E+00  0.1199031660731142E+03
  0.2016093191457685E+01 -0.4307258145399545E+00  0.1202236602900230E+03
  0.2007922607829804E+01 -0.4233377078729265E+00  0.1202090544775710E+03
  0.1999752024137653E+01 -0.4159213399410494E+00  0.1202013745832090E+03
  0.1991581440383068E+01 -0.4084772058477228E+00  0.1205588244323735E+03
  0.1983410856567843E+01 -0.4010058025499653E+00  0.1212230292291635E+03
  0.1975240272693730E+01 -0.3935076288252386E+00  0.1216597193200027E+03
  0.1967069688762441E+01 -0.3859831852381501E+00  0.1214664738000957E+03
  0.1958899104775647E+01 -0.3784329741070359E+00  0.1208720160552878E+03
  0.1950728520734982E+01 -0.3708574994704271E+00  0.1205115002932659E+03
  0.1942557936642046E+01 -0.3632572670534011E+00  0.1207509668137127E+03
  0.1934387352498403E+01 -0.3556327842338202E+00  0.1213811772079406E+03
  0.1926216768305583E+01 -0.3479845600084601E+00  0.1218693219631182E+03
  0.1918046184065086E+01 -0.3403131049590297E+00  0.1218392644496702E+03
  0.1909875599778379E+01 -0.3326189312180866E+00  0.1212502898458998E+03
  0.1901705015446901E+01 -0.3249025524348469E+00  0.1202232955010963E+03
  0.1893534431072063E+01 -0.3171644837408958E+00  0.1187896894682167E+03
  0.1885363846655247E+01 -0.3094052417157978E+00  0.1169560344812765E+03
  0.1877193262197810E+01 -0.3016253443526109E+00  0.1148790170540154E+03
  0.1869022677701083E+01 -0.2938253110233064E+00  0.1128601620645597E+03
  0.1860852093166375E+01 -0.2860056624440968E+00  0.1110460537378590E+03
  0.1852681508594969E+01 -0.2781669206406729E+00  0.1092574410368267E+03
  0.1844510923988128E+01 -0.2703096089133553E+00  0.1071555495806721E+03
  0.1836340339347093E+01 -0.2624342518021592E+00  0.1045981652605485E+03
  0.1828169754673083E+01 -0.2545413750517773E+00  0.1018515048982329E+03
  0.1819999169967299E+01 -0.2466315055764818E+00  0.9947804325426287E+02
  0.1811828585230925E+01 -0.2387051714249486E+00  0.9787892774443615E+02
  0.1803658000465123E+01 -0.2307629017450062E+00  0.9691399383913924E+02
  0.1795487415671042E+01 -0.2228052267483099E+00  0.9599158909962635E+02
  0.1787316830849811E+01 -0.2148326776749467E+00  0.9465727061172771E+02
  0.1779146246002545E+01 -0.2068457867579697E+00  0.9300233716051686E+02
  0.1770975661130345E+01 -0.1988450871878683E+00  0.9148435876017116E+02
  0.1762805076234296E+01 -0.1908311130769725E+00  0.9033809899261858E+02
  0.1754634491315471E+01 -0.1828043994237966E+00  0.8925809386395187E+02
  0.1746463906374929E+01 -0.1747654820773241E+00  0.8760288464021994E+02
  0.1738293321413718E+01 -0.1667148977012352E+00  0.8495827592182631E+02
  0.1730122736432872E+01 -0.1586531837380799E+00  0.8154587343621031E+02
  0.1721952151433418E+01 -0.1505808783733995E+00  0.7803643881983609E+02
  0.1713781566416370E+01 -0.1424985204997981E+00  0.7483627579104115E+02
  0.1705610981382731E+01 -0.1344066496809675E+00  0.7173409160526634E+02
  0.1697440396333499E+01 -0.1263058061156663E+00  0.6826939828463320E+02
  0.1689269811269659E+01 -0.1181965306016578E+00  0.6437552927189822E+02
  0.1681099226192191E+01 -0.1100793644996070E+00  0.6038434118759060E+02
  0.1672928641102067E+01 -0.1019548496969404E+00  0.5653786042674850E+02
  0.1664758056000250E+01 -0.9382352857167028E-01  0.5271053137612498E+02
  0.1656587470887701E+01 -0.8568594395618719E-01  0.4861441812181017E+02
  0.1648416885765370E+01 -0.7754263910102077E-01  0.4403483211055612E+02
  0.1640246300634206E+01 -0.6939415763857371E-01  0.3896449590667192E+02
  0.1632075715495151E+01 -0.6124104354682962E-01  0.3361186339764366E+02
  0.1623905130349143E+01 -0.5308384111303818E-01  0.2828651409079616E+02
  0.1615734545197117E+01 -0.4492309489737940E-01  0.2309109670568808E+02
  0.1607563960040004E+01 -0.3675934969660982E-01  0.1780593201131747E+02
  0.1599393374878733E+01 -0.2859315050769285E-01  0.1219349982697694E+02
  0.1591222789714229E+01 -0.2042504249141571E-01  0.6348473598096930E+01
  0.1583052204547419E+01 -0.1225557093599554E-01  0.5723975794042855E+00
  0.1574881619379224E+01 -0.4085281220676868E-02 -0.4964759520354316E+01
  0.1566711034210569E+01  0.4085281220676868E-02 -0.1036815737872969E+02
  0.1558540449042374E+01  0.1225557093599554E-01 -0.1587078457036751E+02
  0.1550369863875564E+01  0.2042504249141571E-01 -0.2174328389982026E+02
  0.1542199278711061E+01  0.2859315050769285E-01 -0.2813293084527207E+02
  0.1534028693549790E+01  0.3675934969660982E-01 -0.3490983608973345E+02
  0.1525858108392677E+01  0.4492309489737940E-01 -0.4163340425647615E+02
  0.1517687523240650E+01  0.5308384111303818E-01 -0.4782168407287749E+02
  0.1509516938094642E+01  0.6124104354682962E-01 -0.5324920222913490E+02
  0.1501346352955587E+01  0.6939415763857371E-01 -0.5810232453030650E+02
  0.1493175767824423E+01  0.7754263910102077E-01 -0.6287073797132477E+02
  0.1485005182702093E+01  0.8568594395618719E-01 -0.6800229450553233E+02
  0.1476834597589543E+01  0.9382352857167028E-01 -0.7347124722001932E+02
  0.1468664012487727E+01  0.1019548496969404E+00 -0.7880270171578297E+02
  0.1460493427397602E+01  0.1100793644996070E+00 -0.8359717947622489E+02
  0.1452322842320134E+01  0.1181965306016578E+00 -0.8798878329099952E+02
  0.1444152257256294E+01  0.1263058061156663E+00 -0.9242707553951804E+02
  0.1435981672207062E+01  0.1344066496809675E+00 -0.9724405258859687E+02
  0.1427811087173423E+01  0.1424985204997981E+00 -0.1024699176829096E+03
  0.1419640502156375E+01  0.1505808783733995E+00 -0.1079269389593590E+03
  0.1411469917156921E+01  0.1586531837380799E+00 -0.1133315192979208E+03
  0.1403299332176076E+01  0.1667148977012352E+00 -0.1184973616891845E+03
  0.1395128747214864E+01  0.1747654820773241E+00 -0.1235192515766339E+03
  0.1386958162274323E+01  0.1828043994237966E+00 -0.1286311163484789E+03
  0.1378787577355497E+01  0.1908311130769725E+00 -0.1337546780221001E+03
  0.1370616992459449E+01  0.1988450871878683E+00 -0.1384861385685618E+03
  0.1362446407587248E+01  0.2068457867579697E+00 -0.1425432494586096E+03
  0.1354275822739983E+01  0.2148326776749467E+00 -0.1460403341512159E+03
  0.1346105237918751E+01  0.2228052267483099E+00 -0.1492131237555542E+03
  0.1337934653124670E+01  0.2307629017450062E+00 -0.1522768889576579E+03
  0.1329764068358868E+01  0.2387051714249486E+00 -0.1555833029097685E+03
  0.1321593483622494E+01  0.2466315055764818E+00 -0.1595662901176365E+03
  0.1313422898916710E+01  0.2545413750517773E+00 -0.1643239146925378E+03
  0.1305252314242701E+01  0.2624342518021592E+00 -0.1695365206613709E+03
  0.1297081729601665E+01  0.2703096089133553E+00 -0.1748312125033905E+03
  0.1288911144994824E+01  0.2781669206406729E+00 -0.1800551546883543E+03
  0.1280740560423418E+01  0.2860056624440968E+00 -0.1851119663355063E+03
  0.1272569975888710E+01  0.2938253110233064E+00 -0.1898859825207815E+03
  0.1264399391391984E+01  0.3016253443526109E+00 -0.1943224489167504E+03
  0.1256228806934547E+01  0.3094052417157978E+00 -0.1984471812819854E+03
  0.1248058222517730E+01  0.3171644837408958E+00 -0.2022398664795532E+03
  0.1239887638142892E+01  0.3249025524348469E+00 -0.2056935989961005E+03
  0.1231717053811414E+01  0.3326189312180866E+00 -0.2089218421620133E+03
  0.1223546469524707E+01  0.3403131049590297E+00 -0.2120215278036435E+03
  0.1215375885284210E+01  0.3479845600084601E+00 -0.2148158227288853E+03
  0.1207205301091390E+01  0.3556327842338202E+00 -0.2169933832213248E+03
  0.1199034716947747E+01  0.3632572670534011E+00 -0.2184150898692251E+03
  0.1190864132854811E+01  0.3708574994704271E+00 -0.2192594838110744E+03
  0.1182693548814147E+01  0.3784329741070359E+00 -0.2199215003318392E+03
  0.1174522964827352E+01  0.3859831852381501E+00 -0.2208721506959355E+03
  0.1166352380896063E+01  0.3935076288252386E+00 -0.2223382655071468E+03
  0.1158181797021950E+01  0.4010058025499653E+00 -0.2240137264442255E+03
  0.1150011213206726E+01  0.4084772058477228E+00 -0.2252342593940667E+03
  0.1141840629452141E+01  0.4159213399410494E+00 -0.2256185804156196E+03
  0.1133670045759989E+01  0.4233377078729265E+00 -0.2253343295675784E+03
  0.1125499462132108E+01  0.4307258145399545E+00 -0.2247617147507684E+03
  0.1117328878570381E+01  0.4380851667254050E+00 -0.2240779032004836E+03
  0.1109158295076737E+01  0.4454152731321473E+00 -0.2233411850087849E+03
  0.1100987711653159E+01  0.4527156444154464E+00 -0.2226760720875513E+03
  0.1092817128301675E+01  0.4599857932156304E+00 -0.2222737118247189E+03
  0.1084646545024371E+01  0.4672252341906264E+00 -0.2221997301334068E+03
  0.1076475961823386E+01  0.4744334840483606E+00 -0.2222586918961345E+03
  0.1068305378700920E+01  0.4816100615790221E+00 -0.2219662928903889E+03
  0.1060134795659229E+01  0.4887544876871878E+00 -0.2208654766538711E+03
  0.1051964212700635E+01  0.4958662854238058E+00 -0.2189118833146534E+03
  0.1043793629827524E+01  0.5029449800180356E+00 -0.2165404069013495E+03
  0.1035623047042350E+01  0.5099900989089429E+00 -0.2142247969254286E+03
  0.1027452464347638E+01  0.5170011717770473E+00 -0.2122166464807829E+03
  0.1019281881745987E+01  0.5239777305757194E+00 -0.2106497740705325E+03
  0.1011111299240073E+01  0.5309193095624275E+00 -0.2096880613427664E+03
  0.1002940716832650E+01  0.5378254453298289E+00 -0.2093440363773794E+03
  0.9947701345265596E+00  0.5446956768367068E+00 -0.2093971907006280E+03
  0.9865995523247275E+00  0.5515295454387482E+00 -0.2095671794680696E+03
  0.9784289702301714E+00  0.5583265949191624E+00 -0.2097264376815010E+03
  0.9702583882460036E+00  0.5650863715191369E+00 -0.2097851699589545E+03
  0.9620878063754359E+00  0.5718084239681300E+00 -0.2096538304668442E+03
  0.9539172246217830E+00  0.5784923035139965E+00 -0.2093175608392074E+03
  0.9457466429884676E+00  0.5851375639529456E+00 -0.2088230229204578E+03
  0.9375760614790253E+00  0.5917437616593286E+00 -0.2081001958467253E+03
  0.9294054800971098E+00  0.5983104556152549E+00 -0.2070620055440120E+03
  0.9212348988464978E+00  0.6048372074400329E+00 -0.2057603563744159E+03
  0.9130643177310944E+00  0.6113235814194364E+00 -0.2043367945179135E+03
  0.9048937367549402E+00  0.6177691445347914E+00 -0.2028312664965613E+03
  0.8967231559222163E+00  0.6241734664918837E+00 -0.2013243788286757E+03
  0.8885525752372514E+00  0.6305361197496849E+00 -0.1999408136699937E+03
  0.8803819947045285E+00  0.6368566795488945E+00 -0.1986190842643542E+03
  0.8722114143286931E+00  0.6431347239402948E+00 -0.1969922218678650E+03
  0.8640408341145595E+00  0.6493698338129212E+00 -0.1948950708406910E+03
  0.8558702540671204E+00  0.6555615929220400E+00 -0.1926268551991749E+03
  0.8476996741915547E+00  0.6617095879169366E+00 -0.1905104615812851E+03
  0.8395290944932369E+00  0.6678134083685102E+00 -0.1884038506716982E+03
  0.8313585149777468E+00  0.6738726467966731E+00 -0.1859814470414837E+03
  0.8231879356508802E+00  0.6798868986975534E+00 -0.1830657061046842E+03
  0.8150173565186587E+00  0.6858557625704990E+00 -0.1795841953494267E+03
  0.8068467775873427E+00  0.6917788399448808E+00 -0.1754233509850598E+03
  0.7986761988634423E+00  0.6976557354066943E+00 -0.1707003678912446E+03
  0.7905056203537315E+00  0.7034860566249567E+00 -0.1657411003751754E+03
  0.7823350420652612E+00  0.7092694143778975E+00 -0.1606975343316516E+03
  0.7741644640053743E+00  0.7150054225789432E+00 -0.1553463895937188E+03
  0.7659938861817212E+00  0.7206936983024912E+00 -0.1495434360429483E+03
  0.7578233086022768E+00  0.7263338618094733E+00 -0.1433503334446995E+03
  0.7496527312753575E+00  0.7319255365727068E+00 -0.1367320358712417E+03
  0.7414821542096410E+00  0.7374683493020299E+00 -0.1293789525300423E+03
  0.7333115774141861E+00  0.7429619299692227E+00 -0.1211461664711920E+03
  0.7251410008984539E+00  0.7484059118327094E+00 -0.1122756277902662E+03
  0.7169704246723316E+00  0.7537999314620412E+00 -0.1032861384697027E+03
  0.7087998487461566E+00  0.7591436287621580E+00 -0.9473410574792547E+02
  0.7006292731307425E+00  0.7644366469974285E+00 -0.8714067473129117E+02
  0.6924586978374083E+00  0.7696786328154644E+00 -0.8059684571834003E+02
  0.6842881228780077E+00  0.7748692362707100E+00 -0.7456505241744837E+02
  0.6761175482649616E+00  0.7800081108478040E+00 -0.6820552710149435E+02
  0.6679469740112938E+00  0.7850949134847117E+00 -0.6111046596489542E+02
  0.6597764001306670E+00  0.7901293045956280E+00 -0.5338170569901316E+02
  0.6516058266374236E+00  0.7951109480936471E+00 -0.4531665795949719E+02
  0.6434352535466297E+00  0.8000395114131988E+00 -0.3696861737124378E+02
  0.6352646808741202E+00  0.8049146655322506E+00 -0.2801119097221117E+02
  0.6270941086365502E+00  0.8097360849942720E+00 -0.1780674292644776E+02
  0.6189235368514482E+00  0.8145034479299620E+00 -0.6026813100311430E+01
  0.6107529655372755E+00  0.8192164360787360E+00  0.6886840526278578E+01
  0.6025823947134890E+00  0.8238747348099726E+00  0.2010693909170190E+02
  0.5944118244006098E+00  0.8284780331440178E+00  0.3336361835224240E+02
  0.5862412546202973E+00  0.8330260237729452E+00  0.4691042540896435E+02
  0.5780706853954301E+00  0.8375184030810715E+00  0.6091431377783027E+02
  0.5699001167501928E+00  0.8419548711652254E+00  0.7520377575296035E+02
  0.5617295487101719E+00  0.8463351318547683E+00  0.8974550100029721E+02
  0.5535589813024583E+00  0.8506588927313666E+00  0.1044902916540830E+03
  0.5453884145557613E+00  0.8549258651485127E+00  0.1190487779916103E+03
  0.5372178485005299E+00  0.8591357642507945E+00  0.1329662563229419E+03
  0.5290472831690897E+00  0.8632883089929120E+00  0.1463496546559305E+03
  0.5208767185957875E+00  0.8673832221584393E+00  0.1596015107910795E+03
  0.5127061548171545E+00  0.8714202303783312E+00  0.1729756891222548E+03
  0.5045355918720822E+00  0.8753990641491725E+00  0.1866141470279670E+03
  0.4963650298020162E+00  0.8793194578511700E+00  0.2009295566833646E+03
  0.4881944686511717E+00  0.8831811497658847E+00  0.2160353631606770E+03
  0.4800239084667671E+00  0.8869838820937034E+00  0.2315539968358418E+03
  0.4718533492992859E+00  0.8907274009710492E+00  0.2471134117703078E+03
  0.4636827912027636E+00  0.8944114564873288E+00  0.2627931995268830E+03
  0.4555122342351060E+00  0.8980358027016164E+00  0.2784114646766701E+03
  0.4473416784584431E+00  0.9016001976590722E+00  0.2933226238147853E+03
  0.4391711239395221E+00  0.9051044034070944E+00  0.3070769498136005E+03
  0.4310005707501444E+00  0.9085481860112055E+00  0.3199840230570169E+03
  0.4228300189676551E+00  0.9119313155706682E+00  0.3323447411417218E+03
  0.4146594686754885E+00  0.9152535662338340E+00  0.3441082130405585E+03
  0.4064889199637791E+00  0.9185147162132208E+00  0.3553430813568712E+03
  0.3983183729300507E+00  0.9217145478003181E+00  0.3665209578204588E+03
  0.3901478276799883E+00  0.9248528473801222E+00  0.3777737740399509E+03
  0.3819772843283120E+00  0.9279294054453956E+00  0.3891211735604688E+03
  0.3738067429997641E+00  0.9309440166106540E+00  0.4010815846439547E+03
  0.3656362038302282E+00  0.9338964796258775E+00  0.4146224483605749E+03
  0.3574656669680030E+00  0.9367865973899459E+00  0.4300793954737488E+03
  0.3492951325752533E+00  0.9396141769637963E+00  0.4471835293542724E+03
  0.3411246008296713E+00  0.9423790295833044E+00  0.4656126630519153E+03
  0.3329540719263814E+00  0.9450809706718851E+00  0.4850441991324681E+03
  0.3247835460801308E+00  0.9477198198528157E+00  0.5046599588396421E+03
  0.3166130235278230E+00  0.9502954009612771E+00  0.5240642966876113E+03
  0.3084425045314506E+00  0.9528075420561144E+00  0.5437051676175271E+03
  0.3002719893815085E+00  0.9552560754313160E+00  0.5640716288117551E+03
  0.2921014784009779E+00  0.9576408376272095E+00  0.5847078463612346E+03
  0.2839309719500016E+00  0.9599616694413742E+00  0.6052967846002105E+03
  0.2757604704313845E+00  0.9622184159392698E+00  0.6263639041548895E+03
  0.2675899742971076E+00  0.9644109264645802E+00  0.6485600637537774E+03
  0.2594194840560681E+00  0.9665390546492710E+00  0.6718833357781162E+03
  0.2512490002833307E+00  0.9686026584233628E+00  0.6967585864969801E+03
  0.2430785236312446E+00  0.9706016000244151E+00  0.7239679452788464E+03
  0.2349080548428762E+00  0.9725357460067257E+00  0.7534188666669603E+03
  0.2267375947683499E+00  0.9744049672502397E+00  0.7837952036535047E+03
  0.2185671443848464E+00  0.9762091389691724E+00  0.8143767313065307E+03
  0.2103967048212628E+00  0.9779481407203411E+00  0.8450884435432572E+03
  0.2022262773888417E+00  0.9796218564112101E+00  0.8755394111190620E+03
  0.1940558636195398E+00  0.9812301743076443E+00  0.9053534825323775E+03
  0.1858854653144977E+00  0.9827729870413743E+00  0.9360197643601520E+03
  0.1777150846058812E+00  0.9842501916171713E+00  0.9694673600314584E+03
  0.1695447240365762E+00  0.9856616894197333E+00  0.1005820714242251E+04
  0.1613743866640789E+00  0.9870073862202815E+00  0.1043771818126274E+04
  0.1532040761975885E+00  0.9882871921828699E+00  0.1083387227058293E+04
  0.1450337971813853E+00  0.9895010218704087E+00  0.1124998547980167E+04
  0.1368635552438019E+00  0.9906487942504061E+00  0.1167873892145908E+04
  0.1286933574408989E+00  0.9917304327004320E+00  0.1211550158907115E+04
  0.1205232127396896E+00  0.9927458650133153E+00  0.1257784515742394E+04
  0.1123531327118049E+00  0.9936950234020883E+00  0.1307719373398282E+04
  0.1041831325528455E+00  0.9945778445047068E+00  0.1360432774072631E+04
  0.9601323262085862E-01  0.9953942693885953E+00  0.1416185309707674E+04
  0.8784346083082471E-01  0.9961442435551087E+00  0.1478526957836264E+04
  0.7967385651719167E-01  0.9968277169440913E+00  0.1549120398916827E+04
  0.7150447693306423E-01  0.9974446439389107E+00  0.1627227077346822E+04
  0.6333540875299180E-01  0.9979949833727938E+00  0.1716162663953719E+04
  0.5516678972815772E-01  0.9984786985384589E+00  0.1825004311984683E+04
  0.4699885272846815E-01  0.9988957572063257E+00  0.1961516045597873E+04
  0.3883202470742381E-01  0.9992461316671845E+00  0.2142790184928144E+04
  0.3066718105470672E-01  0.9995297988558859E+00  0.2412581053217843E+04
  0.2250643816359393E-01  0.9997467408113523E+00  0.2813553473967264E+04
  0.1435650599352885E-01  0.9998969471378596E+00  0.3297702187314144E+04
  0.6254421014113626E-02  0.9999804411726474E+00  0.3687087722050270E+04
