# nlmax, ncor, nside =         383           1         128
  0.3135338232575680E+01 -0.9999804411726474E+00  0.1720690425971578E+04
  0.3127236147596264E+01 -0.9998969471378596E+00  0.1685279082014311E+04
  0.3119086215426199E+01 -0.9997467408113523E+00  0.1632281703060705E+04
  0.3110925472535087E+01 -0.9995297988558859E+00  0.1574802161914144E+04
  0.3102760628882369E+01 -0.9992461316671845E+00  0.1521891020461089E+04
  0.3094593800861325E+01 -0.9988957572063257E+00  0.1476252034130057E+04
  0.3086425863861635E+01 -0.9984786985384589E+00  0.1439257169839811E+04
  0.3078257244836801E+01 -0.9979949833727938E+00  0.1412557049084027E+04
  0.3070088176656729E+01 -0.9974446439389107E+00  0.1392870666809022E+04
  0.3061918797072602E+01 -0.9968277169440913E+00  0.1372894752325033E+04
  0.3053749192758969E+01 -0.9961442435551087E+00  0.1349400717112462E+04
  0.3045579420968934E+01 -0.9953942693885953E+00  0.1325079259033094E+04
  0.3037409521036948E+01 -0.9945778445047068E+00  0.1303658776304427E+04
  0.3029239520877988E+01 -0.9936950234020883E+00  0.1286907530090669E+04
  0.3021069440850104E+01 -0.9927458650133153E+00  0.1274870594786202E+04
  0.3012899296148894E+01 -0.9917304327004320E+00  0.1266828776459300E+04
  0.3004729098345992E+01 -0.9906487942504061E+00  0.1261872002967089E+04
  0.2996558856408408E+01 -0.9895010218704087E+00  0.1259134370846908E+04
  0.2988388577392205E+01 -0.9882871921828699E+00  0.1257384308324632E+04
  0.2980218266925714E+01 -0.9870073862202815E+00  0.1254173998832050E+04
  0.2972047929553217E+01 -0.9856616894197333E+00  0.1246136281877202E+04
  0.2963877568983912E+01 -0.9842501916171713E+00  0.1230983031103648E+04
  0.2955707188275296E+01 -0.9827729870413743E+00  0.1209659694539710E+04
  0.2947536789970254E+01 -0.9812301743076443E+00  0.1186112230759190E+04
  0.2939366376200951E+01 -0.9796218564112101E+00  0.1164349753474024E+04
  0.2931195948768531E+01 -0.9779481407203411E+00  0.1146190549775128E+04
  0.2923025509204947E+01 -0.9762091389691724E+00  0.1131519051206954E+04
  0.2914855058821443E+01 -0.9744049672502397E+00  0.1118924866126820E+04
  0.2906684598746917E+01 -0.9725357460067257E+00  0.1106263547522124E+04
  0.2898514129958549E+01 -0.9706016000244151E+00  0.1092484376394537E+04
  0.2890343653306462E+01 -0.9686026584233628E+00  0.1079312023498057E+04
  0.2882173169533725E+01 -0.9665390546492710E+00  0.1070607714963389E+04
  0.2874002679292686E+01 -0.9644109264645802E+00  0.1069408604118626E+04
  0.2865832183158409E+01 -0.9622184159392698E+00  0.1074707790365060E+04
  0.2857661681639792E+01 -0.9599616694413742E+00  0.1081426152042241E+04
  0.2849491175188815E+01 -0.9576408376272095E+00  0.1084594537481124E+04
  0.2841320664208285E+01 -0.9552560754313160E+00  0.1083399852017805E+04
  0.2833150149058343E+01 -0.9528075420561144E+00  0.1081022757170061E+04
  0.2824979630061970E+01 -0.9502954009612771E+00  0.1081877377769624E+04
  0.2816809107509663E+01 -0.9477198198528157E+00  0.1089120575437332E+04
  0.2808638581663412E+01 -0.9450809706718851E+00  0.1102342101157490E+04
  0.2800468052760122E+01 -0.9423790295833044E+00  0.1116406924306091E+04
  0.2792297521014540E+01 -0.9396141769637963E+00  0.1124565853980959E+04
  0.2784126986621790E+01 -0.9367865973899459E+00  0.1124025310493531E+04
  0.2775956449759565E+01 -0.9338964796258775E+00  0.1117492067529343E+04
  0.2767785910590029E+01 -0.9309440166106540E+00  0.1109373425410429E+04
  0.2759615369261481E+01 -0.9279294054453956E+00  0.1101878135915163E+04
  0.2751444825909805E+01 -0.9248528473801222E+00  0.1094790073628963E+04
  0.2743274280659743E+01 -0.9217145478003181E+00  0.1087490924651601E+04
  0.2735103733626014E+01 -0.9185147162132208E+00  0.1080271453956717E+04
  0.2726933184914305E+01 -0.9152535662338340E+00  0.1074004464145114E+04
  0.2718762634622138E+01 -0.9119313155706682E+00  0.1069223161818329E+04
  0.2710592082839649E+01 -0.9085481860112055E+00  0.1065795388753218E+04
  0.2702421529650271E+01 -0.9051044034070944E+00  0.1063193805931845E+04
  0.2694250975131350E+01 -0.9016001976590722E+00  0.1060707895208685E+04
  0.2686080419354687E+01 -0.8980358027016164E+00  0.1057499643723428E+04
  0.2677909862387029E+01 -0.8944114564873288E+00  0.1052859275339588E+04
  0.2669739304290507E+01 -0.8907274009710492E+00  0.1046654779762808E+04
  0.2661568745123026E+01 -0.8869838820937034E+00  0.1039522021415967E+04
  0.2653398184938621E+01 -0.8831811497658847E+00  0.1032409053217804E+04
  0.2645227623787777E+01 -0.8793194578511700E+00  0.1025699649462462E+04
  0.2637057061717711E+01 -0.8753990641491725E+00  0.1018851278301446E+04
  0.2628886498772639E+01 -0.8714202303783312E+00  0.1011261415040825E+04
  0.2620715934994006E+01 -0.8673832221584393E+00  0.1003552709813660E+04
  0.2612545370420704E+01 -0.8632883089929120E+00  0.9976460297944000E+03
  0.2604374805089263E+01 -0.8591357642507945E+00  0.9954465898293323E+03
  0.2596204239034032E+01 -0.8549258651485127E+00  0.9975410895817640E+03
  0.2588033672287335E+01 -0.8506588927313666E+00  0.1003097061438741E+04
  0.2579863104879621E+01 -0.8463351318547683E+00  0.1010640145842116E+04
  0.2571692536839600E+01 -0.8419548711652254E+00  0.1018569789884142E+04
  0.2563521968194363E+01 -0.8375184030810715E+00  0.1025314479339506E+04
  0.2555351398969496E+01 -0.8330260237729452E+00  0.1029835388064514E+04
  0.2547180829189184E+01 -0.8284780331440178E+00  0.1032261416352637E+04
  0.2539010258876304E+01 -0.8238747348099726E+00  0.1033735627782529E+04
  0.2530839688052518E+01 -0.8192164360787360E+00  0.1035320096865557E+04
  0.2522669116738345E+01 -0.8145034479299620E+00  0.1036953321045221E+04
  0.2514498544953243E+01 -0.8097360849942720E+00  0.1037599235967860E+04
  0.2506327972715673E+01 -0.8049146655322506E+00  0.1036358904309482E+04
  0.2498157400043163E+01 -0.8000395114131988E+00  0.1033073375497738E+04
  0.2489986826952370E+01 -0.7951109480936471E+00  0.1027999091044136E+04
  0.2481816253459126E+01 -0.7901293045956280E+00  0.1021663323955107E+04
  0.2473645679578500E+01 -0.7850949134847117E+00  0.1015258906468528E+04
  0.2465475105324832E+01 -0.7800081108478040E+00  0.1010470583961852E+04
  0.2457304530711785E+01 -0.7748692362707100E+00  0.1008266742498884E+04
  0.2449133955752385E+01 -0.7696786328154644E+00  0.1008135880704590E+04
  0.2440963380459050E+01 -0.7644366469974285E+00  0.1008880871083132E+04
  0.2432792804843637E+01 -0.7591436287621580E+00  0.1009692271491748E+04
  0.2424622228917462E+01 -0.7537999314620412E+00  0.1010089759611821E+04
  0.2416451652691339E+01 -0.7484059118327094E+00  0.1009254532050429E+04
  0.2408281076175607E+01 -0.7429619299692227E+00  0.1005896361246507E+04
  0.2400110499380152E+01 -0.7374683493020299E+00  0.9988869115299789E+03
  0.2391939922314436E+01 -0.7319255365727068E+00  0.9880237906681045E+03
  0.2383769344987516E+01 -0.7263338618094733E+00  0.9741760847592175E+03
  0.2375598767408072E+01 -0.7206936983024912E+00  0.9587520824753365E+03
  0.2367428189584419E+01 -0.7150054225789432E+00  0.9431536204632999E+03
  0.2359257611524532E+01 -0.7092694143778975E+00  0.9287020537328312E+03
  0.2351087033236062E+01 -0.7034860566249567E+00  0.9166206618826476E+03
  0.2342916454726351E+01 -0.6976557354066943E+00  0.9074425966650167E+03
  0.2334745876002450E+01 -0.6917788399448808E+00  0.9003996939004546E+03
  0.2326575297071134E+01 -0.6858557625704990E+00  0.8939936256720364E+03
  0.2318404717938913E+01 -0.6798868986975534E+00  0.8873103102894554E+03
  0.2310234138612046E+01 -0.6738726467966731E+00  0.8802588948696391E+03
  0.2302063559096557E+01 -0.6678134083685102E+00  0.8724740901085412E+03
  0.2293892979398239E+01 -0.6617095879169366E+00  0.8627783555586425E+03
  0.2285722399522673E+01 -0.6555615929220400E+00  0.8501875646897935E+03
  0.2277551819475234E+01 -0.6493698338129212E+00  0.8349921718569873E+03
  0.2269381239261100E+01 -0.6431347239402948E+00  0.8183978287740428E+03
  0.2261210658885265E+01 -0.6368566795488945E+00  0.8012794648790560E+03
  0.2253040078352542E+01 -0.6305361197496849E+00  0.7835814838808944E+03
  0.2244869497667577E+01 -0.6241734664918837E+00  0.7648385267613247E+03
  0.2236698916834853E+01 -0.6177691445347914E+00  0.7449613769084826E+03
  0.2228528335858699E+01 -0.6113235814194364E+00  0.7243902248026383E+03
  0.2220357754743295E+01 -0.6048372074400329E+00  0.7034710127183000E+03
  0.2212187173492683E+01 -0.5983104556152549E+00  0.6816691102340131E+03
  0.2204016592110768E+01 -0.5917437616593286E+00  0.6576431910999241E+03
  0.2195846010601326E+01 -0.5851375639529456E+00  0.6304350869861213E+03
  0.2187675428968010E+01 -0.5784923035139965E+00  0.6004604099057417E+03
  0.2179504847214357E+01 -0.5718084239681300E+00  0.5690601492978741E+03
  0.2171334265343789E+01 -0.5650863715191369E+00  0.5372353092455957E+03
  0.2163163683359622E+01 -0.5583265949191624E+00  0.5051496454166667E+03
  0.2154993101265066E+01 -0.5515295454387482E+00  0.4727300953660529E+03
  0.2146822519063234E+01 -0.5446956768367068E+00  0.4403080805086781E+03
  0.2138651936757143E+01 -0.5378254453298289E+00  0.4086208824891987E+03
  0.2130481354349721E+01 -0.5309193095624275E+00  0.3785243599782947E+03
  0.2122310771843806E+01 -0.5239777305757194E+00  0.3507359951621281E+03
  0.2114140189242155E+01 -0.5170011717770473E+00  0.3254958329716554E+03
  0.2105969606547443E+01 -0.5099900989089429E+00  0.3024036448105358E+03
  0.2097799023762269E+01 -0.5029449800180356E+00  0.2808472302645860E+03
  0.2089628440889158E+01 -0.4958662854238058E+00  0.2605671505346601E+03
  0.2081457857930564E+01 -0.4887544876871878E+00  0.2415637348822198E+03
  0.2073287274888874E+01 -0.4816100615790221E+00  0.2234831749125951E+03
  0.2065116691766407E+01 -0.4744334840483606E+00  0.2053909715208416E+03
  0.2056946108565423E+01 -0.4672252341906264E+00  0.1863185531360021E+03
  0.2048775525288118E+01 -0.4599857932156304E+00  0.1660501557639129E+03
  0.2040604941936635E+01 -0.4527156444154464E+00  0.1453948138745976E+03
  0.2032434358513056E+01 -0.4454152731321473E+00  0.1256779896116195E+03
  0.2024263775019413E+01 -0.4380851667254050E+00  0.1078544810769663E+03
  0.2016093191457685E+01 -0.4307258145399545E+00  0.9201416479527559E+02
  0.2007922607829804E+01 -0.4233377078729265E+00  0.7775314232900210E+02
  0.1999752024137653E+01 -0.4159213399410494E+00  0.6492429523398705E+02
  0.1991581440383068E+01 -0.4084772058477228E+00  0.5367651569688527E+02
  0.1983410856567843E+01 -0.4010058025499653E+00  0.4363111897030714E+02
  0.1975240272693730E+01 -0.3935076288252386E+00  0.3347262634664798E+02
  0.1967069688762441E+01 -0.3859831852381501E+00  0.2191230233180020E+02
  0.1958899104775647E+01 -0.3784329741070359E+00  0.9052704546053711E+01
  0.1950728520734982E+01 -0.3708574994704271E+00 -0.3653984381826109E+01
  0.1942557936642046E+01 -0.3632572670534011E+00 -0.1500794997227776E+02
  0.1934387352498403E+01 -0.3556327842338202E+00 -0.2532455707701987E+02
  0.1926216768305583E+01 -0.3479845600084601E+00 -0.3602340395954285E+02
  0.1918046184065086E+01 -0.3403131049590297E+00 -0.4834824221422840E+02
  0.1909875599778379E+01 -0.3326189312180866E+00 -0.6256392781732220E+02
  0.1901705015446901E+01 -0.3249025524348469E+00 -0.7790522718472840E+02
  0.1893534431072063E+01 -0.3171644837408958E+00 -0.9298610443235589E+02
  0.1885363846655247E+01 -0.3094052417157978E+00 -0.1065577840778745E+03
  0.1877193262197810E+01 -0.3016253443526109E+00 -0.1183420016161078E+03
  0.1869022677701083E+01 -0.2938253110233064E+00 -0.1292478499282074E+03
  0.1860852093166375E+01 -0.2860056624440968E+00 -0.1406210501523121E+03
  0.1852681508594969E+01 -0.2781669206406729E+00 -0.1532197985186900E+03
  0.1844510923988128E+01 -0.2703096089133553E+00 -0.1669567153300984E+03
  0.1836340339347093E+01 -0.2624342518021592E+00 -0.1812687365232929E+03
  0.1828169754673083E+01 -0.2545413750517773E+00 -0.1951910991749640E+03
  0.1819999169967299E+01 -0.2466315055764818E+00 -0.2071876926780224E+03
  0.1811828585230925E+01 -0.2387051714249486E+00 -0.2157516738963194E+03
  0.1803658000465123E+01 -0.2307629017450062E+00 -0.2208087727051839E+03
  0.1795487415671042E+01 -0.2228052267483099E+00 -0.2242672451635536E+03
  0.1787316830849811E+01 -0.2148326776749467E+00 -0.2286363352416127E+03
  0.1779146246002545E+01 -0.2068457867579697E+00 -0.2352524592081194E+03
  0.1770975661130345E+01 -0.1988450871878683E+00 -0.2441199333818874E+03
  0.1762805076234296E+01 -0.1908311130769725E+00 -0.2548496335146739E+03
  0.1754634491315471E+01 -0.1828043994237966E+00 -0.2669606470055278E+03
  0.1746463906374929E+01 -0.1747654820773241E+00 -0.2795749951027080E+03
  0.1738293321413718E+01 -0.1667148977012352E+00 -0.2916404134937110E+03
  0.1730122736432872E+01 -0.1586531837380799E+00 -0.3026016244844405E+03
  0.1721952151433418E+01 -0.1505808783733995E+00 -0.3125565071745339E+03
  0.1713781566416370E+01 -0.1424985204997981E+00 -0.3218566801105089E+03
  0.1705610981382731E+01 -0.1344066496809675E+00 -0.3308304917117241E+03
  0.1697440396333499E+01 -0.1263058061156663E+00 -0.3396880403072911E+03
  0.1689269811269659E+01 -0.1181965306016578E+00 -0.3482293425658208E+03
  0.1681099226192191E+01 -0.1100793644996070E+00 -0.3557303071427647E+03
  0.1672928641102067E+01 -0.1019548496969404E+00 -0.3615321197526470E+03
  0.1664758056000250E+01 -0.9382352857167028E-01 -0.3657097566235574E+03
  0.1656587470887701E+01 -0.8568594395618719E-01 -0.3689243887008072E+03
  0.1648416885765370E+01 -0.7754263910102077E-01 -0.3717980871302184E+03
  0.1640246300634206E+01 -0.6939415763857371E-01 -0.3745929159519535E+03
  0.1632075715495151E+01 -0.6124104354682962E-01 -0.3772434684398735E+03
  0.1623905130349143E+01 -0.5308384111303818E-01 -0.3794501497274309E+03
  0.1615734545197117E+01 -0.4492309489737940E-01 -0.3809353185526841E+03
  0.1607563960040004E+01 -0.3675934969660982E-01 -0.3817708301990720E+03
  0.1599393374878733E+01 -0.2859315050769285E-01 -0.3822424480675995E+03
  0.1591222789714229E+01 -0.2042504249141571E-01 -0.3822389783668316E+03
  0.1583052204547419E+01 -0.1225557093599554E-01 -0.3811029188219431E+03
  0.1574881619379224E+01 -0.4085281220676868E-02 -0.3782610083934068E+03
  0.1566711034210569E+01  0.4085281220676868E-02 -0.3737072608201109E+03
  0.1558540449042374E+01  0.1225557093599554E-01 -0.3677111137410967E+03
  0.1550369863875564E+01  0.2042504249141571E-01 -0.3607701365462623E+03
  0.1542199278711061E+01  0.2859315050769285E-01 -0.3539968695911229E+03
  0.1534028693549790E+01  0.3675934969660982E-01 -0.3487296467244846E+03
  0.1525858108392677E+01  0.4492309489737940E-01 -0.3455606338627336E+03
  0.1517687523240650E+01  0.5308384111303818E-01 -0.3440899866860117E+03
  0.1509516938094642E+01  0.6124104354682962E-01 -0.3438321921519858E+03
  0.1501346352955587E+01  0.6939415763857371E-01 -0.3448985392690369E+03
  0.1493175767824423E+01  0.7754263910102077E-01 -0.3474135821699240E+03
  0.1485005182702093E+01  0.8568594395618719E-01 -0.3505657725351139E+03
  0.1476834597589543E+01  0.9382352857167028E-01 -0.3527894041975896E+03
  0.1468664012487727E+01  0.1019548496969404E+00 -0.3529451127165170E+03
  0.1460493427397602E+01  0.1100793644996070E+00 -0.3510497410110851E+03
  0.1452322842320134E+01  0.1181965306016578E+00 -0.3478895254487962E+03
  0.1444152257256294E+01  0.1263058061156663E+00 -0.3442231619517031E+03
  0.1435981672207062E+01  0.1344066496809675E+00 -0.3403172380143442E+03
  0.1427811087173423E+01  0.1424985204997981E+00 -0.3357846008424020E+03
  0.1419640502156375E+01  0.1505808783733995E+00 -0.3297068246684201E+03
  0.1411469917156921E+01  0.1586531837380799E+00 -0.3214532811495328E+03
  0.1403299332176076E+01  0.1667148977012352E+00 -0.3117575876246968E+03
  0.1395128747214864E+01  0.1747654820773241E+00 -0.3025670207052120E+03
  0.1386958162274323E+01  0.1828043994237966E+00 -0.2954302631757179E+03
  0.1378787577355497E+01  0.1908311130769725E+00 -0.2902269695782737E+03
  0.1370616992459449E+01  0.1988450871878683E+00 -0.2856498821760654E+03
  0.1362446407587248E+01  0.2068457867579697E+00 -0.2806579169647988E+03
  0.1354275822739983E+01  0.2148326776749467E+00 -0.2751958195918345E+03
  0.1346105237918751E+01  0.2228052267483099E+00 -0.2698325066514585E+03
  0.1337934653124670E+01  0.2307629017450062E+00 -0.2652058736561352E+03
  0.1329764068358868E+01  0.2387051714249486E+00 -0.2616607086181388E+03
  0.1321593483622494E+01  0.2466315055764818E+00 -0.2590132507802189E+03
  0.1313422898916710E+01  0.2545413750517773E+00 -0.2567144145597686E+03
  0.1305252314242701E+01  0.2624342518021592E+00 -0.2543816465813781E+03
  0.1297081729601665E+01  0.2703096089133553E+00 -0.2519849837053967E+03
  0.1288911144994824E+01  0.2781669206406729E+00 -0.2494642431257481E+03
  0.1280740560423418E+01  0.2860056624440968E+00 -0.2464817984974738E+03
  0.1272569975888710E+01  0.2938253110233064E+00 -0.2427627882115574E+03
  0.1264399391391984E+01  0.3016253443526109E+00 -0.2383684622717956E+03
  0.1256228806934547E+01  0.3094052417157978E+00 -0.2333599721141060E+03
  0.1248058222517730E+01  0.3171644837408958E+00 -0.2275657631215395E+03
  0.1239887638142892E+01  0.3249025524348469E+00 -0.2211323429470274E+03
  0.1231717053811414E+01  0.3326189312180866E+00 -0.2150523325730576E+03
  0.1223546469524707E+01  0.3403131049590297E+00 -0.2107037777658820E+03
  0.1215375885284210E+01  0.3479845600084601E+00 -0.2089845698405780E+03
  0.1207205301091390E+01  0.3556327842338202E+00 -0.2099937004759468E+03
  0.1199034716947747E+01  0.3632572670534011E+00 -0.2130990696097565E+03
  0.1190864132854811E+01  0.3708574994704271E+00 -0.2170395252138490E+03
  0.1182693548814147E+01  0.3784329741070359E+00 -0.2204109241005047E+03
  0.1174522964827352E+01  0.3859831852381501E+00 -0.2225434419523004E+03
  0.1166352380896063E+01  0.3935076288252386E+00 -0.2236874689196814E+03
  0.1158181797021950E+01  0.4010058025499653E+00 -0.2240060951398266E+03
  0.1150011213206726E+01  0.4084772058477228E+00 -0.2227163790927983E+03
  0.1141840629452141E+01  0.4159213399410494E+00 -0.2186668950165125E+03
  0.1133670045759989E+01  0.4233377078729265E+00 -0.2115670574116686E+03
  0.1125499462132108E+01  0.4307258145399545E+00 -0.2023858274202524E+03
  0.1117328878570381E+01  0.4380851667254050E+00 -0.1927042607849199E+03
  0.1109158295076737E+01  0.4454152731321473E+00 -0.1837900734640796E+03
  0.1100987711653159E+01  0.4527156444154464E+00 -0.1760366754790800E+03
  0.1092817128301675E+01  0.4599857932156304E+00 -0.1690550412462880E+03
  0.1084646545024371E+01  0.4672252341906264E+00 -0.1622191113213438E+03
  0.1076475961823386E+01  0.4744334840483606E+00 -0.1550106867234684E+03
  0.1068305378700920E+01  0.4816100615790221E+00 -0.1467153148371627E+03
  0.1060134795659229E+01  0.4887544876871878E+00 -0.1361133253208245E+03
  0.1051964212700635E+01  0.4958662854238058E+00 -0.1221503771674973E+03
  0.1043793629827524E+01  0.5029449800180356E+00 -0.1051434971035586E+03
  0.1035623047042350E+01  0.5099900989089429E+00 -0.8695324892525417E+02
  0.1027452464347638E+01  0.5170011717770473E+00 -0.6972305380783152E+02
  0.1019281881745987E+01  0.5239777305757194E+00 -0.5454837116074724E+02
  0.1011111299240073E+01  0.5309193095624275E+00 -0.4122537089280271E+02
  0.1002940716832650E+01  0.5378254453298289E+00 -0.2879594295996250E+02
  0.9947701345265596E+00  0.5446956768367068E+00 -0.1619448082145357E+02
  0.9865995523247275E+00  0.5515295454387482E+00 -0.2707445930316007E+01
  0.9784289702301714E+00  0.5583265949191624E+00  0.1190312160165278E+02
  0.9702583882460036E+00  0.5650863715191369E+00  0.2760200999323303E+02
  0.9620878063754359E+00  0.5718084239681300E+00  0.4420042832451685E+02
  0.9539172246217830E+00  0.5784923035139965E+00  0.6143708876422034E+02
  0.9457466429884676E+00  0.5851375639529456E+00  0.7946279686248870E+02
  0.9375760614790253E+00  0.5917437616593286E+00  0.9928049295717828E+02
  0.9294054800971098E+00  0.5983104556152549E+00  0.1221692672758538E+03
  0.9212348988464978E+00  0.6048372074400329E+00  0.1483876121644162E+03
  0.9130643177310944E+00  0.6113235814194364E+00  0.1765829261178423E+03
  0.9048937367549402E+00  0.6177691445347914E+00  0.2045596725968233E+03
  0.8967231559222163E+00  0.6241734664918837E+00  0.2306413814376915E+03
  0.8885525752372514E+00  0.6305361197496849E+00  0.2545586972015012E+03
  0.8803819947045285E+00  0.6368566795488945E+00  0.2771854771930185E+03
  0.8722114143286931E+00  0.6431347239402948E+00  0.2993567655568211E+03
  0.8640408341145595E+00  0.6493698338129212E+00  0.3210643171343841E+03
  0.8558702540671204E+00  0.6555615929220400E+00  0.3418490138580985E+03
  0.8476996741915547E+00  0.6617095879169366E+00  0.3615826375572821E+03
  0.8395290944932369E+00  0.6678134083685102E+00  0.3806046058749974E+03
  0.8313585149777468E+00  0.6738726467966731E+00  0.3993478553756533E+03
  0.8231879356508802E+00  0.6798868986975534E+00  0.4185018353708629E+03
  0.8150173565186587E+00  0.6858557625704990E+00  0.4396703470408636E+03
  0.8068467775873427E+00  0.6917788399448808E+00  0.4649030080446018E+03
  0.7986761988634423E+00  0.6976557354066943E+00  0.4948570691633219E+03
  0.7905056203537315E+00  0.7034860566249567E+00  0.5279900485684643E+03
  0.7823350420652612E+00  0.7092694143778975E+00  0.5621193268412565E+03
  0.7741644640053743E+00  0.7150054225789432E+00  0.5962303848439069E+03
  0.7659938861817212E+00  0.7206936983024912E+00  0.6302098151394465E+03
  0.7578233086022768E+00  0.7263338618094733E+00  0.6635886637057253E+03
  0.7496527312753575E+00  0.7319255365727068E+00  0.6956599787980645E+03
  0.7414821542096410E+00  0.7374683493020299E+00  0.7265178342811212E+03
  0.7333115774141861E+00  0.7429619299692227E+00  0.7568229828337237E+03
  0.7251410008984539E+00  0.7484059118327094E+00  0.7865780406768439E+03
  0.7169704246723316E+00  0.7537999314620412E+00  0.8150582253280492E+03
  0.7087998487461566E+00  0.7591436287621580E+00  0.8420555201328859E+03
  0.7006292731307425E+00  0.7644366469974285E+00  0.8685888898346961E+03
  0.6924586978374083E+00  0.7696786328154644E+00  0.8962453550061074E+03
  0.6842881228780077E+00  0.7748692362707100E+00  0.9259874896593076E+03
  0.6761175482649616E+00  0.7800081108478040E+00  0.9576093016487733E+03
  0.6679469740112938E+00  0.7850949134847117E+00  0.9902332808683745E+03
  0.6597764001306670E+00  0.7901293045956280E+00  0.1023221950937734E+04
  0.6516058266374236E+00  0.7951109480936471E+00  0.1056449779850878E+04
  0.6434352535466297E+00  0.8000395114131988E+00  0.1089953555889858E+04
  0.6352646808741202E+00  0.8049146655322506E+00  0.1123812510229891E+04
  0.6270941086365502E+00  0.8097360849942720E+00  0.1158302835526105E+04
  0.6189235368514482E+00  0.8145034479299620E+00  0.1193747075795939E+04
  0.6107529655372755E+00  0.8192164360787360E+00  0.1230112628652704E+04
  0.6025823947134890E+00  0.8238747348099726E+00  0.1266836304268031E+04
  0.5944118244006098E+00  0.8284780331440178E+00  0.1303021417103701E+04
  0.5862412546202973E+00  0.8330260237729452E+00  0.1337753433991671E+04
  0.5780706853954301E+00  0.8375184030810715E+00  0.1370573421676042E+04
  0.5699001167501928E+00  0.8419548711652254E+00  0.1401804301572459E+04
  0.5617295487101719E+00  0.8463351318547683E+00  0.1432065294707772E+04
  0.5535589813024583E+00  0.8506588927313666E+00  0.1461450213789485E+04
  0.5453884145557613E+00  0.8549258651485127E+00  0.1489705771140366E+04
  0.5372178485005299E+00  0.8591357642507945E+00  0.1517249573807434E+04
  0.5290472831690897E+00  0.8632883089929120E+00  0.1545500718316579E+04
  0.5208767185957875E+00  0.8673832221584393E+00  0.1575843953677388E+04
  0.5127061548171545E+00  0.8714202303783312E+00  0.1608526435514952E+04
  0.5045355918720822E+00  0.8753990641491725E+00  0.1642788479242696E+04
  0.4963650298020162E+00  0.8793194578511700E+00  0.1677625044499114E+04
  0.4881944686511717E+00  0.8831811497658847E+00  0.1712180260811260E+04
  0.4800239084667671E+00  0.8869838820937034E+00  0.1745988274977761E+04
  0.4718533492992859E+00  0.8907274009710492E+00  0.1779144153947181E+04
  0.4636827912027636E+00  0.8944114564873288E+00  0.1812145623267482E+04
  0.4555122342351060E+00  0.8980358027016164E+00  0.1845514432152986E+04
  0.4473416784584431E+00  0.9016001976590722E+00  0.1879718724218869E+04
  0.4391711239395221E+00  0.9051044034070944E+00  0.1915645148907810E+04
  0.4310005707501444E+00  0.9085481860112055E+00  0.1955089308395656E+04
  0.4228300189676551E+00  0.9119313155706682E+00  0.2000242335604319E+04
  0.4146594686754885E+00  0.9152535662338340E+00  0.2052227250193881E+04
  0.4064889199637791E+00  0.9185147162132208E+00  0.2109776986358019E+04
  0.3983183729300507E+00  0.9217145478003181E+00  0.2169292999117285E+04
  0.3901478276799883E+00  0.9248528473801222E+00  0.2226970301187849E+04
  0.3819772843283120E+00  0.9279294054453956E+00  0.2281123287936838E+04
  0.3738067429997641E+00  0.9309440166106540E+00  0.2331917842049223E+04
  0.3656362038302282E+00  0.9338964796258775E+00  0.2379601337566405E+04
  0.3574656669680030E+00  0.9367865973899459E+00  0.2424096479384315E+04
  0.3492951325752533E+00  0.9396141769637963E+00  0.2465919880088762E+04
  0.3411246008296713E+00  0.9423790295833044E+00  0.2506065395743148E+04
  0.3329540719263814E+00  0.9450809706718851E+00  0.2544592704046479E+04
  0.3247835460801308E+00  0.9477198198528157E+00  0.2580165031837034E+04
  0.3166130235278230E+00  0.9502954009612771E+00  0.2611257156620507E+04
  0.3084425045314506E+00  0.9528075420561144E+00  0.2637298167145821E+04
  0.3002719893815085E+00  0.9552560754313160E+00  0.2659161269366678E+04
  0.2921014784009779E+00  0.9576408376272095E+00  0.2679685538344968E+04
  0.2839309719500016E+00  0.9599616694413742E+00  0.2703764116231963E+04
  0.2757604704313845E+00  0.9622184159392698E+00  0.2736124139251728E+04
  0.2675899742971076E+00  0.9644109264645802E+00  0.2778433124545686E+04
  0.2594194840560681E+00  0.9665390546492710E+00  0.2829704288143751E+04
  0.2512490002833307E+00  0.9686026584233628E+00  0.2888649901704885E+04
  0.2430785236312446E+00  0.9706016000244151E+00  0.2953955878212500E+04
  0.2349080548428762E+00  0.9725357460067257E+00  0.3023902926205187E+04
  0.2267375947683499E+00  0.9744049672502397E+00  0.3098689945914882E+04
  0.2185671443848464E+00  0.9762091389691724E+00  0.3182735783103276E+04
  0.2103967048212628E+00  0.9779481407203411E+00  0.3280932793367445E+04
  0.2022262773888417E+00  0.9796218564112101E+00  0.3392250107744686E+04
  0.1940558636195398E+00  0.9812301743076443E+00  0.3510577079978969E+04
  0.1858854653144977E+00  0.9827729870413743E+00  0.3631913844361162E+04
  0.1777150846058812E+00  0.9842501916171713E+00  0.3756813235105908E+04
  0.1695447240365762E+00  0.9856616894197333E+00  0.3887080766009659E+04
  0.1613743866640789E+00  0.9870073862202815E+00  0.4025095355866215E+04
  0.1532040761975885E+00  0.9882871921828699E+00  0.4175627725832975E+04
  0.1450337971813853E+00  0.9895010218704087E+00  0.4343937924237853E+04
  0.1368635552438019E+00  0.9906487942504061E+00  0.4532832400333972E+04
  0.1286933574408989E+00  0.9917304327004320E+00  0.4743417656829483E+04
  0.1205232127396896E+00  0.9927458650133153E+00  0.4976391453027226E+04
  0.1123531327118049E+00  0.9936950234020883E+00  0.5231241453421783E+04
  0.1041831325528455E+00  0.9945778445047068E+00  0.5509533002634158E+04
  0.9601323262085862E-01  0.9953942693885953E+00  0.5822136405925342E+04
  0.8784346083082471E-01  0.9961442435551087E+00  0.6186355130572738E+04
  0.7967385651719167E-01  0.9968277169440913E+00  0.6612686280617384E+04
  0.7150447693306423E-01  0.9974446439389107E+00  0.7108065860055577E+04
  0.6333540875299180E-01  0.9979949833727938E+00  0.7703639934014804E+04
  0.5516678972815772E-01  0.9984786985384589E+00  0.8471060290389280E+04
  0.4699885272846815E-01  0.9988957572063257E+00  0.9506471984497357E+04
  0.3883202470742381E-01  0.9992461316671845E+00  0.1092724411169298E+05
  0.3066718105470672E-01  0.9995297988558859E+00  0.1290615469754325E+05
  0.2250643816359393E-01  0.9997467408113523E+00  0.1560838693946151E+05
  0.1435650599352885E-01  0.9998969471378596E+00  0.1881558182716241E+05
  0.6254421014113626E-02  0.9999804411726474E+00  0.2147118741623989E+05
