# nlmax, ncor, nside =         383           1         128
  0.3135338232575680E+01 -0.9999804411726474E+00  0.1742641562860263E+03
  0.3127236147596264E+01 -0.9998969471378596E+00  0.1694550359110159E+03
  0.3119086215426199E+01 -0.9997467408113523E+00  0.1637694984284138E+03
  0.3110925472535087E+01 -0.9995297988558859E+00  0.1594557677811590E+03
  0.3102760628882369E+01 -0.9992461316671845E+00  0.1571090442854936E+03
  0.3094593800861325E+01 -0.9988957572063257E+00  0.1565781387197906E+03
  0.3086425863861635E+01 -0.9984786985384589E+00  0.1577871373713309E+03
  0.3078257244836801E+01 -0.9979949833727938E+00  0.1603908212633734E+03
  0.3070088176656729E+01 -0.9974446439389107E+00  0.1635235981857062E+03
  0.3061918797072602E+01 -0.9968277169440913E+00  0.1665115197699122E+03
  0.3053749192758969E+01 -0.9961442435551087E+00  0.1695530599617933E+03
  0.3045579420968934E+01 -0.9953942693885953E+00  0.1733439390623298E+03
  0.3037409521036948E+01 -0.9945778445047068E+00  0.1782042560704998E+03
  0.3029239520877988E+01 -0.9936950234020883E+00  0.1838244776138213E+03
  0.3021069440850104E+01 -0.9927458650133153E+00  0.1897813859966177E+03
  0.3012899296148894E+01 -0.9917304327004320E+00  0.1960596795512618E+03
  0.3004729098345992E+01 -0.9906487942504061E+00  0.2029317672701042E+03
  0.2996558856408408E+01 -0.9895010218704087E+00  0.2103285897701792E+03
  0.2988388577392205E+01 -0.9882871921828699E+00  0.2174929789701061E+03
  0.2980218266925714E+01 -0.9870073862202815E+00  0.2234826821059922E+03
  0.2972047929553217E+01 -0.9856616894197333E+00  0.2280348965137508E+03
  0.2963877568983912E+01 -0.9842501916171713E+00  0.2316949933241322E+03
  0.2955707188275296E+01 -0.9827729870413743E+00  0.2349638556490852E+03
  0.2947536789970254E+01 -0.9812301743076443E+00  0.2375130163669580E+03
  0.2939366376200951E+01 -0.9796218564112101E+00  0.2384760710483558E+03
  0.2931195948768531E+01 -0.9779481407203411E+00  0.2374691746289727E+03
  0.2923025509204947E+01 -0.9762091389691724E+00  0.2351024555368641E+03
  0.2914855058821443E+01 -0.9744049672502397E+00  0.2323953994626318E+03
  0.2906684598746917E+01 -0.9725357460067257E+00  0.2298548327440357E+03
  0.2898514129958549E+01 -0.9706016000244151E+00  0.2273581709280202E+03
  0.2890343653306462E+01 -0.9686026584233628E+00  0.2248947902024183E+03
  0.2882173169533725E+01 -0.9665390546492710E+00  0.2230261548199396E+03
  0.2874002679292686E+01 -0.9644109264645802E+00  0.2223406354237594E+03
  0.2865832183158409E+01 -0.9622184159392698E+00  0.2227098969532014E+03
  0.2857661681639792E+01 -0.9599616694413742E+00  0.2234771409470310E+03
  0.2849491175188815E+01 -0.9576408376272095E+00  0.2242350033281416E+03
  0.2841320664208285E+01 -0.9552560754313160E+00  0.2249504572935903E+03
  0.2833150149058343E+01 -0.9528075420561144E+00  0.2253552532176547E+03
  0.2824979630061970E+01 -0.9502954009612771E+00  0.2247618781184630E+03
  0.2816809107509663E+01 -0.9477198198528157E+00  0.2227048502702539E+03
  0.2808638581663412E+01 -0.9450809706718851E+00  0.2194295269459126E+03
  0.2800468052760122E+01 -0.9423790295833044E+00  0.2155422719048595E+03
  0.2792297521014540E+01 -0.9396141769637963E+00  0.2114017075026394E+03
  0.2784126986621790E+01 -0.9367865973899459E+00  0.2069810554237462E+03
  0.2775956449759565E+01 -0.9338964796258775E+00  0.2021085313730053E+03
  0.2767785910590029E+01 -0.9309440166106540E+00  0.1967113203858618E+03
  0.2759615369261481E+01 -0.9279294054453956E+00  0.1909923486936790E+03
  0.2751444825909805E+01 -0.9248528473801222E+00  0.1854783975688174E+03
  0.2743274280659743E+01 -0.9217145478003181E+00  0.1807756084698737E+03
  0.2735103733626014E+01 -0.9185147162132208E+00  0.1771709696908628E+03
  0.2726933184914305E+01 -0.9152535662338340E+00  0.1744573250863951E+03
  0.2718762634622138E+01 -0.9119313155706682E+00  0.1720834096114260E+03
  0.2710592082839649E+01 -0.9085481860112055E+00  0.1694570068130960E+03
  0.2702421529650271E+01 -0.9051044034070944E+00  0.1662852532250542E+03
  0.2694250975131350E+01 -0.9016001976590722E+00  0.1627995476817740E+03
  0.2686080419354687E+01 -0.8980358027016164E+00  0.1595957179671069E+03
  0.2677909862387029E+01 -0.8944114564873288E+00  0.1571389371868935E+03
  0.2669739304290507E+01 -0.8907274009710492E+00  0.1554134694614245E+03
  0.2661568745123026E+01 -0.8869838820937034E+00  0.1539786264990613E+03
  0.2653398184938621E+01 -0.8831811497658847E+00  0.1521910271034275E+03
  0.2645227623787777E+01 -0.8793194578511700E+00  0.1494160206748253E+03
  0.2637057061717711E+01 -0.8753990641491725E+00  0.1453263241466405E+03
  0.2628886498772639E+01 -0.8714202303783312E+00  0.1401625908643669E+03
  0.2620715934994006E+01 -0.8673832221584393E+00  0.1346158940634757E+03
  0.2612545370420704E+01 -0.8632883089929120E+00  0.1294142125050570E+03
  0.2604374805089263E+01 -0.8591357642507945E+00  0.1250452969436074E+03
  0.2596204239034032E+01 -0.8549258651485127E+00  0.1216980276428406E+03
  0.2588033672287335E+01 -0.8506588927313666E+00  0.1192255496594475E+03
  0.2579863104879621E+01 -0.8463351318547683E+00  0.1172316963129663E+03
  0.2571692536839600E+01 -0.8419548711652254E+00  0.1153967695480472E+03
  0.2563521968194363E+01 -0.8375184030810715E+00  0.1136438543824895E+03
  0.2555351398969496E+01 -0.8330260237729452E+00  0.1118467439895760E+03
  0.2547180829189184E+01 -0.8284780331440178E+00  0.1095900850997751E+03
  0.2539010258876304E+01 -0.8238747348099726E+00  0.1064875339116111E+03
  0.2530839688052518E+01 -0.8192164360787360E+00  0.1025902260426357E+03
  0.2522669116738345E+01 -0.8145034479299620E+00  0.9825452940234588E+02
  0.2514498544953243E+01 -0.8097360849942720E+00  0.9380289284488066E+02
  0.2506327972715673E+01 -0.8049146655322506E+00  0.8956195739658563E+02
  0.2498157400043163E+01 -0.8000395114131988E+00  0.8598396492198923E+02
  0.2489986826952370E+01 -0.7951109480936471E+00  0.8335889579309858E+02
  0.2481816253459126E+01 -0.7901293045956280E+00  0.8151890454934606E+02
  0.2473645679578500E+01 -0.7850949134847117E+00  0.8011678722892556E+02
  0.2465475105324832E+01 -0.7800081108478040E+00  0.7909383836926165E+02
  0.2457304530711785E+01 -0.7748692362707100E+00  0.7863001922780730E+02
  0.2449133955752385E+01 -0.7696786328154644E+00  0.7874392966249863E+02
  0.2440963380459050E+01 -0.7644366469974285E+00  0.7917551979560075E+02
  0.2432792804843637E+01 -0.7591436287621580E+00  0.7959825815711527E+02
  0.2424622228917462E+01 -0.7537999314620412E+00  0.7979030629576934E+02
  0.2416451652691339E+01 -0.7484059118327094E+00  0.7967341320970209E+02
  0.2408281076175607E+01 -0.7429619299692227E+00  0.7929959347041702E+02
  0.2400110499380152E+01 -0.7374683493020299E+00  0.7874418187111512E+02
  0.2391939922314436E+01 -0.7319255365727068E+00  0.7798183855970713E+02
  0.2383769344987516E+01 -0.7263338618094733E+00  0.7694924719777926E+02
  0.2375598767408072E+01 -0.7206936983024912E+00  0.7569809665630443E+02
  0.2367428189584419E+01 -0.7150054225789432E+00  0.7438517544471082E+02
  0.2359257611524532E+01 -0.7092694143778975E+00  0.7322713213709680E+02
  0.2351087033236062E+01 -0.7034860566249567E+00  0.7263118162743709E+02
  0.2342916454726351E+01 -0.6976557354066943E+00  0.7317883925076406E+02
  0.2334745876002450E+01 -0.6917788399448808E+00  0.7513534909639253E+02
  0.2326575297071134E+01 -0.6858557625704990E+00  0.7800108122754820E+02
  0.2318404717938913E+01 -0.6798868986975534E+00  0.8081060297406073E+02
  0.2310234138612046E+01 -0.6738726467966731E+00  0.8286944117935110E+02
  0.2302063559096557E+01 -0.6678134083685102E+00  0.8404577234462737E+02
  0.2293892979398239E+01 -0.6617095879169366E+00  0.8449631906762569E+02
  0.2285722399522673E+01 -0.6555615929220400E+00  0.8439334905499761E+02
  0.2277551819475234E+01 -0.6493698338129212E+00  0.8385118816147187E+02
  0.2269381239261100E+01 -0.6431347239402948E+00  0.8285417271959906E+02
  0.2261210658885265E+01 -0.6368566795488945E+00  0.8126134495425939E+02
  0.2253040078352542E+01 -0.6305361197496849E+00  0.7904276256938482E+02
  0.2244869497667577E+01 -0.6241734664918837E+00  0.7645787841477937E+02
  0.2236698916834853E+01 -0.6177691445347914E+00  0.7387496276701714E+02
  0.2228528335858699E+01 -0.6113235814194364E+00  0.7149516440220660E+02
  0.2220357754743295E+01 -0.6048372074400329E+00  0.6932929760766223E+02
  0.2212187173492683E+01 -0.5983104556152549E+00  0.6727237629138143E+02
  0.2204016592110768E+01 -0.5917437616593286E+00  0.6505160191106219E+02
  0.2195846010601326E+01 -0.5851375639529456E+00  0.6223778924032954E+02
  0.2187675428968010E+01 -0.5784923035139965E+00  0.5848241515762852E+02
  0.2179504847214357E+01 -0.5718084239681300E+00  0.5373096140595709E+02
  0.2171334265343789E+01 -0.5650863715191369E+00  0.4821360509444869E+02
  0.2163163683359622E+01 -0.5583265949191624E+00  0.4236688151693898E+02
  0.2154993101265066E+01 -0.5515295454387482E+00  0.3674969924681687E+02
  0.2146822519063234E+01 -0.5446956768367068E+00  0.3178014838627428E+02
  0.2138651936757143E+01 -0.5378254453298289E+00  0.2740763925137371E+02
  0.2130481354349721E+01 -0.5309193095624275E+00  0.2316458997877996E+02
  0.2122310771843806E+01 -0.5239777305757194E+00  0.1865048624298208E+02
  0.2114140189242155E+01 -0.5170011717770473E+00  0.1391088241801021E+02
  0.2105969606547443E+01 -0.5099900989089429E+00  0.9314228564918142E+01
  0.2097799023762269E+01 -0.5029449800180356E+00  0.5139279054043182E+01
  0.2089628440889158E+01 -0.4958662854238058E+00  0.1306021789876675E+01
  0.2081457857930564E+01 -0.4887544876871878E+00 -0.2571436268727007E+01
  0.2073287274888874E+01 -0.4816100615790221E+00 -0.6903981653216646E+01
  0.2065116691766407E+01 -0.4744334840483606E+00 -0.1183404070939453E+02
  0.2056946108565423E+01 -0.4672252341906264E+00 -0.1713898782449710E+02
  0.2048775525288118E+01 -0.4599857932156304E+00 -0.2238319365806750E+02
  0.2040604941936635E+01 -0.4527156444154464E+00 -0.2718974969881828E+02
  0.2032434358513056E+01 -0.4454152731321473E+00 -0.3145877474312150E+02
  0.2024263775019413E+01 -0.4380851667254050E+00 -0.3538309733967557E+02
  0.2016093191457685E+01 -0.4307258145399545E+00 -0.3920151509914583E+02
  0.2007922607829804E+01 -0.4233377078729265E+00 -0.4290884930631681E+02
  0.1999752024137653E+01 -0.4159213399410494E+00 -0.4629749582324507E+02
  0.1991581440383068E+01 -0.4084772058477228E+00 -0.4928805372801791E+02
  0.1983410856567843E+01 -0.4010058025499653E+00 -0.5202283392441312E+02
  0.1975240272693730E+01 -0.3935076288252386E+00 -0.5455337156477992E+02
  0.1967069688762441E+01 -0.3859831852381501E+00 -0.5667940055425016E+02
  0.1958899104775647E+01 -0.3784329741070359E+00 -0.5828511863069983E+02
  0.1950728520734982E+01 -0.3708574994704271E+00 -0.5964221659595780E+02
  0.1942557936642046E+01 -0.3632572670534011E+00 -0.6116560124130655E+02
  0.1934387352498403E+01 -0.3556327842338202E+00 -0.6302002821501298E+02
  0.1926216768305583E+01 -0.3479845600084601E+00 -0.6516330633929429E+02
  0.1918046184065086E+01 -0.3403131049590297E+00 -0.6760693424590562E+02
  0.1909875599778379E+01 -0.3326189312180866E+00 -0.7038203531494277E+02
  0.1901705015446901E+01 -0.3249025524348469E+00 -0.7333824040745023E+02
  0.1893534431072063E+01 -0.3171644837408958E+00 -0.7619190662196324E+02
  0.1885363846655247E+01 -0.3094052417157978E+00 -0.7874191224987959E+02
  0.1877193262197810E+01 -0.3016253443526109E+00 -0.8093375115140870E+02
  0.1869022677701083E+01 -0.2938253110233064E+00 -0.8281400173900514E+02
  0.1860852093166375E+01 -0.2860056624440968E+00 -0.8454137716776036E+02
  0.1852681508594969E+01 -0.2781669206406729E+00 -0.8634933160543015E+02
  0.1844510923988128E+01 -0.2703096089133553E+00 -0.8838532068974648E+02
  0.1836340339347093E+01 -0.2624342518021592E+00 -0.9063419813205071E+02
  0.1828169754673083E+01 -0.2545413750517773E+00 -0.9302490141784769E+02
  0.1819999169967299E+01 -0.2466315055764818E+00 -0.9551417843166334E+02
  0.1811828585230925E+01 -0.2387051714249486E+00 -0.9804871202819905E+02
  0.1803658000465123E+01 -0.2307629017450062E+00 -0.1005638320067453E+03
  0.1795487415671042E+01 -0.2228052267483099E+00 -0.1030584431787516E+03
  0.1787316830849811E+01 -0.2148326776749467E+00 -0.1056020482187449E+03
  0.1779146246002545E+01 -0.2068457867579697E+00 -0.1082716572801483E+03
  0.1770975661130345E+01 -0.1988450871878683E+00 -0.1111201846299314E+03
  0.1762805076234296E+01 -0.1908311130769725E+00 -0.1141283439981343E+03
  0.1754634491315471E+01 -0.1828043994237966E+00 -0.1171256360671336E+03
  0.1746463906374929E+01 -0.1747654820773241E+00 -0.1198820739000655E+03
  0.1738293321413718E+01 -0.1667148977012352E+00 -0.1223830558504402E+03
  0.1730122736432872E+01 -0.1586531837380799E+00 -0.1248991454495309E+03
  0.1721952151433418E+01 -0.1505808783733995E+00 -0.1276770625530292E+03
  0.1713781566416370E+01 -0.1424985204997981E+00 -0.1306660215302603E+03
  0.1705610981382731E+01 -0.1344066496809675E+00 -0.1336201598754555E+03
  0.1697440396333499E+01 -0.1263058061156663E+00 -0.1363260573039677E+03
  0.1689269811269659E+01 -0.1181965306016578E+00 -0.1386523804026448E+03
  0.1681099226192191E+01 -0.1100793644996070E+00 -0.1405526290324129E+03
  0.1672928641102067E+01 -0.1019548496969404E+00 -0.1421448960437837E+03
  0.1664758056000250E+01 -0.9382352857167028E-01 -0.1436576658823745E+03
  0.1656587470887701E+01 -0.8568594395618719E-01 -0.1451799044108953E+03
  0.1648416885765370E+01 -0.7754263910102077E-01 -0.1465436963910009E+03
  0.1640246300634206E+01 -0.6939415763857371E-01 -0.1475022672301463E+03
  0.1632075715495151E+01 -0.6124104354682962E-01 -0.1479368980173608E+03
  0.1623905130349143E+01 -0.5308384111303818E-01 -0.1478910290909726E+03
  0.1615734545197117E+01 -0.4492309489737940E-01 -0.1475362836886531E+03
  0.1607563960040004E+01 -0.3675934969660982E-01 -0.1471293614790175E+03
  0.1599393374878733E+01 -0.2859315050769285E-01 -0.1468877217149453E+03
  0.1591222789714229E+01 -0.2042504249141571E-01 -0.1468610284307217E+03
  0.1583052204547419E+01 -0.1225557093599554E-01 -0.1469327232531184E+03
  0.1574881619379224E+01 -0.4085281220676868E-02 -0.1468724194200034E+03
  0.1566711034210569E+01  0.4085281220676868E-02 -0.1463671655920885E+03
  0.1558540449042374E+01  0.1225557093599554E-01 -0.1451901972075155E+03
  0.1550369863875564E+01  0.2042504249141571E-01 -0.1434948110410082E+03
  0.1542199278711061E+01  0.2859315050769285E-01 -0.1418289088338180E+03
  0.1534028693549790E+01  0.3675934969660982E-01 -0.1407085505646616E+03
  0.1525858108392677E+01  0.4492309489737940E-01 -0.1402304728225291E+03
  0.1517687523240650E+01  0.5308384111303818E-01 -0.1401526977285431E+03
  0.1509516938094642E+01  0.6124104354682962E-01 -0.1402072980720041E+03
  0.1501346352955587E+01  0.6939415763857371E-01 -0.1402404298128088E+03
  0.1493175767824423E+01  0.7754263910102077E-01 -0.1402008552533364E+03
  0.1485005182702093E+01  0.8568594395618719E-01 -0.1401365177225782E+03
  0.1476834597589543E+01  0.9382352857167028E-01 -0.1401301307155605E+03
  0.1468664012487727E+01  0.1019548496969404E+00 -0.1401515303213976E+03
  0.1460493427397602E+01  0.1100793644996070E+00 -0.1400269311101999E+03
  0.1452322842320134E+01  0.1181965306016578E+00 -0.1395894104472352E+03
  0.1444152257256294E+01  0.1263058061156663E+00 -0.1388138289718251E+03
  0.1435981672207062E+01  0.1344066496809675E+00 -0.1378275930544604E+03
  0.1427811087173423E+01  0.1424985204997981E+00 -0.1368587924597909E+03
  0.1419640502156375E+01  0.1505808783733995E+00 -0.1361178055763995E+03
  0.1411469917156921E+01  0.1586531837380799E+00 -0.1356245529666682E+03
  0.1403299332176076E+01  0.1667148977012352E+00 -0.1351851893272121E+03
  0.1395128747214864E+01  0.1747654820773241E+00 -0.1346079987595317E+03
  0.1386958162274323E+01  0.1828043994237966E+00 -0.1338837474071350E+03
  0.1378787577355497E+01  0.1908311130769725E+00 -0.1331066387017378E+03
  0.1370616992459449E+01  0.1988450871878683E+00 -0.1323114663716519E+03
  0.1362446407587248E+01  0.2068457867579697E+00 -0.1314296629688998E+03
  0.1354275822739983E+01  0.2148326776749467E+00 -0.1302952485201512E+03
  0.1346105237918751E+01  0.2228052267483099E+00 -0.1286783596182586E+03
  0.1337934653124670E+01  0.2307629017450062E+00 -0.1264671392621077E+03
  0.1329764068358868E+01  0.2387051714249486E+00 -0.1238446888120071E+03
  0.1321593483622494E+01  0.2466315055764818E+00 -0.1211345680914458E+03
  0.1313422898916710E+01  0.2545413750517773E+00 -0.1184748069088544E+03
  0.1305252314242701E+01  0.2624342518021592E+00 -0.1158335206319455E+03
  0.1297081729601665E+01  0.2703096089133553E+00 -0.1133325302152671E+03
  0.1288911144994824E+01  0.2781669206406729E+00 -0.1112926496750770E+03
  0.1280740560423418E+01  0.2860056624440968E+00 -0.1098560864894598E+03
  0.1272569975888710E+01  0.2938253110233064E+00 -0.1087239918391197E+03
  0.1264399391391984E+01  0.3016253443526109E+00 -0.1073636187976533E+03
  0.1256228806934547E+01  0.3094052417157978E+00 -0.1054165411156329E+03
  0.1248058222517730E+01  0.3171644837408958E+00 -0.1028960012794569E+03
  0.1239887638142892E+01  0.3249025524348469E+00 -0.1000206620209472E+03
  0.1231717053811414E+01  0.3326189312180866E+00 -0.9680845286662628E+02
  0.1223546469524707E+01  0.3403131049590297E+00 -0.9284326531550059E+02
  0.1215375885284210E+01  0.3479845600084601E+00 -0.8761477324103740E+02
  0.1207205301091390E+01  0.3556327842338202E+00 -0.8117842271469515E+02
  0.1199034716947747E+01  0.3632572670534011E+00 -0.7436210021574840E+02
  0.1190864132854811E+01  0.3708574994704271E+00 -0.6827336350471602E+02
  0.1182693548814147E+01  0.3784329741070359E+00 -0.6368195604586481E+02
  0.1174522964827352E+01  0.3859831852381501E+00 -0.6074296041475956E+02
  0.1166352380896063E+01  0.3935076288252386E+00 -0.5898840486154160E+02
  0.1158181797021950E+01  0.4010058025499653E+00 -0.5758015589292190E+02
  0.1150011213206726E+01  0.4084772058477228E+00 -0.5591313194507785E+02
  0.1141840629452141E+01  0.4159213399410494E+00 -0.5408728562784584E+02
  0.1133670045759989E+01  0.4233377078729265E+00 -0.5260516960758840E+02
  0.1125499462132108E+01  0.4307258145399545E+00 -0.5165458574138770E+02
  0.1117328878570381E+01  0.4380851667254050E+00 -0.5095305145950532E+02
  0.1109158295076737E+01  0.4454152731321473E+00 -0.5021085161549829E+02
  0.1100987711653159E+01  0.4527156444154464E+00 -0.4938977724395911E+02
  0.1092817128301675E+01  0.4599857932156304E+00 -0.4852051323058590E+02
  0.1084646545024371E+01  0.4672252341906264E+00 -0.4758588663473184E+02
  0.1076475961823386E+01  0.4744334840483606E+00 -0.4658714281305529E+02
  0.1068305378700920E+01  0.4816100615790221E+00 -0.4549032481762436E+02
  0.1060134795659229E+01  0.4887544876871878E+00 -0.4419063263840725E+02
  0.1051964212700635E+01  0.4958662854238058E+00 -0.4275438617148500E+02
  0.1043793629827524E+01  0.5029449800180356E+00 -0.4153115079208597E+02
  0.1035623047042350E+01  0.5099900989089429E+00 -0.4075732998221473E+02
  0.1027452464347638E+01  0.5170011717770473E+00 -0.4023078848226508E+02
  0.1019281881745987E+01  0.5239777305757194E+00 -0.3965204064837344E+02
  0.1011111299240073E+01  0.5309193095624275E+00 -0.3906444970212618E+02
  0.1002940716832650E+01  0.5378254453298289E+00 -0.3862105255458984E+02
  0.9947701345265596E+00  0.5446956768367068E+00 -0.3809085464703190E+02
  0.9865995523247275E+00  0.5515295454387482E+00 -0.3693994771158629E+02
  0.9784289702301714E+00  0.5583265949191624E+00 -0.3482877073126249E+02
  0.9702583882460036E+00  0.5650863715191369E+00 -0.3181548080086968E+02
  0.9620878063754359E+00  0.5718084239681300E+00 -0.2817615323128304E+02
  0.9539172246217830E+00  0.5784923035139965E+00 -0.2419082805600964E+02
  0.9457466429884676E+00  0.5851375639529456E+00 -0.2000645267080003E+02
  0.9375760614790253E+00  0.5917437616593286E+00 -0.1561487254791206E+02
  0.9294054800971098E+00  0.5983104556152549E+00 -0.1105534583772878E+02
  0.9212348988464978E+00  0.6048372074400329E+00 -0.6609066982549197E+01
  0.9130643177310944E+00  0.6113235814194364E+00 -0.2615948515534473E+01
  0.9048937367549402E+00  0.6177691445347914E+00  0.8624835631426506E+00
  0.8967231559222163E+00  0.6241734664918837E+00  0.4028538012786611E+01
  0.8885525752372514E+00  0.6305361197496849E+00  0.7101748948946603E+01
  0.8803819947045285E+00  0.6368566795488945E+00  0.1025610838994418E+02
  0.8722114143286931E+00  0.6431347239402948E+00  0.1360402272032220E+02
  0.8640408341145595E+00  0.6493698338129212E+00  0.1700790286644471E+02
  0.8558702540671204E+00  0.6555615929220400E+00  0.2012562660401024E+02
  0.8476996741915547E+00  0.6617095879169366E+00  0.2288182368151796E+02
  0.8395290944932369E+00  0.6678134083685102E+00  0.2562154385350678E+02
  0.8313585149777468E+00  0.6738726467966731E+00  0.2852840981007855E+02
  0.8231879356508802E+00  0.6798868986975534E+00  0.3121202219198548E+02
  0.8150173565186587E+00  0.6858557625704990E+00  0.3321247478822708E+02
  0.8068467775873427E+00  0.6917788399448808E+00  0.3463681046353606E+02
  0.7986761988634423E+00  0.6976557354066943E+00  0.3595745270590036E+02
  0.7905056203537315E+00  0.7034860566249567E+00  0.3741795703184339E+02
  0.7823350420652612E+00  0.7092694143778975E+00  0.3893387566693925E+02
  0.7741644640053743E+00  0.7150054225789432E+00  0.4035682559143056E+02
  0.7659938861817212E+00  0.7206936983024912E+00  0.4156125963435670E+02
  0.7578233086022768E+00  0.7263338618094733E+00  0.4242743606830420E+02
  0.7496527312753575E+00  0.7319255365727068E+00  0.4291748306881430E+02
  0.7414821542096410E+00  0.7374683493020299E+00  0.4305485377447148E+02
  0.7333115774141861E+00  0.7429619299692227E+00  0.4280663957161747E+02
  0.7251410008984539E+00  0.7484059118327094E+00  0.4216376009816121E+02
  0.7169704246723316E+00  0.7537999314620412E+00  0.4128718493222178E+02
  0.7087998487461566E+00  0.7591436287621580E+00  0.4036580781058217E+02
  0.7006292731307425E+00  0.7644366469974285E+00  0.3944126207262052E+02
  0.6924586978374083E+00  0.7696786328154644E+00  0.3859885354708741E+02
  0.6842881228780077E+00  0.7748692362707100E+00  0.3815455510930625E+02
  0.6761175482649616E+00  0.7800081108478040E+00  0.3840034984227760E+02
  0.6679469740112938E+00  0.7850949134847117E+00  0.3934772966424114E+02
  0.6597764001306670E+00  0.7901293045956280E+00  0.4089138348840820E+02
  0.6516058266374236E+00  0.7951109480936471E+00  0.4289827019484344E+02
  0.6434352535466297E+00  0.8000395114131988E+00  0.4492919826356678E+02
  0.6352646808741202E+00  0.8049146655322506E+00  0.4627963772873670E+02
  0.6270941086365502E+00  0.8097360849942720E+00  0.4657888597345352E+02
  0.6189235368514482E+00  0.8145034479299620E+00  0.4601662766508890E+02
  0.6107529655372755E+00  0.8192164360787360E+00  0.4484386105970732E+02
  0.6025823947134890E+00  0.8238747348099726E+00  0.4313283395220979E+02
  0.5944118244006098E+00  0.8284780331440178E+00  0.4119498082244802E+02
  0.5862412546202973E+00  0.8330260237729452E+00  0.3968623083515813E+02
  0.5780706853954301E+00  0.8375184030810715E+00  0.3903485262963878E+02
  0.5699001167501928E+00  0.8419548711652254E+00  0.3914342293184301E+02
  0.5617295487101719E+00  0.8463351318547683E+00  0.3971121228281172E+02
  0.5535589813024583E+00  0.8506588927313666E+00  0.4040559692382303E+02
  0.5453884145557613E+00  0.8549258651485127E+00  0.4080408538107370E+02
  0.5372178485005299E+00  0.8591357642507945E+00  0.4079017813005609E+02
  0.5290472831690897E+00  0.8632883089929120E+00  0.4099905581464172E+02
  0.5208767185957875E+00  0.8673832221584393E+00  0.4228373066045552E+02
  0.5127061548171545E+00  0.8714202303783312E+00  0.4475566012090992E+02
  0.5045355918720822E+00  0.8753990641491725E+00  0.4784282259940052E+02
  0.4963650298020162E+00  0.8793194578511700E+00  0.5114394079898869E+02
  0.4881944686511717E+00  0.8831811497658847E+00  0.5471574287507254E+02
  0.4800239084667671E+00  0.8869838820937034E+00  0.5873870614894289E+02
  0.4718533492992859E+00  0.8907274009710492E+00  0.6342083874565665E+02
  0.4636827912027636E+00  0.8944114564873288E+00  0.6900735698041827E+02
  0.4555122342351060E+00  0.8980358027016164E+00  0.7544367172413747E+02
  0.4473416784584431E+00  0.9016001976590722E+00  0.8229705139752626E+02
  0.4391711239395221E+00  0.9051044034070944E+00  0.8933294290840334E+02
  0.4310005707501444E+00  0.9085481860112055E+00  0.9680552921869518E+02
  0.4228300189676551E+00  0.9119313155706682E+00  0.1049639554454610E+03
  0.4146594686754885E+00  0.9152535662338340E+00  0.1137608866048943E+03
  0.4064889199637791E+00  0.9185147162132208E+00  0.1231998496990299E+03
  0.3983183729300507E+00  0.9217145478003181E+00  0.1334057122438147E+03
  0.3901478276799883E+00  0.9248528473801222E+00  0.1442948530876773E+03
  0.3819772843283120E+00  0.9279294054453956E+00  0.1558191759801910E+03
  0.3738067429997641E+00  0.9309440166106540E+00  0.1684748607652707E+03
  0.3656362038302282E+00  0.9338964796258775E+00  0.1828100405525657E+03
  0.3574656669680030E+00  0.9367865973899459E+00  0.1985127334268605E+03
  0.3492951325752533E+00  0.9396141769637963E+00  0.2147047081321233E+03
  0.3411246008296713E+00  0.9423790295833044E+00  0.2308712232944272E+03
  0.3329540719263814E+00  0.9450809706718851E+00  0.2467771800255976E+03
  0.3247835460801308E+00  0.9477198198528157E+00  0.2620370037737346E+03
  0.3166130235278230E+00  0.9502954009612771E+00  0.2768026912040979E+03
  0.3084425045314506E+00  0.9528075420561144E+00  0.2923876657596116E+03
  0.3002719893815085E+00  0.9552560754313160E+00  0.3101392636910995E+03
  0.2921014784009779E+00  0.9576408376272095E+00  0.3300289035535192E+03
  0.2839309719500016E+00  0.9599616694413742E+00  0.3510686053567224E+03
  0.2757604704313845E+00  0.9622184159392698E+00  0.3724733072921113E+03
  0.2675899742971076E+00  0.9644109264645802E+00  0.3937903666041230E+03
  0.2594194840560681E+00  0.9665390546492710E+00  0.4148016619654740E+03
  0.2512490002833307E+00  0.9686026584233628E+00  0.4359808117852415E+03
  0.2430785236312446E+00  0.9706016000244151E+00  0.4581577119889704E+03
  0.2349080548428762E+00  0.9725357460067257E+00  0.4813942272748560E+03
  0.2267375947683499E+00  0.9744049672502397E+00  0.5053516090796841E+03
  0.2185671443848464E+00  0.9762091389691724E+00  0.5308306989185805E+03
  0.2103967048212628E+00  0.9779481407203411E+00  0.5593565363289149E+03
  0.2022262773888417E+00  0.9796218564112101E+00  0.5911682926921452E+03
  0.1940558636195398E+00  0.9812301743076443E+00  0.6252548809523498E+03
  0.1858854653144977E+00  0.9827729870413743E+00  0.6610918584599423E+03
  0.1777150846058812E+00  0.9842501916171713E+00  0.6984615973262225E+03
  0.1695447240365762E+00  0.9856616894197333E+00  0.7362492476146796E+03
  0.1613743866640789E+00  0.9870073862202815E+00  0.7737184705838858E+03
  0.1532040761975885E+00  0.9882871921828699E+00  0.8121731632190259E+03
  0.1450337971813853E+00  0.9895010218704087E+00  0.8530827879881283E+03
  0.1368635552438019E+00  0.9906487942504061E+00  0.8959945331894553E+03
  0.1286933574408989E+00  0.9917304327004320E+00  0.9407607594844856E+03
  0.1205232127396896E+00  0.9927458650133153E+00  0.9896439147572017E+03
  0.1123531327118049E+00  0.9936950234020883E+00  0.1044335947389372E+04
  0.1041831325528455E+00  0.9945778445047068E+00  0.1103685881938868E+04
  0.9601323262085862E-01  0.9953942693885953E+00  0.1167348340084018E+04
  0.8784346083082471E-01  0.9961442435551087E+00  0.1237976084830679E+04
  0.7967385651719167E-01  0.9968277169440913E+00  0.1317034347351880E+04
  0.7150447693306423E-01  0.9974446439389107E+00  0.1403996732580247E+04
  0.6333540875299180E-01  0.9979949833727938E+00  0.1502692179091110E+04
  0.5516678972815772E-01  0.9984786985384589E+00  0.1621436053729467E+04
  0.4699885272846815E-01  0.9988957572063257E+00  0.1767166873344777E+04
  0.3883202470742381E-01  0.9992461316671845E+00  0.1956330000875432E+04
  0.3066718105470672E-01  0.9995297988558859E+00  0.2233594654942397E+04
  0.2250643816359393E-01  0.9997467408113523E+00  0.2641381203593028E+04
  0.1435650599352885E-01  0.9998969471378596E+00  0.3131394408325051E+04
  0.6254421014113626E-02  0.9999804411726474E+00  0.3524560080983497E+04
