# nlmax, ncor, nside =         383           1         128
  0.3135338232575680E+01 -0.9999804411726474E+00  0.2901371788868247E+03
  0.3127236147596264E+01 -0.9998969471378596E+00  0.2941867874181053E+03
  0.3119086215426199E+01 -0.9997467408113523E+00  0.3014427460600031E+03
  0.3110925472535087E+01 -0.9995297988558859E+00  0.3104410625680184E+03
  0.3102760628882369E+01 -0.9992461316671845E+00  0.3189401425935650E+03
  0.3094593800861325E+01 -0.9988957572063257E+00  0.3256700466599187E+03
  0.3086425863861635E+01 -0.9984786985384589E+00  0.3308275813553840E+03
  0.3078257244836801E+01 -0.9979949833727938E+00  0.3350389116803098E+03
  0.3070088176656729E+01 -0.9974446439389107E+00  0.3387621987820459E+03
  0.3061918797072602E+01 -0.9968277169440913E+00  0.3424308501740608E+03
  0.3053749192758969E+01 -0.9961442435551087E+00  0.3463174117141293E+03
  0.3045579420968934E+01 -0.9953942693885953E+00  0.3501947508742519E+03
  0.3037409521036948E+01 -0.9945778445047068E+00  0.3537083201396437E+03
  0.3029239520877988E+01 -0.9936950234020883E+00  0.3569350250441932E+03
  0.3021069440850104E+01 -0.9927458650133153E+00  0.3601919626628986E+03
  0.3012899296148894E+01 -0.9917304327004320E+00  0.3635746650856365E+03
  0.3004729098345992E+01 -0.9906487942504061E+00  0.3671130640559097E+03
  0.2996558856408408E+01 -0.9895010218704087E+00  0.3709825915655346E+03
  0.2988388577392205E+01 -0.9882871921828699E+00  0.3750974476177216E+03
  0.2980218266925714E+01 -0.9870073862202815E+00  0.3788097788527749E+03
  0.2972047929553217E+01 -0.9856616894197333E+00  0.3814759211318619E+03
  0.2963877568983912E+01 -0.9842501916171713E+00  0.3830908354421839E+03
  0.2955707188275296E+01 -0.9827729870413743E+00  0.3840931996798100E+03
  0.2947536789970254E+01 -0.9812301743076443E+00  0.3847877334045505E+03
  0.2939366376200951E+01 -0.9796218564112101E+00  0.3851210255984789E+03
  0.2931195948768531E+01 -0.9779481407203411E+00  0.3846773756190573E+03
  0.2923025509204947E+01 -0.9762091389691724E+00  0.3828034301694498E+03
  0.2914855058821443E+01 -0.9744049672502397E+00  0.3791779251105569E+03
  0.2906684598746917E+01 -0.9725357460067257E+00  0.3744573180536407E+03
  0.2898514129958549E+01 -0.9706016000244151E+00  0.3700063703521258E+03
  0.2890343653306462E+01 -0.9686026584233628E+00  0.3668515625079001E+03
  0.2882173169533725E+01 -0.9665390546492710E+00  0.3651093171841707E+03
  0.2874002679292686E+01 -0.9644109264645802E+00  0.3643106067455424E+03
  0.2865832183158409E+01 -0.9622184159392698E+00  0.3637972579113592E+03
  0.2857661681639792E+01 -0.9599616694413742E+00  0.3628141810821547E+03
  0.2849491175188815E+01 -0.9576408376272095E+00  0.3607482260776233E+03
  0.2841320664208285E+01 -0.9552560754313160E+00  0.3575075184432386E+03
  0.2833150149058343E+01 -0.9528075420561144E+00  0.3534437203626705E+03
  0.2824979630061970E+01 -0.9502954009612771E+00  0.3488995930736115E+03
  0.2816809107509663E+01 -0.9477198198528157E+00  0.3440932279935315E+03
  0.2808638581663412E+01 -0.9450809706718851E+00  0.3394241516975177E+03
  0.2800468052760122E+01 -0.9423790295833044E+00  0.3355617948132266E+03
  0.2792297521014540E+01 -0.9396141769637963E+00  0.3330778310948285E+03
  0.2784126986621790E+01 -0.9367865973899459E+00  0.3320309567762623E+03
  0.2775956449759565E+01 -0.9338964796258775E+00  0.3319006594262000E+03
  0.2767785910590029E+01 -0.9309440166106540E+00  0.3319188894013006E+03
  0.2759615369261481E+01 -0.9279294054453956E+00  0.3315719939405654E+03
  0.2751444825909805E+01 -0.9248528473801222E+00  0.3308052059906540E+03
  0.2743274280659743E+01 -0.9217145478003181E+00  0.3297030324904201E+03
  0.2735103733626014E+01 -0.9185147162132208E+00  0.3281341807694146E+03
  0.2726933184914305E+01 -0.9152535662338340E+00  0.3259376362670102E+03
  0.2718762634622138E+01 -0.9119313155706682E+00  0.3233040191174122E+03
  0.2710592082839649E+01 -0.9085481860112055E+00  0.3206266820965072E+03
  0.2702421529650271E+01 -0.9051044034070944E+00  0.3180109491360032E+03
  0.2694250975131350E+01 -0.9016001976590722E+00  0.3152609435394135E+03
  0.2686080419354687E+01 -0.8980358027016164E+00  0.3123661555134419E+03
  0.2677909862387029E+01 -0.8944114564873288E+00  0.3097059333503299E+03
  0.2669739304290507E+01 -0.8907274009710492E+00  0.3076640611950883E+03
  0.2661568745123026E+01 -0.8869838820937034E+00  0.3061682450908975E+03
  0.2653398184938621E+01 -0.8831811497658847E+00  0.3046472577558977E+03
  0.2645227623787777E+01 -0.8793194578511700E+00  0.3024386236602355E+03
  0.2637057061717711E+01 -0.8753990641491725E+00  0.2993484150720072E+03
  0.2628886498772639E+01 -0.8714202303783312E+00  0.2958457331124126E+03
  0.2620715934994006E+01 -0.8673832221584393E+00  0.2925794735645014E+03
  0.2612545370420704E+01 -0.8632883089929120E+00  0.2897447281843271E+03
  0.2604374805089263E+01 -0.8591357642507945E+00  0.2871378056854888E+03
  0.2596204239034032E+01 -0.8549258651485127E+00  0.2847521796135782E+03
  0.2588033672287335E+01 -0.8506588927313666E+00  0.2829535253237621E+03
  0.2579863104879621E+01 -0.8463351318547683E+00  0.2820434857691368E+03
  0.2571692536839600E+01 -0.8419548711652254E+00  0.2819881406324029E+03
  0.2563521968194363E+01 -0.8375184030810715E+00  0.2825984039633004E+03
  0.2555351398969496E+01 -0.8330260237729452E+00  0.2836231259689745E+03
  0.2547180829189184E+01 -0.8284780331440178E+00  0.2846288704499902E+03
  0.2539010258876304E+01 -0.8238747348099726E+00  0.2851349415293724E+03
  0.2530839688052518E+01 -0.8192164360787360E+00  0.2849522534971725E+03
  0.2522669116738345E+01 -0.8145034479299620E+00  0.2841863478720026E+03
  0.2514498544953243E+01 -0.8097360849942720E+00  0.2830154756941893E+03
  0.2506327972715673E+01 -0.8049146655322506E+00  0.2817648989338363E+03
  0.2498157400043163E+01 -0.8000395114131988E+00  0.2810311206599189E+03
  0.2489986826952370E+01 -0.7951109480936471E+00  0.2812688629368379E+03
  0.2481816253459126E+01 -0.7901293045956280E+00  0.2822528888715623E+03
  0.2473645679578500E+01 -0.7850949134847117E+00  0.2832834897776104E+03
  0.2465475105324832E+01 -0.7800081108478040E+00  0.2838910224071855E+03
  0.2457304530711785E+01 -0.7748692362707100E+00  0.2840529304685833E+03
  0.2449133955752385E+01 -0.7696786328154644E+00  0.2838454567419063E+03
  0.2440963380459050E+01 -0.7644366469974285E+00  0.2832742647397490E+03
  0.2432792804843637E+01 -0.7591436287621580E+00  0.2824410126310004E+03
  0.2424622228917462E+01 -0.7537999314620412E+00  0.2815424551454781E+03
  0.2416451652691339E+01 -0.7484059118327094E+00  0.2806173601560711E+03
  0.2408281076175607E+01 -0.7429619299692227E+00  0.2794307631308949E+03
  0.2400110499380152E+01 -0.7374683493020299E+00  0.2776046790140765E+03
  0.2391939922314436E+01 -0.7319255365727068E+00  0.2748160321377612E+03
  0.2383769344987516E+01 -0.7263338618094733E+00  0.2710072505400004E+03
  0.2375598767408072E+01 -0.7206936983024912E+00  0.2665027043190846E+03
  0.2367428189584419E+01 -0.7150054225789432E+00  0.2617851307430665E+03
  0.2359257611524532E+01 -0.7092694143778975E+00  0.2570648725093861E+03
  0.2351087033236062E+01 -0.7034860566249567E+00  0.2521761041741383E+03
  0.2342916454726351E+01 -0.6976557354066943E+00  0.2469100895112078E+03
  0.2334745876002450E+01 -0.6917788399448808E+00  0.2412870025639103E+03
  0.2326575297071134E+01 -0.6858557625704990E+00  0.2354837671542250E+03
  0.2318404717938913E+01 -0.6798868986975534E+00  0.2296741697759592E+03
  0.2310234138612046E+01 -0.6738726467966731E+00  0.2239745660484730E+03
  0.2302063559096557E+01 -0.6678134083685102E+00  0.2184122070451824E+03
  0.2293892979398239E+01 -0.6617095879169366E+00  0.2129281548893252E+03
  0.2285722399522673E+01 -0.6555615929220400E+00  0.2074686878238545E+03
  0.2277551819475234E+01 -0.6493698338129212E+00  0.2019801770645432E+03
  0.2269381239261100E+01 -0.6431347239402948E+00  0.1962485927090445E+03
  0.2261210658885265E+01 -0.6368566795488945E+00  0.1899457369622282E+03
  0.2253040078352542E+01 -0.6305361197496849E+00  0.1830169339085495E+03
  0.2244869497667577E+01 -0.6241734664918837E+00  0.1758661933469633E+03
  0.2236698916834853E+01 -0.6177691445347914E+00  0.1689485661245597E+03
  0.2228528335858699E+01 -0.6113235814194364E+00  0.1622481403504464E+03
  0.2220357754743295E+01 -0.6048372074400329E+00  0.1552684223853790E+03
  0.2212187173492683E+01 -0.5983104556152549E+00  0.1474423038060714E+03
  0.2204016592110768E+01 -0.5917437616593286E+00  0.1385257826766389E+03
  0.2195846010601326E+01 -0.5851375639529456E+00  0.1288008562603289E+03
  0.2187675428968010E+01 -0.5784923035139965E+00  0.1189959348718233E+03
  0.2179504847214357E+01 -0.5718084239681300E+00  0.1098246436595824E+03
  0.2171334265343789E+01 -0.5650863715191369E+00  0.1014733665889832E+03
  0.2163163683359622E+01 -0.5583265949191624E+00  0.9360400570658517E+02
  0.2154993101265066E+01 -0.5515295454387482E+00  0.8582464911225738E+02
  0.2146822519063234E+01 -0.5446956768367068E+00  0.7801404628208026E+02
  0.2138651936757143E+01 -0.5378254453298289E+00  0.7027153913554493E+02
  0.2130481354349721E+01 -0.5309193095624275E+00  0.6277697614166336E+02
  0.2122310771843806E+01 -0.5239777305757194E+00  0.5564877961234451E+02
  0.2114140189242155E+01 -0.5170011717770473E+00  0.4872378319533061E+02
  0.2105969606547443E+01 -0.5099900989089429E+00  0.4156474456537980E+02
  0.2097799023762269E+01 -0.5029449800180356E+00  0.3393303133709627E+02
  0.2089628440889158E+01 -0.4958662854238058E+00  0.2615177238999441E+02
  0.2081457857930564E+01 -0.4887544876871878E+00  0.1869514360026097E+02
  0.2073287274888874E+01 -0.4816100615790221E+00  0.1147002592561961E+02
  0.2065116691766407E+01 -0.4744334840483606E+00  0.3825672230486306E+01
  0.2056946108565423E+01 -0.4672252341906264E+00 -0.4682170496475755E+01
  0.2048775525288118E+01 -0.4599857932156304E+00 -0.1376889984214238E+02
  0.2040604941936635E+01 -0.4527156444154464E+00 -0.2271013024979914E+02
  0.2032434358513056E+01 -0.4454152731321473E+00 -0.3099958767237927E+02
  0.2024263775019413E+01 -0.4380851667254050E+00 -0.3869865306973352E+02
  0.2016093191457685E+01 -0.4307258145399545E+00 -0.4625239842308626E+02
  0.2007922607829804E+01 -0.4233377078729265E+00 -0.5399513790829467E+02
  0.1999752024137653E+01 -0.4159213399410494E+00 -0.6180421154577635E+02
  0.1991581440383068E+01 -0.4084772058477228E+00 -0.6923903666119587E+02
  0.1983410856567843E+01 -0.4010058025499653E+00 -0.7597439071162381E+02
  0.1975240272693730E+01 -0.3935076288252386E+00 -0.8200775468510473E+02
  0.1967069688762441E+01 -0.3859831852381501E+00 -0.8749834684693116E+02
  0.1958899104775647E+01 -0.3784329741070359E+00 -0.9258377110366807E+02
  0.1950728520734982E+01 -0.3708574994704271E+00 -0.9739160193115757E+02
  0.1942557936642046E+01 -0.3632572670534011E+00 -0.1020931763270460E+03
  0.1934387352498403E+01 -0.3556327842338202E+00 -0.1068722953792720E+03
  0.1926216768305583E+01 -0.3479845600084601E+00 -0.1118646330323754E+03
  0.1918046184065086E+01 -0.3403131049590297E+00 -0.1170915983043817E+03
  0.1909875599778379E+01 -0.3326189312180866E+00 -0.1224026396659825E+03
  0.1901705015446901E+01 -0.3249025524348469E+00 -0.1275460273926742E+03
  0.1893534431072063E+01 -0.3171644837408958E+00 -0.1323577371920601E+03
  0.1885363846655247E+01 -0.3094052417157978E+00 -0.1368306543494304E+03
  0.1877193262197810E+01 -0.3016253443526109E+00 -0.1410066862776872E+03
  0.1869022677701083E+01 -0.2938253110233064E+00 -0.1449358931493724E+03
  0.1860852093166375E+01 -0.2860056624440968E+00 -0.1487388624067403E+03
  0.1852681508594969E+01 -0.2781669206406729E+00 -0.1525115680357622E+03
  0.1844510923988128E+01 -0.2703096089133553E+00 -0.1561392116730162E+03
  0.1836340339347093E+01 -0.2624342518021592E+00 -0.1594419255444047E+03
  0.1828169754673083E+01 -0.2545413750517773E+00 -0.1625863594548833E+03
  0.1819999169967299E+01 -0.2466315055764818E+00 -0.1661073798986023E+03
  0.1811828585230925E+01 -0.2387051714249486E+00 -0.1703591359244959E+03
  0.1803658000465123E+01 -0.2307629017450062E+00 -0.1750945893816294E+03
  0.1795487415671042E+01 -0.2228052267483099E+00 -0.1797200609743332E+03
  0.1787316830849811E+01 -0.2148326776749467E+00 -0.1838605455491166E+03
  0.1779146246002545E+01 -0.2068457867579697E+00 -0.1875882021395719E+03
  0.1770975661130345E+01 -0.1988450871878683E+00 -0.1912027267924492E+03
  0.1762805076234296E+01 -0.1908311130769725E+00 -0.1948956122146128E+03
  0.1754634491315471E+01 -0.1828043994237966E+00 -0.1986098049264175E+03
  0.1746463906374929E+01 -0.1747654820773241E+00 -0.2021923888914147E+03
  0.1738293321413718E+01 -0.1667148977012352E+00 -0.2056702571165517E+03
  0.1730122736432872E+01 -0.1586531837380799E+00 -0.2093271525312196E+03
  0.1721952151433418E+01 -0.1505808783733995E+00 -0.2135028894427825E+03
  0.1713781566416370E+01 -0.1424985204997981E+00 -0.2183945157563093E+03
  0.1705610981382731E+01 -0.1344066496809675E+00 -0.2240424448310092E+03
  0.1697440396333499E+01 -0.1263058061156663E+00 -0.2303454635101123E+03
  0.1689269811269659E+01 -0.1181965306016578E+00 -0.2370045378592590E+03
  0.1681099226192191E+01 -0.1100793644996070E+00 -0.2435593699782548E+03
  0.1672928641102067E+01 -0.1019548496969404E+00 -0.2495729445033040E+03
  0.1664758056000250E+01 -0.9382352857167028E-01 -0.2547829411530128E+03
  0.1656587470887701E+01 -0.8568594395618719E-01 -0.2591592107184388E+03
  0.1648416885765370E+01 -0.7754263910102077E-01 -0.2629407090563374E+03
  0.1640246300634206E+01 -0.6939415763857371E-01 -0.2665365871018611E+03
  0.1632075715495151E+01 -0.6124104354682962E-01 -0.2702037626828733E+03
  0.1623905130349143E+01 -0.5308384111303818E-01 -0.2738478604743852E+03
  0.1615734545197117E+01 -0.4492309489737940E-01 -0.2772789046044213E+03
  0.1607563960040004E+01 -0.3675934969660982E-01 -0.2805719289489613E+03
  0.1599393374878733E+01 -0.2859315050769285E-01 -0.2839872668289369E+03
  0.1591222789714229E+01 -0.2042504249141571E-01 -0.2876110537370483E+03
  0.1583052204547419E+01 -0.1225557093599554E-01 -0.2912740588066604E+03
  0.1574881619379224E+01 -0.4085281220676868E-02 -0.2947855799503154E+03
  0.1566711034210569E+01  0.4085281220676868E-02 -0.2981113507529013E+03
  0.1558540449042374E+01  0.1225557093599554E-01 -0.3014025839584340E+03
  0.1550369863875564E+01  0.2042504249141571E-01 -0.3049717109741712E+03
  0.1542199278711061E+01  0.2859315050769285E-01 -0.3091021288773600E+03
  0.1534028693549790E+01  0.3675934969660982E-01 -0.3137380887025124E+03
  0.1525858108392677E+01  0.4492309489737940E-01 -0.3185167429578885E+03
  0.1517687523240650E+01  0.5308384111303818E-01 -0.3232475745566412E+03
  0.1509516938094642E+01  0.6124104354682962E-01 -0.3281881204839878E+03
  0.1501346352955587E+01  0.6939415763857371E-01 -0.3336742593855342E+03
  0.1493175767824423E+01  0.7754263910102077E-01 -0.3396142735492518E+03
  0.1485005182702093E+01  0.8568594395618719E-01 -0.3455062576890665E+03
  0.1476834597589543E+01  0.9382352857167028E-01 -0.3508578680021409E+03
  0.1468664012487727E+01  0.1019548496969404E+00 -0.3554884922726329E+03
  0.1460493427397602E+01  0.1100793644996070E+00 -0.3595300711764219E+03
  0.1452322842320134E+01  0.1181965306016578E+00 -0.3632279665462515E+03
  0.1444152257256294E+01  0.1263058061156663E+00 -0.3666862506485271E+03
  0.1435981672207062E+01  0.1344066496809675E+00 -0.3698114478873371E+03
  0.1427811087173423E+01  0.1424985204997981E+00 -0.3725910794081972E+03
  0.1419640502156375E+01  0.1505808783733995E+00 -0.3753384143363804E+03
  0.1411469917156921E+01  0.1586531837380799E+00 -0.3784512055585756E+03
  0.1403299332176076E+01  0.1667148977012352E+00 -0.3819285814941614E+03
  0.1395128747214864E+01  0.1747654820773241E+00 -0.3853038068087519E+03
  0.1386958162274323E+01  0.1828043994237966E+00 -0.3880769875758774E+03
  0.1378787577355497E+01  0.1908311130769725E+00 -0.3900962978594247E+03
  0.1370616992459449E+01  0.1988450871878683E+00 -0.3915399217490757E+03
  0.1362446407587248E+01  0.2068457867579697E+00 -0.3926683367657515E+03
  0.1354275822739983E+01  0.2148326776749467E+00 -0.3936114969713856E+03
  0.1346105237918751E+01  0.2228052267483099E+00 -0.3942954155005039E+03
  0.1337934653124670E+01  0.2307629017450062E+00 -0.3945173550680530E+03
  0.1329764068358868E+01  0.2387051714249486E+00 -0.3940794158974674E+03
  0.1321593483622494E+01  0.2466315055764818E+00 -0.3928571206034297E+03
  0.1313422898916710E+01  0.2545413750517773E+00 -0.3908197472092760E+03
  0.1305252314242701E+01  0.2624342518021592E+00 -0.3880490126909607E+03
  0.1297081729601665E+01  0.2703096089133553E+00 -0.3846502660842837E+03
  0.1288911144994824E+01  0.2781669206406729E+00 -0.3805754156683443E+03
  0.1280740560423418E+01  0.2860056624440968E+00 -0.3756801756663384E+03
  0.1272569975888710E+01  0.2938253110233064E+00 -0.3700717833967077E+03
  0.1264399391391984E+01  0.3016253443526109E+00 -0.3642113555731883E+03
  0.1256228806934547E+01  0.3094052417157978E+00 -0.3584842983543281E+03
  0.1248058222517730E+01  0.3171644837408958E+00 -0.3528235042973808E+03
  0.1239887638142892E+01  0.3249025524348469E+00 -0.3469361222698638E+03
  0.1231717053811414E+01  0.3326189312180866E+00 -0.3407388299819646E+03
  0.1223546469524707E+01  0.3403131049590297E+00 -0.3343993466477392E+03
  0.1215375885284210E+01  0.3479845600084601E+00 -0.3281333306980716E+03
  0.1207205301091390E+01  0.3556327842338202E+00 -0.3221369888003249E+03
  0.1199034716947747E+01  0.3632572670534011E+00 -0.3165390812753087E+03
  0.1190864132854811E+01  0.3708574994704271E+00 -0.3112659907603319E+03
  0.1182693548814147E+01  0.3784329741070359E+00 -0.3061285100072213E+03
  0.1174522964827352E+01  0.3859831852381501E+00 -0.3011303639680135E+03
  0.1166352380896063E+01  0.3935076288252386E+00 -0.2964641378950111E+03
  0.1158181797021950E+01  0.4010058025499653E+00 -0.2921427116273462E+03
  0.1150011213206726E+01  0.4084772058477228E+00 -0.2879067407143226E+03
  0.1141840629452141E+01  0.4159213399410494E+00 -0.2835352447798782E+03
  0.1133670045759989E+01  0.4233377078729265E+00 -0.2789184637593187E+03
  0.1125499462132108E+01  0.4307258145399545E+00 -0.2737684569489690E+03
  0.1117328878570381E+01  0.4380851667254050E+00 -0.2676084818898521E+03
  0.1109158295076737E+01  0.4454152731321473E+00 -0.2601479398440957E+03
  0.1100987711653159E+01  0.4527156444154464E+00 -0.2514064734413700E+03
  0.1092817128301675E+01  0.4599857932156304E+00 -0.2415008869960962E+03
  0.1084646545024371E+01  0.4672252341906264E+00 -0.2306719691932612E+03
  0.1076475961823386E+01  0.4744334840483606E+00 -0.2195127661103941E+03
  0.1068305378700920E+01  0.4816100615790221E+00 -0.2087582209144440E+03
  0.1060134795659229E+01  0.4887544876871878E+00 -0.1987392967136195E+03
  0.1051964212700635E+01  0.4958662854238058E+00 -0.1892859250774393E+03
  0.1043793629827524E+01  0.5029449800180356E+00 -0.1801574916404982E+03
  0.1035623047042350E+01  0.5099900989089429E+00 -0.1713208997423172E+03
  0.1027452464347638E+01  0.5170011717770473E+00 -0.1628502691830096E+03
  0.1019281881745987E+01  0.5239777305757194E+00 -0.1547830918398685E+03
  0.1011111299240073E+01  0.5309193095624275E+00 -0.1470192243320724E+03
  0.1002940716832650E+01  0.5378254453298289E+00 -0.1392111359323495E+03
  0.9947701345265596E+00  0.5446956768367068E+00 -0.1309258047735753E+03
  0.9865995523247275E+00  0.5515295454387482E+00 -0.1221126691230653E+03
  0.9784289702301714E+00  0.5583265949191624E+00 -0.1132435486249850E+03
  0.9702583882460036E+00  0.5650863715191369E+00 -0.1047994640348010E+03
  0.9620878063754359E+00  0.5718084239681300E+00 -0.9675934198066633E+02
  0.9539172246217830E+00  0.5784923035139965E+00 -0.8869543418619759E+02
  0.9457466429884676E+00  0.5851375639529456E+00 -0.8016820101743923E+02
  0.9375760614790253E+00  0.5917437616593286E+00 -0.7093301210006473E+02
  0.9294054800971098E+00  0.5983104556152549E+00 -0.6099006173001147E+02
  0.9212348988464978E+00  0.6048372074400329E+00 -0.5055900950817212E+02
  0.9130643177310944E+00  0.6113235814194364E+00 -0.3987532159010618E+02
  0.9048937367549402E+00  0.6177691445347914E+00 -0.2898943836154368E+02
  0.8967231559222163E+00  0.6241734664918837E+00 -0.1786051005006124E+02
  0.8885525752372514E+00  0.6305361197496849E+00 -0.6520320578459705E+01
  0.8803819947045285E+00  0.6368566795488945E+00  0.5003607695883521E+01
  0.8722114143286931E+00  0.6431347239402948E+00  0.1671002589270620E+02
  0.8640408341145595E+00  0.6493698338129212E+00  0.2834104355964483E+02
  0.8558702540671204E+00  0.6555615929220400E+00  0.3930816448211223E+02
  0.8476996741915547E+00  0.6617095879169366E+00  0.4915663213103804E+02
  0.8395290944932369E+00  0.6678134083685102E+00  0.5790919134465910E+02
  0.8313585149777468E+00  0.6738726467966731E+00  0.6579297431771502E+02
  0.8231879356508802E+00  0.6798868986975534E+00  0.7294091327426075E+02
  0.8150173565186587E+00  0.6858557625704990E+00  0.7953385859526020E+02
  0.8068467775873427E+00  0.6917788399448808E+00  0.8585416386651706E+02
  0.7986761988634423E+00  0.6976557354066943E+00  0.9197248763153895E+02
  0.7905056203537315E+00  0.7034860566249567E+00  0.9772316858394174E+02
  0.7823350420652612E+00  0.7092694143778975E+00  0.1031250585305317E+03
  0.7741644640053743E+00  0.7150054225789432E+00  0.1084134989273001E+03
  0.7659938861817212E+00  0.7206936983024912E+00  0.1135329053385583E+03
  0.7578233086022768E+00  0.7263338618094733E+00  0.1180672737224057E+03
  0.7496527312753575E+00  0.7319255365727068E+00  0.1218425890670528E+03
  0.7414821542096410E+00  0.7374683493020299E+00  0.1252245321708784E+03
  0.7333115774141861E+00  0.7429619299692227E+00  0.1287686908765224E+03
  0.7251410008984539E+00  0.7484059118327094E+00  0.1329541720287247E+03
  0.7169704246723316E+00  0.7537999314620412E+00  0.1381630525548101E+03
  0.7087998487461566E+00  0.7591436287621580E+00  0.1443963296215584E+03
  0.7006292731307425E+00  0.7644366469974285E+00  0.1510398309447098E+03
  0.6924586978374083E+00  0.7696786328154644E+00  0.1573890027638907E+03
  0.6842881228780077E+00  0.7748692362707100E+00  0.1633446151420570E+03
  0.6761175482649616E+00  0.7800081108478040E+00  0.1692126054534884E+03
  0.6679469740112938E+00  0.7850949134847117E+00  0.1750694298263761E+03
  0.6597764001306670E+00  0.7901293045956280E+00  0.1808296181829539E+03
  0.6516058266374236E+00  0.7951109480936471E+00  0.1866869918493449E+03
  0.6434352535466297E+00  0.8000395114131988E+00  0.1929385324932757E+03
  0.6352646808741202E+00  0.8049146655322506E+00  0.1995372874821144E+03
  0.6270941086365502E+00  0.8097360849942720E+00  0.2062564944987689E+03
  0.6189235368514482E+00  0.8145034479299620E+00  0.2131070212017497E+03
  0.6107529655372755E+00  0.8192164360787360E+00  0.2202868582468737E+03
  0.6025823947134890E+00  0.8238747348099726E+00  0.2280009343833769E+03
  0.5944118244006098E+00  0.8284780331440178E+00  0.2365602894458529E+03
  0.5862412546202973E+00  0.8330260237729452E+00  0.2462555773251793E+03
  0.5780706853954301E+00  0.8375184030810715E+00  0.2569071050083258E+03
  0.5699001167501928E+00  0.8419548711652254E+00  0.2679743297316678E+03
  0.5617295487101719E+00  0.8463351318547683E+00  0.2792982586093826E+03
  0.5535589813024583E+00  0.8506588927313666E+00  0.2912715080889101E+03
  0.5453884145557613E+00  0.8549258651485127E+00  0.3041369112725626E+03
  0.5372178485005299E+00  0.8591357642507945E+00  0.3175881274928007E+03
  0.5290472831690897E+00  0.8632883089929120E+00  0.3311430549155379E+03
  0.5208767185957875E+00  0.8673832221584393E+00  0.3444332354019529E+03
  0.5127061548171545E+00  0.8714202303783312E+00  0.3571107027933261E+03
  0.5045355918720822E+00  0.8753990641491725E+00  0.3689637217447061E+03
  0.4963650298020162E+00  0.8793194578511700E+00  0.3801872430782295E+03
  0.4881944686511717E+00  0.8831811497658847E+00  0.3912586317254123E+03
  0.4800239084667671E+00  0.8869838820937034E+00  0.4027199456071220E+03
  0.4718533492992859E+00  0.8907274009710492E+00  0.4153071588902239E+03
  0.4636827912027636E+00  0.8944114564873288E+00  0.4298501298606773E+03
  0.4555122342351060E+00  0.8980358027016164E+00  0.4466129164406321E+03
  0.4473416784584431E+00  0.9016001976590722E+00  0.4650648400764187E+03
  0.4391711239395221E+00  0.9051044034070944E+00  0.4845532038907439E+03
  0.4310005707501444E+00  0.9085481860112055E+00  0.5047586268775109E+03
  0.4228300189676551E+00  0.9119313155706682E+00  0.5253585299201081E+03
  0.4146594686754885E+00  0.9152535662338340E+00  0.5458848499589799E+03
  0.4064889199637791E+00  0.9185147162132208E+00  0.5660799930244164E+03
  0.3983183729300507E+00  0.9217145478003181E+00  0.5858210934509623E+03
  0.3901478276799883E+00  0.9248528473801222E+00  0.6047942126350183E+03
  0.3819772843283120E+00  0.9279294054453956E+00  0.6230295862870045E+03
  0.3738067429997641E+00  0.9309440166106540E+00  0.6415305863888598E+03
  0.3656362038302282E+00  0.9338964796258775E+00  0.6613886283729751E+03
  0.3574656669680030E+00  0.9367865973899459E+00  0.6824911372726772E+03
  0.3492951325752533E+00  0.9396141769637963E+00  0.7040889412934771E+03
  0.3411246008296713E+00  0.9423790295833044E+00  0.7261988462771377E+03
  0.3329540719263814E+00  0.9450809706718851E+00  0.7492735003132808E+03
  0.3247835460801308E+00  0.9477198198528157E+00  0.7730027574715983E+03
  0.3166130235278230E+00  0.9502954009612771E+00  0.7968167811986934E+03
  0.3084425045314506E+00  0.9528075420561144E+00  0.8211608933816267E+03
  0.3002719893815085E+00  0.9552560754313160E+00  0.8469828335074822E+03
  0.2921014784009779E+00  0.9576408376272095E+00  0.8743772720159553E+03
  0.2839309719500016E+00  0.9599616694413742E+00  0.9028564213761513E+03
  0.2757604704313845E+00  0.9622184159392698E+00  0.9323573472286236E+03
  0.2675899742971076E+00  0.9644109264645802E+00  0.9629813855260696E+03
  0.2594194840560681E+00  0.9665390546492710E+00  0.9945103223355494E+03
  0.2512490002833307E+00  0.9686026584233628E+00  0.1027090812075243E+04
  0.2430785236312446E+00  0.9706016000244151E+00  0.1061491458066548E+04
  0.2349080548428762E+00  0.9725357460067257E+00  0.1097992312581453E+04
  0.2267375947683499E+00  0.9744049672502397E+00  0.1136071118215805E+04
  0.2185671443848464E+00  0.9762091389691724E+00  0.1175541866040043E+04
  0.2103967048212628E+00  0.9779481407203411E+00  0.1216562334165103E+04
  0.2022262773888417E+00  0.9796218564112101E+00  0.1258370372524663E+04
  0.1940558636195398E+00  0.9812301743076443E+00  0.1299793104950551E+04
  0.1858854653144977E+00  0.9827729870413743E+00  0.1341097918590920E+04
  0.1777150846058812E+00  0.9842501916171713E+00  0.1383492186006846E+04
  0.1695447240365762E+00  0.9856616894197333E+00  0.1427129750108827E+04
  0.1613743866640789E+00  0.9870073862202815E+00  0.1471647066065299E+04
  0.1532040761975885E+00  0.9882871921828699E+00  0.1517859482527531E+04
  0.1450337971813853E+00  0.9895010218704087E+00  0.1566561852570607E+04
  0.1368635552438019E+00  0.9906487942504061E+00  0.1616927151120164E+04
  0.1286933574408989E+00  0.9917304327004320E+00  0.1668599933671207E+04
  0.1205232127396896E+00  0.9927458650133153E+00  0.1723468865957361E+04
  0.1123531327118049E+00  0.9936950234020883E+00  0.1782727307258805E+04
  0.1041831325528455E+00  0.9945778445047068E+00  0.1845160351760787E+04
  0.9601323262085862E-01  0.9953942693885953E+00  0.1911368316892010E+04
  0.8784346083082471E-01  0.9961442435551087E+00  0.1985799719105926E+04
  0.7967385651719167E-01  0.9968277169440913E+00  0.2071490211742545E+04
  0.7150447693306423E-01  0.9974446439389107E+00  0.2168234622275955E+04
  0.6333540875299180E-01  0.9979949833727938E+00  0.2278886592608238E+04
  0.5516678972815772E-01  0.9984786985384589E+00  0.2410083872666452E+04
  0.4699885272846815E-01  0.9988957572063257E+00  0.2566710694253140E+04
  0.3883202470742381E-01  0.9992461316671845E+00  0.2763168488998865E+04
  0.3066718105470672E-01  0.9995297988558859E+00  0.3043194249320768E+04
  0.2250643816359393E-01  0.9997467408113523E+00  0.3450359988287744E+04
  0.1435650599352885E-01  0.9998969471378596E+00  0.3938751276973559E+04
  0.6254421014113626E-02  0.9999804411726474E+00  0.4330933166241952E+04
