# nlmax, ncor, nside =         383           1         128
  0.3135338232575680E+01 -0.9999804411726474E+00  0.2678167859479022E+03
  0.3127236147596264E+01 -0.9998969471378596E+00  0.2636198604799142E+03
  0.3119086215426199E+01 -0.9997467408113523E+00  0.2579209228126705E+03
  0.3110925472535087E+01 -0.9995297988558859E+00  0.2510315022550064E+03
  0.3102760628882369E+01 -0.9992461316671845E+00  0.2412350211203700E+03
  0.3094593800861325E+01 -0.9988957572063257E+00  0.2286280723569603E+03
  0.3086425863861635E+01 -0.9984786985384589E+00  0.2152075820345023E+03
  0.3078257244836801E+01 -0.9979949833727938E+00  0.2037298398031296E+03
  0.3070088176656729E+01 -0.9974446439389107E+00  0.1950535489954161E+03
  0.3061918797072602E+01 -0.9968277169440913E+00  0.1887221616283660E+03
  0.3053749192758969E+01 -0.9961442435551087E+00  0.1839584085557013E+03
  0.3045579420968934E+01 -0.9953942693885953E+00  0.1806510188521247E+03
  0.3037409521036948E+01 -0.9945778445047068E+00  0.1784533084685226E+03
  0.3029239520877988E+01 -0.9936950234020883E+00  0.1774330988042177E+03
  0.3021069440850104E+01 -0.9927458650133153E+00  0.1773632296583931E+03
  0.3012899296148894E+01 -0.9917304327004320E+00  0.1777737752577513E+03
  0.3004729098345992E+01 -0.9906487942504061E+00  0.1779658394913597E+03
  0.2996558856408408E+01 -0.9895010218704087E+00  0.1770919106567330E+03
  0.2988388577392205E+01 -0.9882871921828699E+00  0.1747680255536939E+03
  0.2980218266925714E+01 -0.9870073862202815E+00  0.1712080348904370E+03
  0.2972047929553217E+01 -0.9856616894197333E+00  0.1666856287332688E+03
  0.2963877568983912E+01 -0.9842501916171713E+00  0.1611640881784064E+03
  0.2955707188275296E+01 -0.9827729870413743E+00  0.1545158456138780E+03
  0.2947536789970254E+01 -0.9812301743076443E+00  0.1470875427687100E+03
  0.2939366376200951E+01 -0.9796218564112101E+00  0.1400978495017553E+03
  0.2931195948768531E+01 -0.9779481407203411E+00  0.1346008576038770E+03
  0.2923025509204947E+01 -0.9762091389691724E+00  0.1306474924259841E+03
  0.2914855058821443E+01 -0.9744049672502397E+00  0.1277781488985114E+03
  0.2906684598746917E+01 -0.9725357460067257E+00  0.1259131449740370E+03
  0.2898514129958549E+01 -0.9706016000244151E+00  0.1255901199472892E+03
  0.2890343653306462E+01 -0.9686026584233628E+00  0.1271476478617232E+03
  0.2882173169533725E+01 -0.9665390546492710E+00  0.1305723306112249E+03
  0.2874002679292686E+01 -0.9644109264645802E+00  0.1355327856554130E+03
  0.2865832183158409E+01 -0.9622184159392698E+00  0.1416565643040249E+03
  0.2857661681639792E+01 -0.9599616694413742E+00  0.1481745371411385E+03
  0.2849491175188815E+01 -0.9576408376272095E+00  0.1538765847421979E+03
  0.2841320664208285E+01 -0.9552560754313160E+00  0.1581618805334508E+03
  0.2833150149058343E+01 -0.9528075420561144E+00  0.1616488667063668E+03
  0.2824979630061970E+01 -0.9502954009612771E+00  0.1651532238386001E+03
  0.2816809107509663E+01 -0.9477198198528157E+00  0.1690369475060635E+03
  0.2808638581663412E+01 -0.9450809706718851E+00  0.1733221776050305E+03
  0.2800468052760122E+01 -0.9423790295833044E+00  0.1783609744877987E+03
  0.2792297521014540E+01 -0.9396141769637963E+00  0.1848181625226578E+03
  0.2784126986621790E+01 -0.9367865973899459E+00  0.1928483510355464E+03
  0.2775956449759565E+01 -0.9338964796258775E+00  0.2016985646394821E+03
  0.2767785910590029E+01 -0.9309440166106540E+00  0.2101449202943152E+03
  0.2759615369261481E+01 -0.9279294054453956E+00  0.2172942763706963E+03
  0.2751444825909805E+01 -0.9248528473801222E+00  0.2232694865372170E+03
  0.2743274280659743E+01 -0.9217145478003181E+00  0.2285887438850940E+03
  0.2735103733626014E+01 -0.9185147162132208E+00  0.2333554367241221E+03
  0.2726933184914305E+01 -0.9152535662338340E+00  0.2372137197651023E+03
  0.2718762634622138E+01 -0.9119313155706682E+00  0.2401257558628204E+03
  0.2710592082839649E+01 -0.9085481860112055E+00  0.2425959693750630E+03
  0.2702421529650271E+01 -0.9051044034070944E+00  0.2452729729336508E+03
  0.2694250975131350E+01 -0.9016001976590722E+00  0.2481335172511372E+03
  0.2686080419354687E+01 -0.8980358027016164E+00  0.2506552259912918E+03
  0.2677909862387029E+01 -0.8944114564873288E+00  0.2522586189766255E+03
  0.2669739304290507E+01 -0.8907274009710492E+00  0.2527417969978273E+03
  0.2661568745123026E+01 -0.8869838820937034E+00  0.2525494267148133E+03
  0.2653398184938621E+01 -0.8831811497658847E+00  0.2525378435336180E+03
  0.2645227623787777E+01 -0.8793194578511700E+00  0.2533036336428789E+03
  0.2637057061717711E+01 -0.8753990641491725E+00  0.2549224566536084E+03
  0.2628886498772639E+01 -0.8714202303783312E+00  0.2570959471686314E+03
  0.2620715934994006E+01 -0.8673832221584393E+00  0.2598271689905144E+03
  0.2612545370420704E+01 -0.8632883089929120E+00  0.2630900901432332E+03
  0.2604374805089263E+01 -0.8591357642507945E+00  0.2665114406662613E+03
  0.2596204239034032E+01 -0.8549258651485127E+00  0.2695449072679201E+03
  0.2588033672287335E+01 -0.8506588927313666E+00  0.2717296045471220E+03
  0.2579863104879621E+01 -0.8463351318547683E+00  0.2731290783462865E+03
  0.2571692536839600E+01 -0.8419548711652254E+00  0.2738998257857206E+03
  0.2563521968194363E+01 -0.8375184030810715E+00  0.2742551282007029E+03
  0.2555351398969496E+01 -0.8330260237729452E+00  0.2746021970191504E+03
  0.2547180829189184E+01 -0.8284780331440178E+00  0.2756195602496613E+03
  0.2539010258876304E+01 -0.8238747348099726E+00  0.2776801794269920E+03
  0.2530839688052518E+01 -0.8192164360787360E+00  0.2803638439923392E+03
  0.2522669116738345E+01 -0.8145034479299620E+00  0.2831190883428503E+03
  0.2514498544953243E+01 -0.8097360849942720E+00  0.2855469130471282E+03
  0.2506327972715673E+01 -0.8049146655322506E+00  0.2876487905652661E+03
  0.2498157400043163E+01 -0.8000395114131988E+00  0.2896522518894624E+03
  0.2489986826952370E+01 -0.7951109480936471E+00  0.2915507333518063E+03
  0.2481816253459126E+01 -0.7901293045956280E+00  0.2930383239547275E+03
  0.2473645679578500E+01 -0.7850949134847117E+00  0.2937317487813866E+03
  0.2465475105324832E+01 -0.7800081108478040E+00  0.2934602054742307E+03
  0.2457304530711785E+01 -0.7748692362707100E+00  0.2921865635943206E+03
  0.2449133955752385E+01 -0.7696786328154644E+00  0.2900352598129525E+03
  0.2440963380459050E+01 -0.7644366469974285E+00  0.2874562214148581E+03
  0.2432792804843637E+01 -0.7591436287621580E+00  0.2848772175470726E+03
  0.2424622228917462E+01 -0.7537999314620412E+00  0.2825536803391946E+03
  0.2416451652691339E+01 -0.7484059118327094E+00  0.2801530931076365E+03
  0.2408281076175607E+01 -0.7429619299692227E+00  0.2770958595334021E+03
  0.2400110499380152E+01 -0.7374683493020299E+00  0.2726862857148008E+03
  0.2391939922314436E+01 -0.7319255365727068E+00  0.2664155396419710E+03
  0.2383769344987516E+01 -0.7263338618094733E+00  0.2581756543615892E+03
  0.2375598767408072E+01 -0.7206936983024912E+00  0.2487006879781162E+03
  0.2367428189584419E+01 -0.7150054225789432E+00  0.2393363240132385E+03
  0.2359257611524532E+01 -0.7092694143778975E+00  0.2311265522901631E+03
  0.2351087033236062E+01 -0.7034860566249567E+00  0.2241086558985100E+03
  0.2342916454726351E+01 -0.6976557354066943E+00  0.2178971849487561E+03
  0.2334745876002450E+01 -0.6917788399448808E+00  0.2124258566240024E+03
  0.2326575297071134E+01 -0.6858557625704990E+00  0.2080196064746503E+03
  0.2318404717938913E+01 -0.6798868986975534E+00  0.2046464560961893E+03
  0.2310234138612046E+01 -0.6738726467966731E+00  0.2018187864241673E+03
  0.2302063559096557E+01 -0.6678134083685102E+00  0.1988917281241681E+03
  0.2293892979398239E+01 -0.6617095879169366E+00  0.1956356739572639E+03
  0.2285722399522673E+01 -0.6555615929220400E+00  0.1921541625809805E+03
  0.2277551819475234E+01 -0.6493698338129212E+00  0.1884193758466873E+03
  0.2269381239261100E+01 -0.6431347239402948E+00  0.1843117199717214E+03
  0.2261210658885265E+01 -0.6368566795488945E+00  0.1798928765670487E+03
  0.2253040078352542E+01 -0.6305361197496849E+00  0.1753057242812421E+03
  0.2244869497667577E+01 -0.6241734664918837E+00  0.1708288274689676E+03
  0.2236698916834853E+01 -0.6177691445347914E+00  0.1666023756411325E+03
  0.2228528335858699E+01 -0.6113235814194364E+00  0.1626819980931546E+03
  0.2220357754743295E+01 -0.6048372074400329E+00  0.1590026429740633E+03
  0.2212187173492683E+01 -0.5983104556152549E+00  0.1555959671372541E+03
  0.2204016592110768E+01 -0.5917437616593286E+00  0.1526160746576109E+03
  0.2195846010601326E+01 -0.5851375639529456E+00  0.1503604312698502E+03
  0.2187675428968010E+01 -0.5784923035139965E+00  0.1489618146983178E+03
  0.2179504847214357E+01 -0.5718084239681300E+00  0.1479542318609552E+03
  0.2171334265343789E+01 -0.5650863715191369E+00  0.1463237405388073E+03
  0.2163163683359622E+01 -0.5583265949191624E+00  0.1432091455687698E+03
  0.2154993101265066E+01 -0.5515295454387482E+00  0.1386395469253428E+03
  0.2146822519063234E+01 -0.5446956768367068E+00  0.1335729484591482E+03
  0.2138651936757143E+01 -0.5378254453298289E+00  0.1288933857267524E+03
  0.2130481354349721E+01 -0.5309193095624275E+00  0.1247722904317769E+03
  0.2122310771843806E+01 -0.5239777305757194E+00  0.1206954898944775E+03
  0.2114140189242155E+01 -0.5170011717770473E+00  0.1161322983067005E+03
  0.2105969606547443E+01 -0.5099900989089429E+00  0.1107935724607986E+03
  0.2097799023762269E+01 -0.5029449800180356E+00  0.1046286249301391E+03
  0.2089628440889158E+01 -0.4958662854238058E+00  0.9752297240119408E+02
  0.2081457857930564E+01 -0.4887544876871878E+00  0.8958689006094181E+02
  0.2073287274888874E+01 -0.4816100615790221E+00  0.8125935490711203E+02
  0.2065116691766407E+01 -0.4744334840483606E+00  0.7295885227334119E+02
  0.2056946108565423E+01 -0.4672252341906264E+00  0.6481648712513778E+02
  0.2048775525288118E+01 -0.4599857932156304E+00  0.5688008694419196E+02
  0.2040604941936635E+01 -0.4527156444154464E+00  0.4915108943278430E+02
  0.2032434358513056E+01 -0.4454152731321473E+00  0.4186823197179118E+02
  0.2024263775019413E+01 -0.4380851667254050E+00  0.3526150775972623E+02
  0.2016093191457685E+01 -0.4307258145399545E+00  0.2914004770255221E+02
  0.2007922607829804E+01 -0.4233377078729265E+00  0.2313524868519657E+02
  0.1999752024137653E+01 -0.4159213399410494E+00  0.1681697807453295E+02
  0.1991581440383068E+01 -0.4084772058477228E+00  0.9808009054689878E+01
  0.1983410856567843E+01 -0.4010058025499653E+00  0.2143737549466712E+01
  0.1975240272693730E+01 -0.3935076288252386E+00 -0.5757303627235059E+01
  0.1967069688762441E+01 -0.3859831852381501E+00 -0.1329269704468618E+02
  0.1958899104775647E+01 -0.3784329741070359E+00 -0.2025540900898450E+02
  0.1950728520734982E+01 -0.3708574994704271E+00 -0.2708137009764044E+02
  0.1942557936642046E+01 -0.3632572670534011E+00 -0.3439694677234385E+02
  0.1934387352498403E+01 -0.3556327842338202E+00 -0.4249775125881578E+02
  0.1926216768305583E+01 -0.3479845600084601E+00 -0.5133859792375336E+02
  0.1918046184065086E+01 -0.3403131049590297E+00 -0.6032919152593342E+02
  0.1909875599778379E+01 -0.3326189312180866E+00 -0.6873233949894573E+02
  0.1901705015446901E+01 -0.3249025524348469E+00 -0.7611944547168694E+02
  0.1893534431072063E+01 -0.3171644837408958E+00 -0.8261169613361497E+02
  0.1885363846655247E+01 -0.3094052417157978E+00 -0.8874370147293408E+02
  0.1877193262197810E+01 -0.3016253443526109E+00 -0.9502670190899508E+02
  0.1869022677701083E+01 -0.2938253110233064E+00 -0.1016774266955471E+03
  0.1860852093166375E+01 -0.2860056624440968E+00 -0.1087685875329674E+03
  0.1852681508594969E+01 -0.2781669206406729E+00 -0.1164974238005322E+03
  0.1844510923988128E+01 -0.2703096089133553E+00 -0.1249796483394395E+03
  0.1836340339347093E+01 -0.2624342518021592E+00 -0.1340533042108173E+03
  0.1828169754673083E+01 -0.2545413750517773E+00 -0.1433129037260605E+03
  0.1819999169967299E+01 -0.2466315055764818E+00 -0.1522320400214065E+03
  0.1811828585230925E+01 -0.2387051714249486E+00 -0.1604356898879151E+03
  0.1803658000465123E+01 -0.2307629017450062E+00 -0.1677326681260178E+03
  0.1795487415671042E+01 -0.2228052267483099E+00 -0.1743924126428919E+03
  0.1787316830849811E+01 -0.2148326776749467E+00 -0.1806699696356835E+03
  0.1779146246002545E+01 -0.2068457867579697E+00 -0.1868288475305268E+03
  0.1770975661130345E+01 -0.1988450871878683E+00 -0.1931120553893718E+03
  0.1762805076234296E+01 -0.1908311130769725E+00 -0.1999764153756358E+03
  0.1754634491315471E+01 -0.1828043994237966E+00 -0.2076406072755345E+03
  0.1746463906374929E+01 -0.1747654820773241E+00 -0.2160638521091781E+03
  0.1738293321413718E+01 -0.1667148977012352E+00 -0.2248118995708674E+03
  0.1730122736432872E+01 -0.1586531837380799E+00 -0.2336596226287053E+03
  0.1721952151433418E+01 -0.1505808783733995E+00 -0.2423356316797714E+03
  0.1713781566416370E+01 -0.1424985204997981E+00 -0.2506961069687587E+03
  0.1705610981382731E+01 -0.1344066496809675E+00 -0.2586663312854643E+03
  0.1697440396333499E+01 -0.1263058061156663E+00 -0.2664429978855014E+03
  0.1689269811269659E+01 -0.1181965306016578E+00 -0.2741968359806747E+03
  0.1681099226192191E+01 -0.1100793644996070E+00 -0.2819634815294580E+03
  0.1672928641102067E+01 -0.1019548496969404E+00 -0.2893663618296731E+03
  0.1664758056000250E+01 -0.9382352857167028E-01 -0.2961960590672693E+03
  0.1656587470887701E+01 -0.8568594395618719E-01 -0.3022868132320691E+03
  0.1648416885765370E+01 -0.7754263910102077E-01 -0.3078806935759001E+03
  0.1640246300634206E+01 -0.6939415763857371E-01 -0.3133421786826967E+03
  0.1632075715495151E+01 -0.6124104354682962E-01 -0.3188272238044452E+03
  0.1623905130349143E+01 -0.5308384111303818E-01 -0.3240443244780935E+03
  0.1615734545197117E+01 -0.4492309489737940E-01 -0.3287831178996447E+03
  0.1607563960040004E+01 -0.3675934969660982E-01 -0.3331070992859820E+03
  0.1599393374878733E+01 -0.2859315050769285E-01 -0.3374724653368399E+03
  0.1591222789714229E+01 -0.2042504249141571E-01 -0.3421543253712825E+03
  0.1583052204547419E+01 -0.1225557093599554E-01 -0.3469661851151536E+03
  0.1574881619379224E+01 -0.4085281220676868E-02 -0.3512576024864088E+03
  0.1566711034210569E+01  0.4085281220676868E-02 -0.3545468971087223E+03
  0.1558540449042374E+01  0.1225557093599554E-01 -0.3567742543628857E+03
  0.1550369863875564E+01  0.2042504249141571E-01 -0.3584848684232061E+03
  0.1542199278711061E+01  0.2859315050769285E-01 -0.3602807640576509E+03
  0.1534028693549790E+01  0.3675934969660982E-01 -0.3621645639122935E+03
  0.1525858108392677E+01  0.4492309489737940E-01 -0.3635522161325423E+03
  0.1517687523240650E+01  0.5308384111303818E-01 -0.3639490808295753E+03
  0.1509516938094642E+01  0.6124104354682962E-01 -0.3633621731692132E+03
  0.1501346352955587E+01  0.6939415763857371E-01 -0.3620141048337406E+03
  0.1493175767824423E+01  0.7754263910102077E-01 -0.3599909361764537E+03
  0.1485005182702093E+01  0.8568594395618719E-01 -0.3574291490993411E+03
  0.1476834597589543E+01  0.9382352857167028E-01 -0.3542206908616076E+03
  0.1468664012487727E+01  0.1019548496969404E+00 -0.3502585421395768E+03
  0.1460493427397602E+01  0.1100793644996070E+00 -0.3452315020470231E+03
  0.1452322842320134E+01  0.1181965306016578E+00 -0.3391465045836031E+03
  0.1444152257256294E+01  0.1263058061156663E+00 -0.3323966606232191E+03
  0.1435981672207062E+01  0.1344066496809675E+00 -0.3257636638647494E+03
  0.1427811087173423E+01  0.1424985204997981E+00 -0.3196868104535118E+03
  0.1419640502156375E+01  0.1505808783733995E+00 -0.3142599285206535E+03
  0.1411469917156921E+01  0.1586531837380799E+00 -0.3091805117895469E+03
  0.1403299332176076E+01  0.1667148977012352E+00 -0.3042291879833508E+03
  0.1395128747214864E+01  0.1747654820773241E+00 -0.2994386622644672E+03
  0.1386958162274323E+01  0.1828043994237966E+00 -0.2952644035465975E+03
  0.1378787577355497E+01  0.1908311130769725E+00 -0.2918818446696223E+03
  0.1370616992459449E+01  0.1988450871878683E+00 -0.2892598822551183E+03
  0.1362446407587248E+01  0.2068457867579697E+00 -0.2873214551356290E+03
  0.1354275822739983E+01  0.2148326776749467E+00 -0.2861294980713704E+03
  0.1346105237918751E+01  0.2228052267483099E+00 -0.2856698173261273E+03
  0.1337934653124670E+01  0.2307629017450062E+00 -0.2855156815296052E+03
  0.1329764068358868E+01  0.2387051714249486E+00 -0.2851545933504368E+03
  0.1321593483622494E+01  0.2466315055764818E+00 -0.2844259042490813E+03
  0.1313422898916710E+01  0.2545413750517773E+00 -0.2832546002191945E+03
  0.1305252314242701E+01  0.2624342518021592E+00 -0.2818269723810303E+03
  0.1297081729601665E+01  0.2703096089133553E+00 -0.2804048343051333E+03
  0.1288911144994824E+01  0.2781669206406729E+00 -0.2794716492016898E+03
  0.1280740560423418E+01  0.2860056624440968E+00 -0.2790924379118651E+03
  0.1272569975888710E+01  0.2938253110233064E+00 -0.2788039112547696E+03
  0.1264399391391984E+01  0.3016253443526109E+00 -0.2776626926057909E+03
  0.1256228806934547E+01  0.3094052417157978E+00 -0.2754136245891772E+03
  0.1248058222517730E+01  0.3171644837408958E+00 -0.2723622653159035E+03
  0.1239887638142892E+01  0.3249025524348469E+00 -0.2689754668370234E+03
  0.1231717053811414E+01  0.3326189312180866E+00 -0.2653902424484735E+03
  0.1223546469524707E+01  0.3403131049590297E+00 -0.2616707620255170E+03
  0.1215375885284210E+01  0.3479845600084601E+00 -0.2576781811403548E+03
  0.1207205301091390E+01  0.3556327842338202E+00 -0.2533746734728371E+03
  0.1199034716947747E+01  0.3632572670534011E+00 -0.2487021696880429E+03
  0.1190864132854811E+01  0.3708574994704271E+00 -0.2436964261265871E+03
  0.1182693548814147E+01  0.3784329741070359E+00 -0.2385885628276754E+03
  0.1174522964827352E+01  0.3859831852381501E+00 -0.2340152027151201E+03
  0.1166352380896063E+01  0.3935076288252386E+00 -0.2303929358894515E+03
  0.1158181797021950E+01  0.4010058025499653E+00 -0.2280139509910533E+03
  0.1150011213206726E+01  0.4084772058477228E+00 -0.2267885203855939E+03
  0.1141840629452141E+01  0.4159213399410494E+00 -0.2266026797641160E+03
  0.1133670045759989E+01  0.4233377078729265E+00 -0.2270226706908056E+03
  0.1125499462132108E+01  0.4307258145399545E+00 -0.2273189430451441E+03
  0.1117328878570381E+01  0.4380851667254050E+00 -0.2267753707211024E+03
  0.1109158295076737E+01  0.4454152731321473E+00 -0.2253396266857254E+03
  0.1100987711653159E+01  0.4527156444154464E+00 -0.2231343681692847E+03
  0.1092817128301675E+01  0.4599857932156304E+00 -0.2200735617472978E+03
  0.1084646545024371E+01  0.4672252341906264E+00 -0.2157100861660506E+03
  0.1076475961823386E+01  0.4744334840483606E+00 -0.2101804981622891E+03
  0.1068305378700920E+01  0.4816100615790221E+00 -0.2041887431715276E+03
  0.1060134795659229E+01  0.4887544876871878E+00 -0.1986724543712101E+03
  0.1051964212700635E+01  0.4958662854238058E+00 -0.1940576454936422E+03
  0.1043793629827524E+01  0.5029449800180356E+00 -0.1903960594763791E+03
  0.1035623047042350E+01  0.5099900989089429E+00 -0.1873654741543920E+03
  0.1027452464347638E+01  0.5170011717770473E+00 -0.1846921612985236E+03
  0.1019281881745987E+01  0.5239777305757194E+00 -0.1821975171188927E+03
  0.1011111299240073E+01  0.5309193095624275E+00 -0.1800214585363467E+03
  0.1002940716832650E+01  0.5378254453298289E+00 -0.1781764785577369E+03
  0.9947701345265596E+00  0.5446956768367068E+00 -0.1763648401660972E+03
  0.9865995523247275E+00  0.5515295454387482E+00 -0.1738845437820994E+03
  0.9784289702301714E+00  0.5583265949191624E+00 -0.1701227826513961E+03
  0.9702583882460036E+00  0.5650863715191369E+00 -0.1645654913821838E+03
  0.9620878063754359E+00  0.5718084239681300E+00 -0.1574600874838934E+03
  0.9539172246217830E+00  0.5784923035139965E+00 -0.1494381403145632E+03
  0.9457466429884676E+00  0.5851375639529456E+00 -0.1415795305914210E+03
  0.9375760614790253E+00  0.5917437616593286E+00 -0.1345179603226592E+03
  0.9294054800971098E+00  0.5983104556152549E+00 -0.1284535641292178E+03
  0.9212348988464978E+00  0.6048372074400329E+00 -0.1228237774656616E+03
  0.9130643177310944E+00  0.6113235814194364E+00 -0.1168631233833309E+03
  0.9048937367549402E+00  0.6177691445347914E+00 -0.1096738399065044E+03
  0.8967231559222163E+00  0.6241734664918837E+00 -0.1008408155744982E+03
  0.8885525752372514E+00  0.6305361197496849E+00 -0.9036434546871962E+02
  0.8803819947045285E+00  0.6368566795488945E+00 -0.7854737671700525E+02
  0.8722114143286931E+00  0.6431347239402948E+00 -0.6564027822373686E+02
  0.8640408341145595E+00  0.6493698338129212E+00 -0.5208468865143471E+02
  0.8558702540671204E+00  0.6555615929220400E+00 -0.3816528081028084E+02
  0.8476996741915547E+00  0.6617095879169366E+00 -0.2413457557015286E+02
  0.8395290944932369E+00  0.6678134083685102E+00 -0.9827612871516781E+01
  0.8313585149777468E+00  0.6738726467966731E+00  0.4449102048207065E+01
  0.8231879356508802E+00  0.6798868986975534E+00  0.1823124671647110E+02
  0.8150173565186587E+00  0.6858557625704990E+00  0.3124155171887153E+02
  0.8068467775873427E+00  0.6917788399448808E+00  0.4375704459858167E+02
  0.7986761988634423E+00  0.6976557354066943E+00  0.5571297880625131E+02
  0.7905056203537315E+00  0.7034860566249567E+00  0.6711667677781590E+02
  0.7823350420652612E+00  0.7092694143778975E+00  0.7824040264252542E+02
  0.7741644640053743E+00  0.7150054225789432E+00  0.8986856409126874E+02
  0.7659938861817212E+00  0.7206936983024912E+00  0.1020369614841183E+03
  0.7578233086022768E+00  0.7263338618094733E+00  0.1145546292992037E+03
  0.7496527312753575E+00  0.7319255365727068E+00  0.1270969385212340E+03
  0.7414821542096410E+00  0.7374683493020299E+00  0.1397276744971076E+03
  0.7333115774141861E+00  0.7429619299692227E+00  0.1522583591640266E+03
  0.7251410008984539E+00  0.7484059118327094E+00  0.1648775649593742E+03
  0.7169704246723316E+00  0.7537999314620412E+00  0.1780112647710837E+03
  0.7087998487461566E+00  0.7591436287621580E+00  0.1921361177504061E+03
  0.7006292731307425E+00  0.7644366469974285E+00  0.2065535105706516E+03
  0.6924586978374083E+00  0.7696786328154644E+00  0.2202070556694311E+03
  0.6842881228780077E+00  0.7748692362707100E+00  0.2323252208049707E+03
  0.6761175482649616E+00  0.7800081108478040E+00  0.2434038323557850E+03
  0.6679469740112938E+00  0.7850949134847117E+00  0.2540953218569144E+03
  0.6597764001306670E+00  0.7901293045956280E+00  0.2651009813217175E+03
  0.6516058266374236E+00  0.7951109480936471E+00  0.2765701932431359E+03
  0.6434352535466297E+00  0.8000395114131988E+00  0.2886452002331743E+03
  0.6352646808741202E+00  0.8049146655322506E+00  0.3012320033829505E+03
  0.6270941086365502E+00  0.8097360849942720E+00  0.3144518277632144E+03
  0.6189235368514482E+00  0.8145034479299620E+00  0.3284109657954734E+03
  0.6107529655372755E+00  0.8192164360787360E+00  0.3432616692408715E+03
  0.6025823947134890E+00  0.8238747348099726E+00  0.3587950780281240E+03
  0.5944118244006098E+00  0.8284780331440178E+00  0.3752423105723465E+03
  0.5862412546202973E+00  0.8330260237729452E+00  0.3926129835656203E+03
  0.5780706853954301E+00  0.8375184030810715E+00  0.4107359140415091E+03
  0.5699001167501928E+00  0.8419548711652254E+00  0.4287412859562073E+03
  0.5617295487101719E+00  0.8463351318547683E+00  0.4461191003020720E+03
  0.5535589813024583E+00  0.8506588927313666E+00  0.4626227263178039E+03
  0.5453884145557613E+00  0.8549258651485127E+00  0.4782979815676838E+03
  0.5372178485005299E+00  0.8591357642507945E+00  0.4930864033542267E+03
  0.5290472831690897E+00  0.8632883089929120E+00  0.5076603593253492E+03
  0.5208767185957875E+00  0.8673832221584393E+00  0.5226283239477209E+03
  0.5127061548171545E+00  0.8714202303783312E+00  0.5384087570639839E+03
  0.5045355918720822E+00  0.8753990641491725E+00  0.5545896864587573E+03
  0.4963650298020162E+00  0.8793194578511700E+00  0.5711474322983855E+03
  0.4881944686511717E+00  0.8831811497658847E+00  0.5876816994608614E+03
  0.4800239084667671E+00  0.8869838820937034E+00  0.6037525390357085E+03
  0.4718533492992859E+00  0.8907274009710492E+00  0.6188400992603705E+03
  0.4636827912027636E+00  0.8944114564873288E+00  0.6334093507753151E+03
  0.4555122342351060E+00  0.8980358027016164E+00  0.6481932019826663E+03
  0.4473416784584431E+00  0.9016001976590722E+00  0.6639246683852671E+03
  0.4391711239395221E+00  0.9051044034070944E+00  0.6802662000257432E+03
  0.4310005707501444E+00  0.9085481860112055E+00  0.6965388648076261E+03
  0.4228300189676551E+00  0.9119313155706682E+00  0.7116393918321075E+03
  0.4146594686754885E+00  0.9152535662338340E+00  0.7254774565930588E+03
  0.4064889199637791E+00  0.9185147162132208E+00  0.7388103731598975E+03
  0.3983183729300507E+00  0.9217145478003181E+00  0.7529595297503643E+03
  0.3901478276799883E+00  0.9248528473801222E+00  0.7679740589045520E+03
  0.3819772843283120E+00  0.9279294054453956E+00  0.7831549968753826E+03
  0.3738067429997641E+00  0.9309440166106540E+00  0.7975962648250903E+03
  0.3656362038302282E+00  0.9338964796258775E+00  0.8112826246320338E+03
  0.3574656669680030E+00  0.9367865973899459E+00  0.8241137757941025E+03
  0.3492951325752533E+00  0.9396141769637963E+00  0.8368992451807943E+03
  0.3411246008296713E+00  0.9423790295833044E+00  0.8500557151918233E+03
  0.3329540719263814E+00  0.9450809706718851E+00  0.8643305724314780E+03
  0.3247835460801308E+00  0.9477198198528157E+00  0.8796925934843326E+03
  0.3166130235278230E+00  0.9502954009612771E+00  0.8971050429120578E+03
  0.3084425045314506E+00  0.9528075420561144E+00  0.9171445603818589E+03
  0.3002719893815085E+00  0.9552560754313160E+00  0.9397061336101505E+03
  0.2921014784009779E+00  0.9576408376272095E+00  0.9624349562276708E+03
  0.2839309719500016E+00  0.9599616694413742E+00  0.9840073680523334E+03
  0.2757604704313845E+00  0.9622184159392698E+00  0.1004622099984322E+04
  0.2675899742971076E+00  0.9644109264645802E+00  0.1025395148280539E+04
  0.2594194840560681E+00  0.9665390546492710E+00  0.1045821123259366E+04
  0.2512490002833307E+00  0.9686026584233628E+00  0.1066036469190785E+04
  0.2430785236312446E+00  0.9706016000244151E+00  0.1086309858480874E+04
  0.2349080548428762E+00  0.9725357460067257E+00  0.1106720307372771E+04
  0.2267375947683499E+00  0.9744049672502397E+00  0.1125990849410628E+04
  0.2185671443848464E+00  0.9762091389691724E+00  0.1144797914652857E+04
  0.2103967048212628E+00  0.9779481407203411E+00  0.1164721111828864E+04
  0.2022262773888417E+00  0.9796218564112101E+00  0.1187222064015680E+04
  0.1940558636195398E+00  0.9812301743076443E+00  0.1211553742178084E+04
  0.1858854653144977E+00  0.9827729870413743E+00  0.1238522918996917E+04
  0.1777150846058812E+00  0.9842501916171713E+00  0.1268757410669987E+04
  0.1695447240365762E+00  0.9856616894197333E+00  0.1302956583215680E+04
  0.1613743866640789E+00  0.9870073862202815E+00  0.1340534957668161E+04
  0.1532040761975885E+00  0.9882871921828699E+00  0.1382755159949768E+04
  0.1450337971813853E+00  0.9895010218704087E+00  0.1429540919991463E+04
  0.1368635552438019E+00  0.9906487942504061E+00  0.1479461006963685E+04
  0.1286933574408989E+00  0.9917304327004320E+00  0.1529810329424732E+04
  0.1205232127396896E+00  0.9927458650133153E+00  0.1581106654278972E+04
  0.1123531327118049E+00  0.9936950234020883E+00  0.1633173491813686E+04
  0.1041831325528455E+00  0.9945778445047068E+00  0.1686970210376277E+04
  0.9601323262085862E-01  0.9953942693885953E+00  0.1744120186309873E+04
  0.8784346083082471E-01  0.9961442435551087E+00  0.1810588071733539E+04
  0.7967385651719167E-01  0.9968277169440913E+00  0.1887329859088615E+04
  0.7150447693306423E-01  0.9974446439389107E+00  0.1973048877727319E+04
  0.6333540875299180E-01  0.9979949833727938E+00  0.2069189099272984E+04
  0.5516678972815772E-01  0.9984786985384589E+00  0.2186024200193636E+04
  0.4699885272846815E-01  0.9988957572063257E+00  0.2329199138320474E+04
  0.3883202470742381E-01  0.9992461316671845E+00  0.2515461354221226E+04
  0.3066718105470672E-01  0.9995297988558859E+00  0.2785389884330257E+04
  0.2250643816359393E-01  0.9997467408113523E+00  0.3184579074404209E+04
  0.1435650599352885E-01  0.9998969471378596E+00  0.3664802735163845E+04
  0.6254421014113626E-02  0.9999804411726474E+00  0.4053308099815300E+04
