# nlmax, ncor, nside =         383           1         128
  0.3135338232575680E+01 -0.9999804411726474E+00  0.1306978562489334E+03
  0.3127236147596264E+01 -0.9998969471378596E+00  0.1270472767870701E+03
  0.3119086215426199E+01 -0.9997467408113523E+00  0.1217644029319779E+03
  0.3110925472535087E+01 -0.9995297988558859E+00  0.1157993183359213E+03
  0.3102760628882369E+01 -0.9992461316671845E+00  0.1095294686031253E+03
  0.3094593800861325E+01 -0.9988957572063257E+00  0.1035312726378275E+03
  0.3086425863861635E+01 -0.9984786985384589E+00  0.9899821023159451E+02
  0.3078257244836801E+01 -0.9979949833727938E+00  0.9699021184704941E+02
  0.3070088176656729E+01 -0.9974446439389107E+00  0.9736871909651316E+02
  0.3061918797072602E+01 -0.9968277169440913E+00  0.9880017065466464E+02
  0.3053749192758969E+01 -0.9961442435551087E+00  0.9986727626892402E+02
  0.3045579420968934E+01 -0.9953942693885953E+00  0.1001014083118126E+03
  0.3037409521036948E+01 -0.9945778445047068E+00  0.9994752706919954E+02
  0.3029239520877988E+01 -0.9936950234020883E+00  0.9996626351655691E+02
  0.3021069440850104E+01 -0.9927458650133153E+00  0.1002742171514131E+03
  0.3012899296148894E+01 -0.9917304327004320E+00  0.1006712114315114E+03
  0.3004729098345992E+01 -0.9906487942504061E+00  0.1009817081240894E+03
  0.2996558856408408E+01 -0.9895010218704087E+00  0.1011598816511884E+03
  0.2988388577392205E+01 -0.9882871921828699E+00  0.1012678211963017E+03
  0.2980218266925714E+01 -0.9870073862202815E+00  0.1014657488117486E+03
  0.2972047929553217E+01 -0.9856616894197333E+00  0.1018075942900394E+03
  0.2963877568983912E+01 -0.9842501916171713E+00  0.1019551667632268E+03
  0.2955707188275296E+01 -0.9827729870413743E+00  0.1013657423921151E+03
  0.2947536789970254E+01 -0.9812301743076443E+00  0.9991644460279204E+02
  0.2939366376200951E+01 -0.9796218564112101E+00  0.9806085911238743E+02
  0.2931195948768531E+01 -0.9779481407203411E+00  0.9623109161430789E+02
  0.2923025509204947E+01 -0.9762091389691724E+00  0.9447304905246894E+02
  0.2914855058821443E+01 -0.9744049672502397E+00  0.9295866773880897E+02
  0.2906684598746917E+01 -0.9725357460067257E+00  0.9247383393017417E+02
  0.2898514129958549E+01 -0.9706016000244151E+00  0.9394649912836819E+02
  0.2890343653306462E+01 -0.9686026584233628E+00  0.9763883683219402E+02
  0.2882173169533725E+01 -0.9665390546492710E+00  0.1031049308870227E+03
  0.2874002679292686E+01 -0.9644109264645802E+00  0.1097280143179359E+03
  0.2865832183158409E+01 -0.9622184159392698E+00  0.1169672556599165E+03
  0.2857661681639792E+01 -0.9599616694413742E+00  0.1242876469066785E+03
  0.2849491175188815E+01 -0.9576408376272095E+00  0.1312981671617645E+03
  0.2841320664208285E+01 -0.9552560754313160E+00  0.1379806754797351E+03
  0.2833150149058343E+01 -0.9528075420561144E+00  0.1445526301549651E+03
  0.2824979630061970E+01 -0.9502954009612771E+00  0.1511491379329599E+03
  0.2816809107509663E+01 -0.9477198198528157E+00  0.1578471249855513E+03
  0.2808638581663412E+01 -0.9450809706718851E+00  0.1649472296278293E+03
  0.2800468052760122E+01 -0.9423790295833044E+00  0.1729995506619287E+03
  0.2792297521014540E+01 -0.9396141769637963E+00  0.1824294687024070E+03
  0.2784126986621790E+01 -0.9367865973899459E+00  0.1930973600075450E+03
  0.2775956449759565E+01 -0.9338964796258775E+00  0.2041868869039248E+03
  0.2767785910590029E+01 -0.9309440166106540E+00  0.2146282863040056E+03
  0.2759615369261481E+01 -0.9279294054453956E+00  0.2238299788551404E+03
  0.2751444825909805E+01 -0.9248528473801222E+00  0.2320394545860360E+03
  0.2743274280659743E+01 -0.9217145478003181E+00  0.2399193046504436E+03
  0.2735103733626014E+01 -0.9185147162132208E+00  0.2478613206428329E+03
  0.2726933184914305E+01 -0.9152535662338340E+00  0.2558374622532517E+03
  0.2718762634622138E+01 -0.9119313155706682E+00  0.2637410256131531E+03
  0.2710592082839649E+01 -0.9085481860112055E+00  0.2715527369780910E+03
  0.2702421529650271E+01 -0.9051044034070944E+00  0.2791639211346503E+03
  0.2694250975131350E+01 -0.9016001976590722E+00  0.2862611118387097E+03
  0.2686080419354687E+01 -0.8980358027016164E+00  0.2924376390510178E+03
  0.2677909862387029E+01 -0.8944114564873288E+00  0.2973468704692682E+03
  0.2669739304290507E+01 -0.8907274009710492E+00  0.3008719435358506E+03
  0.2661568745123026E+01 -0.8869838820937034E+00  0.3033305971998700E+03
  0.2653398184938621E+01 -0.8831811497658847E+00  0.3054184151470438E+03
  0.2645227623787777E+01 -0.8793194578511700E+00  0.3077199728704584E+03
  0.2637057061717711E+01 -0.8753990641491725E+00  0.3102744046371018E+03
  0.2628886498772639E+01 -0.8714202303783312E+00  0.3127408476036013E+03
  0.2620715934994006E+01 -0.8673832221584393E+00  0.3149216448227035E+03
  0.2612545370420704E+01 -0.8632883089929120E+00  0.3169693737840560E+03
  0.2604374805089263E+01 -0.8591357642507945E+00  0.3191309062145189E+03
  0.2596204239034032E+01 -0.8549258651485127E+00  0.3214488178713785E+03
  0.2588033672287335E+01 -0.8506588927313666E+00  0.3237302226993957E+03
  0.2579863104879621E+01 -0.8463351318547683E+00  0.3257258727033185E+03
  0.2571692536839600E+01 -0.8419548711652254E+00  0.3273382587070243E+03
  0.2563521968194363E+01 -0.8375184030810715E+00  0.3286909703817709E+03
  0.2555351398969496E+01 -0.8330260237729452E+00  0.3299768011077003E+03
  0.2547180829189184E+01 -0.8284780331440178E+00  0.3312294551668813E+03
  0.2539010258876304E+01 -0.8238747348099726E+00  0.3322930135649627E+03
  0.2530839688052518E+01 -0.8192164360787360E+00  0.3330229600770793E+03
  0.2522669116738345E+01 -0.8145034479299620E+00  0.3334479433005897E+03
  0.2514498544953243E+01 -0.8097360849942720E+00  0.3336820407510453E+03
  0.2506327972715673E+01 -0.8049146655322506E+00  0.3337014588237163E+03
  0.2498157400043163E+01 -0.8000395114131988E+00  0.3332694038643288E+03
  0.2489986826952370E+01 -0.7951109480936471E+00  0.3321409854119950E+03
  0.2481816253459126E+01 -0.7901293045956280E+00  0.3303362432032245E+03
  0.2473645679578500E+01 -0.7850949134847117E+00  0.3281095751003847E+03
  0.2465475105324832E+01 -0.7800081108478040E+00  0.3255893691182384E+03
  0.2457304530711785E+01 -0.7748692362707100E+00  0.3225754539477073E+03
  0.2449133955752385E+01 -0.7696786328154644E+00  0.3188381709174792E+03
  0.2440963380459050E+01 -0.7644366469974285E+00  0.3145212748923970E+03
  0.2432792804843637E+01 -0.7591436287621580E+00  0.3100473389261335E+03
  0.2424622228917462E+01 -0.7537999314620412E+00  0.3056528108611446E+03
  0.2416451652691339E+01 -0.7484059118327094E+00  0.3011798911342666E+03
  0.2408281076175607E+01 -0.7429619299692227E+00  0.2962822895900616E+03
  0.2400110499380152E+01 -0.7374683493020299E+00  0.2906711029035594E+03
  0.2391939922314436E+01 -0.7319255365727068E+00  0.2842492469875326E+03
  0.2383769344987516E+01 -0.7263338618094733E+00  0.2772608873957523E+03
  0.2375598767408072E+01 -0.7206936983024912E+00  0.2703041235513302E+03
  0.2367428189584419E+01 -0.7150054225789432E+00  0.2639460112750097E+03
  0.2359257611524532E+01 -0.7092694143778975E+00  0.2582385520226906E+03
  0.2351087033236062E+01 -0.7034860566249567E+00  0.2527354383872536E+03
  0.2342916454726351E+01 -0.6976557354066943E+00  0.2470055484308664E+03
  0.2334745876002450E+01 -0.6917788399448808E+00  0.2410298932061710E+03
  0.2326575297071134E+01 -0.6858557625704990E+00  0.2351311318904992E+03
  0.2318404717938913E+01 -0.6798868986975534E+00  0.2296562007051234E+03
  0.2310234138612046E+01 -0.6738726467966731E+00  0.2247277490335578E+03
  0.2302063559096557E+01 -0.6678134083685102E+00  0.2201790815862115E+03
  0.2293892979398239E+01 -0.6617095879169366E+00  0.2156813306694214E+03
  0.2285722399522673E+01 -0.6555615929220400E+00  0.2109517120451428E+03
  0.2277551819475234E+01 -0.6493698338129212E+00  0.2058300527540814E+03
  0.2269381239261100E+01 -0.6431347239402948E+00  0.2001939939534779E+03
  0.2261210658885265E+01 -0.6368566795488945E+00  0.1939372503725363E+03
  0.2253040078352542E+01 -0.6305361197496849E+00  0.1870922485925983E+03
  0.2244869497667577E+01 -0.6241734664918837E+00  0.1798759446842429E+03
  0.2236698916834853E+01 -0.6177691445347914E+00  0.1725222489752466E+03
  0.2228528335858699E+01 -0.6113235814194364E+00  0.1650848436896437E+03
  0.2220357754743295E+01 -0.6048372074400329E+00  0.1574302459111071E+03
  0.2212187173492683E+01 -0.5983104556152549E+00  0.1494295930962395E+03
  0.2204016592110768E+01 -0.5917437616593286E+00  0.1412004539214768E+03
  0.2195846010601326E+01 -0.5851375639529456E+00  0.1331706795107159E+03
  0.2187675428968010E+01 -0.5784923035139965E+00  0.1257985160664728E+03
  0.2179504847214357E+01 -0.5718084239681300E+00  0.1191551736163081E+03
  0.2171334265343789E+01 -0.5650863715191369E+00  0.1128567821447980E+03
  0.2163163683359622E+01 -0.5583265949191624E+00  0.1064517184983253E+03
  0.2154993101265066E+01 -0.5515295454387482E+00  0.9977173896257109E+02
  0.2146822519063234E+01 -0.5446956768367068E+00  0.9288951755923659E+02
  0.2138651936757143E+01 -0.5378254453298289E+00  0.8593302545755154E+02
  0.2130481354349721E+01 -0.5309193095624275E+00  0.7904941092587579E+02
  0.2122310771843806E+01 -0.5239777305757194E+00  0.7236739645784397E+02
  0.2114140189242155E+01 -0.5170011717770473E+00  0.6582416430414057E+02
  0.2105969606547443E+01 -0.5099900989089429E+00  0.5910815561514090E+02
  0.2097799023762269E+01 -0.5029449800180356E+00  0.5187164188173258E+02
  0.2089628440889158E+01 -0.4958662854238058E+00  0.4394467832445144E+02
  0.2081457857930564E+01 -0.4887544876871878E+00  0.3534931598485026E+02
  0.2073287274888874E+01 -0.4816100615790221E+00  0.2625983061875813E+02
  0.2065116691766407E+01 -0.4744334840483606E+00  0.1697743258367358E+02
  0.2056946108565423E+01 -0.4672252341906264E+00  0.7780997323177830E+01
  0.2048775525288118E+01 -0.4599857932156304E+00 -0.1244459585337750E+01
  0.2040604941936635E+01 -0.4527156444154464E+00 -0.1011414909506821E+02
  0.2032434358513056E+01 -0.4454152731321473E+00 -0.1870220157266558E+02
  0.2024263775019413E+01 -0.4380851667254050E+00 -0.2676986623985558E+02
  0.2016093191457685E+01 -0.4307258145399545E+00 -0.3424243373538313E+02
  0.2007922607829804E+01 -0.4233377078729265E+00 -0.4130212142771578E+02
  0.1999752024137653E+01 -0.4159213399410494E+00 -0.4819086233642497E+02
  0.1991581440383068E+01 -0.4084772058477228E+00 -0.5502322206310362E+02
  0.1983410856567843E+01 -0.4010058025499653E+00 -0.6173894943949065E+02
  0.1975240272693730E+01 -0.3935076288252386E+00 -0.6811389521206810E+02
  0.1967069688762441E+01 -0.3859831852381501E+00 -0.7389743224917206E+02
  0.1958899104775647E+01 -0.3784329741070359E+00 -0.7910314316853864E+02
  0.1950728520734982E+01 -0.3708574994704271E+00 -0.8412198457490844E+02
  0.1942557936642046E+01 -0.3632572670534011E+00 -0.8942047538045536E+02
  0.1934387352498403E+01 -0.3556327842338202E+00 -0.9515163234237571E+02
  0.1926216768305583E+01 -0.3479845600084601E+00 -0.1010908126920401E+03
  0.1918046184065086E+01 -0.3403131049590297E+00 -0.1068084567021453E+03
  0.1909875599778379E+01 -0.3326189312180866E+00 -0.1118403210164130E+03
  0.1901705015446901E+01 -0.3249025524348469E+00 -0.1159049044493917E+03
  0.1893534431072063E+01 -0.3171644837408958E+00 -0.1191487390919758E+03
  0.1885363846655247E+01 -0.3094052417157978E+00 -0.1220793757405709E+03
  0.1877193262197810E+01 -0.3016253443526109E+00 -0.1251206283215304E+03
  0.1869022677701083E+01 -0.2938253110233064E+00 -0.1283131900581265E+03
  0.1860852093166375E+01 -0.2860056624440968E+00 -0.1315356151428919E+03
  0.1852681508594969E+01 -0.2781669206406729E+00 -0.1348927342338678E+03
  0.1844510923988128E+01 -0.2703096089133553E+00 -0.1387432041882873E+03
  0.1836340339347093E+01 -0.2624342518021592E+00 -0.1433676658930491E+03
  0.1828169754673083E+01 -0.2545413750517773E+00 -0.1486704508788917E+03
  0.1819999169967299E+01 -0.2466315055764818E+00 -0.1542025679934628E+03
  0.1811828585230925E+01 -0.2387051714249486E+00 -0.1594940817030211E+03
  0.1803658000465123E+01 -0.2307629017450062E+00 -0.1643936270848980E+03
  0.1795487415671042E+01 -0.2228052267483099E+00 -0.1690516507658581E+03
  0.1787316830849811E+01 -0.2148326776749467E+00 -0.1735971535306105E+03
  0.1779146246002545E+01 -0.2068457867579697E+00 -0.1779970109256328E+03
  0.1770975661130345E+01 -0.1988450871878683E+00 -0.1822894293305256E+03
  0.1762805076234296E+01 -0.1908311130769725E+00 -0.1867441153825497E+03
  0.1754634491315471E+01 -0.1828043994237966E+00 -0.1916269356184399E+03
  0.1746463906374929E+01 -0.1747654820773241E+00 -0.1969410588253585E+03
  0.1738293321413718E+01 -0.1667148977012352E+00 -0.2025294760591348E+03
  0.1730122736432872E+01 -0.1586531837380799E+00 -0.2082760384236917E+03
  0.1721952151433418E+01 -0.1505808783733995E+00 -0.2140619223304926E+03
  0.1713781566416370E+01 -0.1424985204997981E+00 -0.2197014794963837E+03
  0.1705610981382731E+01 -0.1344066496809675E+00 -0.2251297882095838E+03
  0.1697440396333499E+01 -0.1263058061156663E+00 -0.2305520246215994E+03
  0.1689269811269659E+01 -0.1181965306016578E+00 -0.2362119360029390E+03
  0.1681099226192191E+01 -0.1100793644996070E+00 -0.2420415445952406E+03
  0.1672928641102067E+01 -0.1019548496969404E+00 -0.2476507307063643E+03
  0.1664758056000250E+01 -0.9382352857167028E-01 -0.2526299260755519E+03
  0.1656587470887701E+01 -0.8568594395618719E-01 -0.2568089355823023E+03
  0.1648416885765370E+01 -0.7754263910102077E-01 -0.2602955955681176E+03
  0.1640246300634206E+01 -0.6939415763857371E-01 -0.2633435582402636E+03
  0.1632075715495151E+01 -0.6124104354682962E-01 -0.2661626173106161E+03
  0.1623905130349143E+01 -0.5308384111303818E-01 -0.2688287494021740E+03
  0.1615734545197117E+01 -0.4492309489737940E-01 -0.2713699300381799E+03
  0.1607563960040004E+01 -0.3675934969660982E-01 -0.2738583470957023E+03
  0.1599393374878733E+01 -0.2859315050769285E-01 -0.2763222060650837E+03
  0.1591222789714229E+01 -0.2042504249141571E-01 -0.2785982467242498E+03
  0.1583052204547419E+01 -0.1225557093599554E-01 -0.2803761697068915E+03
  0.1574881619379224E+01 -0.4085281220676868E-02 -0.2814235824622045E+03
  0.1566711034210569E+01  0.4085281220676868E-02 -0.2817643221583758E+03
  0.1558540449042374E+01  0.1225557093599554E-01 -0.2816589618935579E+03
  0.1550369863875564E+01  0.2042504249141571E-01 -0.2813948627051831E+03
  0.1542199278711061E+01  0.2859315050769285E-01 -0.2810370505846915E+03
  0.1534028693549790E+01  0.3675934969660982E-01 -0.2803941899210229E+03
  0.1525858108392677E+01  0.4492309489737940E-01 -0.2792718495603062E+03
  0.1517687523240650E+01  0.5308384111303818E-01 -0.2776998446683587E+03
  0.1509516938094642E+01  0.6124104354682962E-01 -0.2758412783610501E+03
  0.1501346352955587E+01  0.6939415763857371E-01 -0.2737895868835046E+03
  0.1493175767824423E+01  0.7754263910102077E-01 -0.2715893897047420E+03
  0.1485005182702093E+01  0.8568594395618719E-01 -0.2693484515553300E+03
  0.1476834597589543E+01  0.9382352857167028E-01 -0.2671420861623820E+03
  0.1468664012487727E+01  0.1019548496969404E+00 -0.2648640480381345E+03
  0.1460493427397602E+01  0.1100793644996070E+00 -0.2623367899128467E+03
  0.1452322842320134E+01  0.1181965306016578E+00 -0.2595419471224371E+03
  0.1444152257256294E+01  0.1263058061156663E+00 -0.2566500992759318E+03
  0.1435981672207062E+01  0.1344066496809675E+00 -0.2539031812825693E+03
  0.1427811087173423E+01  0.1424985204997981E+00 -0.2515301188742206E+03
  0.1419640502156375E+01  0.1505808783733995E+00 -0.2496286542591137E+03
  0.1411469917156921E+01  0.1586531837380799E+00 -0.2480389046389872E+03
  0.1403299332176076E+01  0.1667148977012352E+00 -0.2465009081141192E+03
  0.1395128747214864E+01  0.1747654820773241E+00 -0.2450363697756659E+03
  0.1386958162274323E+01  0.1828043994237966E+00 -0.2440063332449527E+03
  0.1378787577355497E+01  0.1908311130769725E+00 -0.2437116815169588E+03
  0.1370616992459449E+01  0.1988450871878683E+00 -0.2441289407870767E+03
  0.1362446407587248E+01  0.2068457867579697E+00 -0.2451060798069425E+03
  0.1354275822739983E+01  0.2148326776749467E+00 -0.2465847386435396E+03
  0.1346105237918751E+01  0.2228052267483099E+00 -0.2485191894517088E+03
  0.1337934653124670E+01  0.2307629017450062E+00 -0.2507702403381440E+03
  0.1329764068358868E+01  0.2387051714249486E+00 -0.2531688049633772E+03
  0.1321593483622494E+01  0.2466315055764818E+00 -0.2555348788617755E+03
  0.1313422898916710E+01  0.2545413750517773E+00 -0.2576410615475202E+03
  0.1305252314242701E+01  0.2624342518021592E+00 -0.2593838042973387E+03
  0.1297081729601665E+01  0.2703096089133553E+00 -0.2609938906938760E+03
  0.1288911144994824E+01  0.2781669206406729E+00 -0.2628128930032303E+03
  0.1280740560423418E+01  0.2860056624440968E+00 -0.2647816658159618E+03
  0.1272569975888710E+01  0.2938253110233064E+00 -0.2663254731365426E+03
  0.1264399391391984E+01  0.3016253443526109E+00 -0.2667988565560914E+03
  0.1256228806934547E+01  0.3094052417157978E+00 -0.2659589621699168E+03
  0.1248058222517730E+01  0.3171644837408958E+00 -0.2640765940885576E+03
  0.1239887638142892E+01  0.3249025524348469E+00 -0.2617442488847864E+03
  0.1231717053811414E+01  0.3326189312180866E+00 -0.2595323712377776E+03
  0.1223546469524707E+01  0.3403131049590297E+00 -0.2576905585648946E+03
  0.1215375885284210E+01  0.3479845600084601E+00 -0.2561577615243574E+03
  0.1207205301091390E+01  0.3556327842338202E+00 -0.2548097817145286E+03
  0.1199034716947747E+01  0.3632572670534011E+00 -0.2535376523266073E+03
  0.1190864132854811E+01  0.3708574994704271E+00 -0.2521392615935087E+03
  0.1182693548814147E+01  0.3784329741070359E+00 -0.2504448483719217E+03
  0.1174522964827352E+01  0.3859831852381501E+00 -0.2486371296185396E+03
  0.1166352380896063E+01  0.3935076288252386E+00 -0.2472023112582262E+03
  0.1158181797021950E+01  0.4010058025499653E+00 -0.2464895980580911E+03
  0.1150011213206726E+01  0.4084772058477228E+00 -0.2465088270501197E+03
  0.1141840629452141E+01  0.4159213399410494E+00 -0.2471072967156756E+03
  0.1133670045759989E+01  0.4233377078729265E+00 -0.2480193668185896E+03
  0.1125499462132108E+01  0.4307258145399545E+00 -0.2487434548464540E+03
  0.1117328878570381E+01  0.4380851667254050E+00 -0.2487307911133410E+03
  0.1109158295076737E+01  0.4454152731321473E+00 -0.2477872427987336E+03
  0.1100987711653159E+01  0.4527156444154464E+00 -0.2460571948311521E+03
  0.1092817128301675E+01  0.4599857932156304E+00 -0.2436423709579892E+03
  0.1084646545024371E+01  0.4672252341906264E+00 -0.2405315868046554E+03
  0.1076475961823386E+01  0.4744334840483606E+00 -0.2368925986438570E+03
  0.1068305378700920E+01  0.4816100615790221E+00 -0.2331343851907280E+03
  0.1060134795659229E+01  0.4887544876871878E+00 -0.2296404132908735E+03
  0.1051964212700635E+01  0.4958662854238058E+00 -0.2266127334170563E+03
  0.1043793629827524E+01  0.5029449800180356E+00 -0.2241163878361934E+03
  0.1035623047042350E+01  0.5099900989089429E+00 -0.2220941042273985E+03
  0.1027452464347638E+01  0.5170011717770473E+00 -0.2204075746987700E+03
  0.1019281881745987E+01  0.5239777305757194E+00 -0.2189815614025422E+03
  0.1011111299240073E+01  0.5309193095624275E+00 -0.2177694803281614E+03
  0.1002940716832650E+01  0.5378254453298289E+00 -0.2164886765994227E+03
  0.9947701345265596E+00  0.5446956768367068E+00 -0.2146094334984585E+03
  0.9865995523247275E+00  0.5515295454387482E+00 -0.2117350277668868E+03
  0.9784289702301714E+00  0.5583265949191624E+00 -0.2078153669575463E+03
  0.9702583882460036E+00  0.5650863715191369E+00 -0.2029638790016164E+03
  0.9620878063754359E+00  0.5718084239681300E+00 -0.1973691176436841E+03
  0.9539172246217830E+00  0.5784923035139965E+00 -0.1914684357688737E+03
  0.9457466429884676E+00  0.5851375639529456E+00 -0.1858899659721248E+03
  0.9375760614790253E+00  0.5917437616593286E+00 -0.1810555039995373E+03
  0.9294054800971098E+00  0.5983104556152549E+00 -0.1769846114546719E+03
  0.9212348988464978E+00  0.6048372074400329E+00 -0.1734527121380519E+03
  0.9130643177310944E+00  0.6113235814194364E+00 -0.1700938046833292E+03
  0.9048937367549402E+00  0.6177691445347914E+00 -0.1664041947335516E+03
  0.8967231559222163E+00  0.6241734664918837E+00 -0.1619689934257501E+03
  0.8885525752372514E+00  0.6305361197496849E+00 -0.1567426199065755E+03
  0.8803819947045285E+00  0.6368566795488945E+00 -0.1509525559192287E+03
  0.8722114143286931E+00  0.6431347239402948E+00 -0.1447853909465213E+03
  0.8640408341145595E+00  0.6493698338129212E+00 -0.1382790732762026E+03
  0.8558702540671204E+00  0.6555615929220400E+00 -0.1313616678305549E+03
  0.8476996741915547E+00  0.6617095879169366E+00 -0.1238939667812618E+03
  0.8395290944932369E+00  0.6678134083685102E+00 -0.1159126284651540E+03
  0.8313585149777468E+00  0.6738726467966731E+00 -0.1079216864284950E+03
  0.8231879356508802E+00  0.6798868986975534E+00 -0.1006120524201923E+03
  0.8150173565186587E+00  0.6858557625704990E+00 -0.9415157746291700E+02
  0.8068467775873427E+00  0.6917788399448808E+00 -0.8804720195038027E+02
  0.7986761988634423E+00  0.6976557354066943E+00 -0.8174469968638860E+02
  0.7905056203537315E+00  0.7034860566249567E+00 -0.7496061805732275E+02
  0.7823350420652612E+00  0.7092694143778975E+00 -0.6741976427624746E+02
  0.7741644640053743E+00  0.7150054225789432E+00 -0.5883105378407978E+02
  0.7659938861817212E+00  0.7206936983024912E+00 -0.4930833601577577E+02
  0.7578233086022768E+00  0.7263338618094733E+00 -0.3938504276459923E+02
  0.7496527312753575E+00  0.7319255365727068E+00 -0.2947115914983515E+02
  0.7414821542096410E+00  0.7374683493020299E+00 -0.1961111055777052E+02
  0.7333115774141861E+00  0.7429619299692227E+00 -0.9722243383489880E+01
  0.7251410008984539E+00  0.7484059118327094E+00  0.3443806761933244E+00
  0.7169704246723316E+00  0.7537999314620412E+00  0.1087236802349149E+02
  0.7087998487461566E+00  0.7591436287621580E+00  0.2192528762256388E+02
  0.7006292731307425E+00  0.7644366469974285E+00  0.3300978895100205E+02
  0.6924586978374083E+00  0.7696786328154644E+00  0.4354241138678390E+02
  0.6842881228780077E+00  0.7748692362707100E+00  0.5353495211401949E+02
  0.6761175482649616E+00  0.7800081108478040E+00  0.6343594346039980E+02
  0.6679469740112938E+00  0.7850949134847117E+00  0.7353555042202198E+02
  0.6597764001306670E+00  0.7901293045956280E+00  0.8396347023695839E+02
  0.6516058266374236E+00  0.7951109480936471E+00  0.9499742248473233E+02
  0.6434352535466297E+00  0.8000395114131988E+00  0.1068886396750124E+03
  0.6352646808741202E+00  0.8049146655322506E+00  0.1195745979688586E+03
  0.6270941086365502E+00  0.8097360849942720E+00  0.1329162955147435E+03
  0.6189235368514482E+00  0.8145034479299620E+00  0.1469622659549801E+03
  0.6107529655372755E+00  0.8192164360787360E+00  0.1617082649114064E+03
  0.6025823947134890E+00  0.8238747348099726E+00  0.1769369967470160E+03
  0.5944118244006098E+00  0.8284780331440178E+00  0.1925459378468730E+03
  0.5862412546202973E+00  0.8330260237729452E+00  0.2086733603434834E+03
  0.5780706853954301E+00  0.8375184030810715E+00  0.2253208670537446E+03
  0.5699001167501928E+00  0.8419548711652254E+00  0.2422400389145208E+03
  0.5617295487101719E+00  0.8463351318547683E+00  0.2592980085651318E+03
  0.5535589813024583E+00  0.8506588927313666E+00  0.2765401170333686E+03
  0.5453884145557613E+00  0.8549258651485127E+00  0.2938961755341134E+03
  0.5372178485005299E+00  0.8591357642507945E+00  0.3113249595694815E+03
  0.5290472831690897E+00  0.8632883089929120E+00  0.3292171149220123E+03
  0.5208767185957875E+00  0.8673832221584393E+00  0.3481164894433377E+03
  0.5127061548171545E+00  0.8714202303783312E+00  0.3680697086650031E+03
  0.5045355918720822E+00  0.8753990641491725E+00  0.3886943033782729E+03
  0.4963650298020162E+00  0.8793194578511700E+00  0.4097001399989753E+03
  0.4881944686511717E+00  0.8831811497658847E+00  0.4308336510053393E+03
  0.4800239084667671E+00  0.8869838820937034E+00  0.4515778743517772E+03
  0.4718533492992859E+00  0.8907274009710492E+00  0.4715438832175123E+03
  0.4636827912027636E+00  0.8944114564873288E+00  0.4910571653894093E+03
  0.4555122342351060E+00  0.8980358027016164E+00  0.5109057933510516E+03
  0.4473416784584431E+00  0.9016001976590722E+00  0.5316332666548008E+03
  0.4391711239395221E+00  0.9051044034070944E+00  0.5533072516356470E+03
  0.4310005707501444E+00  0.9085481860112055E+00  0.5756634369831937E+03
  0.4228300189676551E+00  0.9119313155706682E+00  0.5982640728297582E+03
  0.4146594686754885E+00  0.9152535662338340E+00  0.6208835827827696E+03
  0.4064889199637791E+00  0.9185147162132208E+00  0.6438510242518664E+03
  0.3983183729300507E+00  0.9217145478003181E+00  0.6676033494612849E+03
  0.3901478276799883E+00  0.9248528473801222E+00  0.6919230577714291E+03
  0.3819772843283120E+00  0.9279294054453956E+00  0.7160995160633270E+03
  0.3738067429997641E+00  0.9309440166106540E+00  0.7396990141477165E+03
  0.3656362038302282E+00  0.9338964796258775E+00  0.7626758368549143E+03
  0.3574656669680030E+00  0.9367865973899459E+00  0.7850658402971249E+03
  0.3492951325752533E+00  0.9396141769637963E+00  0.8071994751652492E+03
  0.3411246008296713E+00  0.9423790295833044E+00  0.8298133720687323E+03
  0.3329540719263814E+00  0.9450809706718851E+00  0.8533687235033447E+03
  0.3247835460801308E+00  0.9477198198528157E+00  0.8777966351499524E+03
  0.3166130235278230E+00  0.9502954009612771E+00  0.9033314066416796E+03
  0.3084425045314506E+00  0.9528075420561144E+00  0.9305933466660075E+03
  0.3002719893815085E+00  0.9552560754313160E+00  0.9592324869230174E+03
  0.2921014784009779E+00  0.9576408376272095E+00  0.9876678783835881E+03
  0.2839309719500016E+00  0.9599616694413742E+00  0.1014906698961031E+04
  0.2757604704313845E+00  0.9622184159392698E+00  0.1041406375295429E+04
  0.2675899742971076E+00  0.9644109264645802E+00  0.1067606285500413E+04
  0.2594194840560681E+00  0.9665390546492710E+00  0.1093211532408557E+04
  0.2512490002833307E+00  0.9686026584233628E+00  0.1118554846358314E+04
  0.2430785236312446E+00  0.9706016000244151E+00  0.1144825127488449E+04
  0.2349080548428762E+00  0.9725357460067257E+00  0.1172225606739623E+04
  0.2267375947683499E+00  0.9744049672502397E+00  0.1199783682904407E+04
  0.2185671443848464E+00  0.9762091389691724E+00  0.1227590565623429E+04
  0.2103967048212628E+00  0.9779481407203411E+00  0.1257212538059686E+04
  0.2022262773888417E+00  0.9796218564112101E+00  0.1289425318659337E+04
  0.1940558636195398E+00  0.9812301743076443E+00  0.1323641465043660E+04
  0.1858854653144977E+00  0.9827729870413743E+00  0.1359798689360798E+04
  0.1777150846058812E+00  0.9842501916171713E+00  0.1398604355523692E+04
  0.1695447240365762E+00  0.9856616894197333E+00  0.1440054317953855E+04
  0.1613743866640789E+00  0.9870073862202815E+00  0.1484035431352784E+04
  0.1532040761975885E+00  0.9882871921828699E+00  0.1531778820255503E+04
  0.1450337971813853E+00  0.9895010218704087E+00  0.1584143430840766E+04
  0.1368635552438019E+00  0.9906487942504061E+00  0.1639512459983566E+04
  0.1286933574408989E+00  0.9917304327004320E+00  0.1696010827913981E+04
  0.1205232127396896E+00  0.9927458650133153E+00  0.1754113319395948E+04
  0.1123531327118049E+00  0.9936950234020883E+00  0.1814514050222044E+04
  0.1041831325528455E+00  0.9945778445047068E+00  0.1876422598892801E+04
  0.9601323262085862E-01  0.9953942693885953E+00  0.1941065398875224E+04
  0.8784346083082471E-01  0.9961442435551087E+00  0.2012975189838003E+04
  0.7967385651719167E-01  0.9968277169440913E+00  0.2094628882681495E+04
  0.7150447693306423E-01  0.9974446439389107E+00  0.2185211960765244E+04
  0.6333540875299180E-01  0.9979949833727938E+00  0.2287697127928705E+04
  0.5516678972815772E-01  0.9984786985384589E+00  0.2409834869169295E+04
  0.4699885272846815E-01  0.9988957572063257E+00  0.2558140583144006E+04
  0.3883202470742381E-01  0.9992461316671845E+00  0.2748314559929277E+04
  0.3066718105470672E-01  0.9995297988558859E+00  0.3024509606517691E+04
  0.2250643816359393E-01  0.9997467408113523E+00  0.3429861129850365E+04
  0.1435650599352885E-01  0.9998969471378596E+00  0.3917650432258792E+04
  0.6254421014113626E-02  0.9999804411726474E+00  0.4309721584618594E+04
