# nlmax, ncor, nside =         383           1         128
  0.3135338232575680E+01 -0.9999804411726474E+00  0.5822497873218079E+02
  0.3127236147596264E+01 -0.9998969471378596E+00  0.5169096980421517E+02
  0.3119086215426199E+01 -0.9997467408113523E+00  0.4195727592362473E+02
  0.3110925472535087E+01 -0.9995297988558859E+00  0.3321672129513828E+02
  0.3102760628882369E+01 -0.9992461316671845E+00  0.2938302139133359E+02
  0.3094593800861325E+01 -0.9988957572063257E+00  0.3143408045186008E+02
  0.3086425863861635E+01 -0.9984786985384589E+00  0.3782258516184881E+02
  0.3078257244836801E+01 -0.9979949833727938E+00  0.4602101924772735E+02
  0.3070088176656729E+01 -0.9974446439389107E+00  0.5421288946486415E+02
  0.3061918797072602E+01 -0.9968277169440913E+00  0.6257169869205644E+02
  0.3053749192758969E+01 -0.9961442435551087E+00  0.7200973973055964E+02
  0.3045579420968934E+01 -0.9953942693885953E+00  0.8252255431303233E+02
  0.3037409521036948E+01 -0.9945778445047068E+00  0.9369523708869984E+02
  0.3029239520877988E+01 -0.9936950234020883E+00  0.1053004806303960E+03
  0.3021069440850104E+01 -0.9927458650133153E+00  0.1170585357607007E+03
  0.3012899296148894E+01 -0.9917304327004320E+00  0.1279469641011638E+03
  0.3004729098345992E+01 -0.9906487942504061E+00  0.1366979865657634E+03
  0.2996558856408408E+01 -0.9895010218704087E+00  0.1431051778619466E+03
  0.2988388577392205E+01 -0.9882871921828699E+00  0.1479166590388437E+03
  0.2980218266925714E+01 -0.9870073862202815E+00  0.1518658550364549E+03
  0.2972047929553217E+01 -0.9856616894197333E+00  0.1552932020958638E+03
  0.2963877568983912E+01 -0.9842501916171713E+00  0.1585301810660130E+03
  0.2955707188275296E+01 -0.9827729870413743E+00  0.1618265131045622E+03
  0.2947536789970254E+01 -0.9812301743076443E+00  0.1652791548953624E+03
  0.2939366376200951E+01 -0.9796218564112101E+00  0.1691752501262113E+03
  0.2931195948768531E+01 -0.9779481407203411E+00  0.1741286809822652E+03
  0.2923025509204947E+01 -0.9762091389691724E+00  0.1797784077812773E+03
  0.2914855058821443E+01 -0.9744049672502397E+00  0.1848974304639654E+03
  0.2906684598746917E+01 -0.9725357460067257E+00  0.1891832088345755E+03
  0.2898514129958549E+01 -0.9706016000244151E+00  0.1929515223157534E+03
  0.2890343653306462E+01 -0.9686026584233628E+00  0.1964984934261436E+03
  0.2882173169533725E+01 -0.9665390546492710E+00  0.2001631214456099E+03
  0.2874002679292686E+01 -0.9644109264645802E+00  0.2040761698286173E+03
  0.2865832183158409E+01 -0.9622184159392698E+00  0.2079562557909186E+03
  0.2857661681639792E+01 -0.9599616694413742E+00  0.2114096536348471E+03
  0.2849491175188815E+01 -0.9576408376272095E+00  0.2142145204309921E+03
  0.2841320664208285E+01 -0.9552560754313160E+00  0.2163241018232366E+03
  0.2833150149058343E+01 -0.9528075420561144E+00  0.2181118377774195E+03
  0.2824979630061970E+01 -0.9502954009612771E+00  0.2203961021437791E+03
  0.2816809107509663E+01 -0.9477198198528157E+00  0.2237852494070746E+03
  0.2808638581663412E+01 -0.9450809706718851E+00  0.2281252714353326E+03
  0.2800468052760122E+01 -0.9423790295833044E+00  0.2325976163590084E+03
  0.2792297521014540E+01 -0.9396141769637963E+00  0.2363462834648126E+03
  0.2784126986621790E+01 -0.9367865973899459E+00  0.2391448264681087E+03
  0.2775956449759565E+01 -0.9338964796258775E+00  0.2414283592598564E+03
  0.2767785910590029E+01 -0.9309440166106540E+00  0.2436386235383651E+03
  0.2759615369261481E+01 -0.9279294054453956E+00  0.2458655941724732E+03
  0.2751444825909805E+01 -0.9248528473801222E+00  0.2481044146606019E+03
  0.2743274280659743E+01 -0.9217145478003181E+00  0.2501422135623417E+03
  0.2735103733626014E+01 -0.9185147162132208E+00  0.2513279334762584E+03
  0.2726933184914305E+01 -0.9152535662338340E+00  0.2510394569417352E+03
  0.2718762634622138E+01 -0.9119313155706682E+00  0.2492959033579925E+03
  0.2710592082839649E+01 -0.9085481860112055E+00  0.2467876230052024E+03
  0.2702421529650271E+01 -0.9051044034070944E+00  0.2443327624164300E+03
  0.2694250975131350E+01 -0.9016001976590722E+00  0.2424397922669122E+03
  0.2686080419354687E+01 -0.8980358027016164E+00  0.2412884286427057E+03
  0.2677909862387029E+01 -0.8944114564873288E+00  0.2406783363566196E+03
  0.2669739304290507E+01 -0.8907274009710492E+00  0.2399901943213722E+03
  0.2661568745123026E+01 -0.8869838820937034E+00  0.2387625882327123E+03
  0.2653398184938621E+01 -0.8831811497658847E+00  0.2371714061228798E+03
  0.2645227623787777E+01 -0.8793194578511700E+00  0.2356831384522459E+03
  0.2637057061717711E+01 -0.8753990641491725E+00  0.2346323986656523E+03
  0.2628886498772639E+01 -0.8714202303783312E+00  0.2339370553640485E+03
  0.2620715934994006E+01 -0.8673832221584393E+00  0.2333339513034967E+03
  0.2612545370420704E+01 -0.8632883089929120E+00  0.2325977764903068E+03
  0.2604374805089263E+01 -0.8591357642507945E+00  0.2314743160768800E+03
  0.2596204239034032E+01 -0.8549258651485127E+00  0.2299150752727638E+03
  0.2588033672287335E+01 -0.8506588927313666E+00  0.2282652330826050E+03
  0.2579863104879621E+01 -0.8463351318547683E+00  0.2270465125525440E+03
  0.2571692536839600E+01 -0.8419548711652254E+00  0.2266693270306969E+03
  0.2563521968194363E+01 -0.8375184030810715E+00  0.2272108446764196E+03
  0.2555351398969496E+01 -0.8330260237729452E+00  0.2283027611225100E+03
  0.2547180829189184E+01 -0.8284780331440178E+00  0.2291673236904319E+03
  0.2539010258876304E+01 -0.8238747348099726E+00  0.2290351016869355E+03
  0.2530839688052518E+01 -0.8192164360787360E+00  0.2276379432755616E+03
  0.2522669116738345E+01 -0.8145034479299620E+00  0.2252224212770263E+03
  0.2514498544953243E+01 -0.8097360849942720E+00  0.2220416716237002E+03
  0.2506327972715673E+01 -0.8049146655322506E+00  0.2181694403887448E+03
  0.2498157400043163E+01 -0.8000395114131988E+00  0.2137484626309749E+03
  0.2489986826952370E+01 -0.7951109480936471E+00  0.2089934916488221E+03
  0.2481816253459126E+01 -0.7901293045956280E+00  0.2040262374216158E+03
  0.2473645679578500E+01 -0.7850949134847117E+00  0.1988842485353276E+03
  0.2465475105324832E+01 -0.7800081108478040E+00  0.1937507067137135E+03
  0.2457304530711785E+01 -0.7748692362707100E+00  0.1889310676208345E+03
  0.2449133955752385E+01 -0.7696786328154644E+00  0.1844117515175567E+03
  0.2440963380459050E+01 -0.7644366469974285E+00  0.1799689794158863E+03
  0.2432792804843637E+01 -0.7591436287621580E+00  0.1757607319118125E+03
  0.2424622228917462E+01 -0.7537999314620412E+00  0.1720538448971954E+03
  0.2416451652691339E+01 -0.7484059118327094E+00  0.1685510142976815E+03
  0.2408281076175607E+01 -0.7429619299692227E+00  0.1647560309450869E+03
  0.2400110499380152E+01 -0.7374683493020299E+00  0.1605895370588852E+03
  0.2391939922314436E+01 -0.7319255365727068E+00  0.1563378414131797E+03
  0.2383769344987516E+01 -0.7263338618094733E+00  0.1523120775420388E+03
  0.2375598767408072E+01 -0.7206936983024912E+00  0.1486050031457048E+03
  0.2367428189584419E+01 -0.7150054225789432E+00  0.1451343474392068E+03
  0.2359257611524532E+01 -0.7092694143778975E+00  0.1419758167630108E+03
  0.2351087033236062E+01 -0.7034860566249567E+00  0.1394613049149955E+03
  0.2342916454726351E+01 -0.6976557354066943E+00  0.1378198731396588E+03
  0.2334745876002450E+01 -0.6917788399448808E+00  0.1368445917407281E+03
  0.2326575297071134E+01 -0.6858557625704990E+00  0.1361076735531937E+03
  0.2318404717938913E+01 -0.6798868986975534E+00  0.1353967576563601E+03
  0.2310234138612046E+01 -0.6738726467966731E+00  0.1347952868627343E+03
  0.2302063559096557E+01 -0.6678134083685102E+00  0.1342605710550969E+03
  0.2293892979398239E+01 -0.6617095879169366E+00  0.1333833273015794E+03
  0.2285722399522673E+01 -0.6555615929220400E+00  0.1317583052881798E+03
  0.2277551819475234E+01 -0.6493698338129212E+00  0.1294980805712007E+03
  0.2269381239261100E+01 -0.6431347239402948E+00  0.1271116321385956E+03
  0.2261210658885265E+01 -0.6368566795488945E+00  0.1249973051807981E+03
  0.2253040078352542E+01 -0.6305361197496849E+00  0.1231483683673208E+03
  0.2244869497667577E+01 -0.6241734664918837E+00  0.1213042515982496E+03
  0.2236698916834853E+01 -0.6177691445347914E+00  0.1191897448637432E+03
  0.2228528335858699E+01 -0.6113235814194364E+00  0.1165892820486573E+03
  0.2220357754743295E+01 -0.6048372074400329E+00  0.1133453508375216E+03
  0.2212187173492683E+01 -0.5983104556152549E+00  0.1094322409857598E+03
  0.2204016592110768E+01 -0.5917437616593286E+00  0.1049748232140111E+03
  0.2195846010601326E+01 -0.5851375639529456E+00  0.1000857659992510E+03
  0.2187675428968010E+01 -0.5784923035139965E+00  0.9475675306619452E+02
  0.2179504847214357E+01 -0.5718084239681300E+00  0.8902871320365453E+02
  0.2171334265343789E+01 -0.5650863715191369E+00  0.8307543612107010E+02
  0.2163163683359622E+01 -0.5583265949191624E+00  0.7702507715903693E+02
  0.2154993101265066E+01 -0.5515295454387482E+00  0.7080520146585371E+02
  0.2146822519063234E+01 -0.5446956768367068E+00  0.6429972330642372E+02
  0.2138651936757143E+01 -0.5378254453298289E+00  0.5773374101769267E+02
  0.2130481354349721E+01 -0.5309193095624275E+00  0.5174050368558886E+02
  0.2122310771843806E+01 -0.5239777305757194E+00  0.4685596718325959E+02
  0.2114140189242155E+01 -0.5170011717770473E+00  0.4300836671868925E+02
  0.2105969606547443E+01 -0.5099900989089429E+00  0.3947416430562853E+02
  0.2097799023762269E+01 -0.5029449800180356E+00  0.3553421814806403E+02
  0.2089628440889158E+01 -0.4958662854238058E+00  0.3108516924579240E+02
  0.2081457857930564E+01 -0.4887544876871878E+00  0.2666539138526727E+02
  0.2073287274888874E+01 -0.4816100615790221E+00  0.2293519867985811E+02
  0.2065116691766407E+01 -0.4744334840483606E+00  0.2016110749630213E+02
  0.2056946108565423E+01 -0.4672252341906264E+00  0.1801412025797646E+02
  0.2048775525288118E+01 -0.4599857932156304E+00  0.1581660036032780E+02
  0.2040604941936635E+01 -0.4527156444154464E+00  0.1315905983140500E+02
  0.2032434358513056E+01 -0.4454152731321473E+00  0.1031743177572066E+02
  0.2024263775019413E+01 -0.4380851667254050E+00  0.7948482927899183E+01
  0.2016093191457685E+01 -0.4307258145399545E+00  0.6525355555870955E+01
  0.2007922607829804E+01 -0.4233377078729265E+00  0.6002360108377159E+01
  0.1999752024137653E+01 -0.4159213399410494E+00  0.5973653540127736E+01
  0.1991581440383068E+01 -0.4084772058477228E+00  0.6066906484167141E+01
  0.1983410856567843E+01 -0.4010058025499653E+00  0.6112205223595661E+01
  0.1975240272693730E+01 -0.3935076288252386E+00  0.5998074402231691E+01
  0.1967069688762441E+01 -0.3859831852381501E+00  0.5547913015146112E+01
  0.1958899104775647E+01 -0.3784329741070359E+00  0.4494874695950359E+01
  0.1950728520734982E+01 -0.3708574994704271E+00  0.2677990956650846E+01
  0.1942557936642046E+01 -0.3632572670534011E+00  0.2268463390653145E+00
  0.1934387352498403E+01 -0.3556327842338202E+00 -0.2505274170244455E+01
  0.1926216768305583E+01 -0.3479845600084601E+00 -0.5212222891072032E+01
  0.1918046184065086E+01 -0.3403131049590297E+00 -0.7695469589411426E+01
  0.1909875599778379E+01 -0.3326189312180866E+00 -0.9822186681283258E+01
  0.1901705015446901E+01 -0.3249025524348469E+00 -0.1154168565132258E+02
  0.1893534431072063E+01 -0.3171644837408958E+00 -0.1300852669448173E+02
  0.1885363846655247E+01 -0.3094052417157978E+00 -0.1456291609516221E+02
  0.1877193262197810E+01 -0.3016253443526109E+00 -0.1660808969847252E+02
  0.1869022677701083E+01 -0.2938253110233064E+00 -0.1949743241321183E+02
  0.1860852093166375E+01 -0.2860056624440968E+00 -0.2345081250406304E+02
  0.1852681508594969E+01 -0.2781669206406729E+00 -0.2839817739588597E+02
  0.1844510923988128E+01 -0.2703096089133553E+00 -0.3395982571050362E+02
  0.1836340339347093E+01 -0.2624342518021592E+00 -0.3974902100804059E+02
  0.1828169754673083E+01 -0.2545413750517773E+00 -0.4568169526153228E+02
  0.1819999169967299E+01 -0.2466315055764818E+00 -0.5181705656735704E+02
  0.1811828585230925E+01 -0.2387051714249486E+00 -0.5810181894296055E+02
  0.1803658000465123E+01 -0.2307629017450062E+00 -0.6436653881350973E+02
  0.1795487415671042E+01 -0.2228052267483099E+00 -0.7045063122003691E+02
  0.1787316830849811E+01 -0.2148326776749467E+00 -0.7622315086152467E+02
  0.1779146246002545E+01 -0.2068457867579697E+00 -0.8156767544206689E+02
  0.1770975661130345E+01 -0.1988450871878683E+00 -0.8645107914779777E+02
  0.1762805076234296E+01 -0.1908311130769725E+00 -0.9100829317263620E+02
  0.1754634491315471E+01 -0.1828043994237966E+00 -0.9548803638719073E+02
  0.1746463906374929E+01 -0.1747654820773241E+00 -0.1001405385304257E+03
  0.1738293321413718E+01 -0.1667148977012352E+00 -0.1050840089243214E+03
  0.1730122736432872E+01 -0.1586531837380799E+00 -0.1102890053717440E+03
  0.1721952151433418E+01 -0.1505808783733995E+00 -0.1155511442395259E+03
  0.1713781566416370E+01 -0.1424985204997981E+00 -0.1206618116096820E+03
  0.1705610981382731E+01 -0.1344066496809675E+00 -0.1255687682346095E+03
  0.1697440396333499E+01 -0.1263058061156663E+00 -0.1302803393164174E+03
  0.1689269811269659E+01 -0.1181965306016578E+00 -0.1346996555307027E+03
  0.1681099226192191E+01 -0.1100793644996070E+00 -0.1388026009989109E+03
  0.1672928641102067E+01 -0.1019548496969404E+00 -0.1428948958027059E+03
  0.1664758056000250E+01 -0.9382352857167028E-01 -0.1474229110775345E+03
  0.1656587470887701E+01 -0.8568594395618719E-01 -0.1524115918937131E+03
  0.1648416885765370E+01 -0.7754263910102077E-01 -0.1575175148187408E+03
  0.1640246300634206E+01 -0.6939415763857371E-01 -0.1625516755499055E+03
  0.1632075715495151E+01 -0.6124104354682962E-01 -0.1676404148844956E+03
  0.1623905130349143E+01 -0.5308384111303818E-01 -0.1729343057814162E+03
  0.1615734545197117E+01 -0.4492309489737940E-01 -0.1785445001122191E+03
  0.1607563960040004E+01 -0.3675934969660982E-01 -0.1846163414991379E+03
  0.1599393374878733E+01 -0.2859315050769285E-01 -0.1911752452308098E+03
  0.1591222789714229E+01 -0.2042504249141571E-01 -0.1977952255792343E+03
  0.1583052204547419E+01 -0.1225557093599554E-01 -0.2037308388095292E+03
  0.1574881619379224E+01 -0.4085281220676868E-02 -0.2084698769822968E+03
  0.1566711034210569E+01  0.4085281220676868E-02 -0.2120597715542251E+03
  0.1558540449042374E+01  0.1225557093599554E-01 -0.2148607872795277E+03
  0.1550369863875564E+01  0.2042504249141571E-01 -0.2172620597441785E+03
  0.1542199278711061E+01  0.2859315050769285E-01 -0.2195790616461393E+03
  0.1534028693549790E+01  0.3675934969660982E-01 -0.2221316783600194E+03
  0.1525858108392677E+01  0.4492309489737940E-01 -0.2251972916312614E+03
  0.1517687523240650E+01  0.5308384111303818E-01 -0.2289488171741803E+03
  0.1509516938094642E+01  0.6124104354682962E-01 -0.2333491577567143E+03
  0.1501346352955587E+01  0.6939415763857371E-01 -0.2381340180774729E+03
  0.1493175767824423E+01  0.7754263910102077E-01 -0.2429928353976913E+03
  0.1485005182702093E+01  0.8568594395618719E-01 -0.2478488054022558E+03
  0.1476834597589543E+01  0.9382352857167028E-01 -0.2528023671106846E+03
  0.1468664012487727E+01  0.1019548496969404E+00 -0.2578779385486695E+03
  0.1460493427397602E+01  0.1100793644996070E+00 -0.2629326892591873E+03
  0.1452322842320134E+01  0.1181965306016578E+00 -0.2678467393090729E+03
  0.1444152257256294E+01  0.1263058061156663E+00 -0.2725045125918301E+03
  0.1435981672207062E+01  0.1344066496809675E+00 -0.2766366239309601E+03
  0.1427811087173423E+01  0.1424985204997981E+00 -0.2798997376762447E+03
  0.1419640502156375E+01  0.1505808783733995E+00 -0.2821417320435720E+03
  0.1411469917156921E+01  0.1586531837380799E+00 -0.2834804237576902E+03
  0.1403299332176076E+01  0.1667148977012352E+00 -0.2843283217526138E+03
  0.1395128747214864E+01  0.1747654820773241E+00 -0.2852996192861948E+03
  0.1386958162274323E+01  0.1828043994237966E+00 -0.2868316634387754E+03
  0.1378787577355497E+01  0.1908311130769725E+00 -0.2887744542258772E+03
  0.1370616992459449E+01  0.1988450871878683E+00 -0.2906290012958238E+03
  0.1362446407587248E+01  0.2068457867579697E+00 -0.2920942856437077E+03
  0.1354275822739983E+01  0.2148326776749467E+00 -0.2930739566630081E+03
  0.1346105237918751E+01  0.2228052267483099E+00 -0.2933725073633519E+03
  0.1337934653124670E+01  0.2307629017450062E+00 -0.2928519910923771E+03
  0.1329764068358868E+01  0.2387051714249486E+00 -0.2918329209932829E+03
  0.1321593483622494E+01  0.2466315055764818E+00 -0.2909748655780190E+03
  0.1313422898916710E+01  0.2545413750517773E+00 -0.2905865303952427E+03
  0.1305252314242701E+01  0.2624342518021592E+00 -0.2903429884510347E+03
  0.1297081729601665E+01  0.2703096089133553E+00 -0.2897753187743173E+03
  0.1288911144994824E+01  0.2781669206406729E+00 -0.2888063097106817E+03
  0.1280740560423418E+01  0.2860056624440968E+00 -0.2876587129075971E+03
  0.1272569975888710E+01  0.2938253110233064E+00 -0.2865303416184998E+03
  0.1264399391391984E+01  0.3016253443526109E+00 -0.2854448862858693E+03
  0.1256228806934547E+01  0.3094052417157978E+00 -0.2842460670196418E+03
  0.1248058222517730E+01  0.3171644837408958E+00 -0.2826089548705246E+03
  0.1239887638142892E+01  0.3249025524348469E+00 -0.2804147983848849E+03
  0.1231717053811414E+01  0.3326189312180866E+00 -0.2780315097918490E+03
  0.1223546469524707E+01  0.3403131049590297E+00 -0.2760489670593980E+03
  0.1215375885284210E+01  0.3479845600084601E+00 -0.2747935338423771E+03
  0.1207205301091390E+01  0.3556327842338202E+00 -0.2742842134253962E+03
  0.1199034716947747E+01  0.3632572670534011E+00 -0.2743592498146302E+03
  0.1190864132854811E+01  0.3708574994704271E+00 -0.2748364235893237E+03
  0.1182693548814147E+01  0.3784329741070359E+00 -0.2755919026962778E+03
  0.1174522964827352E+01  0.3859831852381501E+00 -0.2766147595020961E+03
  0.1166352380896063E+01  0.3935076288252386E+00 -0.2778415301065422E+03
  0.1158181797021950E+01  0.4010058025499653E+00 -0.2789142089828756E+03
  0.1150011213206726E+01  0.4084772058477228E+00 -0.2793227200500077E+03
  0.1141840629452141E+01  0.4159213399410494E+00 -0.2788971790497586E+03
  0.1133670045759989E+01  0.4233377078729265E+00 -0.2777868864518079E+03
  0.1125499462132108E+01  0.4307258145399545E+00 -0.2760022400699490E+03
  0.1117328878570381E+01  0.4380851667254050E+00 -0.2734236849299040E+03
  0.1109158295076737E+01  0.4454152731321473E+00 -0.2703370462980510E+03
  0.1100987711653159E+01  0.4527156444154464E+00 -0.2673516569837778E+03
  0.1092817128301675E+01  0.4599857932156304E+00 -0.2647666154075545E+03
  0.1084646545024371E+01  0.4672252341906264E+00 -0.2622789243021982E+03
  0.1076475961823386E+01  0.4744334840483606E+00 -0.2594539224217813E+03
  0.1068305378700920E+01  0.4816100615790221E+00 -0.2561019572402274E+03
  0.1060134795659229E+01  0.4887544876871878E+00 -0.2523051408664496E+03
  0.1051964212700635E+01  0.4958662854238058E+00 -0.2483637160457036E+03
  0.1043793629827524E+01  0.5029449800180356E+00 -0.2448354659873982E+03
  0.1035623047042350E+01  0.5099900989089429E+00 -0.2421128118818694E+03
  0.1027452464347638E+01  0.5170011717770473E+00 -0.2400026829163896E+03
  0.1019281881745987E+01  0.5239777305757194E+00 -0.2379438123544134E+03
  0.1011111299240073E+01  0.5309193095624275E+00 -0.2356645360923182E+03
  0.1002940716832650E+01  0.5378254453298289E+00 -0.2332297969006034E+03
  0.9947701345265596E+00  0.5446956768367068E+00 -0.2307011966956478E+03
  0.9865995523247275E+00  0.5515295454387482E+00 -0.2280423137321081E+03
  0.9784289702301714E+00  0.5583265949191624E+00 -0.2253785240728324E+03
  0.9702583882460036E+00  0.5650863715191369E+00 -0.2228738355022145E+03
  0.9620878063754359E+00  0.5718084239681300E+00 -0.2204572716303953E+03
  0.9539172246217830E+00  0.5784923035139965E+00 -0.2178018701621451E+03
  0.9457466429884676E+00  0.5851375639529456E+00 -0.2145816242922934E+03
  0.9375760614790253E+00  0.5917437616593286E+00 -0.2106162326721965E+03
  0.9294054800971098E+00  0.5983104556152549E+00 -0.2059429536727261E+03
  0.9212348988464978E+00  0.6048372074400329E+00 -0.2006805892624533E+03
  0.9130643177310944E+00  0.6113235814194364E+00 -0.1948919015537219E+03
  0.9048937367549402E+00  0.6177691445347914E+00 -0.1885451054171088E+03
  0.8967231559222163E+00  0.6241734664918837E+00 -0.1817914825002077E+03
  0.8885525752372514E+00  0.6305361197496849E+00 -0.1748936602009051E+03
  0.8803819947045285E+00  0.6368566795488945E+00 -0.1679018205562327E+03
  0.8722114143286931E+00  0.6431347239402948E+00 -0.1605851501715984E+03
  0.8640408341145595E+00  0.6493698338129212E+00 -0.1529034393553600E+03
  0.8558702540671204E+00  0.6555615929220400E+00 -0.1451267356630714E+03
  0.8476996741915547E+00  0.6617095879169366E+00 -0.1373356594625314E+03
  0.8395290944932369E+00  0.6678134083685102E+00 -0.1291678266980759E+03
  0.8313585149777468E+00  0.6738726467966731E+00 -0.1204407446188011E+03
  0.8231879356508802E+00  0.6798868986975534E+00 -0.1115038395553841E+03
  0.8150173565186587E+00  0.6858557625704990E+00 -0.1026938674733493E+03
  0.8068467775873427E+00  0.6917788399448808E+00 -0.9381788737252992E+02
  0.7986761988634423E+00  0.6976557354066943E+00 -0.8465905235288163E+02
  0.7905056203537315E+00  0.7034860566249567E+00 -0.7543964868145606E+02
  0.7823350420652612E+00  0.7092694143778975E+00 -0.6648619888239301E+02
  0.7741644640053743E+00  0.7150054225789432E+00 -0.5776495176935486E+02
  0.7659938861817212E+00  0.7206936983024912E+00 -0.4920939022300696E+02
  0.7578233086022768E+00  0.7263338618094733E+00 -0.4090195671394607E+02
  0.7496527312753575E+00  0.7319255365727068E+00 -0.3276479668699594E+02
  0.7414821542096410E+00  0.7374683493020299E+00 -0.2436929883566191E+02
  0.7333115774141861E+00  0.7429619299692227E+00 -0.1536642204688209E+02
  0.7251410008984539E+00  0.7484059118327094E+00 -0.5655839657298483E+01
  0.7169704246723316E+00  0.7537999314620412E+00  0.4772994209934643E+01
  0.7087998487461566E+00  0.7591436287621580E+00  0.1593311116961689E+02
  0.7006292731307425E+00  0.7644366469974285E+00  0.2747350866144622E+02
  0.6924586978374083E+00  0.7696786328154644E+00  0.3867885589650229E+02
  0.6842881228780077E+00  0.7748692362707100E+00  0.4898888171482303E+02
  0.6761175482649616E+00  0.7800081108478040E+00  0.5845804018977699E+02
  0.6679469740112938E+00  0.7850949134847117E+00  0.6756466179580180E+02
  0.6597764001306670E+00  0.7901293045956280E+00  0.7696200329796254E+02
  0.6516058266374236E+00  0.7951109480936471E+00  0.8710988694880021E+02
  0.6434352535466297E+00  0.8000395114131988E+00  0.9808867663941233E+02
  0.6352646808741202E+00  0.8049146655322506E+00  0.1097662742561815E+03
  0.6270941086365502E+00  0.8097360849942720E+00  0.1222277717629768E+03
  0.6189235368514482E+00  0.8145034479299620E+00  0.1356319453526103E+03
  0.6107529655372755E+00  0.8192164360787360E+00  0.1499257832099174E+03
  0.6025823947134890E+00  0.8238747348099726E+00  0.1649154247331960E+03
  0.5944118244006098E+00  0.8284780331440178E+00  0.1807149500518491E+03
  0.5862412546202973E+00  0.8330260237729452E+00  0.1975000120265191E+03
  0.5780706853954301E+00  0.8375184030810715E+00  0.2149115752856638E+03
  0.5699001167501928E+00  0.8419548711652254E+00  0.2322071183337916E+03
  0.5617295487101719E+00  0.8463351318547683E+00  0.2491520097727585E+03
  0.5535589813024583E+00  0.8506588927313666E+00  0.2658468040152038E+03
  0.5453884145557613E+00  0.8549258651485127E+00  0.2820049533271647E+03
  0.5372178485005299E+00  0.8591357642507945E+00  0.2971495572873254E+03
  0.5290472831690897E+00  0.8632883089929120E+00  0.3117382796807989E+03
  0.5208767185957875E+00  0.8673832221584393E+00  0.3270487705996695E+03
  0.5127061548171545E+00  0.8714202303783312E+00  0.3439944179383040E+03
  0.5045355918720822E+00  0.8753990641491725E+00  0.3624744089285173E+03
  0.4963650298020162E+00  0.8793194578511700E+00  0.3819860310400899E+03
  0.4881944686511717E+00  0.8831811497658847E+00  0.4018905391105659E+03
  0.4800239084667671E+00  0.8869838820937034E+00  0.4213370461303155E+03
  0.4718533492992859E+00  0.8907274009710492E+00  0.4396209968789398E+03
  0.4636827912027636E+00  0.8944114564873288E+00  0.4569775144361445E+03
  0.4555122342351060E+00  0.8980358027016164E+00  0.4739442723220864E+03
  0.4473416784584431E+00  0.9016001976590722E+00  0.4906836323650471E+03
  0.4391711239395221E+00  0.9051044034070944E+00  0.5073852636474460E+03
  0.4310005707501444E+00  0.9085481860112055E+00  0.5247252086224031E+03
  0.4228300189676551E+00  0.9119313155706682E+00  0.5433219477753178E+03
  0.4146594686754885E+00  0.9152535662338340E+00  0.5632397905628990E+03
  0.4064889199637791E+00  0.9185147162132208E+00  0.5841218998437166E+03
  0.3983183729300507E+00  0.9217145478003181E+00  0.6056679386044632E+03
  0.3901478276799883E+00  0.9248528473801222E+00  0.6274285161824472E+03
  0.3819772843283120E+00  0.9279294054453956E+00  0.6489442277247055E+03
  0.3738067429997641E+00  0.9309440166106540E+00  0.6704150514182987E+03
  0.3656362038302282E+00  0.9338964796258775E+00  0.6928182156273981E+03
  0.3574656669680030E+00  0.9367865973899459E+00  0.7166589089687370E+03
  0.3492951325752533E+00  0.9396141769637963E+00  0.7417676408471514E+03
  0.3411246008296713E+00  0.9423790295833044E+00  0.7678650894010395E+03
  0.3329540719263814E+00  0.9450809706718851E+00  0.7946696231057297E+03
  0.3247835460801308E+00  0.9477198198528157E+00  0.8212613928077740E+03
  0.3166130235278230E+00  0.9502954009612771E+00  0.8468777557094850E+03
  0.3084425045314506E+00  0.9528075420561144E+00  0.8717896101982875E+03
  0.3002719893815085E+00  0.9552560754313160E+00  0.8967558482650182E+03
  0.2921014784009779E+00  0.9576408376272095E+00  0.9219508408747985E+03
  0.2839309719500016E+00  0.9599616694413742E+00  0.9478142677533672E+03
  0.2757604704313845E+00  0.9622184159392698E+00  0.9751973012211415E+03
  0.2675899742971076E+00  0.9644109264645802E+00  0.1004437099463483E+04
  0.2594194840560681E+00  0.9665390546492710E+00  0.1034898262642797E+04
  0.2512490002833307E+00  0.9686026584233628E+00  0.1066401398928400E+04
  0.2430785236312446E+00  0.9706016000244151E+00  0.1099399125396859E+04
  0.2349080548428762E+00  0.9725357460067257E+00  0.1133688867988715E+04
  0.2267375947683499E+00  0.9744049672502397E+00  0.1167815431500911E+04
  0.2185671443848464E+00  0.9762091389691724E+00  0.1201276369273010E+04
  0.2103967048212628E+00  0.9779481407203411E+00  0.1234927625900820E+04
  0.2022262773888417E+00  0.9796218564112101E+00  0.1269553543562419E+04
  0.1940558636195398E+00  0.9812301743076443E+00  0.1305543559353360E+04
  0.1858854653144977E+00  0.9827729870413743E+00  0.1344370284175491E+04
  0.1777150846058812E+00  0.9842501916171713E+00  0.1387464652211455E+04
  0.1695447240365762E+00  0.9856616894197333E+00  0.1434683524463967E+04
  0.1613743866640789E+00  0.9870073862202815E+00  0.1484604060885955E+04
  0.1532040761975885E+00  0.9882871921828699E+00  0.1536935153090034E+04
  0.1450337971813853E+00  0.9895010218704087E+00  0.1591411370111688E+04
  0.1368635552438019E+00  0.9906487942504061E+00  0.1646558827737096E+04
  0.1286933574408989E+00  0.9917304327004320E+00  0.1701505940031117E+04
  0.1205232127396896E+00  0.9927458650133153E+00  0.1758130399856765E+04
  0.1123531327118049E+00  0.9936950234020883E+00  0.1817243627418543E+04
  0.1041831325528455E+00  0.9945778445047068E+00  0.1877700694955669E+04
  0.9601323262085862E-01  0.9953942693885953E+00  0.1940550360992623E+04
  0.8784346083082471E-01  0.9961442435551087E+00  0.2010765668749609E+04
  0.7967385651719167E-01  0.9968277169440913E+00  0.2089389301016729E+04
  0.7150447693306423E-01  0.9974446439389107E+00  0.2174317319844740E+04
  0.6333540875299180E-01  0.9979949833727938E+00  0.2269339112945534E+04
  0.5516678972815772E-01  0.9984786985384589E+00  0.2385646135427738E+04
  0.4699885272846815E-01  0.9988957572063257E+00  0.2532145543157675E+04
  0.3883202470742381E-01  0.9992461316671845E+00  0.2725819098144436E+04
  0.3066718105470672E-01  0.9995297988558859E+00  0.3009194808672088E+04
  0.2250643816359393E-01  0.9997467408113523E+00  0.3427497365702592E+04
  0.1435650599352885E-01  0.9998969471378596E+00  0.3946039891817437E+04
  0.6254421014113626E-02  0.9999804411726474E+00  0.4391999850622487E+04
