# nlmax, ncor, nside =         383           1         128
  0.3135338232575680E+01 -0.9999804411726474E+00  0.2011033056882592E+03
  0.3127236147596264E+01 -0.9998969471378596E+00  0.1982633374329964E+03
  0.3119086215426199E+01 -0.9997467408113523E+00  0.1953214379590449E+03
  0.3110925472535087E+01 -0.9995297988558859E+00  0.1942247575518169E+03
  0.3102760628882369E+01 -0.9992461316671845E+00  0.1959282700048386E+03
  0.3094593800861325E+01 -0.9988957572063257E+00  0.2003782434132627E+03
  0.3086425863861635E+01 -0.9984786985384589E+00  0.2064754074243425E+03
  0.3078257244836801E+01 -0.9979949833727938E+00  0.2122573271503052E+03
  0.3070088176656729E+01 -0.9974446439389107E+00  0.2160103221604064E+03
  0.3061918797072602E+01 -0.9968277169440913E+00  0.2174855996842891E+03
  0.3053749192758969E+01 -0.9961442435551087E+00  0.2177112094219720E+03
  0.3045579420968934E+01 -0.9953942693885953E+00  0.2176223089320932E+03
  0.3037409521036948E+01 -0.9945778445047068E+00  0.2171207958008024E+03
  0.3029239520877988E+01 -0.9936950234020883E+00  0.2153700021746184E+03
  0.3021069440850104E+01 -0.9927458650133153E+00  0.2118048407677268E+03
  0.3012899296148894E+01 -0.9917304327004320E+00  0.2069940525057509E+03
  0.3004729098345992E+01 -0.9906487942504061E+00  0.2025561946157036E+03
  0.2996558856408408E+01 -0.9895010218704087E+00  0.1998407643837171E+03
  0.2988388577392205E+01 -0.9882871921828699E+00  0.1984778663955802E+03
  0.2980218266925714E+01 -0.9870073862202815E+00  0.1965356451350723E+03
  0.2972047929553217E+01 -0.9856616894197333E+00  0.1922612901330521E+03
  0.2963877568983912E+01 -0.9842501916171713E+00  0.1853905172646882E+03
  0.2955707188275296E+01 -0.9827729870413743E+00  0.1768016612795215E+03
  0.2947536789970254E+01 -0.9812301743076443E+00  0.1675107277554896E+03
  0.2939366376200951E+01 -0.9796218564112101E+00  0.1582518405623337E+03
  0.2931195948768531E+01 -0.9779481407203411E+00  0.1495034356074724E+03
  0.2923025509204947E+01 -0.9762091389691724E+00  0.1414872210475634E+03
  0.2914855058821443E+01 -0.9744049672502397E+00  0.1343204768409144E+03
  0.2906684598746917E+01 -0.9725357460067257E+00  0.1282908166859139E+03
  0.2898514129958549E+01 -0.9706016000244151E+00  0.1236781779998670E+03
  0.2890343653306462E+01 -0.9686026584233628E+00  0.1202121493496506E+03
  0.2882173169533725E+01 -0.9665390546492710E+00  0.1170987293468884E+03
  0.2874002679292686E+01 -0.9644109264645802E+00  0.1138169002309254E+03
  0.2865832183158409E+01 -0.9622184159392698E+00  0.1106723013566527E+03
  0.2857661681639792E+01 -0.9599616694413742E+00  0.1084337162291068E+03
  0.2849491175188815E+01 -0.9576408376272095E+00  0.1076159271596358E+03
  0.2841320664208285E+01 -0.9552560754313160E+00  0.1081860614487572E+03
  0.2833150149058343E+01 -0.9528075420561144E+00  0.1097440383929009E+03
  0.2824979630061970E+01 -0.9502954009612771E+00  0.1118428851864681E+03
  0.2816809107509663E+01 -0.9477198198528157E+00  0.1142261977385695E+03
  0.2808638581663412E+01 -0.9450809706718851E+00  0.1168636217856926E+03
  0.2800468052760122E+01 -0.9423790295833044E+00  0.1198240732363321E+03
  0.2792297521014540E+01 -0.9396141769637963E+00  0.1232128830408322E+03
  0.2784126986621790E+01 -0.9367865973899459E+00  0.1272184720523122E+03
  0.2775956449759565E+01 -0.9338964796258775E+00  0.1320220879127206E+03
  0.2767785910590029E+01 -0.9309440166106540E+00  0.1375514300396607E+03
  0.2759615369261481E+01 -0.9279294054453956E+00  0.1434246049634127E+03
  0.2751444825909805E+01 -0.9248528473801222E+00  0.1491830443250639E+03
  0.2743274280659743E+01 -0.9217145478003181E+00  0.1544876519472361E+03
  0.2735103733626014E+01 -0.9185147162132208E+00  0.1591438212267069E+03
  0.2726933184914305E+01 -0.9152535662338340E+00  0.1631567320506205E+03
  0.2718762634622138E+01 -0.9119313155706682E+00  0.1667960050618623E+03
  0.2710592082839649E+01 -0.9085481860112055E+00  0.1704266093522337E+03
  0.2702421529650271E+01 -0.9051044034070944E+00  0.1742316233157355E+03
  0.2694250975131350E+01 -0.9016001976590722E+00  0.1781847785490542E+03
  0.2686080419354687E+01 -0.8980358027016164E+00  0.1821948629513121E+03
  0.2677909862387029E+01 -0.8944114564873288E+00  0.1860954322671193E+03
  0.2669739304290507E+01 -0.8907274009710492E+00  0.1895915804861107E+03
  0.2661568745123026E+01 -0.8869838820937034E+00  0.1924518323541054E+03
  0.2653398184938621E+01 -0.8831811497658847E+00  0.1947207377947149E+03
  0.2645227623787777E+01 -0.8793194578511700E+00  0.1965839904619937E+03
  0.2637057061717711E+01 -0.8753990641491725E+00  0.1981357861033531E+03
  0.2628886498772639E+01 -0.8714202303783312E+00  0.1994877210740645E+03
  0.2620715934994006E+01 -0.8673832221584393E+00  0.2009789441401361E+03
  0.2612545370420704E+01 -0.8632883089929120E+00  0.2029601097700563E+03
  0.2604374805089263E+01 -0.8591357642507945E+00  0.2053277250163194E+03
  0.2596204239034032E+01 -0.8549258651485127E+00  0.2074771137618313E+03
  0.2588033672287335E+01 -0.8506588927313666E+00  0.2088034728816715E+03
  0.2579863104879621E+01 -0.8463351318547683E+00  0.2091904244304433E+03
  0.2571692536839600E+01 -0.8419548711652254E+00  0.2090114418250714E+03
  0.2563521968194363E+01 -0.8375184030810715E+00  0.2087102013043713E+03
  0.2555351398969496E+01 -0.8330260237729452E+00  0.2083643392516770E+03
  0.2547180829189184E+01 -0.8284780331440178E+00  0.2076095203162378E+03
  0.2539010258876304E+01 -0.8238747348099726E+00  0.2059692320729487E+03
  0.2530839688052518E+01 -0.8192164360787360E+00  0.2032336283699366E+03
  0.2522669116738345E+01 -0.8145034479299620E+00  0.1995316444747781E+03
  0.2514498544953243E+01 -0.8097360849942720E+00  0.1951629761423375E+03
  0.2506327972715673E+01 -0.8049146655322506E+00  0.1904621271704269E+03
  0.2498157400043163E+01 -0.8000395114131988E+00  0.1857240307933152E+03
  0.2489986826952370E+01 -0.7951109480936471E+00  0.1810910508061663E+03
  0.2481816253459126E+01 -0.7901293045956280E+00  0.1764925725434652E+03
  0.2473645679578500E+01 -0.7850949134847117E+00  0.1717446694484585E+03
  0.2465475105324832E+01 -0.7800081108478040E+00  0.1666743409422999E+03
  0.2457304530711785E+01 -0.7748692362707100E+00  0.1611429615213049E+03
  0.2449133955752385E+01 -0.7696786328154644E+00  0.1550792734173972E+03
  0.2440963380459050E+01 -0.7644366469974285E+00  0.1485777137402715E+03
  0.2432792804843637E+01 -0.7591436287621580E+00  0.1419028074137365E+03
  0.2424622228917462E+01 -0.7537999314620412E+00  0.1353636720781542E+03
  0.2416451652691339E+01 -0.7484059118327094E+00  0.1292299181260137E+03
  0.2408281076175607E+01 -0.7429619299692227E+00  0.1236945472425062E+03
  0.2400110499380152E+01 -0.7374683493020299E+00  0.1187481027804259E+03
  0.2391939922314436E+01 -0.7319255365727068E+00  0.1141107178007229E+03
  0.2383769344987516E+01 -0.7263338618094733E+00  0.1094650955303650E+03
  0.2375598767408072E+01 -0.7206936983024912E+00  0.1047593925085402E+03
  0.2367428189584419E+01 -0.7150054225789432E+00  0.1001543302765782E+03
  0.2359257611524532E+01 -0.7092694143778975E+00  0.9575757229017606E+02
  0.2351087033236062E+01 -0.7034860566249567E+00  0.9160861370276619E+02
  0.2342916454726351E+01 -0.6976557354066943E+00  0.8783425580397089E+02
  0.2334745876002450E+01 -0.6917788399448808E+00  0.8454462440871607E+02
  0.2326575297071134E+01 -0.6858557625704990E+00  0.8158258432319994E+02
  0.2318404717938913E+01 -0.6798868986975534E+00  0.7861085083067253E+02
  0.2310234138612046E+01 -0.6738726467966731E+00  0.7547000197355304E+02
  0.2302063559096557E+01 -0.6678134083685102E+00  0.7229420627807073E+02
  0.2293892979398239E+01 -0.6617095879169366E+00  0.6932026397891768E+02
  0.2285722399522673E+01 -0.6555615929220400E+00  0.6675620169703623E+02
  0.2277551819475234E+01 -0.6493698338129212E+00  0.6476604589909999E+02
  0.2269381239261100E+01 -0.6431347239402948E+00  0.6336482158985547E+02
  0.2261210658885265E+01 -0.6368566795488945E+00  0.6234167245447986E+02
  0.2253040078352542E+01 -0.6305361197496849E+00  0.6144791777285496E+02
  0.2244869497667577E+01 -0.6241734664918837E+00  0.6063069343842781E+02
  0.2236698916834853E+01 -0.6177691445347914E+00  0.5995290807394622E+02
  0.2228528335858699E+01 -0.6113235814194364E+00  0.5936379540916599E+02
  0.2220357754743295E+01 -0.6048372074400329E+00  0.5871927087500694E+02
  0.2212187173492683E+01 -0.5983104556152549E+00  0.5798179778254708E+02
  0.2204016592110768E+01 -0.5917437616593286E+00  0.5723852602096377E+02
  0.2195846010601326E+01 -0.5851375639529456E+00  0.5654133346694871E+02
  0.2187675428968010E+01 -0.5784923035139965E+00  0.5586293878528299E+02
  0.2179504847214357E+01 -0.5718084239681300E+00  0.5520276365173126E+02
  0.2171334265343789E+01 -0.5650863715191369E+00  0.5461004053728212E+02
  0.2163163683359622E+01 -0.5583265949191624E+00  0.5406108772497826E+02
  0.2154993101265066E+01 -0.5515295454387482E+00  0.5337737928490820E+02
  0.2146822519063234E+01 -0.5446956768367068E+00  0.5231882644998402E+02
  0.2138651936757143E+01 -0.5378254453298289E+00  0.5076588261662842E+02
  0.2130481354349721E+01 -0.5309193095624275E+00  0.4879375987622626E+02
  0.2122310771843806E+01 -0.5239777305757194E+00  0.4653975781607642E+02
  0.2114140189242155E+01 -0.5170011717770473E+00  0.4399681810549551E+02
  0.2105969606547443E+01 -0.5099900989089429E+00  0.4098351833873159E+02
  0.2097799023762269E+01 -0.5029449800180356E+00  0.3735374319245582E+02
  0.2089628440889158E+01 -0.4958662854238058E+00  0.3322965765639304E+02
  0.2081457857930564E+01 -0.4887544876871878E+00  0.2902237894764489E+02
  0.2073287274888874E+01 -0.4816100615790221E+00  0.2520761052628914E+02
  0.2065116691766407E+01 -0.4744334840483606E+00  0.2199717750134714E+02
  0.2056946108565423E+01 -0.4672252341906264E+00  0.1914345977485527E+02
  0.2048775525288118E+01 -0.4599857932156304E+00  0.1608867689531023E+02
  0.2040604941936635E+01 -0.4527156444154464E+00  0.1237031438451270E+02
  0.2032434358513056E+01 -0.4454152731321473E+00  0.7873705814681798E+01
  0.2024263775019413E+01 -0.4380851667254050E+00  0.2720798808910710E+01
  0.2016093191457685E+01 -0.4307258145399545E+00 -0.2902015334031102E+01
  0.2007922607829804E+01 -0.4233377078729265E+00 -0.8682329514671006E+01
  0.1999752024137653E+01 -0.4159213399410494E+00 -0.1411277342587264E+02
  0.1991581440383068E+01 -0.4084772058477228E+00 -0.1872749380414840E+02
  0.1983410856567843E+01 -0.4010058025499653E+00 -0.2243741667352302E+02
  0.1975240272693730E+01 -0.3935076288252386E+00 -0.2556737097828872E+02
  0.1967069688762441E+01 -0.3859831852381501E+00 -0.2862953698189396E+02
  0.1958899104775647E+01 -0.3784329741070359E+00 -0.3211187384259183E+02
  0.1950728520734982E+01 -0.3708574994704271E+00 -0.3631888106821899E+02
  0.1942557936642046E+01 -0.3632572670534011E+00 -0.4121898221067335E+02
  0.1934387352498403E+01 -0.3556327842338202E+00 -0.4646090303245260E+02
  0.1926216768305583E+01 -0.3479845600084601E+00 -0.5162619180416019E+02
  0.1918046184065086E+01 -0.3403131049590297E+00 -0.5643674716870969E+02
  0.1909875599778379E+01 -0.3326189312180866E+00 -0.6071409581268716E+02
  0.1901705015446901E+01 -0.3249025524348469E+00 -0.6429310365587970E+02
  0.1893534431072063E+01 -0.3171644837408958E+00 -0.6710820427044629E+02
  0.1885363846655247E+01 -0.3094052417157978E+00 -0.6933484486740994E+02
  0.1877193262197810E+01 -0.3016253443526109E+00 -0.7139652324261537E+02
  0.1869022677701083E+01 -0.2938253110233064E+00 -0.7382584528224005E+02
  0.1860852093166375E+01 -0.2860056624440968E+00 -0.7702363051837155E+02
  0.1852681508594969E+01 -0.2781669206406729E+00 -0.8101018854462653E+02
  0.1844510923988128E+01 -0.2703096089133553E+00 -0.8541517821508120E+02
  0.1836340339347093E+01 -0.2624342518021592E+00 -0.8980328332975772E+02
  0.1828169754673083E+01 -0.2545413750517773E+00 -0.9399299020890969E+02
  0.1819999169967299E+01 -0.2466315055764818E+00 -0.9801827216440897E+02
  0.1811828585230925E+01 -0.2387051714249486E+00 -0.1018954965149684E+03
  0.1803658000465123E+01 -0.2307629017450062E+00 -0.1055392620015253E+03
  0.1795487415671042E+01 -0.2228052267483099E+00 -0.1088209212693438E+03
  0.1787316830849811E+01 -0.2148326776749467E+00 -0.1116306124963230E+03
  0.1779146246002545E+01 -0.2068457867579697E+00 -0.1139944606863966E+03
  0.1770975661130345E+01 -0.1988450871878683E+00 -0.1161778819242532E+03
  0.1762805076234296E+01 -0.1908311130769725E+00 -0.1184841032103876E+03
  0.1754634491315471E+01 -0.1828043994237966E+00 -0.1208580352587501E+03
  0.1746463906374929E+01 -0.1747654820773241E+00 -0.1228923445382866E+03
  0.1738293321413718E+01 -0.1667148977012352E+00 -0.1243504477106879E+03
  0.1730122736432872E+01 -0.1586531837380799E+00 -0.1255037571568475E+03
  0.1721952151433418E+01 -0.1505808783733995E+00 -0.1268421222077191E+03
  0.1713781566416370E+01 -0.1424985204997981E+00 -0.1286345697855147E+03
  0.1705610981382731E+01 -0.1344066496809675E+00 -0.1308650317249132E+03
  0.1697440396333499E+01 -0.1263058061156663E+00 -0.1333694767572253E+03
  0.1689269811269659E+01 -0.1181965306016578E+00 -0.1358668047402900E+03
  0.1681099226192191E+01 -0.1100793644996070E+00 -0.1379961610986408E+03
  0.1672928641102067E+01 -0.1019548496969404E+00 -0.1394721710164477E+03
  0.1664758056000250E+01 -0.9382352857167028E-01 -0.1401787532514970E+03
  0.1656587470887701E+01 -0.8568594395618719E-01 -0.1401599936278294E+03
  0.1648416885765370E+01 -0.7754263910102077E-01 -0.1396892993617771E+03
  0.1640246300634206E+01 -0.6939415763857371E-01 -0.1393333965086856E+03
  0.1632075715495151E+01 -0.6124104354682962E-01 -0.1397400211510599E+03
  0.1623905130349143E+01 -0.5308384111303818E-01 -0.1412774877060926E+03
  0.1615734545197117E+01 -0.4492309489737940E-01 -0.1439133899084953E+03
  0.1607563960040004E+01 -0.3675934969660982E-01 -0.1473280917408842E+03
  0.1599393374878733E+01 -0.2859315050769285E-01 -0.1509969943642784E+03
  0.1591222789714229E+01 -0.2042504249141571E-01 -0.1542980996912138E+03
  0.1583052204547419E+01 -0.1225557093599554E-01 -0.1568193454281974E+03
  0.1574881619379224E+01 -0.4085281220676868E-02 -0.1586149042878318E+03
  0.1566711034210569E+01  0.4085281220676868E-02 -0.1600512491604989E+03
  0.1558540449042374E+01  0.1225557093599554E-01 -0.1614013280877387E+03
  0.1550369863875564E+01  0.2042504249141571E-01 -0.1626389204281554E+03
  0.1542199278711061E+01  0.2859315050769285E-01 -0.1635860941437771E+03
  0.1534028693549790E+01  0.3675934969660982E-01 -0.1642521260725747E+03
  0.1525858108392677E+01  0.4492309489737940E-01 -0.1650946740066890E+03
  0.1517687523240650E+01  0.5308384111303818E-01 -0.1668628517129396E+03
  0.1509516938094642E+01  0.6124104354682962E-01 -0.1699648914949394E+03
  0.1501346352955587E+01  0.6939415763857371E-01 -0.1739810757954190E+03
  0.1493175767824423E+01  0.7754263910102077E-01 -0.1779776243127836E+03
  0.1485005182702093E+01  0.8568594395618719E-01 -0.1812715834820630E+03
  0.1476834597589543E+01  0.9382352857167028E-01 -0.1837034500268551E+03
  0.1468664012487727E+01  0.1019548496969404E+00 -0.1852881055200100E+03
  0.1460493427397602E+01  0.1100793644996070E+00 -0.1859865221193052E+03
  0.1452322842320134E+01  0.1181965306016578E+00 -0.1859068847942866E+03
  0.1444152257256294E+01  0.1263058061156663E+00 -0.1854495017881321E+03
  0.1435981672207062E+01  0.1344066496809675E+00 -0.1850913392221221E+03
  0.1427811087173423E+01  0.1424985204997981E+00 -0.1850929252985964E+03
  0.1419640502156375E+01  0.1505808783733995E+00 -0.1853924199402043E+03
  0.1411469917156921E+01  0.1586531837380799E+00 -0.1856819184187096E+03
  0.1403299332176076E+01  0.1667148977012352E+00 -0.1856577559911259E+03
  0.1395128747214864E+01  0.1747654820773241E+00 -0.1853163530871044E+03
  0.1386958162274323E+01  0.1828043994237966E+00 -0.1849277139171565E+03
  0.1378787577355497E+01  0.1908311130769725E+00 -0.1846388857370629E+03
  0.1370616992459449E+01  0.1988450871878683E+00 -0.1842433573211842E+03
  0.1362446407587248E+01  0.2068457867579697E+00 -0.1834301800147959E+03
  0.1354275822739983E+01  0.2148326776749467E+00 -0.1820952655314072E+03
  0.1346105237918751E+01  0.2228052267483099E+00 -0.1803233407734484E+03
  0.1337934653124670E+01  0.2307629017450062E+00 -0.1782647478982953E+03
  0.1329764068358868E+01  0.2387051714249486E+00 -0.1761452274693582E+03
  0.1321593483622494E+01  0.2466315055764818E+00 -0.1742215504636985E+03
  0.1313422898916710E+01  0.2545413750517773E+00 -0.1726148254152358E+03
  0.1305252314242701E+01  0.2624342518021592E+00 -0.1712844791249447E+03
  0.1297081729601665E+01  0.2703096089133553E+00 -0.1701296646201404E+03
  0.1288911144994824E+01  0.2781669206406729E+00 -0.1689202909773695E+03
  0.1280740560423418E+01  0.2860056624440968E+00 -0.1671999052273897E+03
  0.1272569975888710E+01  0.2938253110233064E+00 -0.1645766827273516E+03
  0.1264399391391984E+01  0.3016253443526109E+00 -0.1611642795852096E+03
  0.1256228806934547E+01  0.3094052417157978E+00 -0.1575014211600136E+03
  0.1248058222517730E+01  0.3171644837408958E+00 -0.1540029255014760E+03
  0.1239887638142892E+01  0.3249025524348469E+00 -0.1506773618429961E+03
  0.1231717053811414E+01  0.3326189312180866E+00 -0.1473570964454199E+03
  0.1223546469524707E+01  0.3403131049590297E+00 -0.1439852012587776E+03
  0.1215375885284210E+01  0.3479845600084601E+00 -0.1406652406935858E+03
  0.1207205301091390E+01  0.3556327842338202E+00 -0.1375883781564268E+03
  0.1199034716947747E+01  0.3632572670534011E+00 -0.1349092849268623E+03
  0.1190864132854811E+01  0.3708574994704271E+00 -0.1326019629740682E+03
  0.1182693548814147E+01  0.3784329741070359E+00 -0.1304762659095539E+03
  0.1174522964827352E+01  0.3859831852381501E+00 -0.1283539821929892E+03
  0.1166352380896063E+01  0.3935076288252386E+00 -0.1261162295774598E+03
  0.1158181797021950E+01  0.4010058025499653E+00 -0.1236238486189603E+03
  0.1150011213206726E+01  0.4084772058477228E+00 -0.1208469748641510E+03
  0.1141840629452141E+01  0.4159213399410494E+00 -0.1181014153173416E+03
  0.1133670045759989E+01  0.4233377078729265E+00 -0.1158753470449527E+03
  0.1125499462132108E+01  0.4307258145399545E+00 -0.1143265297099464E+03
  0.1117328878570381E+01  0.4380851667254050E+00 -0.1131447746020964E+03
  0.1109158295076737E+01  0.4454152731321473E+00 -0.1119239622998985E+03
  0.1100987711653159E+01  0.4527156444154464E+00 -0.1104608860982750E+03
  0.1092817128301675E+01  0.4599857932156304E+00 -0.1087376609665673E+03
  0.1084646545024371E+01  0.4672252341906264E+00 -0.1068808922367302E+03
  0.1076475961823386E+01  0.4744334840483606E+00 -0.1051110398988195E+03
  0.1068305378700920E+01  0.4816100615790221E+00 -0.1034813199443404E+03
  0.1060134795659229E+01  0.4887544876871878E+00 -0.1017078514570564E+03
  0.1051964212700635E+01  0.4958662854238058E+00 -0.9945899799491798E+02
  0.1043793629827524E+01  0.5029449800180356E+00 -0.9669271973440866E+02
  0.1035623047042350E+01  0.5099900989089429E+00 -0.9350357418601438E+02
  0.1027452464347638E+01  0.5170011717770473E+00 -0.8983456840281447E+02
  0.1019281881745987E+01  0.5239777305757194E+00 -0.8560193008863425E+02
  0.1011111299240073E+01  0.5309193095624275E+00 -0.8090757232204248E+02
  0.1002940716832650E+01  0.5378254453298289E+00 -0.7587272406327430E+02
  0.9947701345265596E+00  0.5446956768367068E+00 -0.7050323776086688E+02
  0.9865995523247275E+00  0.5515295454387482E+00 -0.6501777945966384E+02
  0.9784289702301714E+00  0.5583265949191624E+00 -0.6006886500027723E+02
  0.9702583882460036E+00  0.5650863715191369E+00 -0.5627614280560798E+02
  0.9620878063754359E+00  0.5718084239681300E+00 -0.5365388772729512E+02
  0.9539172246217830E+00  0.5784923035139965E+00 -0.5174392076852036E+02
  0.9457466429884676E+00  0.5851375639529456E+00 -0.5017858583078667E+02
  0.9375760614790253E+00  0.5917437616593286E+00 -0.4890726164085383E+02
  0.9294054800971098E+00  0.5983104556152549E+00 -0.4801154038030150E+02
  0.9212348988464978E+00  0.6048372074400329E+00 -0.4751641151097589E+02
  0.9130643177310944E+00  0.6113235814194364E+00 -0.4736469567247900E+02
  0.9048937367549402E+00  0.6177691445347914E+00 -0.4751143507549366E+02
  0.8967231559222163E+00  0.6241734664918837E+00 -0.4803957965537447E+02
  0.8885525752372514E+00  0.6305361197496849E+00 -0.4905862330716673E+02
  0.8803819947045285E+00  0.6368566795488945E+00 -0.5037856572439750E+02
  0.8722114143286931E+00  0.6431347239402948E+00 -0.5147208832845587E+02
  0.8640408341145595E+00  0.6493698338129212E+00 -0.5196466225317317E+02
  0.8558702540671204E+00  0.6555615929220400E+00 -0.5199068930789117E+02
  0.8476996741915547E+00  0.6617095879169366E+00 -0.5187663122282923E+02
  0.8395290944932369E+00  0.6678134083685102E+00 -0.5171537374444263E+02
  0.8313585149777468E+00  0.6738726467966731E+00 -0.5149017292647111E+02
  0.8231879356508802E+00  0.6798868986975534E+00 -0.5133043994693676E+02
  0.8150173565186587E+00  0.6858557625704990E+00 -0.5130474350379359E+02
  0.8068467775873427E+00  0.6917788399448808E+00 -0.5114322966948379E+02
  0.7986761988634423E+00  0.6976557354066943E+00 -0.5045111846601674E+02
  0.7905056203537315E+00  0.7034860566249567E+00 -0.4906911543726843E+02
  0.7823350420652612E+00  0.7092694143778975E+00 -0.4707315127022966E+02
  0.7741644640053743E+00  0.7150054225789432E+00 -0.4463293597353957E+02
  0.7659938861817212E+00  0.7206936983024912E+00 -0.4200495278993677E+02
  0.7578233086022768E+00  0.7263338618094733E+00 -0.3941405370175521E+02
  0.7496527312753575E+00  0.7319255365727068E+00 -0.3679611538840517E+02
  0.7414821542096410E+00  0.7374683493020299E+00 -0.3385543012880670E+02
  0.7333115774141861E+00  0.7429619299692227E+00 -0.3044039524852164E+02
  0.7251410008984539E+00  0.7484059118327094E+00 -0.2666768665054218E+02
  0.7169704246723316E+00  0.7537999314620412E+00 -0.2269458118422463E+02
  0.7087998487461566E+00  0.7591436287621580E+00 -0.1857926914385595E+02
  0.7006292731307425E+00  0.7644366469974285E+00 -0.1427556717927690E+02
  0.6924586978374083E+00  0.7696786328154644E+00 -0.9530027169124176E+01
  0.6842881228780077E+00  0.7748692362707100E+00 -0.3929770132692345E+01
  0.6761175482649616E+00  0.7800081108478040E+00  0.2685151224085874E+01
  0.6679469740112938E+00  0.7850949134847117E+00  0.1000633192232299E+02
  0.6597764001306670E+00  0.7901293045956280E+00  0.1765894644622156E+02
  0.6516058266374236E+00  0.7951109480936471E+00  0.2559095229813435E+02
  0.6434352535466297E+00  0.8000395114131988E+00  0.3387702935573076E+02
  0.6352646808741202E+00  0.8049146655322506E+00  0.4244960369139805E+02
  0.6270941086365502E+00  0.8097360849942720E+00  0.5124858477665742E+02
  0.6189235368514482E+00  0.8145034479299620E+00  0.6032163597143684E+02
  0.6107529655372755E+00  0.8192164360787360E+00  0.6956499589802648E+02
  0.6025823947134890E+00  0.8238747348099726E+00  0.7865060868992978E+02
  0.5944118244006098E+00  0.8284780331440178E+00  0.8733730798642200E+02
  0.5862412546202973E+00  0.8330260237729452E+00  0.9558661710919515E+02
  0.5780706853954301E+00  0.8375184030810715E+00  0.1034285631427824E+03
  0.5699001167501928E+00  0.8419548711652254E+00  0.1111235257303799E+03
  0.5617295487101719E+00  0.8463351318547683E+00  0.1193384504830066E+03
  0.5535589813024583E+00  0.8506588927313666E+00  0.1286097497467254E+03
  0.5453884145557613E+00  0.8549258651485127E+00  0.1386803066784837E+03
  0.5372178485005299E+00  0.8591357642507945E+00  0.1488722486362646E+03
  0.5290472831690897E+00  0.8632883089929120E+00  0.1590038459402878E+03
  0.5208767185957875E+00  0.8673832221584393E+00  0.1694527873147064E+03
  0.5127061548171545E+00  0.8714202303783312E+00  0.1805307589530718E+03
  0.5045355918720822E+00  0.8753990641491725E+00  0.1923090864928770E+03
  0.4963650298020162E+00  0.8793194578511700E+00  0.2047670531591059E+03
  0.4881944686511717E+00  0.8831811497658847E+00  0.2175551853757228E+03
  0.4800239084667671E+00  0.8869838820937034E+00  0.2299293869298738E+03
  0.4718533492992859E+00  0.8907274009710492E+00  0.2414639621305911E+03
  0.4636827912027636E+00  0.8944114564873288E+00  0.2525157266966638E+03
  0.4555122342351060E+00  0.8980358027016164E+00  0.2635622237138611E+03
  0.4473416784584431E+00  0.9016001976590722E+00  0.2745269957595448E+03
  0.4391711239395221E+00  0.9051044034070944E+00  0.2851376945109875E+03
  0.4310005707501444E+00  0.9085481860112055E+00  0.2953919805644599E+03
  0.4228300189676551E+00  0.9119313155706682E+00  0.3052969516249229E+03
  0.4146594686754885E+00  0.9152535662338340E+00  0.3147798121563774E+03
  0.4064889199637791E+00  0.9185147162132208E+00  0.3242350457157295E+03
  0.3983183729300507E+00  0.9217145478003181E+00  0.3345547036998318E+03
  0.3901478276799883E+00  0.9248528473801222E+00  0.3463248788838479E+03
  0.3819772843283120E+00  0.9279294054453956E+00  0.3595367474690012E+03
  0.3738067429997641E+00  0.9309440166106540E+00  0.3740829040706507E+03
  0.3656362038302282E+00  0.9338964796258775E+00  0.3897357831382473E+03
  0.3574656669680030E+00  0.9367865973899459E+00  0.4056420262264475E+03
  0.3492951325752533E+00  0.9396141769637963E+00  0.4207760394784553E+03
  0.3411246008296713E+00  0.9423790295833044E+00  0.4350466931375200E+03
  0.3329540719263814E+00  0.9450809706718851E+00  0.4492831136605648E+03
  0.3247835460801308E+00  0.9477198198528157E+00  0.4642159553324974E+03
  0.3166130235278230E+00  0.9502954009612771E+00  0.4800881425567317E+03
  0.3084425045314506E+00  0.9528075420561144E+00  0.4969144770475762E+03
  0.3002719893815085E+00  0.9552560754313160E+00  0.5144048856601047E+03
  0.2921014784009779E+00  0.9576408376272095E+00  0.5320148617437567E+03
  0.2839309719500016E+00  0.9599616694413742E+00  0.5496732082363015E+03
  0.2757604704313845E+00  0.9622184159392698E+00  0.5679624592423294E+03
  0.2675899742971076E+00  0.9644109264645802E+00  0.5872163628568879E+03
  0.2594194840560681E+00  0.9665390546492710E+00  0.6072327499177214E+03
  0.2512490002833307E+00  0.9686026584233628E+00  0.6280960985393200E+03
  0.2430785236312446E+00  0.9706016000244151E+00  0.6501435217290971E+03
  0.2349080548428762E+00  0.9725357460067257E+00  0.6729489202755677E+03
  0.2267375947683499E+00  0.9744049672502397E+00  0.6957463425790387E+03
  0.2185671443848464E+00  0.9762091389691724E+00  0.7189928985208894E+03
  0.2103967048212628E+00  0.9779481407203411E+00  0.7439584571823654E+03
  0.2022262773888417E+00  0.9796218564112101E+00  0.7708092333035131E+03
  0.1940558636195398E+00  0.9812301743076443E+00  0.7987920669726784E+03
  0.1858854653144977E+00  0.9827729870413743E+00  0.8279695633036487E+03
  0.1777150846058812E+00  0.9842501916171713E+00  0.8588416359322100E+03
  0.1695447240365762E+00  0.9856616894197333E+00  0.8909571235643697E+03
  0.1613743866640789E+00  0.9870073862202815E+00  0.9241535034973566E+03
  0.1532040761975885E+00  0.9882871921828699E+00  0.9601736223792055E+03
  0.1450337971813853E+00  0.9895010218704087E+00  0.1000548552152223E+04
  0.1368635552438019E+00  0.9906487942504061E+00  0.1044200472928520E+04
  0.1286933574408989E+00  0.9917304327004320E+00  0.1089699502869051E+04
  0.1205232127396896E+00  0.9927458650133153E+00  0.1137957098334642E+04
  0.1123531327118049E+00  0.9936950234020883E+00  0.1190040276861826E+04
  0.1041831325528455E+00  0.9945778445047068E+00  0.1245200270206076E+04
  0.9601323262085862E-01  0.9953942693885953E+00  0.1304041657119128E+04
  0.8784346083082471E-01  0.9961442435551087E+00  0.1369947492091224E+04
  0.7967385651719167E-01  0.9968277169440913E+00  0.1444527463893932E+04
  0.7150447693306423E-01  0.9974446439389107E+00  0.1526984689030006E+04
  0.6333540875299180E-01  0.9979949833727938E+00  0.1620855596602522E+04
  0.5516678972815772E-01  0.9984786985384589E+00  0.1734498853419012E+04
  0.4699885272846815E-01  0.9988957572063257E+00  0.1875361541708540E+04
  0.3883202470742381E-01  0.9992461316671845E+00  0.2060502563400426E+04
  0.3066718105470672E-01  0.9995297988558859E+00  0.2334646945242011E+04
  0.2250643816359393E-01  0.9997467408113523E+00  0.2739606804755279E+04
  0.1435650599352885E-01  0.9998969471378596E+00  0.3226699683637802E+04
  0.6254421014113626E-02  0.9999804411726474E+00  0.3617518149294368E+04
