# nlmax, ncor, nside =         383           1         128
  0.3135338232575680E+01 -0.9999804411726474E+00  0.1804399191950202E+03
  0.3127236147596264E+01 -0.9998969471378596E+00  0.1873716854681938E+03
  0.3119086215426199E+01 -0.9997467408113523E+00  0.1972598093601714E+03
  0.3110925472535087E+01 -0.9995297988558859E+00  0.2070940447779915E+03
  0.3102760628882369E+01 -0.9992461316671845E+00  0.2147378707086437E+03
  0.3094593800861325E+01 -0.9988957572063257E+00  0.2193373028354793E+03
  0.3086425863861635E+01 -0.9984786985384589E+00  0.2210557004387044E+03
  0.3078257244836801E+01 -0.9979949833727938E+00  0.2208094774908669E+03
  0.3070088176656729E+01 -0.9974446439389107E+00  0.2197812267167337E+03
  0.3061918797072602E+01 -0.9968277169440913E+00  0.2188370692020556E+03
  0.3053749192758969E+01 -0.9961442435551087E+00  0.2178168869415792E+03
  0.3045579420968934E+01 -0.9953942693885953E+00  0.2159017052675406E+03
  0.3037409521036948E+01 -0.9945778445047068E+00  0.2128708081920194E+03
  0.3029239520877988E+01 -0.9936950234020883E+00  0.2096530411835816E+03
  0.3021069440850104E+01 -0.9927458650133153E+00  0.2071478521059585E+03
  0.3012899296148894E+01 -0.9917304327004320E+00  0.2052322759580631E+03
  0.3004729098345992E+01 -0.9906487942504061E+00  0.2032724302091530E+03
  0.2996558856408408E+01 -0.9895010218704087E+00  0.2008745182343777E+03
  0.2988388577392205E+01 -0.9882871921828699E+00  0.1975462794082209E+03
  0.2980218266925714E+01 -0.9870073862202815E+00  0.1927330017789059E+03
  0.2972047929553217E+01 -0.9856616894197333E+00  0.1863779315662573E+03
  0.2963877568983912E+01 -0.9842501916171713E+00  0.1794339110446057E+03
  0.2955707188275296E+01 -0.9827729870413743E+00  0.1731586846151338E+03
  0.2947536789970254E+01 -0.9812301743076443E+00  0.1681663581529193E+03
  0.2939366376200951E+01 -0.9796218564112101E+00  0.1642594241629367E+03
  0.2931195948768531E+01 -0.9779481407203411E+00  0.1608708968629637E+03
  0.2923025509204947E+01 -0.9762091389691724E+00  0.1574336401178673E+03
  0.2914855058821443E+01 -0.9744049672502397E+00  0.1536149444415551E+03
  0.2906684598746917E+01 -0.9725357460067257E+00  0.1494180465521673E+03
  0.2898514129958549E+01 -0.9706016000244151E+00  0.1450919461192039E+03
  0.2890343653306462E+01 -0.9686026584233628E+00  0.1408240327565317E+03
  0.2882173169533725E+01 -0.9665390546492710E+00  0.1365251534050218E+03
  0.2874002679292686E+01 -0.9644109264645802E+00  0.1320118522767325E+03
  0.2865832183158409E+01 -0.9622184159392698E+00  0.1273730598378477E+03
  0.2857661681639792E+01 -0.9599616694413742E+00  0.1229794830828539E+03
  0.2849491175188815E+01 -0.9576408376272095E+00  0.1194026423988077E+03
  0.2841320664208285E+01 -0.9552560754313160E+00  0.1171198573340807E+03
  0.2833150149058343E+01 -0.9528075420561144E+00  0.1161863117293186E+03
  0.2824979630061970E+01 -0.9502954009612771E+00  0.1163078430066671E+03
  0.2816809107509663E+01 -0.9477198198528157E+00  0.1172252138596565E+03
  0.2808638581663412E+01 -0.9450809706718851E+00  0.1188300645008293E+03
  0.2800468052760122E+01 -0.9423790295833044E+00  0.1209620790147265E+03
  0.2792297521014540E+01 -0.9396141769637963E+00  0.1232378525107628E+03
  0.2784126986621790E+01 -0.9367865973899459E+00  0.1252394209216374E+03
  0.2775956449759565E+01 -0.9338964796258775E+00  0.1266906959946244E+03
  0.2767785910590029E+01 -0.9309440166106540E+00  0.1274003858651688E+03
  0.2759615369261481E+01 -0.9279294054453956E+00  0.1272942027482600E+03
  0.2751444825909805E+01 -0.9248528473801222E+00  0.1265721270498895E+03
  0.2743274280659743E+01 -0.9217145478003181E+00  0.1256401060597282E+03
  0.2735103733626014E+01 -0.9185147162132208E+00  0.1247022822139717E+03
  0.2726933184914305E+01 -0.9152535662338340E+00  0.1236759911228623E+03
  0.2718762634622138E+01 -0.9119313155706682E+00  0.1224900005585890E+03
  0.2710592082839649E+01 -0.9085481860112055E+00  0.1211289482233424E+03
  0.2702421529650271E+01 -0.9051044034070944E+00  0.1193950790179660E+03
  0.2694250975131350E+01 -0.9016001976590722E+00  0.1170607841846821E+03
  0.2686080419354687E+01 -0.8980358027016164E+00  0.1142488597996021E+03
  0.2677909862387029E+01 -0.8944114564873288E+00  0.1114425095036403E+03
  0.2669739304290507E+01 -0.8907274009710492E+00  0.1089694074882159E+03
  0.2661568745123026E+01 -0.8869838820937034E+00  0.1066058586273395E+03
  0.2653398184938621E+01 -0.8831811497658847E+00  0.1038628423317101E+03
  0.2645227623787777E+01 -0.8793194578511700E+00  0.1004996168366109E+03
  0.2637057061717711E+01 -0.8753990641491725E+00  0.9667120518446724E+02
  0.2628886498772639E+01 -0.8714202303783312E+00  0.9262620160799648E+02
  0.2620715934994006E+01 -0.8673832221584393E+00  0.8833087990293167E+02
  0.2612545370420704E+01 -0.8632883089929120E+00  0.8340598169639919E+02
  0.2604374805089263E+01 -0.8591357642507945E+00  0.7760151661433106E+02
  0.2596204239034032E+01 -0.8549258651485127E+00  0.7141472468936234E+02
  0.2588033672287335E+01 -0.8506588927313666E+00  0.6593031977407654E+02
  0.2579863104879621E+01 -0.8463351318547683E+00  0.6198641557478238E+02
  0.2571692536839600E+01 -0.8419548711652254E+00  0.5950686905363528E+02
  0.2563521968194363E+01 -0.8375184030810715E+00  0.5769786855169588E+02
  0.2555351398969496E+01 -0.8330260237729452E+00  0.5580021167960683E+02
  0.2547180829189184E+01 -0.8284780331440178E+00  0.5356167871383877E+02
  0.2539010258876304E+01 -0.8238747348099726E+00  0.5121878341745714E+02
  0.2530839688052518E+01 -0.8192164360787360E+00  0.4921083184783151E+02
  0.2522669116738345E+01 -0.8145034479299620E+00  0.4780386046017426E+02
  0.2514498544953243E+01 -0.8097360849942720E+00  0.4684918538280998E+02
  0.2506327972715673E+01 -0.8049146655322506E+00  0.4587848475048892E+02
  0.2498157400043163E+01 -0.8000395114131988E+00  0.4443254002262280E+02
  0.2489986826952370E+01 -0.7951109480936471E+00  0.4235133223383728E+02
  0.2481816253459126E+01 -0.7901293045956280E+00  0.3983115629776042E+02
  0.2473645679578500E+01 -0.7850949134847117E+00  0.3734140839877365E+02
  0.2465475105324832E+01 -0.7800081108478040E+00  0.3534303577426855E+02
  0.2457304530711785E+01 -0.7748692362707100E+00  0.3400542059387733E+02
  0.2449133955752385E+01 -0.7696786328154644E+00  0.3306163010429722E+02
  0.2440963380459050E+01 -0.7644366469974285E+00  0.3197798881924245E+02
  0.2432792804843637E+01 -0.7591436287621580E+00  0.3027489279854296E+02
  0.2424622228917462E+01 -0.7537999314620412E+00  0.2775807963345601E+02
  0.2416451652691339E+01 -0.7484059118327094E+00  0.2453439806291450E+02
  0.2408281076175607E+01 -0.7429619299692227E+00  0.2088367362387985E+02
  0.2400110499380152E+01 -0.7374683493020299E+00  0.1702427141272369E+02
  0.2391939922314436E+01 -0.7319255365727068E+00  0.1306380177644415E+02
  0.2383769344987516E+01 -0.7263338618094733E+00  0.9190734667395381E+01
  0.2375598767408072E+01 -0.7206936983024912E+00  0.5807611638983245E+01
  0.2367428189584419E+01 -0.7150054225789432E+00  0.3298963647379578E+01
  0.2359257611524532E+01 -0.7092694143778975E+00  0.1725983792675603E+01
  0.2351087033236062E+01 -0.7034860566249567E+00  0.8200561689790438E+00
  0.2342916454726351E+01 -0.6976557354066943E+00  0.2001174854366213E+00
  0.2334745876002450E+01 -0.6917788399448808E+00 -0.5451866871441018E+00
  0.2326575297071134E+01 -0.6858557625704990E+00 -0.1739068488952725E+01
  0.2318404717938913E+01 -0.6798868986975534E+00 -0.3391218662557578E+01
  0.2310234138612046E+01 -0.6738726467966731E+00 -0.5147033855543731E+01
  0.2302063559096557E+01 -0.6678134083685102E+00 -0.6680933984007809E+01
  0.2293892979398239E+01 -0.6617095879169366E+00 -0.8061409899909252E+01
  0.2285722399522673E+01 -0.6555615929220400E+00 -0.9657914204195768E+01
  0.2277551819475234E+01 -0.6493698338129212E+00 -0.1179013347333217E+02
  0.2269381239261100E+01 -0.6431347239402948E+00 -0.1462328049469342E+02
  0.2261210658885265E+01 -0.6368566795488945E+00 -0.1814399239573828E+02
  0.2253040078352542E+01 -0.6305361197496849E+00 -0.2202840596937073E+02
  0.2244869497667577E+01 -0.6241734664918837E+00 -0.2563439474824811E+02
  0.2236698916834853E+01 -0.6177691445347914E+00 -0.2836412339307731E+02
  0.2228528335858699E+01 -0.6113235814194364E+00 -0.3008547301648492E+02
  0.2220357754743295E+01 -0.6048372074400329E+00 -0.3111965379739301E+02
  0.2212187173492683E+01 -0.5983104556152549E+00 -0.3191837353321976E+02
  0.2204016592110768E+01 -0.5917437616593286E+00 -0.3287632076415452E+02
  0.2195846010601326E+01 -0.5851375639529456E+00 -0.3423309274492452E+02
  0.2187675428968010E+01 -0.5784923035139965E+00 -0.3603944169761554E+02
  0.2179504847214357E+01 -0.5718084239681300E+00 -0.3811591789997942E+02
  0.2171334265343789E+01 -0.5650863715191369E+00 -0.4007973886342436E+02
  0.2163163683359622E+01 -0.5583265949191624E+00 -0.4139786381225797E+02
  0.2154993101265066E+01 -0.5515295454387482E+00 -0.4154285073980827E+02
  0.2146822519063234E+01 -0.5446956768367068E+00 -0.4031988657083656E+02
  0.2138651936757143E+01 -0.5378254453298289E+00 -0.3803648774349143E+02
  0.2130481354349721E+01 -0.5309193095624275E+00 -0.3523189374331357E+02
  0.2122310771843806E+01 -0.5239777305757194E+00 -0.3226853625825148E+02
  0.2114140189242155E+01 -0.5170011717770473E+00 -0.2921661394698321E+02
  0.2105969606547443E+01 -0.5099900989089429E+00 -0.2610397565030511E+02
  0.2097799023762269E+01 -0.5029449800180356E+00 -0.2302851256479149E+02
  0.2089628440889158E+01 -0.4958662854238058E+00 -0.2003837485899455E+02
  0.2081457857930564E+01 -0.4887544876871878E+00 -0.1701977857424315E+02
  0.2073287274888874E+01 -0.4816100615790221E+00 -0.1378010585975783E+02
  0.2065116691766407E+01 -0.4744334840483606E+00 -0.1021331415099996E+02
  0.2056946108565423E+01 -0.4672252341906264E+00 -0.6495473189094234E+01
  0.2048775525288118E+01 -0.4599857932156304E+00 -0.3073653726250662E+01
  0.2040604941936635E+01 -0.4527156444154464E+00 -0.4118305087074149E+00
  0.2032434358513056E+01 -0.4454152731321473E+00  0.1368112737727462E+01
  0.2024263775019413E+01 -0.4380851667254050E+00  0.2566716020758688E+01
  0.2016093191457685E+01 -0.4307258145399545E+00  0.3647948016678902E+01
  0.2007922607829804E+01 -0.4233377078729265E+00  0.4927579860469354E+01
  0.1999752024137653E+01 -0.4159213399410494E+00  0.6548804117068177E+01
  0.1991581440383068E+01 -0.4084772058477228E+00  0.8588454788365626E+01
  0.1983410856567843E+01 -0.4010058025499653E+00  0.1118054100559592E+02
  0.1975240272693730E+01 -0.3935076288252386E+00  0.1452124662350792E+02
  0.1967069688762441E+01 -0.3859831852381501E+00  0.1875643038318686E+02
  0.1958899104775647E+01 -0.3784329741070359E+00  0.2379491369916239E+02
  0.1950728520734982E+01 -0.3708574994704271E+00  0.2937987673266981E+02
  0.1942557936642046E+01 -0.3632572670534011E+00  0.3524046286392743E+02
  0.1934387352498403E+01 -0.3556327842338202E+00  0.4114602556409763E+02
  0.1926216768305583E+01 -0.3479845600084601E+00  0.4674163731403484E+02
  0.1918046184065086E+01 -0.3403131049590297E+00  0.5159225367800573E+02
  0.1909875599778379E+01 -0.3326189312180866E+00  0.5543447882825021E+02
  0.1901705015446901E+01 -0.3249025524348469E+00  0.5833331764349260E+02
  0.1893534431072063E+01 -0.3171644837408958E+00  0.6052124757120467E+02
  0.1885363846655247E+01 -0.3094052417157978E+00  0.6225935494757803E+02
  0.1877193262197810E+01 -0.3016253443526109E+00  0.6381784101851810E+02
  0.1869022677701083E+01 -0.2938253110233064E+00  0.6543435091358252E+02
  0.1860852093166375E+01 -0.2860056624440968E+00  0.6713285283341278E+02
  0.1852681508594969E+01 -0.2781669206406729E+00  0.6880023297106273E+02
  0.1844510923988128E+01 -0.2703096089133553E+00  0.7033730487063836E+02
  0.1836340339347093E+01 -0.2624342518021592E+00  0.7165399175048815E+02
  0.1828169754673083E+01 -0.2545413750517773E+00  0.7252995322258998E+02
  0.1819999169967299E+01 -0.2466315055764818E+00  0.7276044856620409E+02
  0.1811828585230925E+01 -0.2387051714249486E+00  0.7239426283793698E+02
  0.1803658000465123E+01 -0.2307629017450062E+00  0.7169148078284293E+02
  0.1795487415671042E+01 -0.2228052267483099E+00  0.7078006609710212E+02
  0.1787316830849811E+01 -0.2148326776749467E+00  0.6963131707359975E+02
  0.1779146246002545E+01 -0.2068457867579697E+00  0.6827004514767248E+02
  0.1770975661130345E+01 -0.1988450871878683E+00  0.6692344263920634E+02
  0.1762805076234296E+01 -0.1908311130769725E+00  0.6574883213380072E+02
  0.1754634491315471E+01 -0.1828043994237966E+00  0.6464128004021387E+02
  0.1746463906374929E+01 -0.1747654820773241E+00  0.6322761938189271E+02
  0.1738293321413718E+01 -0.1667148977012352E+00  0.6110558292618320E+02
  0.1730122736432872E+01 -0.1586531837380799E+00  0.5813478369793415E+02
  0.1721952151433418E+01 -0.1505808783733995E+00  0.5459811328509235E+02
  0.1713781566416370E+01 -0.1424985204997981E+00  0.5091710427104199E+02
  0.1705610981382731E+01 -0.1344066496809675E+00  0.4724158894850529E+02
  0.1697440396333499E+01 -0.1263058061156663E+00  0.4331971062887867E+02
  0.1689269811269659E+01 -0.1181965306016578E+00  0.3890043948258912E+02
  0.1681099226192191E+01 -0.1100793644996070E+00  0.3403050567042607E+02
  0.1672928641102067E+01 -0.1019548496969404E+00  0.2896495004512924E+02
  0.1664758056000250E+01 -0.9382352857167028E-01  0.2393846529369972E+02
  0.1656587470887701E+01 -0.8568594395618719E-01  0.1910126536813165E+02
  0.1648416885765370E+01 -0.7754263910102077E-01  0.1453671536958642E+02
  0.1640246300634206E+01 -0.6939415763857371E-01  0.1024294115034818E+02
  0.1632075715495151E+01 -0.6124104354682962E-01  0.6132827755860468E+01
  0.1623905130349143E+01 -0.5308384111303818E-01  0.2158657724460990E+01
  0.1615734545197117E+01 -0.4492309489737940E-01 -0.1706675055780954E+01
  0.1607563960040004E+01 -0.3675934969660982E-01 -0.5499514634447573E+01
  0.1599393374878733E+01 -0.2859315050769285E-01 -0.9232093713840378E+01
  0.1591222789714229E+01 -0.2042504249141571E-01 -0.1280005275265282E+02
  0.1583052204547419E+01 -0.1225557093599554E-01 -0.1609441786173398E+02
  0.1574881619379224E+01 -0.4085281220676868E-02 -0.1914689165113020E+02
  0.1566711034210569E+01  0.4085281220676868E-02 -0.2212512171445118E+02
  0.1558540449042374E+01  0.1225557093599554E-01 -0.2520496447980816E+02
  0.1550369863875564E+01  0.2042504249141571E-01 -0.2849613922698166E+02
  0.1542199278711061E+01  0.2859315050769285E-01 -0.3194589262852854E+02
  0.1534028693549790E+01  0.3675934969660982E-01 -0.3529618572700528E+02
  0.1525858108392677E+01  0.4492309489737940E-01 -0.3824244142447720E+02
  0.1517687523240650E+01  0.5308384111303818E-01 -0.4076542161558559E+02
  0.1509516938094642E+01  0.6124104354682962E-01 -0.4312128013483908E+02
  0.1501346352955587E+01  0.6939415763857371E-01 -0.4556385945893056E+02
  0.1493175767824423E+01  0.7754263910102077E-01 -0.4816632594052216E+02
  0.1485005182702093E+01  0.8568594395618719E-01 -0.5094728356981106E+02
  0.1476834597589543E+01  0.9382352857167028E-01 -0.5387346508858539E+02
  0.1468664012487727E+01  0.1019548496969404E+00 -0.5678531014651814E+02
  0.1460493427397602E+01  0.1100793644996070E+00 -0.5944796219775446E+02
  0.1452322842320134E+01  0.1181965306016578E+00 -0.6181293242994489E+02
  0.1444152257256294E+01  0.1263058061156663E+00 -0.6399008703893129E+02
  0.1435981672207062E+01  0.1344066496809675E+00 -0.6603247472394496E+02
  0.1427811087173423E+01  0.1424985204997981E+00 -0.6789041309575850E+02
  0.1419640502156375E+01  0.1505808783733995E+00 -0.6966263098186845E+02
  0.1411469917156921E+01  0.1586531837380799E+00 -0.7164661773673632E+02
  0.1403299332176076E+01  0.1667148977012352E+00 -0.7415572284592945E+02
  0.1395128747214864E+01  0.1747654820773241E+00 -0.7731902785727428E+02
  0.1386958162274323E+01  0.1828043994237966E+00 -0.8110243275589885E+02
  0.1378787577355497E+01  0.1908311130769725E+00 -0.8527481639816259E+02
  0.1370616992459449E+01  0.1988450871878683E+00 -0.8954129448814741E+02
  0.1362446407587248E+01  0.2068457867579697E+00 -0.9365205996493843E+02
  0.1354275822739983E+01  0.2148326776749467E+00 -0.9751140776576358E+02
  0.1346105237918751E+01  0.2228052267483099E+00 -0.1010273370092410E+03
  0.1337934653124670E+01  0.2307629017450062E+00 -0.1041903409314656E+03
  0.1329764068358868E+01  0.2387051714249486E+00 -0.1072606584933185E+03
  0.1321593483622494E+01  0.2466315055764818E+00 -0.1107090435608393E+03
  0.1313422898916710E+01  0.2545413750517773E+00 -0.1147468474683988E+03
  0.1305252314242701E+01  0.2624342518021592E+00 -0.1191389564253945E+03
  0.1297081729601665E+01  0.2703096089133553E+00 -0.1234861329987381E+03
  0.1288911144994824E+01  0.2781669206406729E+00 -0.1277272362955808E+03
  0.1280740560423418E+01  0.2860056624440968E+00 -0.1320545805397504E+03
  0.1272569975888710E+01  0.2938253110233064E+00 -0.1365644616311515E+03
  0.1264399391391984E+01  0.3016253443526109E+00 -0.1410109698438218E+03
  0.1256228806934547E+01  0.3094052417157978E+00 -0.1450546822129835E+03
  0.1248058222517730E+01  0.3171644837408958E+00 -0.1486544737013541E+03
  0.1239887638142892E+01  0.3249025524348469E+00 -0.1522378301184920E+03
  0.1231717053811414E+01  0.3326189312180866E+00 -0.1562744104026887E+03
  0.1223546469524707E+01  0.3403131049590297E+00 -0.1607620634392710E+03
  0.1215375885284210E+01  0.3479845600084601E+00 -0.1651744303841850E+03
  0.1207205301091390E+01  0.3556327842338202E+00 -0.1690787414401522E+03
  0.1199034716947747E+01  0.3632572670534011E+00 -0.1724744898883117E+03
  0.1190864132854811E+01  0.3708574994704271E+00 -0.1756785548993224E+03
  0.1182693548814147E+01  0.3784329741070359E+00 -0.1789200079857065E+03
  0.1174522964827352E+01  0.3859831852381501E+00 -0.1822243696130737E+03
  0.1166352380896063E+01  0.3935076288252386E+00 -0.1853960678853362E+03
  0.1158181797021950E+01  0.4010058025499653E+00 -0.1880951816658712E+03
  0.1150011213206726E+01  0.4084772058477228E+00 -0.1900277057190633E+03
  0.1141840629452141E+01  0.4159213399410494E+00 -0.1911957154228924E+03
  0.1133670045759989E+01  0.4233377078729265E+00 -0.1917491518902836E+03
  0.1125499462132108E+01  0.4307258145399545E+00 -0.1918291912398626E+03
  0.1117328878570381E+01  0.4380851667254050E+00 -0.1916076381941282E+03
  0.1109158295076737E+01  0.4454152731321473E+00 -0.1914638480769032E+03
  0.1100987711653159E+01  0.4527156444154464E+00 -0.1916906878895954E+03
  0.1092817128301675E+01  0.4599857932156304E+00 -0.1922457086580943E+03
  0.1084646545024371E+01  0.4672252341906264E+00 -0.1929441413862038E+03
  0.1076475961823386E+01  0.4744334840483606E+00 -0.1938643673166349E+03
  0.1068305378700920E+01  0.4816100615790221E+00 -0.1951464752348058E+03
  0.1060134795659229E+01  0.4887544876871878E+00 -0.1966525259934059E+03
  0.1051964212700635E+01  0.4958662854238058E+00 -0.1981109125232546E+03
  0.1043793629827524E+01  0.5029449800180356E+00 -0.1995846916823238E+03
  0.1035623047042350E+01  0.5099900989089429E+00 -0.2012941289852377E+03
  0.1027452464347638E+01  0.5170011717770473E+00 -0.2031823612065017E+03
  0.1019281881745987E+01  0.5239777305757194E+00 -0.2049214141581430E+03
  0.1011111299240073E+01  0.5309193095624275E+00 -0.2063528969364783E+03
  0.1002940716832650E+01  0.5378254453298289E+00 -0.2075403434863958E+03
  0.9947701345265596E+00  0.5446956768367068E+00 -0.2085246240970004E+03
  0.9865995523247275E+00  0.5515295454387482E+00 -0.2091929707191703E+03
  0.9784289702301714E+00  0.5583265949191624E+00 -0.2094303255945694E+03
  0.9702583882460036E+00  0.5650863715191369E+00 -0.2091449471479742E+03
  0.9620878063754359E+00  0.5718084239681300E+00 -0.2083287912052719E+03
  0.9539172246217830E+00  0.5784923035139965E+00 -0.2070327570359677E+03
  0.9457466429884676E+00  0.5851375639529456E+00 -0.2053652407757195E+03
  0.9375760614790253E+00  0.5917437616593286E+00 -0.2034205211841536E+03
  0.9294054800971098E+00  0.5983104556152549E+00 -0.2014142756280256E+03
  0.9212348988464978E+00  0.6048372074400329E+00 -0.1996606909722999E+03
  0.9130643177310944E+00  0.6113235814194364E+00 -0.1984341218911151E+03
  0.9048937367549402E+00  0.6177691445347914E+00 -0.1977224477631854E+03
  0.8967231559222163E+00  0.6241734664918837E+00 -0.1974446098821605E+03
  0.8885525752372514E+00  0.6305361197496849E+00 -0.1974831256480301E+03
  0.8803819947045285E+00  0.6368566795488945E+00 -0.1973982448487643E+03
  0.8722114143286931E+00  0.6431347239402948E+00 -0.1963118863536153E+03
  0.8640408341145595E+00  0.6493698338129212E+00 -0.1936510906641589E+03
  0.8558702540671204E+00  0.6555615929220400E+00 -0.1896993165241877E+03
  0.8476996741915547E+00  0.6617095879169366E+00 -0.1852352282755109E+03
  0.8395290944932369E+00  0.6678134083685102E+00 -0.1806562754556176E+03
  0.8313585149777468E+00  0.6738726467966731E+00 -0.1758962817027027E+03
  0.8231879356508802E+00  0.6798868986975534E+00 -0.1708374901879345E+03
  0.8150173565186587E+00  0.6858557625704990E+00 -0.1655304603076542E+03
  0.8068467775873427E+00  0.6917788399448808E+00 -0.1599904274731421E+03
  0.7986761988634423E+00  0.6976557354066943E+00 -0.1543365905253149E+03
  0.7905056203537315E+00  0.7034860566249567E+00 -0.1488129337327192E+03
  0.7823350420652612E+00  0.7092694143778975E+00 -0.1436230995905238E+03
  0.7741644640053743E+00  0.7150054225789432E+00 -0.1386992089546868E+03
  0.7659938861817212E+00  0.7206936983024912E+00 -0.1339354403733014E+03
  0.7578233086022768E+00  0.7263338618094733E+00 -0.1292767983020401E+03
  0.7496527312753575E+00  0.7319255365727068E+00 -0.1246626613206246E+03
  0.7414821542096410E+00  0.7374683493020299E+00 -0.1199368983668385E+03
  0.7333115774141861E+00  0.7429619299692227E+00 -0.1150269969722626E+03
  0.7251410008984539E+00  0.7484059118327094E+00 -0.1098307434222344E+03
  0.7169704246723316E+00  0.7537999314620412E+00 -0.1043514306329836E+03
  0.7087998487461566E+00  0.7591436287621580E+00 -0.9887171574508899E+02
  0.7006292731307425E+00  0.7644366469974285E+00 -0.9395115605276456E+02
  0.6924586978374083E+00  0.7696786328154644E+00 -0.8967611962498728E+02
  0.6842881228780077E+00  0.7748692362707100E+00 -0.8536527445057389E+02
  0.6761175482649616E+00  0.7800081108478040E+00 -0.8016018720583696E+02
  0.6679469740112938E+00  0.7850949134847117E+00 -0.7393601471605953E+02
  0.6597764001306670E+00  0.7901293045956280E+00 -0.6701571426637790E+02
  0.6516058266374236E+00  0.7951109480936471E+00 -0.5956110105445748E+02
  0.6434352535466297E+00  0.8000395114131988E+00 -0.5137998307615151E+02
  0.6352646808741202E+00  0.8049146655322506E+00 -0.4239002806835803E+02
  0.6270941086365502E+00  0.8097360849942720E+00 -0.3266136611157989E+02
  0.6189235368514482E+00  0.8145034479299620E+00 -0.2239453995321321E+02
  0.6107529655372755E+00  0.8192164360787360E+00 -0.1178761001214325E+02
  0.6025823947134890E+00  0.8238747348099726E+00 -0.1055562396723367E+01
  0.5944118244006098E+00  0.8284780331440178E+00  0.9735934711497954E+01
  0.5862412546202973E+00  0.8330260237729452E+00  0.2049276194761899E+02
  0.5780706853954301E+00  0.8375184030810715E+00  0.3111775377023983E+02
  0.5699001167501928E+00  0.8419548711652254E+00  0.4168662778496988E+02
  0.5617295487101719E+00  0.8463351318547683E+00  0.5284946064892437E+02
  0.5535589813024583E+00  0.8506588927313666E+00  0.6497463137954531E+02
  0.5453884145557613E+00  0.8549258651485127E+00  0.7748596055686572E+02
  0.5372178485005299E+00  0.8591357642507945E+00  0.8938299905951656E+02
  0.5290472831690897E+00  0.8632883089929120E+00  0.1005752085308107E+03
  0.5208767185957875E+00  0.8673832221584393E+00  0.1118751968353257E+03
  0.5127061548171545E+00  0.8714202303783312E+00  0.1239909422967578E+03
  0.5045355918720822E+00  0.8753990641491725E+00  0.1367306057797886E+03
  0.4963650298020162E+00  0.8793194578511700E+00  0.1495389190352001E+03
  0.4881944686511717E+00  0.8831811497658847E+00  0.1619537374101511E+03
  0.4800239084667671E+00  0.8869838820937034E+00  0.1741208862677881E+03
  0.4718533492992859E+00  0.8907274009710492E+00  0.1866174736203151E+03
  0.4636827912027636E+00  0.8944114564873288E+00  0.1999662919545421E+03
  0.4555122342351060E+00  0.8980358027016164E+00  0.2138373183650084E+03
  0.4473416784584431E+00  0.9016001976590722E+00  0.2275592583043565E+03
  0.4391711239395221E+00  0.9051044034070944E+00  0.2411360908127960E+03
  0.4310005707501444E+00  0.9085481860112055E+00  0.2554532980201465E+03
  0.4228300189676551E+00  0.9119313155706682E+00  0.2710488399008100E+03
  0.4146594686754885E+00  0.9152535662338340E+00  0.2879613093295824E+03
  0.4064889199637791E+00  0.9185147162132208E+00  0.3062860678721668E+03
  0.3983183729300507E+00  0.9217145478003181E+00  0.3263211617361342E+03
  0.3901478276799883E+00  0.9248528473801222E+00  0.3476603259567520E+03
  0.3819772843283120E+00  0.9279294054453956E+00  0.3696055238700254E+03
  0.3738067429997641E+00  0.9309440166106540E+00  0.3919119854919289E+03
  0.3656362038302282E+00  0.9338964796258775E+00  0.4147026943191431E+03
  0.3574656669680030E+00  0.9367865973899459E+00  0.4374624778381528E+03
  0.3492951325752533E+00  0.9396141769637963E+00  0.4598044513627888E+03
  0.3411246008296713E+00  0.9423790295833044E+00  0.4823331780891377E+03
  0.3329540719263814E+00  0.9450809706718851E+00  0.5060302545457879E+03
  0.3247835460801308E+00  0.9477198198528157E+00  0.5306447433170665E+03
  0.3166130235278230E+00  0.9502954009612771E+00  0.5553153243603525E+03
  0.3084425045314506E+00  0.9528075420561144E+00  0.5799066147829959E+03
  0.3002719893815085E+00  0.9552560754313160E+00  0.6051568268903898E+03
  0.2921014784009779E+00  0.9576408376272095E+00  0.6316627275877551E+03
  0.2839309719500016E+00  0.9599616694413742E+00  0.6599804497622289E+03
  0.2757604704313845E+00  0.9622184159392698E+00  0.6903820049074762E+03
  0.2675899742971076E+00  0.9644109264645802E+00  0.7224013955423011E+03
  0.2594194840560681E+00  0.9665390546492710E+00  0.7545844589750271E+03
  0.2512490002833307E+00  0.9686026584233628E+00  0.7863997742878294E+03
  0.2430785236312446E+00  0.9706016000244151E+00  0.8184378434029832E+03
  0.2349080548428762E+00  0.9725357460067257E+00  0.8511055441235814E+03
  0.2267375947683499E+00  0.9744049672502397E+00  0.8837145302100981E+03
  0.2185671443848464E+00  0.9762091389691724E+00  0.9161106661602969E+03
  0.2103967048212628E+00  0.9779481407203411E+00  0.9487419400475721E+03
  0.2022262773888417E+00  0.9796218564112101E+00  0.9818053531467392E+03
  0.1940558636195398E+00  0.9812301743076443E+00  0.1015087811786649E+04
  0.1858854653144977E+00  0.9827729870413743E+00  0.1049849509096431E+04
  0.1777150846058812E+00  0.9842501916171713E+00  0.1087271497096898E+04
  0.1695447240365762E+00  0.9856616894197333E+00  0.1126957225946800E+04
  0.1613743866640789E+00  0.9870073862202815E+00  0.1167855230318988E+04
  0.1532040761975885E+00  0.9882871921828699E+00  0.1211155000990333E+04
  0.1450337971813853E+00  0.9895010218704087E+00  0.1258242493122969E+04
  0.1368635552438019E+00  0.9906487942504061E+00  0.1308811573843090E+04
  0.1286933574408989E+00  0.9917304327004320E+00  0.1361756804782300E+04
  0.1205232127396896E+00  0.9927458650133153E+00  0.1418092929957509E+04
  0.1123531327118049E+00  0.9936950234020883E+00  0.1478195521664264E+04
  0.1041831325528455E+00  0.9945778445047068E+00  0.1540991222357091E+04
  0.9601323262085862E-01  0.9953942693885953E+00  0.1606441517450071E+04
  0.8784346083082471E-01  0.9961442435551087E+00  0.1678102448727640E+04
  0.7967385651719167E-01  0.9968277169440913E+00  0.1756904904082818E+04
  0.7150447693306423E-01  0.9974446439389107E+00  0.1841999261024952E+04
  0.6333540875299180E-01  0.9979949833727938E+00  0.1936770536651220E+04
  0.5516678972815772E-01  0.9984786985384589E+00  0.2051064044762229E+04
  0.4699885272846815E-01  0.9988957572063257E+00  0.2192753375201958E+04
  0.3883202470742381E-01  0.9992461316671845E+00  0.2378749950288412E+04
  0.3066718105470672E-01  0.9995297988558859E+00  0.2651893063382595E+04
  0.2250643816359393E-01  0.9997467408113523E+00  0.3055029857736482E+04
  0.1435650599352885E-01  0.9998969471378596E+00  0.3540196537615900E+04
  0.6254421014113626E-02  0.9999804411726474E+00  0.3932219496977546E+04
