# nlmax, ncor, nside =         383           1         128
  0.3135338232575680E+01 -0.9999804411726474E+00  0.2731443466372877E+03
  0.3127236147596264E+01 -0.9998969471378596E+00  0.2689663729867356E+03
  0.3119086215426199E+01 -0.9997467408113523E+00  0.2633709030644489E+03
  0.3110925472535087E+01 -0.9995297988558859E+00  0.2566442310861657E+03
  0.3102760628882369E+01 -0.9992461316671845E+00  0.2469831213581592E+03
  0.3094593800861325E+01 -0.9988957572063257E+00  0.2345118692819912E+03
  0.3086425863861635E+01 -0.9984786985384589E+00  0.2212865083077364E+03
  0.3078257244836801E+01 -0.9979949833727938E+00  0.2100963462027146E+03
  0.3070088176656729E+01 -0.9974446439389107E+00  0.2017751955611122E+03
  0.3061918797072602E+01 -0.9968277169440913E+00  0.1958368230708886E+03
  0.3053749192758969E+01 -0.9961442435551087E+00  0.1914767688757853E+03
  0.3045579420968934E+01 -0.9953942693885953E+00  0.1885326701170383E+03
  0.3037409521036948E+01 -0.9945778445047068E+00  0.1866080185971247E+03
  0.3029239520877988E+01 -0.9936950234020883E+00  0.1857836639367935E+03
  0.3021069440850104E+01 -0.9927458650133153E+00  0.1858668638011061E+03
  0.3012899296148894E+01 -0.9917304327004320E+00  0.1864171574515288E+03
  0.3004729098345992E+01 -0.9906487942504061E+00  0.1867707291972194E+03
  0.2996558856408408E+01 -0.9895010218704087E+00  0.1860793019663978E+03
  0.2988388577392205E+01 -0.9882871921828699E+00  0.1839530390042125E+03
  0.2980218266925714E+01 -0.9870073862202815E+00  0.1805795103556226E+03
  0.2972047929553217E+01 -0.9856616894197333E+00  0.1761992237449852E+03
  0.2963877568983912E+01 -0.9842501916171713E+00  0.1707939540612072E+03
  0.2955707188275296E+01 -0.9827729870413743E+00  0.1642752867228396E+03
  0.2947536789970254E+01 -0.9812301743076443E+00  0.1570165074060084E+03
  0.2939366376200951E+01 -0.9796218564112101E+00  0.1502711332582807E+03
  0.2931195948768531E+01 -0.9779481407203411E+00  0.1451118651062402E+03
  0.2923025509204947E+01 -0.9762091389691724E+00  0.1415479247939725E+03
  0.2914855058821443E+01 -0.9744049672502397E+00  0.1390385037521764E+03
  0.2906684598746917E+01 -0.9725357460067257E+00  0.1374362431214160E+03
  0.2898514129958549E+01 -0.9706016000244151E+00  0.1372867912528683E+03
  0.2890343653306462E+01 -0.9686026584233628E+00  0.1389864851283874E+03
  0.2882173169533725E+01 -0.9665390546492710E+00  0.1425400679414785E+03
  0.2874002679292686E+01 -0.9644109264645802E+00  0.1476154837031746E+03
  0.2865832183158409E+01 -0.9622184159392698E+00  0.1538253305571335E+03
  0.2857661681639792E+01 -0.9599616694413742E+00  0.1604095526238686E+03
  0.2849491175188815E+01 -0.9576408376272095E+00  0.1661720088225431E+03
  0.2841320664208285E+01 -0.9552560754313160E+00  0.1705125961654195E+03
  0.2833150149058343E+01 -0.9528075420561144E+00  0.1740213127707789E+03
  0.2824979630061970E+01 -0.9502954009612771E+00  0.1775087241538585E+03
  0.2816809107509663E+01 -0.9477198198528157E+00  0.1813386336539395E+03
  0.2808638581663412E+01 -0.9450809706718851E+00  0.1855108857160785E+03
  0.2800468052760122E+01 -0.9423790295833044E+00  0.1903928182126707E+03
  0.2792297521014540E+01 -0.9396141769637963E+00  0.1966696547811623E+03
  0.2784126986621790E+01 -0.9367865973899459E+00  0.2045455791649114E+03
  0.2775956449759565E+01 -0.9338964796258775E+00  0.2133186223109984E+03
  0.2767785910590029E+01 -0.9309440166106540E+00  0.2217548561692554E+03
  0.2759615369261481E+01 -0.9279294054453956E+00  0.2289107108312803E+03
  0.2751444825909805E+01 -0.9248528473801222E+00  0.2348677848054621E+03
  0.2743274280659743E+01 -0.9217145478003181E+00  0.2401560377498726E+03
  0.2735103733626014E+01 -0.9185147162132208E+00  0.2448922519211584E+03
  0.2726933184914305E+01 -0.9152535662338340E+00  0.2487398378608907E+03
  0.2718762634622138E+01 -0.9119313155706682E+00  0.2516626980045079E+03
  0.2710592082839649E+01 -0.9085481860112055E+00  0.2541774484730351E+03
  0.2702421529650271E+01 -0.9051044034070944E+00  0.2569272899119380E+03
  0.2694250975131350E+01 -0.9016001976590722E+00  0.2598987076235582E+03
  0.2686080419354687E+01 -0.8980358027016164E+00  0.2625447209473428E+03
  0.2677909862387029E+01 -0.8944114564873288E+00  0.2642500735726571E+03
  0.2669739304290507E+01 -0.8907274009710492E+00  0.2647871239345013E+03
  0.2661568745123026E+01 -0.8869838820937034E+00  0.2645997247573732E+03
  0.2653398184938621E+01 -0.8831811497658847E+00  0.2645584829207469E+03
  0.2645227623787777E+01 -0.8793194578511700E+00  0.2652696310089372E+03
  0.2637057061717711E+01 -0.8753990641491725E+00  0.2668262181571523E+03
  0.2628886498772639E+01 -0.8714202303783312E+00  0.2689577764081880E+03
  0.2620715934994006E+01 -0.8673832221584393E+00  0.2716530012848892E+03
  0.2612545370420704E+01 -0.8632883089929120E+00  0.2748784067056750E+03
  0.2604374805089263E+01 -0.8591357642507945E+00  0.2782659460206793E+03
  0.2596204239034032E+01 -0.8549258651485127E+00  0.2812898390472352E+03
  0.2588033672287335E+01 -0.8506588927313666E+00  0.2834848908872945E+03
  0.2579863104879621E+01 -0.8463351318547683E+00  0.2848822316983631E+03
  0.2571692536839600E+01 -0.8419548711652254E+00  0.2856508190254273E+03
  0.2563521968194363E+01 -0.8375184030810715E+00  0.2860375846409665E+03
  0.2555351398969496E+01 -0.8330260237729452E+00  0.2864680655985151E+03
  0.2547180829189184E+01 -0.8284780331440178E+00  0.2875896376294919E+03
  0.2539010258876304E+01 -0.8238747348099726E+00  0.2897346090694523E+03
  0.2530839688052518E+01 -0.8192164360787360E+00  0.2924627179736839E+03
  0.2522669116738345E+01 -0.8145034479299620E+00  0.2952283521531655E+03
  0.2514498544953243E+01 -0.8097360849942720E+00  0.2976524759355864E+03
  0.2506327972715673E+01 -0.8049146655322506E+00  0.2997556868902519E+03
  0.2498157400043163E+01 -0.8000395114131988E+00  0.3017747863309428E+03
  0.2489986826952370E+01 -0.7951109480936471E+00  0.3036945229635188E+03
  0.2481816253459126E+01 -0.7901293045956280E+00  0.3051862801393578E+03
  0.2473645679578500E+01 -0.7850949134847117E+00  0.3058512062511274E+03
  0.2465475105324832E+01 -0.7800081108478040E+00  0.3055069570930130E+03
  0.2457304530711785E+01 -0.7748692362707100E+00  0.3041341593512345E+03
  0.2449133955752385E+01 -0.7696786328154644E+00  0.3018559314533204E+03
  0.2440963380459050E+01 -0.7644366469974285E+00  0.2991129834953388E+03
  0.2432792804843637E+01 -0.7591436287621580E+00  0.2963307377381301E+03
  0.2424622228917462E+01 -0.7537999314620412E+00  0.2937820606002693E+03
  0.2416451652691339E+01 -0.7484059118327094E+00  0.2911520344382701E+03
  0.2408281076175607E+01 -0.7429619299692227E+00  0.2878613743692841E+03
  0.2400110499380152E+01 -0.7374683493020299E+00  0.2832445562890526E+03
  0.2391939922314436E+01 -0.7319255365727068E+00  0.2768127438518677E+03
  0.2383769344987516E+01 -0.7263338618094733E+00  0.2684324790883382E+03
  0.2375598767408072E+01 -0.7206936983024912E+00  0.2587956441704022E+03
  0.2367428189584419E+01 -0.7150054225789432E+00  0.2492371768630240E+03
  0.2359257611524532E+01 -0.7092694143778975E+00  0.2408299020943691E+03
  0.2351087033236062E+01 -0.7034860566249567E+00  0.2336650353855974E+03
  0.2342916454726351E+01 -0.6976557354066943E+00  0.2273764312362921E+03
  0.2334745876002450E+01 -0.6917788399448808E+00  0.2218739826856641E+03
  0.2326575297071134E+01 -0.6858557625704990E+00  0.2174492221691373E+03
  0.2318404717938913E+01 -0.6798868986975534E+00  0.2140649735811660E+03
  0.2310234138612046E+01 -0.6738726467966731E+00  0.2112428876233003E+03
  0.2302063559096557E+01 -0.6678134083685102E+00  0.2083405743354055E+03
  0.2293892979398239E+01 -0.6617095879169366E+00  0.2051260980153482E+03
  0.2285722399522673E+01 -0.6555615929220400E+00  0.2017017468362910E+03
  0.2277551819475234E+01 -0.6493698338129212E+00  0.1980377243631936E+03
  0.2269381239261100E+01 -0.6431347239402948E+00  0.1940057101721129E+03
  0.2261210658885265E+01 -0.6368566795488945E+00  0.1896751570795268E+03
  0.2253040078352542E+01 -0.6305361197496849E+00  0.1852094927514866E+03
  0.2244869497667577E+01 -0.6241734664918837E+00  0.1808976441128851E+03
  0.2236698916834853E+01 -0.6177691445347914E+00  0.1768631016500376E+03
  0.2228528335858699E+01 -0.6113235814194364E+00  0.1731249126469382E+03
  0.2220357754743295E+01 -0.6048372074400329E+00  0.1695973276014486E+03
  0.2212187173492683E+01 -0.5983104556152549E+00  0.1663012959227246E+03
  0.2204016592110768E+01 -0.5917437616593286E+00  0.1633774308150402E+03
  0.2195846010601326E+01 -0.5851375639529456E+00  0.1611140255753464E+03
  0.2187675428968010E+01 -0.5784923035139965E+00  0.1596567027063447E+03
  0.2179504847214357E+01 -0.5718084239681300E+00  0.1585830043576100E+03
  0.2171334265343789E+01 -0.5650863715191369E+00  0.1568940991393144E+03
  0.2163163683359622E+01 -0.5583265949191624E+00  0.1537123227795822E+03
  0.2154993101265066E+01 -0.5515295454387482E+00  0.1490625003799810E+03
  0.2146822519063234E+01 -0.5446956768367068E+00  0.1439065976538463E+03
  0.2138651936757143E+01 -0.5378254453298289E+00  0.1391547890256687E+03
  0.2130481354349721E+01 -0.5309193095624275E+00  0.1349854827491311E+03
  0.2122310771843806E+01 -0.5239777305757194E+00  0.1308727835090975E+03
  0.2114140189242155E+01 -0.5170011717770473E+00  0.1262633314272197E+03
  0.2105969606547443E+01 -0.5099900989089429E+00  0.1208556517518619E+03
  0.2097799023762269E+01 -0.5029449800180356E+00  0.1146148270452581E+03
  0.2089628440889158E+01 -0.4958662854238058E+00  0.1074518033836052E+03
  0.2081457857930564E+01 -0.4887544876871878E+00  0.9948762213356865E+02
  0.2073287274888874E+01 -0.4816100615790221E+00  0.9114925518824778E+02
  0.2065116691766407E+01 -0.4744334840483606E+00  0.8282260316030511E+02
  0.2056946108565423E+01 -0.4672252341906264E+00  0.7461899865822186E+02
  0.2048775525288118E+01 -0.4599857932156304E+00  0.6657876105000643E+02
  0.2040604941936635E+01 -0.4527156444154464E+00  0.5870186124850496E+02
  0.2032434358513056E+01 -0.4454152731321473E+00  0.5122623905315984E+02
  0.2024263775019413E+01 -0.4380851667254050E+00  0.4438234000863927E+02
  0.2016093191457685E+01 -0.4307258145399545E+00  0.3798122653115990E+02
  0.2007922607829804E+01 -0.4233377078729265E+00  0.3168382647242936E+02
  0.1999752024137653E+01 -0.4159213399410494E+00  0.2510278484306341E+02
  0.1991581440383068E+01 -0.4084772058477228E+00  0.1787341797598143E+02
  0.1983410856567843E+01 -0.4010058025499653E+00  0.1001529400450475E+02
  0.1975240272693730E+01 -0.3935076288252386E+00  0.1930958561837821E+01
  0.1967069688762441E+01 -0.3859831852381501E+00 -0.5764983846063778E+01
  0.1958899104775647E+01 -0.3784329741070359E+00 -0.1285763224861201E+02
  0.1950728520734982E+01 -0.3708574994704271E+00 -0.1980078199560639E+02
  0.1942557936642046E+01 -0.3632572670534011E+00 -0.2724559070571333E+02
  0.1934387352498403E+01 -0.3556327842338202E+00 -0.3550560259797670E+02
  0.1926216768305583E+01 -0.3479845600084601E+00 -0.4452904120433351E+02
  0.1918046184065086E+01 -0.3403131049590297E+00 -0.5370830700027386E+02
  0.1909875599778379E+01 -0.3326189312180866E+00 -0.6227958530321065E+02
  0.1901705015446901E+01 -0.3249025524348469E+00 -0.6980313670926338E+02
  0.1893534431072063E+01 -0.3171644837408958E+00 -0.7639617834480919E+02
  0.1885363846655247E+01 -0.3094052417157978E+00 -0.8262943428231695E+02
  0.1877193262197810E+01 -0.3016253443526109E+00 -0.8904004325637132E+02
  0.1869022677701083E+01 -0.2938253110233064E+00 -0.9583651303111120E+02
  0.1860852093166375E+01 -0.2860056624440968E+00 -0.1030580934728890E+03
  0.1852681508594969E+01 -0.2781669206406729E+00 -0.1108771453239282E+03
  0.1844510923988128E+01 -0.2703096089133553E+00 -0.1194059945732965E+03
  0.1836340339347093E+01 -0.2624342518021592E+00 -0.1284927336489633E+03
  0.1828169754673083E+01 -0.2545413750517773E+00 -0.1377559462285947E+03
  0.1819999169967299E+01 -0.2466315055764818E+00 -0.1466807225786322E+03
  0.1811828585230925E+01 -0.2387051714249486E+00 -0.1548912304573450E+03
  0.1803658000465123E+01 -0.2307629017450062E+00 -0.1621897124151856E+03
  0.1795487415671042E+01 -0.2228052267483099E+00 -0.1688365944404546E+03
  0.1787316830849811E+01 -0.2148326776749467E+00 -0.1750971151827092E+03
  0.1779146246002545E+01 -0.2068457867579697E+00 -0.1812347364991601E+03
  0.1770975661130345E+01 -0.1988450871878683E+00 -0.1874920776217972E+03
  0.1762805076234296E+01 -0.1908311130769725E+00 -0.1943166531084395E+03
  0.1754634491315471E+01 -0.1828043994237966E+00 -0.2019161009907109E+03
  0.1746463906374929E+01 -0.1747654820773241E+00 -0.2102579264588808E+03
  0.1738293321413718E+01 -0.1667148977012352E+00 -0.2189306544097479E+03
  0.1730122736432872E+01 -0.1586531837380799E+00 -0.2277212538119422E+03
  0.1721952151433418E+01 -0.1505808783733995E+00 -0.2363492164000694E+03
  0.1713781566416370E+01 -0.1424985204997981E+00 -0.2446572469410589E+03
  0.1705610981382731E+01 -0.1344066496809675E+00 -0.2525521514827491E+03
  0.1697440396333499E+01 -0.1263058061156663E+00 -0.2602348296377480E+03
  0.1689269811269659E+01 -0.1181965306016578E+00 -0.2678903059314791E+03
  0.1681099226192191E+01 -0.1100793644996070E+00 -0.2755810716927879E+03
  0.1672928641102067E+01 -0.1019548496969404E+00 -0.2829480331743279E+03
  0.1664758056000250E+01 -0.9382352857167028E-01 -0.2897624879728664E+03
  0.1656587470887701E+01 -0.8568594395618719E-01 -0.2958172082036554E+03
  0.1648416885765370E+01 -0.7754263910102077E-01 -0.3013338134101334E+03
  0.1640246300634206E+01 -0.6939415763857371E-01 -0.3066952621010606E+03
  0.1632075715495151E+01 -0.6124104354682962E-01 -0.3120936052235999E+03
  0.1623905130349143E+01 -0.5308384111303818E-01 -0.3172459260616176E+03
  0.1615734545197117E+01 -0.4492309489737940E-01 -0.3219344534710805E+03
  0.1607563960040004E+01 -0.3675934969660982E-01 -0.3262004117550225E+03
  0.1599393374878733E+01 -0.2859315050769285E-01 -0.3304752966535597E+03
  0.1591222789714229E+01 -0.2042504249141571E-01 -0.3350408165046705E+03
  0.1583052204547419E+01 -0.1225557093599554E-01 -0.3397356351699899E+03
  0.1574881619379224E+01 -0.4085281220676868E-02 -0.3439105768508510E+03
  0.1566711034210569E+01  0.4085281220676868E-02 -0.3470736990713904E+03
  0.1558540449042374E+01  0.1225557093599554E-01 -0.3491637112553996E+03
  0.1550369863875564E+01  0.2042504249141571E-01 -0.3507385806791726E+03
  0.1542199278711061E+01  0.2859315050769285E-01 -0.3524178930582202E+03
  0.1534028693549790E+01  0.3675934969660982E-01 -0.3541991709959879E+03
  0.1525858108392677E+01  0.4492309489737940E-01 -0.3554862911939988E+03
  0.1517687523240650E+01  0.5308384111303818E-01 -0.3557762348317882E+03
  0.1509516938094642E+01  0.6124104354682962E-01 -0.3550838084609049E+03
  0.1501346352955587E+01  0.6939415763857371E-01 -0.3536362610816160E+03
  0.1493175767824423E+01  0.7754263910102077E-01 -0.3515215833470724E+03
  0.1485005182702093E+01  0.8568594395618719E-01 -0.3488735020271025E+03
  0.1476834597589543E+01  0.9382352857167028E-01 -0.3455934565227393E+03
  0.1468664012487727E+01  0.1019548496969404E+00 -0.3415835399676574E+03
  0.1460493427397602E+01  0.1100793644996070E+00 -0.3365265070510000E+03
  0.1452322842320134E+01  0.1181965306016578E+00 -0.3304152860828529E+03
  0.1444152257256294E+01  0.1263058061156663E+00 -0.3236430193894317E+03
  0.1435981672207062E+01  0.1344066496809675E+00 -0.3169860730240817E+03
  0.1427811087173423E+01  0.1424985204997981E+00 -0.3108764497355949E+03
  0.1419640502156375E+01  0.1505808783733995E+00 -0.3054125629998183E+03
  0.1411469917156921E+01  0.1586531837380799E+00 -0.3003060608079376E+03
  0.1403299332176076E+01  0.1667148977012352E+00 -0.2953454211344838E+03
  0.1395128747214864E+01  0.1747654820773241E+00 -0.2905660120037682E+03
  0.1386958162274323E+01  0.1828043994237966E+00 -0.2864159990173383E+03
  0.1378787577355497E+01  0.1908311130769725E+00 -0.2830659150266985E+03
  0.1370616992459449E+01  0.1988450871878683E+00 -0.2804703267192045E+03
  0.1362446407587248E+01  0.2068457867579697E+00 -0.2785477492759853E+03
  0.1354275822739983E+01  0.2148326776749467E+00 -0.2773663915648539E+03
  0.1346105237918751E+01  0.2228052267483099E+00 -0.2769076211698403E+03
  0.1337934653124670E+01  0.2307629017450062E+00 -0.2767451681924827E+03
  0.1329764068358868E+01  0.2387051714249486E+00 -0.2763750494208977E+03
  0.1321593483622494E+01  0.2466315055764818E+00 -0.2756441708705156E+03
  0.1313422898916710E+01  0.2545413750517773E+00 -0.2744737885577256E+03
  0.1305252314242701E+01  0.2624342518021592E+00 -0.2730404023877278E+03
  0.1297081729601665E+01  0.2703096089133553E+00 -0.2716059231737042E+03
  0.1288911144994824E+01  0.2781669206406729E+00 -0.2706561698607848E+03
  0.1280740560423418E+01  0.2860056624440968E+00 -0.2702455739135216E+03
  0.1272569975888710E+01  0.2938253110233064E+00 -0.2699126149715925E+03
  0.1264399391391984E+01  0.3016253443526109E+00 -0.2687250176753080E+03
  0.1256228806934547E+01  0.3094052417157978E+00 -0.2664292284386395E+03
  0.1248058222517730E+01  0.3171644837408958E+00 -0.2633224930349467E+03
  0.1239887638142892E+01  0.3249025524348469E+00 -0.2598723151914676E+03
  0.1231717053811414E+01  0.3326189312180866E+00 -0.2562191354443747E+03
  0.1223546469524707E+01  0.3403131049590297E+00 -0.2524393841699502E+03
  0.1215375885284210E+01  0.3479845600084601E+00 -0.2484008583497710E+03
  0.1207205301091390E+01  0.3556327842338202E+00 -0.2440711810987655E+03
  0.1199034716947747E+01  0.3632572670534011E+00 -0.2393932110142373E+03
  0.1190864132854811E+01  0.3708574994704271E+00 -0.2344120158100706E+03
  0.1182693548814147E+01  0.3784329741070359E+00 -0.2293506353860566E+03
  0.1174522964827352E+01  0.3859831852381501E+00 -0.2248267616314039E+03
  0.1166352380896063E+01  0.3935076288252386E+00 -0.2212275302967635E+03
  0.1158181797021950E+01  0.4010058025499653E+00 -0.2188419277432743E+03
  0.1150011213206726E+01  0.4084772058477228E+00 -0.2175901128496565E+03
  0.1141840629452141E+01  0.4159213399410494E+00 -0.2173733083854789E+03
  0.1133670045759989E+01  0.4233377078729265E+00 -0.2177855068345523E+03
  0.1125499462132108E+01  0.4307258145399545E+00 -0.2181020129579477E+03
  0.1117328878570381E+01  0.4380851667254050E+00 -0.2175933149547641E+03
  0.1109158295076737E+01  0.4454152731321473E+00 -0.2161868943043227E+03
  0.1100987711653159E+01  0.4527156444154464E+00 -0.2140102418287756E+03
  0.1092817128301675E+01  0.4599857932156304E+00 -0.2110056368354262E+03
  0.1084646545024371E+01  0.4672252341906264E+00 -0.2067527155192560E+03
  0.1076475961823386E+01  0.4744334840483606E+00 -0.2013863293354337E+03
  0.1068305378700920E+01  0.4816100615790221E+00 -0.1955707999881600E+03
  0.1060134795659229E+01  0.4887544876871878E+00 -0.1902081263998381E+03
  0.1051964212700635E+01  0.4958662854238058E+00 -0.1857281519329368E+03
  0.1043793629827524E+01  0.5029449800180356E+00 -0.1821888439978985E+03
  0.1035623047042350E+01  0.5099900989089429E+00 -0.1792629875690621E+03
  0.1027452464347638E+01  0.5170011717770473E+00 -0.1766577498044475E+03
  0.1019281881745987E+01  0.5239777305757194E+00 -0.1742124553837109E+03
  0.1011111299240073E+01  0.5309193095624275E+00 -0.1721054292588655E+03
  0.1002940716832650E+01  0.5378254453298289E+00 -0.1703676915355640E+03
  0.9947701345265596E+00  0.5446956768367068E+00 -0.1686985534172235E+03
  0.9865995523247275E+00  0.5515295454387482E+00 -0.1663818930960109E+03
  0.9784289702301714E+00  0.5583265949191624E+00 -0.1627910250891570E+03
  0.9702583882460036E+00  0.5650863715191369E+00 -0.1574023286709520E+03
  0.9620878063754359E+00  0.5718084239681300E+00 -0.1504515909664269E+03
  0.9539172246217830E+00  0.5784923035139965E+00 -0.1425627029573245E+03
  0.9457466429884676E+00  0.5851375639529456E+00 -0.1347952174324295E+03
  0.9375760614790253E+00  0.5917437616593286E+00 -0.1277609510795719E+03
  0.9294054800971098E+00  0.5983104556152549E+00 -0.1216718077714220E+03
  0.9212348988464978E+00  0.6048372074400329E+00 -0.1160004352139880E+03
  0.9130643177310944E+00  0.6113235814194364E+00 -0.1100005984623897E+03
  0.9048937367549402E+00  0.6177691445347914E+00 -0.1027903713043594E+03
  0.8967231559222163E+00  0.6241734664918837E+00 -0.9396122053934383E+02
  0.8885525752372514E+00  0.6305361197496849E+00 -0.8352559592512189E+02
  0.8803819947045285E+00  0.6368566795488945E+00 -0.7178671836438662E+02
  0.8722114143286931E+00  0.6431347239402948E+00 -0.5898281626869922E+02
  0.8640408341145595E+00  0.6493698338129212E+00 -0.4554861505829346E+02
  0.8558702540671204E+00  0.6555615929220400E+00 -0.3175462887310606E+02
  0.8476996741915547E+00  0.6617095879169366E+00 -0.1785631990978489E+02
  0.8395290944932369E+00  0.6678134083685102E+00 -0.3696059062989975E+01
  0.8313585149777468E+00  0.6738726467966731E+00  0.1042164073749936E+02
  0.8231879356508802E+00  0.6798868986975534E+00  0.2406183742033899E+02
  0.8150173565186587E+00  0.6858557625704990E+00  0.3696744605962507E+02
  0.8068467775873427E+00  0.6917788399448808E+00  0.4941894741541395E+02
  0.7986761988634423E+00  0.6976557354066943E+00  0.6136953689333464E+02
  0.7905056203537315E+00  0.7034860566249567E+00  0.7282977463661638E+02
  0.7823350420652612E+00  0.7092694143778975E+00  0.8406699644920145E+02
  0.7741644640053743E+00  0.7150054225789432E+00  0.9585424572365633E+02
  0.7659938861817212E+00  0.7206936983024912E+00  0.1082015861658342E+03
  0.7578233086022768E+00  0.7263338618094733E+00  0.1209001313776982E+03
  0.7496527312753575E+00  0.7319255365727068E+00  0.1336090318427645E+03
  0.7414821542096410E+00  0.7374683493020299E+00  0.1463826585016697E+03
  0.7333115774141861E+00  0.7429619299692227E+00  0.1590300384890343E+03
  0.7251410008984539E+00  0.7484059118327094E+00  0.1717501379055936E+03
  0.7169704246723316E+00  0.7537999314620412E+00  0.1849852107892394E+03
  0.7087998487461566E+00  0.7591436287621580E+00  0.1992204426441985E+03
  0.7006292731307425E+00  0.7644366469974285E+00  0.2137524321907993E+03
  0.6924586978374083E+00  0.7696786328154644E+00  0.2275142120178167E+03
  0.6842881228780077E+00  0.7748692362707100E+00  0.2397448345285154E+03
  0.6761175482649616E+00  0.7800081108478040E+00  0.2509573043204921E+03
  0.6679469740112938E+00  0.7850949134847117E+00  0.2617868824542221E+03
  0.6597764001306670E+00  0.7901293045956280E+00  0.2729123553444857E+03
  0.6516058266374236E+00  0.7951109480936471E+00  0.2844993861409690E+03
  0.6434352535466297E+00  0.8000395114131988E+00  0.2967157010455757E+03
  0.6352646808741202E+00  0.8049146655322506E+00  0.3094735313503855E+03
  0.6270941086365502E+00  0.8097360849942720E+00  0.3228882702876401E+03
  0.6189235368514482E+00  0.8145034479299620E+00  0.3370601237384638E+03
  0.6107529655372755E+00  0.8192164360787360E+00  0.3521282256832606E+03
  0.6025823947134890E+00  0.8238747348099726E+00  0.3678581294099952E+03
  0.5944118244006098E+00  0.8284780331440178E+00  0.3844396229376298E+03
  0.5862412546202973E+00  0.8330260237729452E+00  0.4018820335617919E+03
  0.5780706853954301E+00  0.8375184030810715E+00  0.4200492627325125E+03
  0.5699001167501928E+00  0.8419548711652254E+00  0.4380995776412672E+03
  0.5617295487101719E+00  0.8463351318547683E+00  0.4555232019612989E+03
  0.5535589813024583E+00  0.8506588927313666E+00  0.4720757180945388E+03
  0.5453884145557613E+00  0.8549258651485127E+00  0.4878282552790031E+03
  0.5372178485005299E+00  0.8591357642507945E+00  0.5027276815113765E+03
  0.5290472831690897E+00  0.8632883089929120E+00  0.5174286037065373E+03
  0.5208767185957875E+00  0.8673832221584393E+00  0.5324995090775448E+03
  0.5127061548171545E+00  0.8714202303783312E+00  0.5483522336356721E+03
  0.5045355918720822E+00  0.8753990641491725E+00  0.5645983017583192E+03
  0.4963650298020162E+00  0.8793194578511700E+00  0.5812454151134290E+03
  0.4881944686511717E+00  0.8831811497658847E+00  0.5978989511855644E+03
  0.4800239084667671E+00  0.8869838820937034E+00  0.6140931136134610E+03
  0.4718533492992859E+00  0.8907274009710492E+00  0.6292734037582729E+03
  0.4636827912027636E+00  0.8944114564873288E+00  0.6438584063510176E+03
  0.4555122342351060E+00  0.8980358027016164E+00  0.6585578389323381E+03
  0.4473416784584431E+00  0.9016001976590722E+00  0.6741053744533365E+03
  0.4391711239395221E+00  0.9051044034070944E+00  0.6902315043705624E+03
  0.4310005707501444E+00  0.9085481860112055E+00  0.7063303150725574E+03
  0.4228300189676551E+00  0.9119313155706682E+00  0.7213401003064740E+03
  0.4146594686754885E+00  0.9152535662338340E+00  0.7351801266753340E+03
  0.4064889199637791E+00  0.9185147162132208E+00  0.7485867954524257E+03
  0.3983183729300507E+00  0.9217145478003181E+00  0.7628619275419128E+03
  0.3901478276799883E+00  0.9248528473801222E+00  0.7780130106780067E+03
  0.3819772843283120E+00  0.9279294054453956E+00  0.7932897839306796E+03
  0.3738067429997641E+00  0.9309440166106540E+00  0.8077608647619788E+03
  0.3656362038302282E+00  0.9338964796258775E+00  0.8213999422444937E+03
  0.3574656669680030E+00  0.9367865973899459E+00  0.8341260667123988E+03
  0.3492951325752533E+00  0.9396141769637963E+00  0.8467901133279880E+03
  0.3411246008296713E+00  0.9423790295833044E+00  0.8598553537720420E+03
  0.3329540719263814E+00  0.9450809706718851E+00  0.8740962777392834E+03
  0.3247835460801308E+00  0.9477198198528157E+00  0.8894655263960332E+03
  0.3166130235278230E+00  0.9502954009612771E+00  0.9068962464189976E+03
  0.3084425045314506E+00  0.9528075420561144E+00  0.9269435921874966E+03
  0.3002719893815085E+00  0.9552560754313160E+00  0.9495165986702659E+03
  0.2921014784009779E+00  0.9576408376272095E+00  0.9722559279573502E+03
  0.2839309719500016E+00  0.9599616694413742E+00  0.9938444326243443E+03
  0.2757604704313845E+00  0.9622184159392698E+00  0.1014487138669532E+04
  0.2675899742971076E+00  0.9644109264645802E+00  0.1035278601767753E+04
  0.2594194840560681E+00  0.9665390546492710E+00  0.1055718346618491E+04
  0.2512490002833307E+00  0.9686026584233628E+00  0.1075925755928604E+04
  0.2430785236312446E+00  0.9706016000244151E+00  0.1096163677753990E+04
  0.2349080548428762E+00  0.9725357460067257E+00  0.1116520755402259E+04
  0.2267375947683499E+00  0.9744049672502397E+00  0.1135719796631162E+04
  0.2185671443848464E+00  0.9762091389691724E+00  0.1154443985503961E+04
  0.2103967048212628E+00  0.9779481407203411E+00  0.1174300485688577E+04
  0.2022262773888417E+00  0.9796218564112101E+00  0.1196788622044161E+04
  0.1940558636195398E+00  0.9812301743076443E+00  0.1221159977446998E+04
  0.1858854653144977E+00  0.9827729870413743E+00  0.1248232606159893E+04
  0.1777150846058812E+00  0.9842501916171713E+00  0.1278607204445438E+04
  0.1695447240365762E+00  0.9856616894197333E+00  0.1312911764815490E+04
  0.1613743866640789E+00  0.9870073862202815E+00  0.1350516240300969E+04
  0.1532040761975885E+00  0.9882871921828699E+00  0.1392701524594577E+04
  0.1450337971813853E+00  0.9895010218704087E+00  0.1439445225332009E+04
  0.1368635552438019E+00  0.9906487942504061E+00  0.1489310694173352E+04
  0.1286933574408989E+00  0.9917304327004320E+00  0.1539586499950035E+04
  0.1205232127396896E+00  0.9927458650133153E+00  0.1590787207684548E+04
  0.1123531327118049E+00  0.9936950234020883E+00  0.1642748417911451E+04
  0.1041831325528455E+00  0.9945778445047068E+00  0.1696499691168547E+04
  0.9601323262085862E-01  0.9953942693885953E+00  0.1753650663150494E+04
  0.8784346083082471E-01  0.9961442435551087E+00  0.1820112270325155E+04
  0.7967385651719167E-01  0.9968277169440913E+00  0.1896820942209268E+04
  0.7150447693306423E-01  0.9974446439389107E+00  0.1982509455155063E+04
  0.6333540875299180E-01  0.9979949833727938E+00  0.2078584309788679E+04
  0.5516678972815772E-01  0.9984786985384589E+00  0.2195303555706041E+04
  0.4699885272846815E-01  0.9988957572063257E+00  0.2338324849652563E+04
  0.3883202470742381E-01  0.9992461316671845E+00  0.2524472644300820E+04
  0.3066718105470672E-01  0.9995297988558859E+00  0.2794438960753727E+04
  0.2250643816359393E-01  0.9997467408113523E+00  0.3193907973863196E+04
  0.1435650599352885E-01  0.9998969471378596E+00  0.3674560895408885E+04
  0.6254421014113626E-02  0.9999804411726474E+00  0.4063503154677860E+04
