# nlmax, ncor, nside =         383           1         128
  0.3135338232575680E+01 -0.9999804411726474E+00  0.1643048531675623E+03
  0.3127236147596264E+01 -0.9998969471378596E+00  0.1608038797465497E+03
  0.3119086215426199E+01 -0.9997467408113523E+00  0.1563056173737626E+03
  0.3110925472535087E+01 -0.9995297988558859E+00  0.1541047471771431E+03
  0.3102760628882369E+01 -0.9992461316671845E+00  0.1563238508619666E+03
  0.3094593800861325E+01 -0.9988957572063257E+00  0.1623043992344073E+03
  0.3086425863861635E+01 -0.9984786985384589E+00  0.1699549133624849E+03
  0.3078257244836801E+01 -0.9979949833727938E+00  0.1770925301630815E+03
  0.3070088176656729E+01 -0.9974446439389107E+00  0.1821875478009335E+03
  0.3061918797072602E+01 -0.9968277169440913E+00  0.1851453591934286E+03
  0.3053749192758969E+01 -0.9961442435551087E+00  0.1866268556887639E+03
  0.3045579420968934E+01 -0.9953942693885953E+00  0.1868082622876316E+03
  0.3037409521036948E+01 -0.9945778445047068E+00  0.1855726463756189E+03
  0.3029239520877988E+01 -0.9936950234020883E+00  0.1829249337283446E+03
  0.3021069440850104E+01 -0.9927458650133153E+00  0.1791633689721913E+03
  0.3012899296148894E+01 -0.9917304327004320E+00  0.1752129736132301E+03
  0.3004729098345992E+01 -0.9906487942504061E+00  0.1725216613726001E+03
  0.2996558856408408E+01 -0.9895010218704087E+00  0.1722557461836120E+03
  0.2988388577392205E+01 -0.9882871921828699E+00  0.1739850306267123E+03
  0.2980218266925714E+01 -0.9870073862202815E+00  0.1753797557586683E+03
  0.2972047929553217E+01 -0.9856616894197333E+00  0.1739641213583461E+03
  0.2963877568983912E+01 -0.9842501916171713E+00  0.1692203112511158E+03
  0.2955707188275296E+01 -0.9827729870413743E+00  0.1622059933662206E+03
  0.2947536789970254E+01 -0.9812301743076443E+00  0.1540554745865785E+03
  0.2939366376200951E+01 -0.9796218564112101E+00  0.1454599435093574E+03
  0.2931195948768531E+01 -0.9779481407203411E+00  0.1370914083357908E+03
  0.2923025509204947E+01 -0.9762091389691724E+00  0.1292955616333887E+03
  0.2914855058821443E+01 -0.9744049672502397E+00  0.1220890469361177E+03
  0.2906684598746917E+01 -0.9725357460067257E+00  0.1159366104768447E+03
  0.2898514129958549E+01 -0.9706016000244151E+00  0.1114051233196657E+03
  0.2890343653306462E+01 -0.9686026584233628E+00  0.1085347088794259E+03
  0.2882173169533725E+01 -0.9665390546492710E+00  0.1067395061430447E+03
  0.2874002679292686E+01 -0.9644109264645802E+00  0.1052496542655665E+03
  0.2865832183158409E+01 -0.9622184159392698E+00  0.1039397488462133E+03
  0.2857661681639792E+01 -0.9599616694413742E+00  0.1035354615243494E+03
  0.2849491175188815E+01 -0.9576408376272095E+00  0.1047838897377769E+03
  0.2841320664208285E+01 -0.9552560754313160E+00  0.1076060686344939E+03
  0.2833150149058343E+01 -0.9528075420561144E+00  0.1112076130633231E+03
  0.2824979630061970E+01 -0.9502954009612771E+00  0.1148077590596533E+03
  0.2816809107509663E+01 -0.9477198198528157E+00  0.1180383653348067E+03
  0.2808638581663412E+01 -0.9450809706718851E+00  0.1209075805407403E+03
  0.2800468052760122E+01 -0.9423790295833044E+00  0.1236536160218216E+03
  0.2792297521014540E+01 -0.9396141769637963E+00  0.1266349463242100E+03
  0.2784126986621790E+01 -0.9367865973899459E+00  0.1301795262738420E+03
  0.2775956449759565E+01 -0.9338964796258775E+00  0.1343915432666209E+03
  0.2767785910590029E+01 -0.9309440166106540E+00  0.1389865456604372E+03
  0.2759615369261481E+01 -0.9279294054453956E+00  0.1434504262850741E+03
  0.2751444825909805E+01 -0.9248528473801222E+00  0.1476413394441996E+03
  0.2743274280659743E+01 -0.9217145478003181E+00  0.1517700444134765E+03
  0.2735103733626014E+01 -0.9185147162132208E+00  0.1559386630640532E+03
  0.2726933184914305E+01 -0.9152535662338340E+00  0.1599692193324242E+03
  0.2718762634622138E+01 -0.9119313155706682E+00  0.1636932124338788E+03
  0.2710592082839649E+01 -0.9085481860112055E+00  0.1672296703968923E+03
  0.2702421529650271E+01 -0.9051044034070944E+00  0.1707951458782003E+03
  0.2694250975131350E+01 -0.9016001976590722E+00  0.1745126816958453E+03
  0.2686080419354687E+01 -0.8980358027016164E+00  0.1783184590658878E+03
  0.2677909862387029E+01 -0.8944114564873288E+00  0.1819669208465858E+03
  0.2669739304290507E+01 -0.8907274009710492E+00  0.1850299199946239E+03
  0.2661568745123026E+01 -0.8869838820937034E+00  0.1871499522930074E+03
  0.2653398184938621E+01 -0.8831811497658847E+00  0.1883683363772563E+03
  0.2645227623787777E+01 -0.8793194578511700E+00  0.1890182742962382E+03
  0.2637057061717711E+01 -0.8753990641491725E+00  0.1895275338754293E+03
  0.2628886498772639E+01 -0.8714202303783312E+00  0.1901723947758415E+03
  0.2620715934994006E+01 -0.8673832221584393E+00  0.1912137155278519E+03
  0.2612545370420704E+01 -0.8632883089929120E+00  0.1929695119687839E+03
  0.2604374805089263E+01 -0.8591357642507945E+00  0.1954144855506780E+03
  0.2596204239034032E+01 -0.8549258651485127E+00  0.1979743634017488E+03
  0.2588033672287335E+01 -0.8506588927313666E+00  0.1998975994045152E+03
  0.2579863104879621E+01 -0.8463351318547683E+00  0.2008269590623760E+03
  0.2571692536839600E+01 -0.8419548711652254E+00  0.2009903267615932E+03
  0.2563521968194363E+01 -0.8375184030810715E+00  0.2007888850263923E+03
  0.2555351398969496E+01 -0.8330260237729452E+00  0.2003520301203852E+03
  0.2547180829189184E+01 -0.8284780331440178E+00  0.1994121803009354E+03
  0.2539010258876304E+01 -0.8238747348099726E+00  0.1976087951746410E+03
  0.2530839688052518E+01 -0.8192164360787360E+00  0.1947445305014045E+03
  0.2522669116738345E+01 -0.8145034479299620E+00  0.1908755747509630E+03
  0.2514498544953243E+01 -0.8097360849942720E+00  0.1862953223524212E+03
  0.2506327972715673E+01 -0.8049146655322506E+00  0.1814196702082842E+03
  0.2498157400043163E+01 -0.8000395114131988E+00  0.1765925645756658E+03
  0.2489986826952370E+01 -0.7951109480936471E+00  0.1719072897446317E+03
  0.2481816253459126E+01 -0.7901293045956280E+00  0.1672429940155752E+03
  0.2473645679578500E+01 -0.7850949134847117E+00  0.1623756878043709E+03
  0.2465475105324832E+01 -0.7800081108478040E+00  0.1570798408780142E+03
  0.2457304530711785E+01 -0.7748692362707100E+00  0.1512743637096177E+03
  0.2449133955752385E+01 -0.7696786328154644E+00  0.1449548967685255E+03
  0.2440963380459050E+01 -0.7644366469974285E+00  0.1381795235549091E+03
  0.2432792804843637E+01 -0.7591436287621580E+00  0.1311560371377906E+03
  0.2424622228917462E+01 -0.7537999314620412E+00  0.1242553479288568E+03
  0.2416451652691339E+01 -0.7484059118327094E+00  0.1179238942703291E+03
  0.2408281076175607E+01 -0.7429619299692227E+00  0.1125936490733346E+03
  0.2400110499380152E+01 -0.7374683493020299E+00  0.1083113210913153E+03
  0.2391939922314436E+01 -0.7319255365727068E+00  0.1045331012082934E+03
  0.2383769344987516E+01 -0.7263338618094733E+00  0.1006609385006696E+03
  0.2375598767408072E+01 -0.7206936983024912E+00  0.9659509411686400E+02
  0.2367428189584419E+01 -0.7150054225789432E+00  0.9253870339649608E+02
  0.2359257611524532E+01 -0.7092694143778975E+00  0.8859807008630182E+02
  0.2351087033236062E+01 -0.7034860566249567E+00  0.8480587281007219E+02
  0.2342916454726351E+01 -0.6976557354066943E+00  0.8135693370486219E+02
  0.2334745876002450E+01 -0.6917788399448808E+00  0.7850757696478423E+02
  0.2326575297071134E+01 -0.6858557625704990E+00  0.7624357714493688E+02
  0.2318404717938913E+01 -0.6798868986975534E+00  0.7420584327087265E+02
  0.2310234138612046E+01 -0.6738726467966731E+00  0.7201344178781234E+02
  0.2302063559096557E+01 -0.6678134083685102E+00  0.6956251674459527E+02
  0.2293892979398239E+01 -0.6617095879169366E+00  0.6712583840438003E+02
  0.2285722399522673E+01 -0.6555615929220400E+00  0.6520028779922320E+02
  0.2277551819475234E+01 -0.6493698338129212E+00  0.6417397434298741E+02
  0.2269381239261100E+01 -0.6431347239402948E+00  0.6390893690983545E+02
  0.2261210658885265E+01 -0.6368566795488945E+00  0.6383057408934663E+02
  0.2253040078352542E+01 -0.6305361197496849E+00  0.6349654971858559E+02
  0.2244869497667577E+01 -0.6241734664918837E+00  0.6296660125996591E+02
  0.2236698916834853E+01 -0.6177691445347914E+00  0.6254620336235831E+02
  0.2228528335858699E+01 -0.6113235814194364E+00  0.6234770222291753E+02
  0.2220357754743295E+01 -0.6048372074400329E+00  0.6220001698825863E+02
  0.2212187173492683E+01 -0.5983104556152549E+00  0.6189737159392958E+02
  0.2204016592110768E+01 -0.5917437616593286E+00  0.6135393107541537E+02
  0.2195846010601326E+01 -0.5851375639529456E+00  0.6052620200123026E+02
  0.2187675428968010E+01 -0.5784923035139965E+00  0.5937093554226568E+02
  0.2179504847214357E+01 -0.5718084239681300E+00  0.5801667334221666E+02
  0.2171334265343789E+01 -0.5650863715191369E+00  0.5673992924357309E+02
  0.2163163683359622E+01 -0.5583265949191624E+00  0.5567109216891298E+02
  0.2154993101265066E+01 -0.5515295454387482E+00  0.5459819947232452E+02
  0.2146822519063234E+01 -0.5446956768367068E+00  0.5319484756248077E+02
  0.2138651936757143E+01 -0.5378254453298289E+00  0.5140128624584253E+02
  0.2130481354349721E+01 -0.5309193095624275E+00  0.4945406182050505E+02
  0.2122310771843806E+01 -0.5239777305757194E+00  0.4755812803922384E+02
  0.2114140189242155E+01 -0.5170011717770473E+00  0.4573361905629506E+02
  0.2105969606547443E+01 -0.5099900989089429E+00  0.4384256012457712E+02
  0.2097799023762269E+01 -0.5029449800180356E+00  0.4175670568321804E+02
  0.2089628440889158E+01 -0.4958662854238058E+00  0.3939651398678959E+02
  0.2081457857930564E+01 -0.4887544876871878E+00  0.3683219381526476E+02
  0.2073287274888874E+01 -0.4816100615790221E+00  0.3432061880026526E+02
  0.2065116691766407E+01 -0.4744334840483606E+00  0.3205906705053491E+02
  0.2056946108565423E+01 -0.4672252341906264E+00  0.2980209568366071E+02
  0.2048775525288118E+01 -0.4599857932156304E+00  0.2692670902370460E+02
  0.2040604941936635E+01 -0.4527156444154464E+00  0.2302671532567374E+02
  0.2032434358513056E+01 -0.4454152731321473E+00  0.1823650830135443E+02
  0.2024263775019413E+01 -0.4380851667254050E+00  0.1282918139510266E+02
  0.2016093191457685E+01 -0.4307258145399545E+00  0.6947617042369216E+01
  0.2007922607829804E+01 -0.4233377078729265E+00  0.8284396363965527E+00
  0.1999752024137653E+01 -0.4159213399410494E+00 -0.4950524752190344E+01
  0.1991581440383068E+01 -0.4084772058477228E+00 -0.9772244288497163E+01
  0.1983410856567843E+01 -0.4010058025499653E+00 -0.1352791972198008E+02
  0.1975240272693730E+01 -0.3935076288252386E+00 -0.1674485467900547E+02
  0.1967069688762441E+01 -0.3859831852381501E+00 -0.2016737064878924E+02
  0.1958899104775647E+01 -0.3784329741070359E+00 -0.2433727703986914E+02
  0.1950728520734982E+01 -0.3708574994704271E+00 -0.2933086498137209E+02
  0.1942557936642046E+01 -0.3632572670534011E+00 -0.3476196048298055E+02
  0.1934387352498403E+01 -0.3556327842338202E+00 -0.4009010013242724E+02
  0.1926216768305583E+01 -0.3479845600084601E+00 -0.4505124117290097E+02
  0.1918046184065086E+01 -0.3403131049590297E+00 -0.4963497510996039E+02
  0.1909875599778379E+01 -0.3326189312180866E+00 -0.5379643063018872E+02
  0.1901705015446901E+01 -0.3249025524348469E+00 -0.5737303332417486E+02
  0.1893534431072063E+01 -0.3171644837408958E+00 -0.6029823402462200E+02
  0.1885363846655247E+01 -0.3094052417157978E+00 -0.6265798539942276E+02
  0.1877193262197810E+01 -0.3016253443526109E+00 -0.6465947964117227E+02
  0.1869022677701083E+01 -0.2938253110233064E+00 -0.6670564638170821E+02
  0.1860852093166375E+01 -0.2860056624440968E+00 -0.6943272640938079E+02
  0.1852681508594969E+01 -0.2781669206406729E+00 -0.7328406860131037E+02
  0.1844510923988128E+01 -0.2703096089133553E+00 -0.7804219980638902E+02
  0.1836340339347093E+01 -0.2624342518021592E+00 -0.8297839259570169E+02
  0.1828169754673083E+01 -0.2545413750517773E+00 -0.8749739562856924E+02
  0.1819999169967299E+01 -0.2466315055764818E+00 -0.9146477537317529E+02
  0.1811828585230925E+01 -0.2387051714249486E+00 -0.9506201308752460E+02
  0.1803658000465123E+01 -0.2307629017450062E+00 -0.9851367847931714E+02
  0.1795487415671042E+01 -0.2228052267483099E+00 -0.1019171405271727E+03
  0.1787316830849811E+01 -0.2148326776749467E+00 -0.1051537851854875E+03
  0.1779146246002545E+01 -0.2068457867579697E+00 -0.1080440631650701E+03
  0.1770975661130345E+01 -0.1988450871878683E+00 -0.1105716531261628E+03
  0.1762805076234296E+01 -0.1908311130769725E+00 -0.1128689789981146E+03
  0.1754634491315471E+01 -0.1828043994237966E+00 -0.1149236524027463E+03
  0.1746463906374929E+01 -0.1747654820773241E+00 -0.1165381569764747E+03
  0.1738293321413718E+01 -0.1667148977012352E+00 -0.1176600540903483E+03
  0.1730122736432872E+01 -0.1586531837380799E+00 -0.1186254754893929E+03
  0.1721952151433418E+01 -0.1505808783733995E+00 -0.1197987737664436E+03
  0.1713781566416370E+01 -0.1424985204997981E+00 -0.1212637931625493E+03
  0.1705610981382731E+01 -0.1344066496809675E+00 -0.1229562870726821E+03
  0.1697440396333499E+01 -0.1263058061156663E+00 -0.1248452223958065E+03
  0.1689269811269659E+01 -0.1181965306016578E+00 -0.1267336929752615E+03
  0.1681099226192191E+01 -0.1100793644996070E+00 -0.1281766225620910E+03
  0.1672928641102067E+01 -0.1019548496969404E+00 -0.1287825407710776E+03
  0.1664758056000250E+01 -0.9382352857167028E-01 -0.1285230361881042E+03
  0.1656587470887701E+01 -0.8568594395618719E-01 -0.1276370783264815E+03
  0.1648416885765370E+01 -0.7754263910102077E-01 -0.1265514547415501E+03
  0.1640246300634206E+01 -0.6939415763857371E-01 -0.1258969931917560E+03
  0.1632075715495151E+01 -0.6124104354682962E-01 -0.1263156371596897E+03
  0.1623905130349143E+01 -0.5308384111303818E-01 -0.1279958338991683E+03
  0.1615734545197117E+01 -0.4492309489737940E-01 -0.1305933306636116E+03
  0.1607563960040004E+01 -0.3675934969660982E-01 -0.1335866058756547E+03
  0.1599393374878733E+01 -0.2859315050769285E-01 -0.1366234221667119E+03
  0.1591222789714229E+01 -0.2042504249141571E-01 -0.1394522943668887E+03
  0.1583052204547419E+01 -0.1225557093599554E-01 -0.1418893125304888E+03
  0.1574881619379224E+01 -0.4085281220676868E-02 -0.1439980082415773E+03
  0.1566711034210569E+01  0.4085281220676868E-02 -0.1461388796092029E+03
  0.1558540449042374E+01  0.1225557093599554E-01 -0.1485541619277848E+03
  0.1550369863875564E+01  0.2042504249141571E-01 -0.1510370468134872E+03
  0.1542199278711061E+01  0.2859315050769285E-01 -0.1530819009374364E+03
  0.1534028693549790E+01  0.3675934969660982E-01 -0.1545057633219718E+03
  0.1525858108392677E+01  0.4492309489737940E-01 -0.1558179092523029E+03
  0.1517687523240650E+01  0.5308384111303818E-01 -0.1579392186426743E+03
  0.1509516938094642E+01  0.6124104354682962E-01 -0.1614159510517345E+03
  0.1501346352955587E+01  0.6939415763857371E-01 -0.1658941199176692E+03
  0.1493175767824423E+01  0.7754263910102077E-01 -0.1704469150476853E+03
  0.1485005182702093E+01  0.8568594395618719E-01 -0.1743724413209873E+03
  0.1476834597589543E+01  0.9382352857167028E-01 -0.1775079139816347E+03
  0.1468664012487727E+01  0.1019548496969404E+00 -0.1799254778327514E+03
  0.1460493427397602E+01  0.1100793644996070E+00 -0.1815821402275137E+03
  0.1452322842320134E+01  0.1181965306016578E+00 -0.1824992638356983E+03
  0.1444152257256294E+01  0.1263058061156663E+00 -0.1829852861724897E+03
  0.1435981672207062E+01  0.1344066496809675E+00 -0.1835102838425439E+03
  0.1427811087173423E+01  0.1424985204997981E+00 -0.1843807459867884E+03
  0.1419640502156375E+01  0.1505808783733995E+00 -0.1855490700328201E+03
  0.1411469917156921E+01  0.1586531837380799E+00 -0.1866443219291581E+03
  0.1403299332176076E+01  0.1667148977012352E+00 -0.1873349780550564E+03
  0.1395128747214864E+01  0.1747654820773241E+00 -0.1876910134349351E+03
  0.1386958162274323E+01  0.1828043994237966E+00 -0.1880931315017037E+03
  0.1378787577355497E+01  0.1908311130769725E+00 -0.1887053240819553E+03
  0.1370616992459449E+01  0.1988450871878683E+00 -0.1892510872493110E+03
  0.1362446407587248E+01  0.2068457867579697E+00 -0.1893176526666039E+03
  0.1354275822739983E+01  0.2148326776749467E+00 -0.1886777524021442E+03
  0.1346105237918751E+01  0.2228052267483099E+00 -0.1873655930697410E+03
  0.1337934653124670E+01  0.2307629017450062E+00 -0.1856620417546575E+03
  0.1329764068358868E+01  0.2387051714249486E+00 -0.1839605170403468E+03
  0.1321593483622494E+01  0.2466315055764818E+00 -0.1825113945473959E+03
  0.1313422898916710E+01  0.2545413750517773E+00 -0.1812375109511750E+03
  0.1305252314242701E+01  0.2624342518021592E+00 -0.1799129373244341E+03
  0.1297081729601665E+01  0.2703096089133553E+00 -0.1784220414084057E+03
  0.1288911144994824E+01  0.2781669206406729E+00 -0.1766844542320293E+03
  0.1280740560423418E+01  0.2860056624440968E+00 -0.1743845382698742E+03
  0.1272569975888710E+01  0.2938253110233064E+00 -0.1712249062060862E+03
  0.1264399391391984E+01  0.3016253443526109E+00 -0.1673897319251831E+03
  0.1256228806934547E+01  0.3094052417157978E+00 -0.1635428848405209E+03
  0.1248058222517730E+01  0.3171644837408958E+00 -0.1601660510517205E+03
  0.1239887638142892E+01  0.3249025524348469E+00 -0.1572376320368730E+03
  0.1231717053811414E+01  0.3326189312180866E+00 -0.1544843484900247E+03
  0.1223546469524707E+01  0.3403131049590297E+00 -0.1517296856969146E+03
  0.1215375885284210E+01  0.3479845600084601E+00 -0.1489415659769163E+03
  0.1207205301091390E+01  0.3556327842338202E+00 -0.1462057560078845E+03
  0.1199034716947747E+01  0.3632572670534011E+00 -0.1436186203094923E+03
  0.1190864132854811E+01  0.3708574994704271E+00 -0.1412734674036534E+03
  0.1182693548814147E+01  0.3784329741070359E+00 -0.1392490863992972E+03
  0.1174522964827352E+01  0.3859831852381501E+00 -0.1376331775854029E+03
  0.1166352380896063E+01  0.3935076288252386E+00 -0.1363445697947766E+03
  0.1158181797021950E+01  0.4010058025499653E+00 -0.1349852780467695E+03
  0.1150011213206726E+01  0.4084772058477228E+00 -0.1331364661551111E+03
  0.1141840629452141E+01  0.4159213399410494E+00 -0.1308425945188122E+03
  0.1133670045759989E+01  0.4233377078729265E+00 -0.1284939121127459E+03
  0.1125499462132108E+01  0.4307258145399545E+00 -0.1262959617389176E+03
  0.1117328878570381E+01  0.4380851667254050E+00 -0.1241309448206183E+03
  0.1109158295076737E+01  0.4454152731321473E+00 -0.1219491229199605E+03
  0.1100987711653159E+01  0.4527156444154464E+00 -0.1198227095503811E+03
  0.1092817128301675E+01  0.4599857932156304E+00 -0.1177580678326735E+03
  0.1084646545024371E+01  0.4672252341906264E+00 -0.1156080807572171E+03
  0.1076475961823386E+01  0.4744334840483606E+00 -0.1133281692041290E+03
  0.1068305378700920E+01  0.4816100615790221E+00 -0.1110234252986136E+03
  0.1060134795659229E+01  0.4887544876871878E+00 -0.1087380403694018E+03
  0.1051964212700635E+01  0.4958662854238058E+00 -0.1063140443560804E+03
  0.1043793629827524E+01  0.5029449800180356E+00 -0.1035697639258937E+03
  0.1035623047042350E+01  0.5099900989089429E+00 -0.1003121406172651E+03
  0.1027452464347638E+01  0.5170011717770473E+00 -0.9635043614221526E+02
  0.1019281881745987E+01  0.5239777305757194E+00 -0.9166477386874593E+02
  0.1011111299240073E+01  0.5309193095624275E+00 -0.8657575121857330E+02
  0.1002940716832650E+01  0.5378254453298289E+00 -0.8137464078207363E+02
  0.9947701345265596E+00  0.5446956768367068E+00 -0.7609884395336002E+02
  0.9865995523247275E+00  0.5515295454387482E+00 -0.7083896983577134E+02
  0.9784289702301714E+00  0.5583265949191624E+00 -0.6606686932046051E+02
  0.9702583882460036E+00  0.5650863715191369E+00 -0.6226050565059992E+02
  0.9620878063754359E+00  0.5718084239681300E+00 -0.5944531724877798E+02
  0.9539172246217830E+00  0.5784923035139965E+00 -0.5728888665616162E+02
  0.9457466429884676E+00  0.5851375639529456E+00 -0.5554788396157493E+02
  0.9375760614790253E+00  0.5917437616593286E+00 -0.5415098681080151E+02
  0.9294054800971098E+00  0.5983104556152549E+00 -0.5310104120758030E+02
  0.9212348988464978E+00  0.6048372074400329E+00 -0.5232767817430091E+02
  0.9130643177310944E+00  0.6113235814194364E+00 -0.5174487094118672E+02
  0.9048937367549402E+00  0.6177691445347914E+00 -0.5130718553723360E+02
  0.8967231559222163E+00  0.6241734664918837E+00 -0.5118813121578343E+02
  0.8885525752372514E+00  0.6305361197496849E+00 -0.5160458977534821E+02
  0.8803819947045285E+00  0.6368566795488945E+00 -0.5251733220905970E+02
  0.8722114143286931E+00  0.6431347239402948E+00 -0.5350211909718699E+02
  0.8640408341145595E+00  0.6493698338129212E+00 -0.5414382821575159E+02
  0.8558702540671204E+00  0.6555615929220400E+00 -0.5437411603856526E+02
  0.8476996741915547E+00  0.6617095879169366E+00 -0.5429466061589206E+02
  0.8395290944932369E+00  0.6678134083685102E+00 -0.5384611484474699E+02
  0.8313585149777468E+00  0.6738726467966731E+00 -0.5306637799509032E+02
  0.8231879356508802E+00  0.6798868986975534E+00 -0.5229771392937388E+02
  0.8150173565186587E+00  0.6858557625704990E+00 -0.5187483185717966E+02
  0.8068467775873427E+00  0.6917788399448808E+00 -0.5164769996160292E+02
  0.7986761988634423E+00  0.6976557354066943E+00 -0.5114117439060480E+02
  0.7905056203537315E+00  0.7034860566249567E+00 -0.4993601960049828E+02
  0.7823350420652612E+00  0.7092694143778975E+00 -0.4790746824172395E+02
  0.7741644640053743E+00  0.7150054225789432E+00 -0.4519655755568950E+02
  0.7659938861817212E+00  0.7206936983024912E+00 -0.4225594341987347E+02
  0.7578233086022768E+00  0.7263338618094733E+00 -0.3953702066275197E+02
  0.7496527312753575E+00  0.7319255365727068E+00 -0.3716131136816854E+02
  0.7414821542096410E+00  0.7374683493020299E+00 -0.3489534669049622E+02
  0.7333115774141861E+00  0.7429619299692227E+00 -0.3250503070297304E+02
  0.7251410008984539E+00  0.7484059118327094E+00 -0.2983664017703785E+02
  0.7169704246723316E+00  0.7537999314620412E+00 -0.2679360207405811E+02
  0.7087998487461566E+00  0.7591436287621580E+00 -0.2327322950097584E+02
  0.7006292731307425E+00  0.7644366469974285E+00 -0.1926593879976189E+02
  0.6924586978374083E+00  0.7696786328154644E+00 -0.1473136807313888E+02
  0.6842881228780077E+00  0.7748692362707100E+00 -0.9560580768899431E+01
  0.6761175482649616E+00  0.7800081108478040E+00 -0.3663382907895357E+01
  0.6679469740112938E+00  0.7850949134847117E+00  0.2843158606440881E+01
  0.6597764001306670E+00  0.7901293045956280E+00  0.9818510594533411E+01
  0.6516058266374236E+00  0.7951109480936471E+00  0.1718136921250868E+02
  0.6434352535466297E+00  0.8000395114131988E+00  0.2493980388303598E+02
  0.6352646808741202E+00  0.8049146655322506E+00  0.3317042883517573E+02
  0.6270941086365502E+00  0.8097360849942720E+00  0.4205931623560421E+02
  0.6189235368514482E+00  0.8145034479299620E+00  0.5158573187426965E+02
  0.6107529655372755E+00  0.8192164360787360E+00  0.6145870818191875E+02
  0.6025823947134890E+00  0.8238747348099726E+00  0.7132205542035886E+02
  0.5944118244006098E+00  0.8284780331440178E+00  0.8097141694563909E+02
  0.5862412546202973E+00  0.8330260237729452E+00  0.9009288044387826E+02
  0.5780706853954301E+00  0.8375184030810715E+00  0.9835497051593305E+02
  0.5699001167501928E+00  0.8419548711652254E+00  0.1059307494156458E+03
  0.5617295487101719E+00  0.8463351318547683E+00  0.1138286193497660E+03
  0.5535589813024583E+00  0.8506588927313666E+00  0.1228726981555430E+03
  0.5453884145557613E+00  0.8549258651485127E+00  0.1328781737331562E+03
  0.5372178485005299E+00  0.8591357642507945E+00  0.1431034202826226E+03
  0.5290472831690897E+00  0.8632883089929120E+00  0.1534257561484302E+03
  0.5208767185957875E+00  0.8673832221584393E+00  0.1643186592603882E+03
  0.5127061548171545E+00  0.8714202303783312E+00  0.1761636775036135E+03
  0.5045355918720822E+00  0.8753990641491725E+00  0.1889795047735714E+03
  0.4963650298020162E+00  0.8793194578511700E+00  0.2027046614639132E+03
  0.4881944686511717E+00  0.8831811497658847E+00  0.2168477549545456E+03
  0.4800239084667671E+00  0.8869838820937034E+00  0.2304373639633831E+03
  0.4718533492992859E+00  0.8907274009710492E+00  0.2428669014411127E+03
  0.4636827912027636E+00  0.8944114564873288E+00  0.2546893076370102E+03
  0.4555122342351060E+00  0.8980358027016164E+00  0.2665775808771347E+03
  0.4473416784584431E+00  0.9016001976590722E+00  0.2785734776209591E+03
  0.4391711239395221E+00  0.9051044034070944E+00  0.2904663770813253E+03
  0.4310005707501444E+00  0.9085481860112055E+00  0.3021637364854876E+03
  0.4228300189676551E+00  0.9119313155706682E+00  0.3132868981441218E+03
  0.4146594686754885E+00  0.9152535662338340E+00  0.3234656819479749E+03
  0.4064889199637791E+00  0.9185147162132208E+00  0.3330594213048070E+03
  0.3983183729300507E+00  0.9217145478003181E+00  0.3432248405722603E+03
  0.3901478276799883E+00  0.9248528473801222E+00  0.3548321848389567E+03
  0.3819772843283120E+00  0.9279294054453956E+00  0.3680605237207688E+03
  0.3738067429997641E+00  0.9309440166106540E+00  0.3828131265446643E+03
  0.3656362038302282E+00  0.9338964796258775E+00  0.3989712817030007E+03
  0.3574656669680030E+00  0.9367865973899459E+00  0.4156108873926023E+03
  0.3492951325752533E+00  0.9396141769637963E+00  0.4315518573830024E+03
  0.3411246008296713E+00  0.9423790295833044E+00  0.4465753520727723E+03
  0.3329540719263814E+00  0.9450809706718851E+00  0.4616021380597097E+03
  0.3247835460801308E+00  0.9477198198528157E+00  0.4771004798549500E+03
  0.3166130235278230E+00  0.9502954009612771E+00  0.4929932750968869E+03
  0.3084425045314506E+00  0.9528075420561144E+00  0.5094754693460688E+03
  0.3002719893815085E+00  0.9552560754313160E+00  0.5268849929130503E+03
  0.2921014784009779E+00  0.9576408376272095E+00  0.5448031404946419E+03
  0.2839309719500016E+00  0.9599616694413742E+00  0.5629530926068049E+03
  0.2757604704313845E+00  0.9622184159392698E+00  0.5816219003028220E+03
  0.2675899742971076E+00  0.9644109264645802E+00  0.6010601561537674E+03
  0.2594194840560681E+00  0.9665390546492710E+00  0.6208767151869386E+03
  0.2512490002833307E+00  0.9686026584233628E+00  0.6411637038113874E+03
  0.2430785236312446E+00  0.9706016000244151E+00  0.6624998828576521E+03
  0.2349080548428762E+00  0.9725357460067257E+00  0.6849573990217160E+03
  0.2267375947683499E+00  0.9744049672502397E+00  0.7077555652818835E+03
  0.2185671443848464E+00  0.9762091389691724E+00  0.7310590864345296E+03
  0.2103967048212628E+00  0.9779481407203411E+00  0.7558534898631651E+03
  0.2022262773888417E+00  0.9796218564112101E+00  0.7826230285921019E+03
  0.1940558636195398E+00  0.9812301743076443E+00  0.8107199374270407E+03
  0.1858854653144977E+00  0.9827729870413743E+00  0.8398444636484551E+03
  0.1777150846058812E+00  0.9842501916171713E+00  0.8700531698482731E+03
  0.1695447240365762E+00  0.9856616894197333E+00  0.9015511333192239E+03
  0.1613743866640789E+00  0.9870073862202815E+00  0.9346767043266161E+03
  0.1532040761975885E+00  0.9882871921828699E+00  0.9711978016509070E+03
  0.1450337971813853E+00  0.9895010218704087E+00  0.1012168810515262E+04
  0.1368635552438019E+00  0.9906487942504061E+00  0.1056387057598125E+04
  0.1286933574408989E+00  0.9917304327004320E+00  0.1102484907337176E+04
  0.1205232127396896E+00  0.9927458650133153E+00  0.1151869940438949E+04
  0.1123531327118049E+00  0.9936950234020883E+00  0.1205064519883301E+04
  0.1041831325528455E+00  0.9945778445047068E+00  0.1260725363940456E+04
  0.9601323262085862E-01  0.9953942693885953E+00  0.1319391598856659E+04
  0.8784346083082471E-01  0.9961442435551087E+00  0.1385565224152553E+04
  0.7967385651719167E-01  0.9968277169440913E+00  0.1460628509141353E+04
  0.7150447693306423E-01  0.9974446439389107E+00  0.1543810104505023E+04
  0.6333540875299180E-01  0.9979949833727938E+00  0.1639054884417667E+04
  0.5516678972815772E-01  0.9984786985384589E+00  0.1755962596638947E+04
  0.4699885272846815E-01  0.9988957572063257E+00  0.1902045015454084E+04
  0.3883202470742381E-01  0.9992461316671845E+00  0.2095269418000201E+04
  0.3066718105470672E-01  0.9995297988558859E+00  0.2381078982966545E+04
  0.2250643816359393E-01  0.9997467408113523E+00  0.2808340609346560E+04
  0.1435650599352885E-01  0.9998969471378596E+00  0.3337871050263154E+04
  0.6254421014113626E-02  0.9999804411726474E+00  0.3789060899389307E+04
