# nlmax, ncor, nside =         383           1         128
  0.3135338232575680E+01 -0.9999804411726474E+00  0.1870105169264255E+03
  0.3127236147596264E+01 -0.9998969471378596E+00  0.1786239503448329E+03
  0.3119086215426199E+01 -0.9997467408113523E+00  0.1679639493751693E+03
  0.3110925472535087E+01 -0.9995297988558859E+00  0.1588988874559336E+03
  0.3102760628882369E+01 -0.9992461316671845E+00  0.1527818029190532E+03
  0.3094593800861325E+01 -0.9988957572063257E+00  0.1497219055764323E+03
  0.3086425863861635E+01 -0.9984786985384589E+00  0.1493375785063116E+03
  0.3078257244836801E+01 -0.9979949833727938E+00  0.1513134510592180E+03
  0.3070088176656729E+01 -0.9974446439389107E+00  0.1545567853884049E+03
  0.3061918797072602E+01 -0.9968277169440913E+00  0.1580407557963486E+03
  0.3053749192758969E+01 -0.9961442435551087E+00  0.1615303783686537E+03
  0.3045579420968934E+01 -0.9953942693885953E+00  0.1653411027693711E+03
  0.3037409521036948E+01 -0.9945778445047068E+00  0.1697882490797907E+03
  0.3029239520877988E+01 -0.9936950234020883E+00  0.1745621429117256E+03
  0.3021069440850104E+01 -0.9927458650133153E+00  0.1790618712409915E+03
  0.3012899296148894E+01 -0.9917304327004320E+00  0.1833706290480111E+03
  0.3004729098345992E+01 -0.9906487942504061E+00  0.1881081434596531E+03
  0.2996558856408408E+01 -0.9895010218704087E+00  0.1938307303547142E+03
  0.2988388577392205E+01 -0.9882871921828699E+00  0.2002641951498425E+03
  0.2980218266925714E+01 -0.9870073862202815E+00  0.2064263848279036E+03
  0.2972047929553217E+01 -0.9856616894197333E+00  0.2116461337153288E+03
  0.2963877568983912E+01 -0.9842501916171713E+00  0.2160087700919184E+03
  0.2955707188275296E+01 -0.9827729870413743E+00  0.2196629637294055E+03
  0.2947536789970254E+01 -0.9812301743076443E+00  0.2223786131548762E+03
  0.2939366376200951E+01 -0.9796218564112101E+00  0.2238893729462800E+03
  0.2931195948768531E+01 -0.9779481407203411E+00  0.2244063475553674E+03
  0.2923025509204947E+01 -0.9762091389691724E+00  0.2246514981523513E+03
  0.2914855058821443E+01 -0.9744049672502397E+00  0.2250471136738165E+03
  0.2906684598746917E+01 -0.9725357460067257E+00  0.2253942425671905E+03
  0.2898514129958549E+01 -0.9706016000244151E+00  0.2252019653934265E+03
  0.2890343653306462E+01 -0.9686026584233628E+00  0.2245743699261868E+03
  0.2882173169533725E+01 -0.9665390546492710E+00  0.2244190571972123E+03
  0.2874002679292686E+01 -0.9644109264645802E+00  0.2254056287267767E+03
  0.2865832183158409E+01 -0.9622184159392698E+00  0.2273318533964550E+03
  0.2857661681639792E+01 -0.9599616694413742E+00  0.2292485510500357E+03
  0.2849491175188815E+01 -0.9576408376272095E+00  0.2306942726537109E+03
  0.2841320664208285E+01 -0.9552560754313160E+00  0.2317330966036786E+03
  0.2833150149058343E+01 -0.9528075420561144E+00  0.2323528070838080E+03
  0.2824979630061970E+01 -0.9502954009612771E+00  0.2319203190073065E+03
  0.2816809107509663E+01 -0.9477198198528157E+00  0.2298894293297788E+03
  0.2808638581663412E+01 -0.9450809706718851E+00  0.2265260146791950E+03
  0.2800468052760122E+01 -0.9423790295833044E+00  0.2229181690921070E+03
  0.2792297521014540E+01 -0.9396141769637963E+00  0.2197832646100107E+03
  0.2784126986621790E+01 -0.9367865973899459E+00  0.2171936068536757E+03
  0.2775956449759565E+01 -0.9338964796258775E+00  0.2145672576230687E+03
  0.2767785910590029E+01 -0.9309440166106540E+00  0.2111497727693618E+03
  0.2759615369261481E+01 -0.9279294054453956E+00  0.2065280954676985E+03
  0.2751444825909805E+01 -0.9248528473801222E+00  0.2011821469650741E+03
  0.2743274280659743E+01 -0.9217145478003181E+00  0.1962167491265827E+03
  0.2735103733626014E+01 -0.9185147162132208E+00  0.1922297793579646E+03
  0.2726933184914305E+01 -0.9152535662338340E+00  0.1889996152824472E+03
  0.2718762634622138E+01 -0.9119313155706682E+00  0.1858719681076369E+03
  0.2710592082839649E+01 -0.9085481860112055E+00  0.1822649904329732E+03
  0.2702421529650271E+01 -0.9051044034070944E+00  0.1779139578962249E+03
  0.2694250975131350E+01 -0.9016001976590722E+00  0.1731601982095047E+03
  0.2686080419354687E+01 -0.8980358027016164E+00  0.1687601145312498E+03
  0.2677909862387029E+01 -0.8944114564873288E+00  0.1649970062348521E+03
  0.2669739304290507E+01 -0.8907274009710492E+00  0.1613958729537298E+03
  0.2661568745123026E+01 -0.8869838820937034E+00  0.1570536152706822E+03
  0.2653398184938621E+01 -0.8831811497658847E+00  0.1511946841592315E+03
  0.2645227623787777E+01 -0.8793194578511700E+00  0.1436127426722461E+03
  0.2637057061717711E+01 -0.8753990641491725E+00  0.1345552305200995E+03
  0.2628886498772639E+01 -0.8714202303783312E+00  0.1245818675055090E+03
  0.2620715934994006E+01 -0.8673832221584393E+00  0.1144965601222610E+03
  0.2612545370420704E+01 -0.8632883089929120E+00  0.1049431811108269E+03
  0.2604374805089263E+01 -0.8591357642507945E+00  0.9627773470180134E+02
  0.2596204239034032E+01 -0.8549258651485127E+00  0.8863641235397822E+02
  0.2588033672287335E+01 -0.8506588927313666E+00  0.8212873018007119E+02
  0.2579863104879621E+01 -0.8463351318547683E+00  0.7663529552060538E+02
  0.2571692536839600E+01 -0.8419548711652254E+00  0.7204340587651319E+02
  0.2563521968194363E+01 -0.8375184030810715E+00  0.6839367391758030E+02
  0.2555351398969496E+01 -0.8330260237729452E+00  0.6561265653925911E+02
  0.2547180829189184E+01 -0.8284780331440178E+00  0.6309447822698560E+02
  0.2539010258876304E+01 -0.8238747348099726E+00  0.6007149069985378E+02
  0.2530839688052518E+01 -0.8192164360787360E+00  0.5613547447788356E+02
  0.2522669116738345E+01 -0.8145034479299620E+00  0.5140676426157397E+02
  0.2514498544953243E+01 -0.8097360849942720E+00  0.4609442901140549E+02
  0.2506327972715673E+01 -0.8049146655322506E+00  0.4082270522889643E+02
  0.2498157400043163E+01 -0.8000395114131988E+00  0.3668950179992905E+02
  0.2489986826952370E+01 -0.7951109480936471E+00  0.3440662841045087E+02
  0.2481816253459126E+01 -0.7901293045956280E+00  0.3352847628831286E+02
  0.2473645679578500E+01 -0.7850949134847117E+00  0.3275747582829282E+02
  0.2465475105324832E+01 -0.7800081108478040E+00  0.3138717324934172E+02
  0.2457304530711785E+01 -0.7748692362707100E+00  0.2998007844986865E+02
  0.2449133955752385E+01 -0.7696786328154644E+00  0.2944220847317601E+02
  0.2440963380459050E+01 -0.7644366469974285E+00  0.2987608702743115E+02
  0.2432792804843637E+01 -0.7591436287621580E+00  0.3053845158235480E+02
  0.2424622228917462E+01 -0.7537999314620412E+00  0.3066115453077036E+02
  0.2416451652691339E+01 -0.7484059118327094E+00  0.3006982836281786E+02
  0.2408281076175607E+01 -0.7429619299692227E+00  0.2904732930571279E+02
  0.2400110499380152E+01 -0.7374683493020299E+00  0.2789057732760567E+02
  0.2391939922314436E+01 -0.7319255365727068E+00  0.2690236489808058E+02
  0.2383769344987516E+01 -0.7263338618094733E+00  0.2621368036120088E+02
  0.2375598767408072E+01 -0.7206936983024912E+00  0.2592613651337119E+02
  0.2367428189584419E+01 -0.7150054225789432E+00  0.2607701613976724E+02
  0.2359257611524532E+01 -0.7092694143778975E+00  0.2674902292528130E+02
  0.2351087033236062E+01 -0.7034860566249567E+00  0.2807852501311007E+02
  0.2342916454726351E+01 -0.6976557354066943E+00  0.3044302319906256E+02
  0.2334745876002450E+01 -0.6917788399448808E+00  0.3386511487901983E+02
  0.2326575297071134E+01 -0.6858557625704990E+00  0.3771703762981150E+02
  0.2318404717938913E+01 -0.6798868986975534E+00  0.4110866861159817E+02
  0.2310234138612046E+01 -0.6738726467966731E+00  0.4371384193144503E+02
  0.2302063559096557E+01 -0.6678134083685102E+00  0.4591195939499175E+02
  0.2293892979398239E+01 -0.6617095879169366E+00  0.4793585065074190E+02
  0.2285722399522673E+01 -0.6555615929220400E+00  0.4963514792781506E+02
  0.2277551819475234E+01 -0.6493698338129212E+00  0.5072230322819633E+02
  0.2269381239261100E+01 -0.6431347239402948E+00  0.5099468257756556E+02
  0.2261210658885265E+01 -0.6368566795488945E+00  0.5044195120136628E+02
  0.2253040078352542E+01 -0.6305361197496849E+00  0.4931631170908824E+02
  0.2244869497667577E+01 -0.6241734664918837E+00  0.4831919675387233E+02
  0.2236698916834853E+01 -0.6177691445347914E+00  0.4817512064297171E+02
  0.2228528335858699E+01 -0.6113235814194364E+00  0.4918248333748613E+02
  0.2220357754743295E+01 -0.6048372074400329E+00  0.5093059726226870E+02
  0.2212187173492683E+01 -0.5983104556152549E+00  0.5279490020994860E+02
  0.2204016592110768E+01 -0.5917437616593286E+00  0.5419699145699039E+02
  0.2195846010601326E+01 -0.5851375639529456E+00  0.5478649185963199E+02
  0.2187675428968010E+01 -0.5784923035139965E+00  0.5428911296604225E+02
  0.2179504847214357E+01 -0.5718084239681300E+00  0.5255106446766871E+02
  0.2171334265343789E+01 -0.5650863715191369E+00  0.4973162190265354E+02
  0.2163163683359622E+01 -0.5583265949191624E+00  0.4634906362216981E+02
  0.2154993101265066E+01 -0.5515295454387482E+00  0.4302239312192906E+02
  0.2146822519063234E+01 -0.5446956768367068E+00  0.4022911242750430E+02
  0.2138651936757143E+01 -0.5378254453298289E+00  0.3799503271991298E+02
  0.2130481354349721E+01 -0.5309193095624275E+00  0.3600068859084107E+02
  0.2122310771843806E+01 -0.5239777305757194E+00  0.3380086703797105E+02
  0.2114140189242155E+01 -0.5170011717770473E+00  0.3110815521477648E+02
  0.2105969606547443E+01 -0.5099900989089429E+00  0.2802757051994820E+02
  0.2097799023762269E+01 -0.5029449800180356E+00  0.2489409763730418E+02
  0.2089628440889158E+01 -0.4958662854238058E+00  0.2190998188467170E+02
  0.2081457857930564E+01 -0.4887544876871878E+00  0.1909793964002282E+02
  0.2073287274888874E+01 -0.4816100615790221E+00  0.1628239283092993E+02
  0.2065116691766407E+01 -0.4744334840483606E+00  0.1317523574908959E+02
  0.2056946108565423E+01 -0.4672252341906264E+00  0.9421536203273076E+01
  0.2048775525288118E+01 -0.4599857932156304E+00  0.4925024744850810E+01
  0.2040604941936635E+01 -0.4527156444154464E+00  0.4628084608018190E-01
  0.2032434358513056E+01 -0.4454152731321473E+00 -0.4398141834027819E+01
  0.2024263775019413E+01 -0.4380851667254050E+00 -0.7653138392133226E+01
  0.2016093191457685E+01 -0.4307258145399545E+00 -0.9482086949076679E+01
  0.2007922607829804E+01 -0.4233377078729265E+00 -0.1025472196711315E+02
  0.1999752024137653E+01 -0.4159213399410494E+00 -0.1061122004417602E+02
  0.1991581440383068E+01 -0.4084772058477228E+00 -0.1129215669954522E+02
  0.1983410856567843E+01 -0.4010058025499653E+00 -0.1260783065732659E+02
  0.1975240272693730E+01 -0.3935076288252386E+00 -0.1432010398197119E+02
  0.1967069688762441E+01 -0.3859831852381501E+00 -0.1594322316061220E+02
  0.1958899104775647E+01 -0.3784329741070359E+00 -0.1743443763842700E+02
  0.1950728520734982E+01 -0.3708574994704271E+00 -0.1920646430045650E+02
  0.1942557936642046E+01 -0.3632572670534011E+00 -0.2160147287384935E+02
  0.1934387352498403E+01 -0.3556327842338202E+00 -0.2447253048653281E+02
  0.1926216768305583E+01 -0.3479845600084601E+00 -0.2747909957658237E+02
  0.1918046184065086E+01 -0.3403131049590297E+00 -0.3052602403980771E+02
  0.1909875599778379E+01 -0.3326189312180866E+00 -0.3362209568833275E+02
  0.1901705015446901E+01 -0.3249025524348469E+00 -0.3648344467495303E+02
  0.1893534431072063E+01 -0.3171644837408958E+00 -0.3873664938839529E+02
  0.1885363846655247E+01 -0.3094052417157978E+00 -0.4027845063723390E+02
  0.1877193262197810E+01 -0.3016253443526109E+00 -0.4129552061550212E+02
  0.1869022677701083E+01 -0.2938253110233064E+00 -0.4194940304210701E+02
  0.1860852093166375E+01 -0.2860056624440968E+00 -0.4247265958694143E+02
  0.1852681508594969E+01 -0.2781669206406729E+00 -0.4326711949213794E+02
  0.1844510923988128E+01 -0.2703096089133553E+00 -0.4457202125423061E+02
  0.1836340339347093E+01 -0.2624342518021592E+00 -0.4626741867628642E+02
  0.1828169754673083E+01 -0.2545413750517773E+00 -0.4807162959310430E+02
  0.1819999169967299E+01 -0.2466315055764818E+00 -0.4972679141970112E+02
  0.1811828585230925E+01 -0.2387051714249486E+00 -0.5118531332457446E+02
  0.1803658000465123E+01 -0.2307629017450062E+00 -0.5235977006997032E+02
  0.1795487415671042E+01 -0.2228052267483099E+00 -0.5344678234388072E+02
  0.1787316830849811E+01 -0.2148326776749467E+00 -0.5477322708467972E+02
  0.1779146246002545E+01 -0.2068457867579697E+00 -0.5667330540229777E+02
  0.1770975661130345E+01 -0.1988450871878683E+00 -0.5912486321685072E+02
  0.1762805076234296E+01 -0.1908311130769725E+00 -0.6201894481806534E+02
  0.1754634491315471E+01 -0.1828043994237966E+00 -0.6528645392687899E+02
  0.1746463906374929E+01 -0.1747654820773241E+00 -0.6870702105594380E+02
  0.1738293321413718E+01 -0.1667148977012352E+00 -0.7199833442267403E+02
  0.1730122736432872E+01 -0.1586531837380799E+00 -0.7510619177117685E+02
  0.1721952151433418E+01 -0.1505808783733995E+00 -0.7808973953954354E+02
  0.1713781566416370E+01 -0.1424985204997981E+00 -0.8086160289491187E+02
  0.1705610981382731E+01 -0.1344066496809675E+00 -0.8319724555757826E+02
  0.1697440396333499E+01 -0.1263058061156663E+00 -0.8513532755031298E+02
  0.1689269811269659E+01 -0.1181965306016578E+00 -0.8686974613853954E+02
  0.1681099226192191E+01 -0.1100793644996070E+00 -0.8847476024729669E+02
  0.1672928641102067E+01 -0.1019548496969404E+00 -0.8995108710215716E+02
  0.1664758056000250E+01 -0.9382352857167028E-01 -0.9134459483102140E+02
  0.1656587470887701E+01 -0.8568594395618719E-01 -0.9267562099915405E+02
  0.1648416885765370E+01 -0.7754263910102077E-01 -0.9390196322693853E+02
  0.1640246300634206E+01 -0.6939415763857371E-01 -0.9507576011168558E+02
  0.1632075715495151E+01 -0.6124104354682962E-01 -0.9658744683492795E+02
  0.1623905130349143E+01 -0.5308384111303818E-01 -0.9866429968071405E+02
  0.1615734545197117E+01 -0.4492309489737940E-01 -0.1009606795759278E+03
  0.1607563960040004E+01 -0.3675934969660982E-01 -0.1027563860820916E+03
  0.1599393374878733E+01 -0.2859315050769285E-01 -0.1036374182764438E+03
  0.1591222789714229E+01 -0.2042504249141571E-01 -0.1037094806003557E+03
  0.1583052204547419E+01 -0.1225557093599554E-01 -0.1033506435144178E+03
  0.1574881619379224E+01 -0.4085281220676868E-02 -0.1030108307690306E+03
  0.1566711034210569E+01  0.4085281220676868E-02 -0.1028964524172168E+03
  0.1558540449042374E+01  0.1225557093599554E-01 -0.1030147975438478E+03
  0.1550369863875564E+01  0.2042504249141571E-01 -0.1032575280282796E+03
  0.1542199278711061E+01  0.2859315050769285E-01 -0.1034100496364905E+03
  0.1534028693549790E+01  0.3675934969660982E-01 -0.1033101274415626E+03
  0.1525858108392677E+01  0.4492309489737940E-01 -0.1029695052339360E+03
  0.1517687523240650E+01  0.5308384111303818E-01 -0.1026090541251021E+03
  0.1509516938094642E+01  0.6124104354682962E-01 -0.1024256301716583E+03
  0.1501346352955587E+01  0.6939415763857371E-01 -0.1025991193915491E+03
  0.1493175767824423E+01  0.7754263910102077E-01 -0.1031391101493646E+03
  0.1485005182702093E+01  0.8568594395618719E-01 -0.1041059699774431E+03
  0.1476834597589543E+01  0.9382352857167028E-01 -0.1054751522435696E+03
  0.1468664012487727E+01  0.1019548496969404E+00 -0.1070765727039971E+03
  0.1460493427397602E+01  0.1100793644996070E+00 -0.1085046483205372E+03
  0.1452322842320134E+01  0.1181965306016578E+00 -0.1094544026361754E+03
  0.1444152257256294E+01  0.1263058061156663E+00 -0.1096669140653311E+03
  0.1435981672207062E+01  0.1344066496809675E+00 -0.1090584501976966E+03
  0.1427811087173423E+01  0.1424985204997981E+00 -0.1077989021805066E+03
  0.1419640502156375E+01  0.1505808783733995E+00 -0.1065779334264631E+03
  0.1411469917156921E+01  0.1586531837380799E+00 -0.1060516612093304E+03
  0.1403299332176076E+01  0.1667148977012352E+00 -0.1063553180807856E+03
  0.1395128747214864E+01  0.1747654820773241E+00 -0.1070884581954838E+03
  0.1386958162274323E+01  0.1828043994237966E+00 -0.1079396288743312E+03
  0.1378787577355497E+01  0.1908311130769725E+00 -0.1087429732255775E+03
  0.1370616992459449E+01  0.1988450871878683E+00 -0.1093512622475494E+03
  0.1362446407587248E+01  0.2068457867579697E+00 -0.1094255576185848E+03
  0.1354275822739983E+01  0.2148326776749467E+00 -0.1086777751986865E+03
  0.1346105237918751E+01  0.2228052267483099E+00 -0.1071881233530962E+03
  0.1337934653124670E+01  0.2307629017450062E+00 -0.1053331111029485E+03
  0.1329764068358868E+01  0.2387051714249486E+00 -0.1035032312277599E+03
  0.1321593483622494E+01  0.2466315055764818E+00 -0.1019652577393430E+03
  0.1313422898916710E+01  0.2545413750517773E+00 -0.1006093513080954E+03
  0.1305252314242701E+01  0.2624342518021592E+00 -0.9935679587196020E+02
  0.1297081729601665E+01  0.2703096089133553E+00 -0.9820469652048666E+02
  0.1288911144994824E+01  0.2781669206406729E+00 -0.9731483629790802E+02
  0.1280740560423418E+01  0.2860056624440968E+00 -0.9656954724731632E+02
  0.1272569975888710E+01  0.2938253110233064E+00 -0.9550855877103692E+02
  0.1264399391391984E+01  0.3016253443526109E+00 -0.9364445131680561E+02
  0.1256228806934547E+01  0.3094052417157978E+00 -0.9080421113195632E+02
  0.1248058222517730E+01  0.3171644837408958E+00 -0.8714215028519750E+02
  0.1239887638142892E+01  0.3249025524348469E+00 -0.8304723836257516E+02
  0.1231717053811414E+01  0.3326189312180866E+00 -0.7857678911767788E+02
  0.1223546469524707E+01  0.3403131049590297E+00 -0.7329562533524113E+02
  0.1215375885284210E+01  0.3479845600084601E+00 -0.6659293494465045E+02
  0.1207205301091390E+01  0.3556327842338202E+00 -0.5878960204484992E+02
  0.1199034716947747E+01  0.3632572670534011E+00 -0.5101500331362053E+02
  0.1190864132854811E+01  0.3708574994704271E+00 -0.4456051629627326E+02
  0.1182693548814147E+01  0.3784329741070359E+00 -0.4007949066542368E+02
  0.1174522964827352E+01  0.3859831852381501E+00 -0.3753443146399324E+02
  0.1166352380896063E+01  0.3935076288252386E+00 -0.3621756883873831E+02
  0.1158181797021950E+01  0.4010058025499653E+00 -0.3520653452358714E+02
  0.1150011213206726E+01  0.4084772058477228E+00 -0.3380196664340826E+02
  0.1141840629452141E+01  0.4159213399410494E+00 -0.3232079436116516E+02
  0.1133670045759989E+01  0.4233377078729265E+00 -0.3146538387718576E+02
  0.1125499462132108E+01  0.4307258145399545E+00 -0.3158862977749359E+02
  0.1117328878570381E+01  0.4380851667254050E+00 -0.3227517262542308E+02
  0.1109158295076737E+01  0.4454152731321473E+00 -0.3310901895364209E+02
  0.1100987711653159E+01  0.4527156444154464E+00 -0.3387879484444126E+02
  0.1092817128301675E+01  0.4599857932156304E+00 -0.3463975766056043E+02
  0.1084646545024371E+01  0.4672252341906264E+00 -0.3541152926634914E+02
  0.1076475961823386E+01  0.4744334840483606E+00 -0.3628751456396249E+02
  0.1068305378700920E+01  0.4816100615790221E+00 -0.3692372408368000E+02
  0.1060134795659229E+01  0.4887544876871878E+00 -0.3693644747706183E+02
  0.1051964212700635E+01  0.4958662854238058E+00 -0.3635539475447781E+02
  0.1043793629827524E+01  0.5029449800180356E+00 -0.3599657445220630E+02
  0.1035623047042350E+01  0.5099900989089429E+00 -0.3659105609948561E+02
  0.1027452464347638E+01  0.5170011717770473E+00 -0.3801128613524686E+02
  0.1019281881745987E+01  0.5239777305757194E+00 -0.3938120633096422E+02
  0.1011111299240073E+01  0.5309193095624275E+00 -0.4019885303512904E+02
  0.1002940716832650E+01  0.5378254453298289E+00 -0.4038596718457082E+02
  0.9947701345265596E+00  0.5446956768367068E+00 -0.4010474028184231E+02
  0.9865995523247275E+00  0.5515295454387482E+00 -0.3926273759002090E+02
  0.9784289702301714E+00  0.5583265949191624E+00 -0.3776207370828707E+02
  0.9702583882460036E+00  0.5650863715191369E+00 -0.3525621889954039E+02
  0.9620878063754359E+00  0.5718084239681300E+00 -0.3167998946706796E+02
  0.9539172246217830E+00  0.5784923035139965E+00 -0.2732337260451075E+02
  0.9457466429884676E+00  0.5851375639529456E+00 -0.2268421451741026E+02
  0.9375760614790253E+00  0.5917437616593286E+00 -0.1774072655283980E+02
  0.9294054800971098E+00  0.5983104556152549E+00 -0.1235514924340509E+02
  0.9212348988464978E+00  0.6048372074400329E+00 -0.6686646980459605E+01
  0.9130643177310944E+00  0.6113235814194364E+00 -0.1570914581215861E+01
  0.9048937367549402E+00  0.6177691445347914E+00  0.2417130058935891E+01
  0.8967231559222163E+00  0.6241734664918837E+00  0.5618494746353892E+01
  0.8885525752372514E+00  0.6305361197496849E+00  0.8740692992408084E+01
  0.8803819947045285E+00  0.6368566795488945E+00  0.1203853306050395E+02
  0.8722114143286931E+00  0.6431347239402948E+00  0.1528122357513990E+02
  0.8640408341145595E+00  0.6493698338129212E+00  0.1776894429364403E+02
  0.8558702540671204E+00  0.6555615929220400E+00  0.1927871975383962E+02
  0.8476996741915547E+00  0.6617095879169366E+00  0.2012842262900506E+02
  0.8395290944932369E+00  0.6678134083685102E+00  0.2124467435015870E+02
  0.8313585149777468E+00  0.6738726467966731E+00  0.2291420726237842E+02
  0.8231879356508802E+00  0.6798868986975534E+00  0.2459274988257971E+02
  0.8150173565186587E+00  0.6858557625704990E+00  0.2539135146237055E+02
  0.8068467775873427E+00  0.6917788399448808E+00  0.2513141563439644E+02
  0.7986761988634423E+00  0.6976557354066943E+00  0.2421670835657331E+02
  0.7905056203537315E+00  0.7034860566249567E+00  0.2318768989818552E+02
  0.7823350420652612E+00  0.7092694143778975E+00  0.2214878330510313E+02
  0.7741644640053743E+00  0.7150054225789432E+00  0.2096193326774839E+02
  0.7659938861817212E+00  0.7206936983024912E+00  0.1922936586261742E+02
  0.7578233086022768E+00  0.7263338618094733E+00  0.1685018012753372E+02
  0.7496527312753575E+00  0.7319255365727068E+00  0.1399332073000546E+02
  0.7414821542096410E+00  0.7374683493020299E+00  0.1125374216564032E+02
  0.7333115774141861E+00  0.7429619299692227E+00  0.8803495270109480E+01
  0.7251410008984539E+00  0.7484059118327094E+00  0.6455712714276382E+01
  0.7169704246723316E+00  0.7537999314620412E+00  0.3948545546689178E+01
  0.7087998487461566E+00  0.7591436287621580E+00  0.1366665660032651E+01
  0.7006292731307425E+00  0.7644366469974285E+00 -0.1267838572639978E+01
  0.6924586978374083E+00  0.7696786328154644E+00 -0.3777047226004711E+01
  0.6842881228780077E+00  0.7748692362707100E+00 -0.5893847416446108E+01
  0.6761175482649616E+00  0.7800081108478040E+00 -0.6854251868747617E+01
  0.6679469740112938E+00  0.7850949134847117E+00 -0.6262617370163267E+01
  0.6597764001306670E+00  0.7901293045956280E+00 -0.4396298545630113E+01
  0.6516058266374236E+00  0.7951109480936471E+00 -0.2254914288778091E+01
  0.6434352535466297E+00  0.8000395114131988E+00 -0.4504502501218939E+00
  0.6352646808741202E+00  0.8049146655322506E+00  0.7659181708927151E+00
  0.6270941086365502E+00  0.8097360849942720E+00  0.1681358065545116E+01
  0.6189235368514482E+00  0.8145034479299620E+00  0.2456424379286437E+01
  0.6107529655372755E+00  0.8192164360787360E+00  0.3234898660593028E+01
  0.6025823947134890E+00  0.8238747348099726E+00  0.3755164896179864E+01
  0.5944118244006098E+00  0.8284780331440178E+00  0.4078955885835236E+01
  0.5862412546202973E+00  0.8330260237729452E+00  0.4164851091170202E+01
  0.5780706853954301E+00  0.8375184030810715E+00  0.4267180186000640E+01
  0.5699001167501928E+00  0.8419548711652254E+00  0.4484334898996365E+01
  0.5617295487101719E+00  0.8463351318547683E+00  0.5249767932340149E+01
  0.5535589813024583E+00  0.8506588927313666E+00  0.6768651018297196E+01
  0.5453884145557613E+00  0.8549258651485127E+00  0.8954545329160535E+01
  0.5372178485005299E+00  0.8591357642507945E+00  0.1147656357546095E+02
  0.5290472831690897E+00  0.8632883089929120E+00  0.1479197725389507E+02
  0.5208767185957875E+00  0.8673832221584393E+00  0.1935399905185626E+02
  0.5127061548171545E+00  0.8714202303783312E+00  0.2501259387183001E+02
  0.5045355918720822E+00  0.8753990641491725E+00  0.3057368004393472E+02
  0.4963650298020162E+00  0.8793194578511700E+00  0.3538820773727586E+02
  0.4881944686511717E+00  0.8831811497658847E+00  0.3954358397427123E+02
  0.4800239084667671E+00  0.8869838820937034E+00  0.4374640338514673E+02
  0.4718533492992859E+00  0.8907274009710492E+00  0.4838857604979582E+02
  0.4636827912027636E+00  0.8944114564873288E+00  0.5380298805594374E+02
  0.4555122342351060E+00  0.8980358027016164E+00  0.5955189340069133E+02
  0.4473416784584431E+00  0.9016001976590722E+00  0.6515593222386923E+02
  0.4391711239395221E+00  0.9051044034070944E+00  0.7028928744345437E+02
  0.4310005707501444E+00  0.9085481860112055E+00  0.7552452690870018E+02
  0.4228300189676551E+00  0.9119313155706682E+00  0.8134384773236668E+02
  0.4146594686754885E+00  0.9152535662338340E+00  0.8826017260009323E+02
  0.4064889199637791E+00  0.9185147162132208E+00  0.9634703688539862E+02
  0.3983183729300507E+00  0.9217145478003181E+00  0.1059910105903523E+03
  0.3901478276799883E+00  0.9248528473801222E+00  0.1168828139254705E+03
  0.3819772843283120E+00  0.9279294054453956E+00  0.1289651599169357E+03
  0.3738067429997641E+00  0.9309440166106540E+00  0.1423301944418326E+03
  0.3656362038302282E+00  0.9338964796258775E+00  0.1577219054483278E+03
  0.3574656669680030E+00  0.9367865973899459E+00  0.1749613086736464E+03
  0.3492951325752533E+00  0.9396141769637963E+00  0.1931787565346983E+03
  0.3411246008296713E+00  0.9423790295833044E+00  0.2109591497900707E+03
  0.3329540719263814E+00  0.9450809706718851E+00  0.2277224539210062E+03
  0.3247835460801308E+00  0.9477198198528157E+00  0.2429549627390472E+03
  0.3166130235278230E+00  0.9502954009612771E+00  0.2577188348454397E+03
  0.3084425045314506E+00  0.9528075420561144E+00  0.2735264566966186E+03
  0.3002719893815085E+00  0.9552560754313160E+00  0.2917717579045381E+03
  0.2921014784009779E+00  0.9576408376272095E+00  0.3118811974721233E+03
  0.2839309719500016E+00  0.9599616694413742E+00  0.3328479978898451E+03
  0.2757604704313845E+00  0.9622184159392698E+00  0.3538023275513498E+03
  0.2675899742971076E+00  0.9644109264645802E+00  0.3747421640177695E+03
  0.2594194840560681E+00  0.9665390546492710E+00  0.3952542494974481E+03
  0.2512490002833307E+00  0.9686026584233628E+00  0.4161688436125593E+03
  0.2430785236312446E+00  0.9706016000244151E+00  0.4382973591989096E+03
  0.2349080548428762E+00  0.9725357460067257E+00  0.4624099561898545E+03
  0.2267375947683499E+00  0.9744049672502397E+00  0.4881406617438487E+03
  0.2185671443848464E+00  0.9762091389691724E+00  0.5164184632790757E+03
  0.2103967048212628E+00  0.9779481407203411E+00  0.5483745434107235E+03
  0.2022262773888417E+00  0.9796218564112101E+00  0.5847197599916008E+03
  0.1940558636195398E+00  0.9812301743076443E+00  0.6242147251524749E+03
  0.1858854653144977E+00  0.9827729870413743E+00  0.6657905437987085E+03
  0.1777150846058812E+00  0.9842501916171713E+00  0.7075683510193830E+03
  0.1695447240365762E+00  0.9856616894197333E+00  0.7481008802469985E+03
  0.1613743866640789E+00  0.9870073862202815E+00  0.7864691411550625E+03
  0.1532040761975885E+00  0.9882871921828699E+00  0.8248465160520320E+03
  0.1450337971813853E+00  0.9895010218704087E+00  0.8647025795467315E+03
  0.1368635552438019E+00  0.9906487942504061E+00  0.9066228607431204E+03
  0.1286933574408989E+00  0.9917304327004320E+00  0.9498008863807721E+03
  0.1205232127396896E+00  0.9927458650133153E+00  0.9965584205400154E+03
  0.1123531327118049E+00  0.9936950234020883E+00  0.1047221944612578E+04
  0.1041831325528455E+00  0.9945778445047068E+00  0.1101679983764336E+04
  0.9601323262085862E-01  0.9953942693885953E+00  0.1159657118995109E+04
  0.8784346083082471E-01  0.9961442435551087E+00  0.1225495820872282E+04
  0.7967385651719167E-01  0.9968277169440913E+00  0.1300219387861835E+04
  0.7150447693306423E-01  0.9974446439389107E+00  0.1384842799947240E+04
  0.6333540875299180E-01  0.9979949833727938E+00  0.1482671385654103E+04
  0.5516678972815772E-01  0.9984786985384589E+00  0.1603212354151753E+04
  0.4699885272846815E-01  0.9988957572063257E+00  0.1751175693687864E+04
  0.3883202470742381E-01  0.9992461316671845E+00  0.1942485738481137E+04
  0.3066718105470672E-01  0.9995297988558859E+00  0.2218764792565000E+04
  0.2250643816359393E-01  0.9997467408113523E+00  0.2624721570016753E+04
  0.1435650599352885E-01  0.9998969471378596E+00  0.3109702609199235E+04
  0.6254421014113626E-02  0.9999804411726474E+00  0.3498493512532620E+04
