# nlmax, ncor, nside =         383           1         128
  0.3135338232575680E+01 -0.9999804411726474E+00  0.1450141528210451E+03
  0.3127236147596264E+01 -0.9998969471378596E+00  0.1416123685998067E+03
  0.3119086215426199E+01 -0.9997467408113523E+00  0.1365864496319477E+03
  0.3110925472535087E+01 -0.9995297988558859E+00  0.1311780710613327E+03
  0.3102760628882369E+01 -0.9992461316671845E+00  0.1258632836130529E+03
  0.3094593800861325E+01 -0.9988957572063257E+00  0.1209347920293323E+03
  0.3086425863861635E+01 -0.9984786985384589E+00  0.1172343447968376E+03
  0.3078257244836801E+01 -0.9979949833727938E+00  0.1155053016734298E+03
  0.3070088176656729E+01 -0.9974446439389107E+00  0.1155731846542240E+03
  0.3061918797072602E+01 -0.9968277169440913E+00  0.1163005362338816E+03
  0.3053749192758969E+01 -0.9961442435551087E+00  0.1166188488131244E+03
  0.3045579420968934E+01 -0.9953942693885953E+00  0.1162229248916565E+03
  0.3037409521036948E+01 -0.9945778445047068E+00  0.1157609447065979E+03
  0.3029239520877988E+01 -0.9936950234020883E+00  0.1159816753047153E+03
  0.3021069440850104E+01 -0.9927458650133153E+00  0.1169895211700234E+03
  0.3012899296148894E+01 -0.9917304327004320E+00  0.1183173338903664E+03
  0.3004729098345992E+01 -0.9906487942504061E+00  0.1197282541751062E+03
  0.2996558856408408E+01 -0.9895010218704087E+00  0.1211588540180513E+03
  0.2988388577392205E+01 -0.9882871921828699E+00  0.1224968564490615E+03
  0.2980218266925714E+01 -0.9870073862202815E+00  0.1236073938619189E+03
  0.2972047929553217E+01 -0.9856616894197333E+00  0.1244862086377500E+03
  0.2963877568983912E+01 -0.9842501916171713E+00  0.1249099710394489E+03
  0.2955707188275296E+01 -0.9827729870413743E+00  0.1244954662445372E+03
  0.2947536789970254E+01 -0.9812301743076443E+00  0.1231730444923585E+03
  0.2939366376200951E+01 -0.9796218564112101E+00  0.1214673258005132E+03
  0.2931195948768531E+01 -0.9779481407203411E+00  0.1198882391062453E+03
  0.2923025509204947E+01 -0.9762091389691724E+00  0.1185605524685932E+03
  0.2914855058821443E+01 -0.9744049672502397E+00  0.1176837083793705E+03
  0.2906684598746917E+01 -0.9725357460067257E+00  0.1180009451750878E+03
  0.2898514129958549E+01 -0.9706016000244151E+00  0.1204542519047349E+03
  0.2890343653306462E+01 -0.9686026584233628E+00  0.1253206443827998E+03
  0.2882173169533725E+01 -0.9665390546492710E+00  0.1320661474758167E+03
  0.2874002679292686E+01 -0.9644109264645802E+00  0.1399862821670603E+03
  0.2865832183158409E+01 -0.9622184159392698E+00  0.1484672062475727E+03
  0.2857661681639792E+01 -0.9599616694413742E+00  0.1569316789485842E+03
  0.2849491175188815E+01 -0.9576408376272095E+00  0.1649489620724793E+03
  0.2841320664208285E+01 -0.9552560754313160E+00  0.1724911642225110E+03
  0.2833150149058343E+01 -0.9528075420561144E+00  0.1798025198992413E+03
  0.2824979630061970E+01 -0.9502954009612771E+00  0.1870164535960016E+03
  0.2816809107509663E+01 -0.9477198198528157E+00  0.1941409738298981E+03
  0.2808638581663412E+01 -0.9450809706718851E+00  0.2014077924017137E+03
  0.2800468052760122E+01 -0.9423790295833044E+00  0.2093474446011343E+03
  0.2792297521014540E+01 -0.9396141769637963E+00  0.2183993095707628E+03
  0.2784126986621790E+01 -0.9367865973899459E+00  0.2285295489019458E+03
  0.2775956449759565E+01 -0.9338964796258775E+00  0.2390886060624194E+03
  0.2767785910590029E+01 -0.9309440166106540E+00  0.2491698992779676E+03
  0.2759615369261481E+01 -0.9279294054453956E+00  0.2581801058096708E+03
  0.2751444825909805E+01 -0.9248528473801222E+00  0.2662568167662782E+03
  0.2743274280659743E+01 -0.9217145478003181E+00  0.2738869970365547E+03
  0.2735103733626014E+01 -0.9185147162132208E+00  0.2813574346411983E+03
  0.2726933184914305E+01 -0.9152535662338340E+00  0.2886518797418555E+03
  0.2718762634622138E+01 -0.9119313155706682E+00  0.2957699551643685E+03
  0.2710592082839649E+01 -0.9085481860112055E+00  0.3027695498288022E+03
  0.2702421529650271E+01 -0.9051044034070944E+00  0.3095472466727844E+03
  0.2694250975131350E+01 -0.9016001976590722E+00  0.3157925629570040E+03
  0.2686080419354687E+01 -0.8980358027016164E+00  0.3212112919609287E+03
  0.2677909862387029E+01 -0.8944114564873288E+00  0.3255986884113584E+03
  0.2669739304290507E+01 -0.8907274009710492E+00  0.3288351900784082E+03
  0.2661568745123026E+01 -0.8869838820937034E+00  0.3310655081443695E+03
  0.2653398184938621E+01 -0.8831811497658847E+00  0.3328445928765499E+03
  0.2645227623787777E+01 -0.8793194578511700E+00  0.3347213495217612E+03
  0.2637057061717711E+01 -0.8753990641491725E+00  0.3367777570963681E+03
  0.2628886498772639E+01 -0.8714202303783312E+00  0.3386877749746784E+03
  0.2620715934994006E+01 -0.8673832221584393E+00  0.3403126167127734E+03
  0.2612545370420704E+01 -0.8632883089929120E+00  0.3419286633305052E+03
  0.2604374805089263E+01 -0.8591357642507945E+00  0.3438431565124565E+03
  0.2596204239034032E+01 -0.8549258651485127E+00  0.3459945316441258E+03
  0.2588033672287335E+01 -0.8506588927313666E+00  0.3480490886282525E+03
  0.2579863104879621E+01 -0.8463351318547683E+00  0.3496972279170591E+03
  0.2571692536839600E+01 -0.8419548711652254E+00  0.3508892162887289E+03
  0.2563521968194363E+01 -0.8375184030810715E+00  0.3518477253931964E+03
  0.2555351398969496E+01 -0.8330260237729452E+00  0.3528490910560355E+03
  0.2547180829189184E+01 -0.8284780331440178E+00  0.3539091511868701E+03
  0.2539010258876304E+01 -0.8238747348099726E+00  0.3548225393675434E+03
  0.2530839688052518E+01 -0.8192164360787360E+00  0.3553970034501870E+03
  0.2522669116738345E+01 -0.8145034479299620E+00  0.3556665709000237E+03
  0.2514498544953243E+01 -0.8097360849942720E+00  0.3558036922397168E+03
  0.2506327972715673E+01 -0.8049146655322506E+00  0.3558043266329873E+03
  0.2498157400043163E+01 -0.8000395114131988E+00  0.3553459270969498E+03
  0.2489986826952370E+01 -0.7951109480936471E+00  0.3540847213216536E+03
  0.2481816253459126E+01 -0.7901293045956280E+00  0.3519981981650799E+03
  0.2473645679578500E+01 -0.7850949134847117E+00  0.3493836017233924E+03
  0.2465475105324832E+01 -0.7800081108478040E+00  0.3464783182432358E+03
  0.2457304530711785E+01 -0.7748692362707100E+00  0.3431520671695054E+03
  0.2449133955752385E+01 -0.7696786328154644E+00  0.3391761673280906E+03
  0.2440963380459050E+01 -0.7644366469974285E+00  0.3346552072308106E+03
  0.2432792804843637E+01 -0.7591436287621580E+00  0.3299893043407253E+03
  0.2424622228917462E+01 -0.7537999314620412E+00  0.3254202960737684E+03
  0.2416451652691339E+01 -0.7484059118327094E+00  0.3207979137446488E+03
  0.2408281076175607E+01 -0.7429619299692227E+00  0.3157717673242721E+03
  0.2400110499380152E+01 -0.7374683493020299E+00  0.3100289682602155E+03
  0.2391939922314436E+01 -0.7319255365727068E+00  0.3034315365690267E+03
  0.2383769344987516E+01 -0.7263338618094733E+00  0.2961404731212378E+03
  0.2375598767408072E+01 -0.7206936983024912E+00  0.2886747943999156E+03
  0.2367428189584419E+01 -0.7150054225789432E+00  0.2815905820396528E+03
  0.2359257611524532E+01 -0.7092694143778975E+00  0.2750125639073594E+03
  0.2351087033236062E+01 -0.7034860566249567E+00  0.2686006133637159E+03
  0.2342916454726351E+01 -0.6976557354066943E+00  0.2620477761736935E+03
  0.2334745876002450E+01 -0.6917788399448808E+00  0.2554118639699300E+03
  0.2326575297071134E+01 -0.6858557625704990E+00  0.2490266285982222E+03
  0.2318404717938913E+01 -0.6798868986975534E+00  0.2432048371119340E+03
  0.2310234138612046E+01 -0.6738726467966731E+00  0.2380163047286989E+03
  0.2302063559096557E+01 -0.6678134083685102E+00  0.2332427165503613E+03
  0.2293892979398239E+01 -0.6617095879169366E+00  0.2285347899748054E+03
  0.2285722399522673E+01 -0.6555615929220400E+00  0.2235745791203105E+03
  0.2277551819475234E+01 -0.6493698338129212E+00  0.2181299862506676E+03
  0.2269381239261100E+01 -0.6431347239402948E+00  0.2120199694631789E+03
  0.2261210658885265E+01 -0.6368566795488945E+00  0.2051423531042098E+03
  0.2253040078352542E+01 -0.6305361197496849E+00  0.1975895474728249E+03
  0.2244869497667577E+01 -0.6241734664918837E+00  0.1896343190062350E+03
  0.2236698916834853E+01 -0.6177691445347914E+00  0.1815369511776140E+03
  0.2228528335858699E+01 -0.6113235814194364E+00  0.1733767822663793E+03
  0.2220357754743295E+01 -0.6048372074400329E+00  0.1650709622969696E+03
  0.2212187173492683E+01 -0.5983104556152549E+00  0.1565237440432173E+03
  0.2204016592110768E+01 -0.5917437616593286E+00  0.1478315466269678E+03
  0.2195846010601326E+01 -0.5851375639529456E+00  0.1393676225233969E+03
  0.2187675428968010E+01 -0.5784923035139965E+00  0.1315442715162858E+03
  0.2179504847214357E+01 -0.5718084239681300E+00  0.1244444007517840E+03
  0.2171334265343789E+01 -0.5650863715191369E+00  0.1176836259671483E+03
  0.2163163683359622E+01 -0.5583265949191624E+00  0.1107626965510064E+03
  0.2154993101265066E+01 -0.5515295454387482E+00  0.1034426938115943E+03
  0.2146822519063234E+01 -0.5446956768367068E+00  0.9579204494604097E+02
  0.2138651936757143E+01 -0.5378254453298289E+00  0.8801725589110760E+02
  0.2130481354349721E+01 -0.5309193095624275E+00  0.8035574984713153E+02
  0.2122310771843806E+01 -0.5239777305757194E+00  0.7298910189097842E+02
  0.2114140189242155E+01 -0.5170011717770473E+00  0.6585836120391706E+02
  0.2105969606547443E+01 -0.5099900989089429E+00  0.5859031128173014E+02
  0.2097799023762269E+01 -0.5029449800180356E+00  0.5075546570816909E+02
  0.2089628440889158E+01 -0.4958662854238058E+00  0.4211870676246107E+02
  0.2081457857930564E+01 -0.4887544876871878E+00  0.3271856736203045E+02
  0.2073287274888874E+01 -0.4816100615790221E+00  0.2280206360992563E+02
  0.2065116691766407E+01 -0.4744334840483606E+00  0.1275169729867726E+02
  0.2056946108565423E+01 -0.4672252341906264E+00  0.2856681290648651E+01
  0.2048775525288118E+01 -0.4599857932156304E+00 -0.6818027691309178E+01
  0.2040604941936635E+01 -0.4527156444154464E+00 -0.1631313060320480E+02
  0.2032434358513056E+01 -0.4454152731321473E+00 -0.2550252751693116E+02
  0.2024263775019413E+01 -0.4380851667254050E+00 -0.3416247788169657E+02
  0.2016093191457685E+01 -0.4307258145399545E+00 -0.4227162675336341E+02
  0.2007922607829804E+01 -0.4233377078729265E+00 -0.5006260371115926E+02
  0.1999752024137653E+01 -0.4159213399410494E+00 -0.5774935295101785E+02
  0.1991581440383068E+01 -0.4084772058477228E+00 -0.6534679596376807E+02
  0.1983410856567843E+01 -0.4010058025499653E+00 -0.7270825438616643E+02
  0.1975240272693730E+01 -0.3935076288252386E+00 -0.7964022077466346E+02
  0.1967069688762441E+01 -0.3859831852381501E+00 -0.8599906738849968E+02
  0.1958899104775647E+01 -0.3784329741070359E+00 -0.9189619069159943E+02
  0.1950728520734982E+01 -0.3708574994704271E+00 -0.9775452413660985E+02
  0.1942557936642046E+01 -0.3632572670534011E+00 -0.1039902108871054E+03
  0.1934387352498403E+01 -0.3556327842338202E+00 -0.1106348585403980E+03
  0.1926216768305583E+01 -0.3479845600084601E+00 -0.1173657892519435E+03
  0.1918046184065086E+01 -0.3403131049590297E+00 -0.1237423878019113E+03
  0.1909875599778379E+01 -0.3326189312180866E+00 -0.1293797973750016E+03
  0.1901705015446901E+01 -0.3249025524348469E+00 -0.1340799125414700E+03
  0.1893534431072063E+01 -0.3171644837408958E+00 -0.1380394961090132E+03
  0.1885363846655247E+01 -0.3094052417157978E+00 -0.1417445737203646E+03
  0.1877193262197810E+01 -0.3016253443526109E+00 -0.1455601814534880E+03
  0.1869022677701083E+01 -0.2938253110233064E+00 -0.1494596465894625E+03
  0.1860852093166375E+01 -0.2860056624440968E+00 -0.1533205110272951E+03
  0.1852681508594969E+01 -0.2781669206406729E+00 -0.1572966684444088E+03
  0.1844510923988128E+01 -0.2703096089133553E+00 -0.1618171064242437E+03
  0.1836340339347093E+01 -0.2624342518021592E+00 -0.1671482317614256E+03
  0.1828169754673083E+01 -0.2545413750517773E+00 -0.1731166506186680E+03
  0.1819999169967299E+01 -0.2466315055764818E+00 -0.1792170069037717E+03
  0.1811828585230925E+01 -0.2387051714249486E+00 -0.1850352438698741E+03
  0.1803658000465123E+01 -0.2307629017450062E+00 -0.1905004663343830E+03
  0.1795487415671042E+01 -0.2228052267483099E+00 -0.1957526849901631E+03
  0.1787316830849811E+01 -0.2148326776749467E+00 -0.2008000175119886E+03
  0.1779146246002545E+01 -0.2068457867579697E+00 -0.2055482986569757E+03
  0.1770975661130345E+01 -0.1988450871878683E+00 -0.2100823007198960E+03
  0.1762805076234296E+01 -0.1908311130769725E+00 -0.2147819997030563E+03
  0.1754634491315471E+01 -0.1828043994237966E+00 -0.2199287475692994E+03
  0.1746463906374929E+01 -0.1747654820773241E+00 -0.2254875201311199E+03
  0.1738293321413718E+01 -0.1667148977012352E+00 -0.2312829086177014E+03
  0.1730122736432872E+01 -0.1586531837380799E+00 -0.2372789271056386E+03
  0.1721952151433418E+01 -0.1505808783733995E+00 -0.2434012231599669E+03
  0.1713781566416370E+01 -0.1424985204997981E+00 -0.2494380117347376E+03
  0.1705610981382731E+01 -0.1344066496809675E+00 -0.2552288869219327E+03
  0.1697440396333499E+01 -0.1263058061156663E+00 -0.2609181554392439E+03
  0.1689269811269659E+01 -0.1181965306016578E+00 -0.2667379191740272E+03
  0.1681099226192191E+01 -0.1100793644996070E+00 -0.2726794349610444E+03
  0.1672928641102067E+01 -0.1019548496969404E+00 -0.2783925233685654E+03
  0.1664758056000250E+01 -0.9382352857167028E-01 -0.2834704534208150E+03
  0.1656587470887701E+01 -0.8568594395618719E-01 -0.2877013208295605E+03
  0.1648416885765370E+01 -0.7754263910102077E-01 -0.2911437390925125E+03
  0.1640246300634206E+01 -0.6939415763857371E-01 -0.2940413739536511E+03
  0.1632075715495151E+01 -0.6124104354682962E-01 -0.2966602931212629E+03
  0.1623905130349143E+01 -0.5308384111303818E-01 -0.2991530022550407E+03
  0.1615734545197117E+01 -0.4492309489737940E-01 -0.3015876557502866E+03
  0.1607563960040004E+01 -0.3675934969660982E-01 -0.3040231375106554E+03
  0.1599393374878733E+01 -0.2859315050769285E-01 -0.3064718831958021E+03
  0.1591222789714229E+01 -0.2042504249141571E-01 -0.3087681446765031E+03
  0.1583052204547419E+01 -0.1225557093599554E-01 -0.3106268995785037E+03
  0.1574881619379224E+01 -0.4085281220676868E-02 -0.3117921113134960E+03
  0.1566711034210569E+01  0.4085281220676868E-02 -0.3122194684233452E+03
  0.1558540449042374E+01  0.1225557093599554E-01 -0.3121178498975702E+03
  0.1550369863875564E+01  0.2042504249141571E-01 -0.3117994958918313E+03
  0.1542199278711061E+01  0.2859315050769285E-01 -0.3113672119161625E+03
  0.1534028693549790E+01  0.3675934969660982E-01 -0.3106213602770369E+03
  0.1525858108392677E+01  0.4492309489737940E-01 -0.3092681107473510E+03
  0.1517687523240650E+01  0.5308384111303818E-01 -0.3073167053571712E+03
  0.1509516938094642E+01  0.6124104354682962E-01 -0.3050179165369478E+03
  0.1501346352955587E+01  0.6939415763857371E-01 -0.3025527973124862E+03
  0.1493175767824423E+01  0.7754263910102077E-01 -0.2999532268598189E+03
  0.1485005182702093E+01  0.8568594395618719E-01 -0.2972805670937169E+03
  0.1476834597589543E+01  0.9382352857167028E-01 -0.2946157153917515E+03
  0.1468664012487727E+01  0.1019548496969404E+00 -0.2919304534526013E+03
  0.1460493427397602E+01  0.1100793644996070E+00 -0.2890788296557041E+03
  0.1452322842320134E+01  0.1181965306016578E+00 -0.2860099694800688E+03
  0.1444152257256294E+01  0.1263058061156663E+00 -0.2828650649720407E+03
  0.1435981672207062E+01  0.1344066496809675E+00 -0.2798820134325956E+03
  0.1427811087173423E+01  0.1424985204997981E+00 -0.2772746343394732E+03
  0.1419640502156375E+01  0.1505808783733995E+00 -0.2751415251549143E+03
  0.1411469917156921E+01  0.1586531837380799E+00 -0.2733327318686735E+03
  0.1403299332176076E+01  0.1667148977012352E+00 -0.2715871735305105E+03
  0.1395128747214864E+01  0.1747654820773241E+00 -0.2698485519429427E+03
  0.1386958162274323E+01  0.1828043994237966E+00 -0.2683909766235249E+03
  0.1378787577355497E+01  0.1908311130769725E+00 -0.2675178796375188E+03
  0.1370616992459449E+01  0.1988450871878683E+00 -0.2673223630277683E+03
  0.1362446407587248E+01  0.2068457867579697E+00 -0.2677736760001628E+03
  0.1354275822739983E+01  0.2148326776749467E+00 -0.2688587315590724E+03
  0.1346105237918751E+01  0.2228052267483099E+00 -0.2704686749673302E+03
  0.1337934653124670E+01  0.2307629017450062E+00 -0.2724241593784787E+03
  0.1329764068358868E+01  0.2387051714249486E+00 -0.2745172964070717E+03
  0.1321593483622494E+01  0.2466315055764818E+00 -0.2765383463868064E+03
  0.1313422898916710E+01  0.2545413750517773E+00 -0.2782213802328330E+03
  0.1305252314242701E+01  0.2624342518021592E+00 -0.2794544825128629E+03
  0.1297081729601665E+01  0.2703096089133553E+00 -0.2805167839386920E+03
  0.1288911144994824E+01  0.2781669206406729E+00 -0.2818550466173268E+03
  0.1280740560423418E+01  0.2860056624440968E+00 -0.2834782065489320E+03
  0.1272569975888710E+01  0.2938253110233064E+00 -0.2848241775802578E+03
  0.1264399391391984E+01  0.3016253443526109E+00 -0.2851819238634667E+03
  0.1256228806934547E+01  0.3094052417157978E+00 -0.2842409236277945E+03
  0.1248058222517730E+01  0.3171644837408958E+00 -0.2821970887564765E+03
  0.1239887638142892E+01  0.3249025524348469E+00 -0.2796066838757185E+03
  0.1231717053811414E+01  0.3326189312180866E+00 -0.2770540740281861E+03
  0.1223546469524707E+01  0.3403131049590297E+00 -0.2748994790612957E+03
  0.1215375885284210E+01  0.3479845600084601E+00 -0.2731352755489434E+03
  0.1207205301091390E+01  0.3556327842338202E+00 -0.2716147351355545E+03
  0.1199034716947747E+01  0.3632572670534011E+00 -0.2701055998456242E+03
  0.1190864132854811E+01  0.3708574994704271E+00 -0.2683445802424116E+03
  0.1182693548814147E+01  0.3784329741070359E+00 -0.2661535123047705E+03
  0.1174522964827352E+01  0.3859831852381501E+00 -0.2637800602225483E+03
  0.1166352380896063E+01  0.3935076288252386E+00 -0.2617323978387457E+03
  0.1158181797021950E+01  0.4010058025499653E+00 -0.2603753379948303E+03
  0.1150011213206726E+01  0.4084772058477228E+00 -0.2597017047372150E+03
  0.1141840629452141E+01  0.4159213399410494E+00 -0.2596051715145463E+03
  0.1133670045759989E+01  0.4233377078729265E+00 -0.2598821135047367E+03
  0.1125499462132108E+01  0.4307258145399545E+00 -0.2601062766367769E+03
  0.1117328878570381E+01  0.4380851667254050E+00 -0.2596929860352456E+03
  0.1109158295076737E+01  0.4454152731321473E+00 -0.2583306544472873E+03
  0.1100987711653159E+01  0.4527156444154464E+00 -0.2560382875623968E+03
  0.1092817128301675E+01  0.4599857932156304E+00 -0.2529156440448042E+03
  0.1084646545024371E+01  0.4672252341906264E+00 -0.2489942058549132E+03
  0.1076475961823386E+01  0.4744334840483606E+00 -0.2445285845203117E+03
  0.1068305378700920E+01  0.4816100615790221E+00 -0.2399784332354383E+03
  0.1060134795659229E+01  0.4887544876871878E+00 -0.2357892819221433E+03
  0.1051964212700635E+01  0.4958662854238058E+00 -0.2321561570950501E+03
  0.1043793629827524E+01  0.5029449800180356E+00 -0.2290940537713234E+03
  0.1035623047042350E+01  0.5099900989089429E+00 -0.2264692950414707E+03
  0.1027452464347638E+01  0.5170011717770473E+00 -0.2242123412928607E+03
  0.1019281881745987E+01  0.5239777305757194E+00 -0.2223431866970703E+03
  0.1011111299240073E+01  0.5309193095624275E+00 -0.2208683850748115E+03
  0.1002940716832650E+01  0.5378254453298289E+00 -0.2194261915646350E+03
  0.9947701345265596E+00  0.5446956768367068E+00 -0.2174132643040620E+03
  0.9865995523247275E+00  0.5515295454387482E+00 -0.2143795547454913E+03
  0.9784289702301714E+00  0.5583265949191624E+00 -0.2102885736047621E+03
  0.9702583882460036E+00  0.5650863715191369E+00 -0.2051931866480773E+03
  0.9620878063754359E+00  0.5718084239681300E+00 -0.1992353251015331E+03
  0.9539172246217830E+00  0.5784923035139965E+00 -0.1928667595624171E+03
  0.9457466429884676E+00  0.5851375639529456E+00 -0.1868183495317674E+03
  0.9375760614790253E+00  0.5917437616593286E+00 -0.1815625748234272E+03
  0.9294054800971098E+00  0.5983104556152549E+00 -0.1771114089656734E+03
  0.9212348988464978E+00  0.6048372074400329E+00 -0.1731438960027184E+03
  0.9130643177310944E+00  0.6113235814194364E+00 -0.1692755984193569E+03
  0.9048937367549402E+00  0.6177691445347914E+00 -0.1649878694127956E+03
  0.8967231559222163E+00  0.6241734664918837E+00 -0.1599010038176890E+03
  0.8885525752372514E+00  0.6305361197496849E+00 -0.1539751490426162E+03
  0.8803819947045285E+00  0.6368566795488945E+00 -0.1474726511469039E+03
  0.8722114143286931E+00  0.6431347239402948E+00 -0.1406000696165273E+03
  0.8640408341145595E+00  0.6493698338129212E+00 -0.1334553598203382E+03
  0.8558702540671204E+00  0.6555615929220400E+00 -0.1259287795899634E+03
  0.8476996741915547E+00  0.6617095879169366E+00 -0.1178179472583293E+03
  0.8395290944932369E+00  0.6678134083685102E+00 -0.1091148205950474E+03
  0.8313585149777468E+00  0.6738726467966731E+00 -0.1003545467881544E+03
  0.8231879356508802E+00  0.6798868986975534E+00 -0.9225424691749453E+02
  0.8150173565186587E+00  0.6858557625704990E+00 -0.8499661125503719E+02
  0.8068467775873427E+00  0.6917788399448808E+00 -0.7803206269698761E+02
  0.7986761988634423E+00  0.6976557354066943E+00 -0.7076822972346955E+02
  0.7905056203537315E+00  0.7034860566249567E+00 -0.6292178358137725E+02
  0.7823350420652612E+00  0.7092694143778975E+00 -0.5427255310470303E+02
  0.7741644640053743E+00  0.7150054225789432E+00 -0.4455239219282062E+02
  0.7659938861817212E+00  0.7206936983024912E+00 -0.3391392184280390E+02
  0.7578233086022768E+00  0.7263338618094733E+00 -0.2292687819148998E+02
  0.7496527312753575E+00  0.7319255365727068E+00 -0.1206220559929334E+02
  0.7414821542096410E+00  0.7374683493020299E+00 -0.1370856337590878E+01
  0.7333115774141861E+00  0.7429619299692227E+00  0.9270950687826819E+01
  0.7251410008984539E+00  0.7484059118327094E+00  0.2014259194005091E+02
  0.7169704246723316E+00  0.7537999314620412E+00  0.3159099141425450E+02
  0.7087998487461566E+00  0.7591436287621580E+00  0.4367607317630754E+02
  0.7006292731307425E+00  0.7644366469974285E+00  0.5577869740471920E+02
  0.6924586978374083E+00  0.7696786328154644E+00  0.6722465125666230E+02
  0.6842881228780077E+00  0.7748692362707100E+00  0.7800115268022149E+02
  0.6761175482649616E+00  0.7800081108478040E+00  0.8863486617864194E+02
  0.6679469740112938E+00  0.7850949134847117E+00  0.9945896463386316E+02
  0.6597764001306670E+00  0.7901293045956280E+00  0.1105937143014524E+03
  0.6516058266374236E+00  0.7951109480936471E+00  0.1222361812557669E+03
  0.6434352535466297E+00  0.8000395114131988E+00  0.1346290245514013E+03
  0.6352646808741202E+00  0.8049146655322506E+00  0.1477162842710028E+03
  0.6270941086365502E+00  0.8097360849942720E+00  0.1614038846500383E+03
  0.6189235368514482E+00  0.8145034479299620E+00  0.1757613902968879E+03
  0.6107529655372755E+00  0.8192164360787360E+00  0.1908634493403433E+03
  0.6025823947134890E+00  0.8238747348099726E+00  0.2065104425639061E+03
  0.5944118244006098E+00  0.8284780331440178E+00  0.2225633080781583E+03
  0.5862412546202973E+00  0.8330260237729452E+00  0.2390716575612031E+03
  0.5780706853954301E+00  0.8375184030810715E+00  0.2560260953531823E+03
  0.5699001167501928E+00  0.8419548711652254E+00  0.2732414215478040E+03
  0.5617295487101719E+00  0.8463351318547683E+00  0.2907416026970472E+03
  0.5535589813024583E+00  0.8506588927313666E+00  0.3085408003019032E+03
  0.5453884145557613E+00  0.8549258651485127E+00  0.3264309267833536E+03
  0.5372178485005299E+00  0.8591357642507945E+00  0.3441896031638356E+03
  0.5290472831690897E+00  0.8632883089929120E+00  0.3622047470990755E+03
  0.5208767185957875E+00  0.8673832221584393E+00  0.3810803906731400E+03
  0.5127061548171545E+00  0.8714202303783312E+00  0.4009710429813668E+03
  0.5045355918720822E+00  0.8753990641491725E+00  0.4215326217672399E+03
  0.4963650298020162E+00  0.8793194578511700E+00  0.4425854881972181E+03
  0.4881944686511717E+00  0.8831811497658847E+00  0.4639769196973215E+03
  0.4800239084667671E+00  0.8869838820937034E+00  0.4852342095240144E+03
  0.4718533492992859E+00  0.8907274009710492E+00  0.5058532430286556E+03
  0.4636827912027636E+00  0.8944114564873288E+00  0.5260341915905764E+03
  0.4555122342351060E+00  0.8980358027016164E+00  0.5464356127173178E+03
  0.4473416784584431E+00  0.9016001976590722E+00  0.5676475233300544E+03
  0.4391711239395221E+00  0.9051044034070944E+00  0.5897392456162887E+03
  0.4310005707501444E+00  0.9085481860112055E+00  0.6124248822585699E+03
  0.4228300189676551E+00  0.9119313155706682E+00  0.6351081725093826E+03
  0.4146594686754885E+00  0.9152535662338340E+00  0.6574516528819257E+03
  0.4064889199637791E+00  0.9185147162132208E+00  0.6797650942254734E+03
  0.3983183729300507E+00  0.9217145478003181E+00  0.7026610279377109E+03
  0.3901478276799883E+00  0.9248528473801222E+00  0.7260808650585668E+03
  0.3819772843283120E+00  0.9279294054453956E+00  0.7495236105675808E+03
  0.3738067429997641E+00  0.9309440166106540E+00  0.7725731955331975E+03
  0.3656362038302282E+00  0.9338964796258775E+00  0.7952154631903279E+03
  0.3574656669680030E+00  0.9367865973899459E+00  0.8174298870155020E+03
  0.3492951325752533E+00  0.9396141769637963E+00  0.8395418163993826E+03
  0.3411246008296713E+00  0.9423790295833044E+00  0.8621887082444056E+03
  0.3329540719263814E+00  0.9450809706718851E+00  0.8857957851788434E+03
  0.3247835460801308E+00  0.9477198198528157E+00  0.9101984002161612E+03
  0.3166130235278230E+00  0.9502954009612771E+00  0.9357164251494402E+03
  0.3084425045314506E+00  0.9528075420561144E+00  0.9629399647016785E+03
  0.3002719893815085E+00  0.9552560754313160E+00  0.9916143684593249E+03
  0.2921014784009779E+00  0.9576408376272095E+00  0.1020056650791714E+04
  0.2839309719500016E+00  0.9599616694413742E+00  0.1047303267501092E+04
  0.2757604704313845E+00  0.9622184159392698E+00  0.1073758897957520E+04
  0.2675899742971076E+00  0.9644109264645802E+00  0.1099881221622616E+04
  0.2594194840560681E+00  0.9665390546492710E+00  0.1125239365636873E+04
  0.2512490002833307E+00  0.9686026584233628E+00  0.1150249208668632E+04
  0.2430785236312446E+00  0.9706016000244151E+00  0.1176025354612366E+04
  0.2349080548428762E+00  0.9725357460067257E+00  0.1202859281504019E+04
  0.2267375947683499E+00  0.9744049672502397E+00  0.1229707977458698E+04
  0.2185671443848464E+00  0.9762091389691724E+00  0.1256722336521979E+04
  0.2103967048212628E+00  0.9779481407203411E+00  0.1285335673638491E+04
  0.2022262773888417E+00  0.9796218564112101E+00  0.1316440891831953E+04
  0.1940558636195398E+00  0.9812301743076443E+00  0.1349417630280741E+04
  0.1858854653144977E+00  0.9827729870413743E+00  0.1384378411912305E+04
  0.1777150846058812E+00  0.9842501916171713E+00  0.1422055768197098E+04
  0.1695447240365762E+00  0.9856616894197333E+00  0.1462577321710625E+04
  0.1613743866640789E+00  0.9870073862202815E+00  0.1505550729287945E+04
  0.1532040761975885E+00  0.9882871921828699E+00  0.1552196603473544E+04
  0.1450337971813853E+00  0.9895010218704087E+00  0.1603112707490427E+04
  0.1368635552438019E+00  0.9906487942504061E+00  0.1656967227506696E+04
  0.1286933574408989E+00  0.9917304327004320E+00  0.1711896786446629E+04
  0.1205232127396896E+00  0.9927458650133153E+00  0.1768525711089272E+04
  0.1123531327118049E+00  0.9936950234020883E+00  0.1827330146494189E+04
  0.1041831325528455E+00  0.9945778445047068E+00  0.1887678011548008E+04
  0.9601323262085862E-01  0.9953942693885953E+00  0.1950756760689567E+04
  0.8784346083082471E-01  0.9961442435551087E+00  0.2021466713170259E+04
  0.7967385651719167E-01  0.9968277169440913E+00  0.2102020489165118E+04
  0.7150447693306423E-01  0.9974446439389107E+00  0.2191975393574625E+04
  0.6333540875299180E-01  0.9979949833727938E+00  0.2294033983221751E+04
  0.5516678972815772E-01  0.9984786985384589E+00  0.2416375357853560E+04
  0.4699885272846815E-01  0.9988957572063257E+00  0.2564838499636019E+04
  0.3883202470742381E-01  0.9992461316671845E+00  0.2755215452669668E+04
  0.3066718105470672E-01  0.9995297988558859E+00  0.3031322339886266E+04
  0.2250643816359393E-01  0.9997467408113523E+00  0.3437132990372789E+04
  0.1435650599352885E-01  0.9998969471378596E+00  0.3925087780358806E+04
  0.6254421014113626E-02  0.9999804411726474E+00  0.4319504696376846E+04
