# nlmax, ncor, nside =         383           1         128
  0.3135338232575680E+01 -0.9999804411726474E+00 -0.2835936687838132E+03
  0.3127236147596264E+01 -0.9998969471378596E+00 -0.2812705354614491E+03
  0.3119086215426199E+01 -0.9997467408113523E+00 -0.2772602149201582E+03
  0.3110925472535087E+01 -0.9995297988558859E+00 -0.2720563327639088E+03
  0.3102760628882369E+01 -0.9992461316671845E+00 -0.2656534830115277E+03
  0.3094593800861325E+01 -0.9988957572063257E+00 -0.2572958664903231E+03
  0.3086425863861635E+01 -0.9984786985384589E+00 -0.2467407361008627E+03
  0.3078257244836801E+01 -0.9979949833727938E+00 -0.2354191142420884E+03
  0.3070088176656729E+01 -0.9974446439389107E+00 -0.2252400319343494E+03
  0.3061918797072602E+01 -0.9968277169440913E+00 -0.2168810452482472E+03
  0.3053749192758969E+01 -0.9961442435551087E+00 -0.2093428395666458E+03
  0.3045579420968934E+01 -0.9953942693885953E+00 -0.2012474451642824E+03
  0.3037409521036948E+01 -0.9945778445047068E+00 -0.1921535758782949E+03
  0.3029239520877988E+01 -0.9936950234020883E+00 -0.1824662721953823E+03
  0.3021069440850104E+01 -0.9927458650133153E+00 -0.1728099830130724E+03
  0.3012899296148894E+01 -0.9917304327004320E+00 -0.1635742183356567E+03
  0.3004729098345992E+01 -0.9906487942504061E+00 -0.1548504984555400E+03
  0.2996558856408408E+01 -0.9895010218704087E+00 -0.1463278783666334E+03
  0.2988388577392205E+01 -0.9882871921828699E+00 -0.1375577599750615E+03
  0.2980218266925714E+01 -0.9870073862202815E+00 -0.1282919742674997E+03
  0.2972047929553217E+01 -0.9856616894197333E+00 -0.1187062548134465E+03
  0.2963877568983912E+01 -0.9842501916171713E+00 -0.1093584617216346E+03
  0.2955707188275296E+01 -0.9827729870413743E+00 -0.1009795565288115E+03
  0.2947536789970254E+01 -0.9812301743076443E+00 -0.9417963614912543E+02
  0.2939366376200951E+01 -0.9796218564112101E+00 -0.8906990128687934E+02
  0.2931195948768531E+01 -0.9779481407203411E+00 -0.8528998712335716E+02
  0.2923025509204947E+01 -0.9762091389691724E+00 -0.8250341962807907E+02
  0.2914855058821443E+01 -0.9744049672502397E+00 -0.8059297317344668E+02
  0.2906684598746917E+01 -0.9725357460067257E+00 -0.7943295047762901E+02
  0.2898514129958549E+01 -0.9706016000244151E+00 -0.7878056367222692E+02
  0.2890343653306462E+01 -0.9686026584233628E+00 -0.7840657114631716E+02
  0.2882173169533725E+01 -0.9665390546492710E+00 -0.7799887100082965E+02
  0.2874002679292686E+01 -0.9644109264645802E+00 -0.7680622463002194E+02
  0.2865832183158409E+01 -0.9622184159392698E+00 -0.7383244776970929E+02
  0.2857661681639792E+01 -0.9599616694413742E+00 -0.6854879475650594E+02
  0.2849491175188815E+01 -0.9576408376272095E+00 -0.6131607025197160E+02
  0.2841320664208285E+01 -0.9552560754313160E+00 -0.5305186389493091E+02
  0.2833150149058343E+01 -0.9528075420561144E+00 -0.4461986239304660E+02
  0.2824979630061970E+01 -0.9502954009612771E+00 -0.3649112511951423E+02
  0.2816809107509663E+01 -0.9477198198528157E+00 -0.2876334206317409E+02
  0.2808638581663412E+01 -0.9450809706718851E+00 -0.2142613274074030E+02
  0.2800468052760122E+01 -0.9423790295833044E+00 -0.1464855873252779E+02
  0.2792297521014540E+01 -0.9396141769637963E+00 -0.8711907579900711E+01
  0.2784126986621790E+01 -0.9367865973899459E+00 -0.3460678010156070E+01
  0.2775956449759565E+01 -0.9338964796258775E+00  0.2050464382600785E+01
  0.2767785910590029E+01 -0.9309440166106540E+00  0.9031464238338899E+01
  0.2759615369261481E+01 -0.9279294054453956E+00  0.1789172112712680E+02
  0.2751444825909805E+01 -0.9248528473801222E+00  0.2779316700984365E+02
  0.2743274280659743E+01 -0.9217145478003181E+00  0.3729687879124256E+02
  0.2735103733626014E+01 -0.9185147162132208E+00  0.4546692309790757E+02
  0.2726933184914305E+01 -0.9152535662338340E+00  0.5223960823622129E+02
  0.2718762634622138E+01 -0.9119313155706682E+00  0.5805236639153912E+02
  0.2710592082839649E+01 -0.9085481860112055E+00  0.6330309162030077E+02
  0.2702421529650271E+01 -0.9051044034070944E+00  0.6835213965509369E+02
  0.2694250975131350E+01 -0.9016001976590722E+00  0.7354796480893550E+02
  0.2686080419354687E+01 -0.8980358027016164E+00  0.7910931766559470E+02
  0.2677909862387029E+01 -0.8944114564873288E+00  0.8482019120599701E+02
  0.2669739304290507E+01 -0.8907274009710492E+00  0.9007354150476947E+02
  0.2661568745123026E+01 -0.8869838820937034E+00  0.9439717985644629E+02
  0.2653398184938621E+01 -0.8831811497658847E+00  0.9791304236090608E+02
  0.2645227623787777E+01 -0.8793194578511700E+00  0.1011421219023727E+03
  0.2637057061717711E+01 -0.8753990641491725E+00  0.1045461405703543E+03
  0.2628886498772639E+01 -0.8714202303783312E+00  0.1083682625626321E+03
  0.2620715934994006E+01 -0.8673832221584393E+00  0.1127643742355139E+03
  0.2612545370420704E+01 -0.8632883089929120E+00  0.1178846013520023E+03
  0.2604374805089263E+01 -0.8591357642507945E+00  0.1237726182130901E+03
  0.2596204239034032E+01 -0.8549258651485127E+00  0.1302252034002469E+03
  0.2588033672287335E+01 -0.8506588927313666E+00  0.1368381245791211E+03
  0.2579863104879621E+01 -0.8463351318547683E+00  0.1431843632588375E+03
  0.2571692536839600E+01 -0.8419548711652254E+00  0.1490433983185640E+03
  0.2563521968194363E+01 -0.8375184030810715E+00  0.1544847527859095E+03
  0.2555351398969496E+01 -0.8330260237729452E+00  0.1598048106535664E+03
  0.2547180829189184E+01 -0.8284780331440178E+00  0.1653620884024567E+03
  0.2539010258876304E+01 -0.8238747348099726E+00  0.1714043316746243E+03
  0.2530839688052518E+01 -0.8192164360787360E+00  0.1779358575093843E+03
  0.2522669116738345E+01 -0.8145034479299620E+00  0.1846317484920234E+03
  0.2514498544953243E+01 -0.8097360849942720E+00  0.1909552904849233E+03
  0.2506327972715673E+01 -0.8049146655322506E+00  0.1964945486894869E+03
  0.2498157400043163E+01 -0.8000395114131988E+00  0.2010480025800810E+03
  0.2489986826952370E+01 -0.7951109480936471E+00  0.2044681439518997E+03
  0.2481816253459126E+01 -0.7901293045956280E+00  0.2066472569839848E+03
  0.2473645679578500E+01 -0.7850949134847117E+00  0.2076852688587720E+03
  0.2465475105324832E+01 -0.7800081108478040E+00  0.2078623363078949E+03
  0.2457304530711785E+01 -0.7748692362707100E+00  0.2073005145561334E+03
  0.2449133955752385E+01 -0.7696786328154644E+00  0.2057919849867811E+03
  0.2440963380459050E+01 -0.7644366469974285E+00  0.2031733417079213E+03
  0.2432792804843637E+01 -0.7591436287621580E+00  0.1997463882018764E+03
  0.2424622228917462E+01 -0.7537999314620412E+00  0.1962325294406897E+03
  0.2416451652691339E+01 -0.7484059118327094E+00  0.1933162701084248E+03
  0.2408281076175607E+01 -0.7429619299692227E+00  0.1912838740381597E+03
  0.2400110499380152E+01 -0.7374683493020299E+00  0.1899545167366043E+03
  0.2391939922314436E+01 -0.7319255365727068E+00  0.1888054052246854E+03
  0.2383769344987516E+01 -0.7263338618094733E+00  0.1872194116217491E+03
  0.2375598767408072E+01 -0.7206936983024912E+00  0.1847892243487940E+03
  0.2367428189584419E+01 -0.7150054225789432E+00  0.1815003401314903E+03
  0.2359257611524532E+01 -0.7092694143778975E+00  0.1776970476547352E+03
  0.2351087033236062E+01 -0.7034860566249567E+00  0.1738953634786522E+03
  0.2342916454726351E+01 -0.6976557354066943E+00  0.1705587463004318E+03
  0.2334745876002450E+01 -0.6917788399448808E+00  0.1679189117080960E+03
  0.2326575297071134E+01 -0.6858557625704990E+00  0.1659269424234559E+03
  0.2318404717938913E+01 -0.6798868986975534E+00  0.1643084183620434E+03
  0.2310234138612046E+01 -0.6738726467966731E+00  0.1627363428782144E+03
  0.2302063559096557E+01 -0.6678134083685102E+00  0.1610141140608634E+03
  0.2293892979398239E+01 -0.6617095879169366E+00  0.1592323146665374E+03
  0.2285722399522673E+01 -0.6555615929220400E+00  0.1576201845759221E+03
  0.2277551819475234E+01 -0.6493698338129212E+00  0.1562112070826807E+03
  0.2269381239261100E+01 -0.6431347239402948E+00  0.1547066017542147E+03
  0.2261210658885265E+01 -0.6368566795488945E+00  0.1528436859269026E+03
  0.2253040078352542E+01 -0.6305361197496849E+00  0.1507480039060013E+03
  0.2244869497667577E+01 -0.6241734664918837E+00  0.1488007325866205E+03
  0.2236698916834853E+01 -0.6177691445347914E+00  0.1471894636127232E+03
  0.2228528335858699E+01 -0.6113235814194364E+00  0.1457555221875445E+03
  0.2220357754743295E+01 -0.6048372074400329E+00  0.1442586630463915E+03
  0.2212187173492683E+01 -0.5983104556152549E+00  0.1425656713425159E+03
  0.2204016592110768E+01 -0.5917437616593286E+00  0.1406267381564096E+03
  0.2195846010601326E+01 -0.5851375639529456E+00  0.1384404437464655E+03
  0.2187675428968010E+01 -0.5784923035139965E+00  0.1360862148664951E+03
  0.2179504847214357E+01 -0.5718084239681300E+00  0.1336444945105774E+03
  0.2171334265343789E+01 -0.5650863715191369E+00  0.1310963627396117E+03
  0.2163163683359622E+01 -0.5583265949191624E+00  0.1284275631756477E+03
  0.2154993101265066E+01 -0.5515295454387482E+00  0.1257327161205471E+03
  0.2146822519063234E+01 -0.5446956768367068E+00  0.1230393543433813E+03
  0.2138651936757143E+01 -0.5378254453298289E+00  0.1200728132962407E+03
  0.2130481354349721E+01 -0.5309193095624275E+00  0.1163423665780473E+03
  0.2122310771843806E+01 -0.5239777305757194E+00  0.1114700915237817E+03
  0.2114140189242155E+01 -0.5170011717770473E+00  0.1054370501508204E+03
  0.2105969606547443E+01 -0.5099900989089429E+00  0.9855029190359269E+02
  0.2097799023762269E+01 -0.5029449800180356E+00  0.9124919666267297E+02
  0.2089628440889158E+01 -0.4958662854238058E+00  0.8381476744926968E+02
  0.2081457857930564E+01 -0.4887544876871878E+00  0.7628860402153573E+02
  0.2073287274888874E+01 -0.4816100615790221E+00  0.6867849261661742E+02
  0.2065116691766407E+01 -0.4744334840483606E+00  0.6124109025494444E+02
  0.2056946108565423E+01 -0.4672252341906264E+00  0.5434888262470935E+02
  0.2048775525288118E+01 -0.4599857932156304E+00  0.4812653617748061E+02
  0.2040604941936635E+01 -0.4527156444154464E+00  0.4236757866441571E+02
  0.2032434358513056E+01 -0.4454152731321473E+00  0.3681111645052597E+02
  0.2024263775019413E+01 -0.4380851667254050E+00  0.3133625998150205E+02
  0.2016093191457685E+01 -0.4307258145399545E+00  0.2590251581189321E+02
  0.2007922607829804E+01 -0.4233377078729265E+00  0.2053715970219693E+02
  0.1999752024137653E+01 -0.4159213399410494E+00  0.1539743973063221E+02
  0.1991581440383068E+01 -0.4084772058477228E+00  0.1068425885154521E+02
  0.1983410856567843E+01 -0.4010058025499653E+00  0.6503227635981552E+01
  0.1975240272693730E+01 -0.3935076288252386E+00  0.2854316222004912E+01
  0.1967069688762441E+01 -0.3859831852381501E+00 -0.3444632661633214E+00
  0.1958899104775647E+01 -0.3784329741070359E+00 -0.3367792283848673E+01
  0.1950728520734982E+01 -0.3708574994704271E+00 -0.6660333271943074E+01
  0.1942557936642046E+01 -0.3632572670534011E+00 -0.1054519766144600E+02
  0.1934387352498403E+01 -0.3556327842338202E+00 -0.1493057325119090E+02
  0.1926216768305583E+01 -0.3479845600084601E+00 -0.1951752010136967E+02
  0.1918046184065086E+01 -0.3403131049590297E+00 -0.2407195273162602E+02
  0.1909875599778379E+01 -0.3326189312180866E+00 -0.2853382015881054E+02
  0.1901705015446901E+01 -0.3249025524348469E+00 -0.3294398735250974E+02
  0.1893534431072063E+01 -0.3171644837408958E+00 -0.3747211769415320E+02
  0.1885363846655247E+01 -0.3094052417157978E+00 -0.4229123399376992E+02
  0.1877193262197810E+01 -0.3016253443526109E+00 -0.4735561034633741E+02
  0.1869022677701083E+01 -0.2938253110233064E+00 -0.5232671401468431E+02
  0.1860852093166375E+01 -0.2860056624440968E+00 -0.5686619969633082E+02
  0.1852681508594969E+01 -0.2781669206406729E+00 -0.6083164417727730E+02
  0.1844510923988128E+01 -0.2703096089133553E+00 -0.6423485638501977E+02
  0.1836340339347093E+01 -0.2624342518021592E+00 -0.6711209330100441E+02
  0.1828169754673083E+01 -0.2545413750517773E+00 -0.6953402816950586E+02
  0.1819999169967299E+01 -0.2466315055764818E+00 -0.7161168740252731E+02
  0.1811828585230925E+01 -0.2387051714249486E+00 -0.7352454577289163E+02
  0.1803658000465123E+01 -0.2307629017450062E+00 -0.7555351500237796E+02
  0.1795487415671042E+01 -0.2228052267483099E+00 -0.7805799957148206E+02
  0.1787316830849811E+01 -0.2148326776749467E+00 -0.8116783488775368E+02
  0.1779146246002545E+01 -0.2068457867579697E+00 -0.8457890971200402E+02
  0.1770975661130345E+01 -0.1988450871878683E+00 -0.8779123594348339E+02
  0.1762805076234296E+01 -0.1908311130769725E+00 -0.9058744121946376E+02
  0.1754634491315471E+01 -0.1828043994237966E+00 -0.9309529060092622E+02
  0.1746463906374929E+01 -0.1747654820773241E+00 -0.9550898539548558E+02
  0.1738293321413718E+01 -0.1667148977012352E+00 -0.9786710022178937E+02
  0.1730122736432872E+01 -0.1586531837380799E+00 -0.1001652233264609E+03
  0.1721952151433418E+01 -0.1505808783733995E+00 -0.1024718533152554E+03
  0.1713781566416370E+01 -0.1424985204997981E+00 -0.1049958429696398E+03
  0.1705610981382731E+01 -0.1344066496809675E+00 -0.1080045552779495E+03
  0.1697440396333499E+01 -0.1263058061156663E+00 -0.1116852328411930E+03
  0.1689269811269659E+01 -0.1181965306016578E+00 -0.1159320666032355E+03
  0.1681099226192191E+01 -0.1100793644996070E+00 -0.1203845720400557E+03
  0.1672928641102067E+01 -0.1019548496969404E+00 -0.1246360273733462E+03
  0.1664758056000250E+01 -0.9382352857167028E-01 -0.1284278333787454E+03
  0.1656587470887701E+01 -0.8568594395618719E-01 -0.1316058526809067E+03
  0.1648416885765370E+01 -0.7754263910102077E-01 -0.1340938839986393E+03
  0.1640246300634206E+01 -0.6939415763857371E-01 -0.1359605102412652E+03
  0.1632075715495151E+01 -0.6124104354682962E-01 -0.1374152852082346E+03
  0.1623905130349143E+01 -0.5308384111303818E-01 -0.1386441804163035E+03
  0.1615734545197117E+01 -0.4492309489737940E-01 -0.1397379546981277E+03
  0.1607563960040004E+01 -0.3675934969660982E-01 -0.1407229599838377E+03
  0.1599393374878733E+01 -0.2859315050769285E-01 -0.1416209966263676E+03
  0.1591222789714229E+01 -0.2042504249141571E-01 -0.1424245578368532E+03
  0.1583052204547419E+01 -0.1225557093599554E-01 -0.1431511235046846E+03
  0.1574881619379224E+01 -0.4085281220676868E-02 -0.1438846489641533E+03
  0.1566711034210569E+01  0.4085281220676868E-02 -0.1447290778586080E+03
  0.1558540449042374E+01  0.1225557093599554E-01 -0.1456583436231282E+03
  0.1550369863875564E+01  0.2042504249141571E-01 -0.1465260915351103E+03
  0.1542199278711061E+01  0.2859315050769285E-01 -0.1471810815370034E+03
  0.1534028693549790E+01  0.3675934969660982E-01 -0.1476578531507511E+03
  0.1525858108392677E+01  0.4492309489737940E-01 -0.1481401589829555E+03
  0.1517687523240650E+01  0.5308384111303818E-01 -0.1487759959500430E+03
  0.1509516938094642E+01  0.6124104354682962E-01 -0.1494269710328708E+03
  0.1501346352955587E+01  0.6939415763857371E-01 -0.1497748055453292E+03
  0.1493175767824423E+01  0.7754263910102077E-01 -0.1496166827343914E+03
  0.1485005182702093E+01  0.8568594395618719E-01 -0.1490090899746846E+03
  0.1476834597589543E+01  0.9382352857167028E-01 -0.1480374353960077E+03
  0.1468664012487727E+01  0.1019548496969404E+00 -0.1467706958178489E+03
  0.1460493427397602E+01  0.1100793644996070E+00 -0.1455010332941895E+03
  0.1452322842320134E+01  0.1181965306016578E+00 -0.1448009143668391E+03
  0.1444152257256294E+01  0.1263058061156663E+00 -0.1450347299609016E+03
  0.1435981672207062E+01  0.1344066496809675E+00 -0.1460487057339884E+03
  0.1427811087173423E+01  0.1424985204997981E+00 -0.1474108349387436E+03
  0.1419640502156375E+01  0.1505808783733995E+00 -0.1488107648575098E+03
  0.1411469917156921E+01  0.1586531837380799E+00 -0.1500324580929282E+03
  0.1403299332176076E+01  0.1667148977012352E+00 -0.1508607003413250E+03
  0.1395128747214864E+01  0.1747654820773241E+00 -0.1511799521972027E+03
  0.1386958162274323E+01  0.1828043994237966E+00 -0.1510440194396190E+03
  0.1378787577355497E+01  0.1908311130769725E+00 -0.1504710370556072E+03
  0.1370616992459449E+01  0.1988450871878683E+00 -0.1494513563760899E+03
  0.1362446407587248E+01  0.2068457867579697E+00 -0.1482231394176927E+03
  0.1354275822739983E+01  0.2148326776749467E+00 -0.1473346306241514E+03
  0.1346105237918751E+01  0.2228052267483099E+00 -0.1471457041994647E+03
  0.1337934653124670E+01  0.2307629017450062E+00 -0.1474956565141877E+03
  0.1329764068358868E+01  0.2387051714249486E+00 -0.1479130288854096E+03
  0.1321593483622494E+01  0.2466315055764818E+00 -0.1480391380188256E+03
  0.1313422898916710E+01  0.2545413750517773E+00 -0.1477356802954254E+03
  0.1305252314242701E+01  0.2624342518021592E+00 -0.1471114656750267E+03
  0.1297081729601665E+01  0.2703096089133553E+00 -0.1465039796833850E+03
  0.1288911144994824E+01  0.2781669206406729E+00 -0.1462684745950813E+03
  0.1280740560423418E+01  0.2860056624440968E+00 -0.1463854624301405E+03
  0.1272569975888710E+01  0.2938253110233064E+00 -0.1464607223822748E+03
  0.1264399391391984E+01  0.3016253443526109E+00 -0.1460733881024570E+03
  0.1256228806934547E+01  0.3094052417157978E+00 -0.1451452401493096E+03
  0.1248058222517730E+01  0.3171644837408958E+00 -0.1439847572129317E+03
  0.1239887638142892E+01  0.3249025524348469E+00 -0.1431888486231934E+03
  0.1231717053811414E+01  0.3326189312180866E+00 -0.1432738037723605E+03
  0.1223546469524707E+01  0.3403131049590297E+00 -0.1442575576451838E+03
  0.1215375885284210E+01  0.3479845600084601E+00 -0.1455734989642870E+03
  0.1207205301091390E+01  0.3556327842338202E+00 -0.1465987967937474E+03
  0.1199034716947747E+01  0.3632572670534011E+00 -0.1471396366087661E+03
  0.1190864132854811E+01  0.3708574994704271E+00 -0.1473525189282708E+03
  0.1182693548814147E+01  0.3784329741070359E+00 -0.1473969440388404E+03
  0.1174522964827352E+01  0.3859831852381501E+00 -0.1473739457868999E+03
  0.1166352380896063E+01  0.3935076288252386E+00 -0.1473695783242164E+03
  0.1158181797021950E+01  0.4010058025499653E+00 -0.1474452553681074E+03
  0.1150011213206726E+01  0.4084772058477228E+00 -0.1475967578866571E+03
  0.1141840629452141E+01  0.4159213399410494E+00 -0.1478925012195176E+03
  0.1133670045759989E+01  0.4233377078729265E+00 -0.1483952679703914E+03
  0.1125499462132108E+01  0.4307258145399545E+00 -0.1489926220181966E+03
  0.1117328878570381E+01  0.4380851667254050E+00 -0.1493985489568243E+03
  0.1109158295076737E+01  0.4454152731321473E+00 -0.1494209802052433E+03
  0.1100987711653159E+01  0.4527156444154464E+00 -0.1490499934664740E+03
  0.1092817128301675E+01  0.4599857932156304E+00 -0.1484660486090826E+03
  0.1084646545024371E+01  0.4672252341906264E+00 -0.1480218556487487E+03
  0.1076475961823386E+01  0.4744334840483606E+00 -0.1481380322192802E+03
  0.1068305378700920E+01  0.4816100615790221E+00 -0.1488176252646478E+03
  0.1060134795659229E+01  0.4887544876871878E+00 -0.1495404851895999E+03
  0.1051964212700635E+01  0.4958662854238058E+00 -0.1497767881007081E+03
  0.1043793629827524E+01  0.5029449800180356E+00 -0.1495350921942239E+03
  0.1035623047042350E+01  0.5099900989089429E+00 -0.1490860381276811E+03
  0.1027452464347638E+01  0.5170011717770473E+00 -0.1484681657084315E+03
  0.1019281881745987E+01  0.5239777305757194E+00 -0.1475173203379781E+03
  0.1011111299240073E+01  0.5309193095624275E+00 -0.1463219267567621E+03
  0.1002940716832650E+01  0.5378254453298289E+00 -0.1452139143624603E+03
  0.9947701345265596E+00  0.5446956768367068E+00 -0.1444846836324843E+03
  0.9865995523247275E+00  0.5515295454387482E+00 -0.1441892246704803E+03
  0.9784289702301714E+00  0.5583265949191624E+00 -0.1442302065817786E+03
  0.9702583882460036E+00  0.5650863715191369E+00 -0.1443454645859754E+03
  0.9620878063754359E+00  0.5718084239681300E+00 -0.1442549062597194E+03
  0.9539172246217830E+00  0.5784923035139965E+00 -0.1437841362786901E+03
  0.9457466429884676E+00  0.5851375639529456E+00 -0.1429487498780105E+03
  0.9375760614790253E+00  0.5917437616593286E+00 -0.1418283334274207E+03
  0.9294054800971098E+00  0.5983104556152549E+00 -0.1406424762084461E+03
  0.9212348988464978E+00  0.6048372074400329E+00 -0.1397123516303717E+03
  0.9130643177310944E+00  0.6113235814194364E+00 -0.1391751339926232E+03
  0.9048937367549402E+00  0.6177691445347914E+00 -0.1387789364938590E+03
  0.8967231559222163E+00  0.6241734664918837E+00 -0.1383682105306249E+03
  0.8885525752372514E+00  0.6305361197496849E+00 -0.1382795630262767E+03
  0.8803819947045285E+00  0.6368566795488945E+00 -0.1389118504581300E+03
  0.8722114143286931E+00  0.6431347239402948E+00 -0.1399284581672130E+03
  0.8640408341145595E+00  0.6493698338129212E+00 -0.1404628713263855E+03
  0.8558702540671204E+00  0.6555615929220400E+00 -0.1398990723795448E+03
  0.8476996741915547E+00  0.6617095879169366E+00 -0.1382554423200920E+03
  0.8395290944932369E+00  0.6678134083685102E+00 -0.1358205993805042E+03
  0.8313585149777468E+00  0.6738726467966731E+00 -0.1329759201297981E+03
  0.8231879356508802E+00  0.6798868986975534E+00 -0.1300631911141911E+03
  0.8150173565186587E+00  0.6858557625704990E+00 -0.1271667940547176E+03
  0.8068467775873427E+00  0.6917788399448808E+00 -0.1239379678935655E+03
  0.7986761988634423E+00  0.6976557354066943E+00 -0.1200132192398471E+03
  0.7905056203537315E+00  0.7034860566249567E+00 -0.1153957195876420E+03
  0.7823350420652612E+00  0.7092694143778975E+00 -0.1104199783133243E+03
  0.7741644640053743E+00  0.7150054225789432E+00 -0.1054093847417848E+03
  0.7659938861817212E+00  0.7206936983024912E+00 -0.1006766327907058E+03
  0.7578233086022768E+00  0.7263338618094733E+00 -0.9645512707918233E+02
  0.7496527312753575E+00  0.7319255365727068E+00 -0.9281464474653143E+02
  0.7414821542096410E+00  0.7374683493020299E+00 -0.8958268066495452E+02
  0.7333115774141861E+00  0.7429619299692227E+00 -0.8646606923708804E+02
  0.7251410008984539E+00  0.7484059118327094E+00 -0.8303532869228547E+02
  0.7169704246723316E+00  0.7537999314620412E+00 -0.7897196465556226E+02
  0.7087998487461566E+00  0.7591436287621580E+00 -0.7438508861805323E+02
  0.7006292731307425E+00  0.7644366469974285E+00 -0.6981887948306984E+02
  0.6924586978374083E+00  0.7696786328154644E+00 -0.6545509609931000E+02
  0.6842881228780077E+00  0.7748692362707100E+00 -0.6074733472356017E+02
  0.6761175482649616E+00  0.7800081108478040E+00 -0.5492651153956848E+02
  0.6679469740112938E+00  0.7850949134847117E+00 -0.4788569581909333E+02
  0.6597764001306670E+00  0.7901293045956280E+00 -0.3999948173458532E+02
  0.6516058266374236E+00  0.7951109480936471E+00 -0.3162919446884511E+02
  0.6434352535466297E+00  0.8000395114131988E+00 -0.2294634621130429E+02
  0.6352646808741202E+00  0.8049146655322506E+00 -0.1408564759695237E+02
  0.6270941086365502E+00  0.8097360849942720E+00 -0.4894290728651858E+01
  0.6189235368514482E+00  0.8145034479299620E+00  0.4994946760456539E+01
  0.6107529655372755E+00  0.8192164360787360E+00  0.1573058923075765E+02
  0.6025823947134890E+00  0.8238747348099726E+00  0.2700161230964790E+02
  0.5944118244006098E+00  0.8284780331440178E+00  0.3862652877650516E+02
  0.5862412546202973E+00  0.8330260237729452E+00  0.5076958003924471E+02
  0.5780706853954301E+00  0.8375184030810715E+00  0.6354655324481434E+02
  0.5699001167501928E+00  0.8419548711652254E+00  0.7661932461830432E+02
  0.5617295487101719E+00  0.8463351318547683E+00  0.8957194549115886E+02
  0.5535589813024583E+00  0.8506588927313666E+00  0.1020641365222213E+03
  0.5453884145557613E+00  0.8549258651485127E+00  0.1139091416498297E+03
  0.5372178485005299E+00  0.8591357642507945E+00  0.1252055154996623E+03
  0.5290472831690897E+00  0.8632883089929120E+00  0.1366315618256434E+03
  0.5208767185957875E+00  0.8673832221584393E+00  0.1488949158840835E+03
  0.5127061548171545E+00  0.8714202303783312E+00  0.1621300163351656E+03
  0.5045355918720822E+00  0.8753990641491725E+00  0.1758966516629674E+03
  0.4963650298020162E+00  0.8793194578511700E+00  0.1899685259219116E+03
  0.4881944686511717E+00  0.8831811497658847E+00  0.2043923295955949E+03
  0.4800239084667671E+00  0.8869838820937034E+00  0.2192644538795019E+03
  0.4718533492992859E+00  0.8907274009710492E+00  0.2344566654682793E+03
  0.4636827912027636E+00  0.8944114564873288E+00  0.2497788216657732E+03
  0.4555122342351060E+00  0.8980358027016164E+00  0.2648354997859843E+03
  0.4473416784584431E+00  0.9016001976590722E+00  0.2794120940357124E+03
  0.4391711239395221E+00  0.9051044034070944E+00  0.2938274702449936E+03
  0.4310005707501444E+00  0.9085481860112055E+00  0.3089284686807698E+03
  0.4228300189676551E+00  0.9119313155706682E+00  0.3251058023481705E+03
  0.4146594686754885E+00  0.9152535662338340E+00  0.3422482891578906E+03
  0.4064889199637791E+00  0.9185147162132208E+00  0.3602300116567928E+03
  0.3983183729300507E+00  0.9217145478003181E+00  0.3792566213728872E+03
  0.3901478276799883E+00  0.9248528473801222E+00  0.3991894507590567E+03
  0.3819772843283120E+00  0.9279294054453956E+00  0.4196669484318901E+03
  0.3738067429997641E+00  0.9309440166106540E+00  0.4403813709813821E+03
  0.3656362038302282E+00  0.9338964796258775E+00  0.4610325947554995E+03
  0.3574656669680030E+00  0.9367865973899459E+00  0.4809138399030828E+03
  0.3492951325752533E+00  0.9396141769637963E+00  0.4996695246604621E+03
  0.3411246008296713E+00  0.9423790295833044E+00  0.5178195327402019E+03
  0.3329540719263814E+00  0.9450809706718851E+00  0.5362143411698331E+03
  0.3247835460801308E+00  0.9477198198528157E+00  0.5551938269400119E+03
  0.3166130235278230E+00  0.9502954009612771E+00  0.5753548210669051E+03
  0.3084425045314506E+00  0.9528075420561144E+00  0.5978396262043152E+03
  0.3002719893815085E+00  0.9552560754313160E+00  0.6233977444608641E+03
  0.2921014784009779E+00  0.9576408376272095E+00  0.6512900795730000E+03
  0.2839309719500016E+00  0.9599616694413742E+00  0.6804426688070603E+03
  0.2757604704313845E+00  0.9622184159392698E+00  0.7102863781124382E+03
  0.2675899742971076E+00  0.9644109264645802E+00  0.7404143685699138E+03
  0.2594194840560681E+00  0.9665390546492710E+00  0.7699699893145078E+03
  0.2512490002833307E+00  0.9686026584233628E+00  0.7987863834101514E+03
  0.2430785236312446E+00  0.9706016000244151E+00  0.8272837913186826E+03
  0.2349080548428762E+00  0.9725357460067257E+00  0.8557695429517842E+03
  0.2267375947683499E+00  0.9744049672502397E+00  0.8841674400076582E+03
  0.2185671443848464E+00  0.9762091389691724E+00  0.9134159451150756E+03
  0.2103967048212628E+00  0.9779481407203411E+00  0.9444530925912989E+03
  0.2022262773888417E+00  0.9796218564112101E+00  0.9767940254745492E+03
  0.1940558636195398E+00  0.9812301743076443E+00  0.1009070218289280E+04
  0.1858854653144977E+00  0.9827729870413743E+00  0.1041860057682890E+04
  0.1777150846058812E+00  0.9842501916171713E+00  0.1076613875330722E+04
  0.1695447240365762E+00  0.9856616894197333E+00  0.1113569077988745E+04
  0.1613743866640789E+00  0.9870073862202815E+00  0.1151901128621908E+04
  0.1532040761975885E+00  0.9882871921828699E+00  0.1192267920116351E+04
  0.1450337971813853E+00  0.9895010218704087E+00  0.1235514981726540E+04
  0.1368635552438019E+00  0.9906487942504061E+00  0.1281240901627455E+04
  0.1286933574408989E+00  0.9917304327004320E+00  0.1329313257893048E+04
  0.1205232127396896E+00  0.9927458650133153E+00  0.1382259086335537E+04
  0.1123531327118049E+00  0.9936950234020883E+00  0.1441546140454671E+04
  0.1041831325528455E+00  0.9945778445047068E+00  0.1505777898603844E+04
  0.9601323262085862E-01  0.9953942693885953E+00  0.1573668785919354E+04
  0.8784346083082471E-01  0.9961442435551087E+00  0.1647185967050188E+04
  0.7967385651719167E-01  0.9968277169440913E+00  0.1726740667978178E+04
  0.7150447693306423E-01  0.9974446439389107E+00  0.1812084192975769E+04
  0.6333540875299180E-01  0.9979949833727938E+00  0.1907779191800786E+04
  0.5516678972815772E-01  0.9984786985384589E+00  0.2023997526515394E+04
  0.4699885272846815E-01  0.9988957572063257E+00  0.2167661592626336E+04
  0.3883202470742381E-01  0.9992461316671845E+00  0.2354323449755172E+04
  0.3066718105470672E-01  0.9995297988558859E+00  0.2626169685568456E+04
  0.2250643816359393E-01  0.9997467408113523E+00  0.3026176363064655E+04
  0.1435650599352885E-01  0.9998969471378596E+00  0.3507285641387038E+04
  0.6254421014113626E-02  0.9999804411726474E+00  0.3893937310048103E+04
