2.000000000000000000e+00	1.224178119811033838e+02
3.000000000000000000e+00	5.009222753432020454e+02
4.000000000000000000e+00	2.203990041798581672e+02
5.000000000000000000e+00	2.927220002645185559e+02
6.000000000000000000e+00	9.303303905267593166e+01
7.000000000000000000e+00	1.172243561208698424e+02
8.000000000000000000e+00	5.547282083148602538e+01
9.000000000000000000e+00	4.187699190893724932e+01
1.000000000000000000e+01	5.354885090016179561e+01
1.100000000000000000e+01	4.701234284299796684e+01
1.200000000000000000e+01	3.138002029462034059e+01
1.300000000000000000e+01	2.529984890382620577e+01
1.400000000000000000e+01	2.480784203711991509e+01
1.500000000000000000e+01	2.211421377228243657e+01
1.600000000000000000e+01	1.599734128147578360e+01
1.700000000000000000e+01	1.913440622636491995e+01
1.800000000000000000e+01	1.145641962826191573e+01
1.900000000000000000e+01	1.474972399095357289e+01
2.000000000000000000e+01	1.120061462191153190e+01
2.100000000000000000e+01	8.929211441633755797e+00
2.200000000000000000e+01	7.453258237962300470e+00
2.300000000000000000e+01	8.697630990185810873e+00
2.400000000000000000e+01	8.323931456541968643e+00
2.500000000000000000e+01	8.253485980465400829e+00
2.600000000000000000e+01	8.306773234748845880e+00
2.700000000000000000e+01	6.776164808060552325e+00
2.800000000000000000e+01	9.598600889244476519e+00
2.900000000000000000e+01	7.798302502333650743e+00
3.000000000000000000e+01	6.302950578946154181e+00
3.100000000000000000e+01	5.761280150642590137e+00
3.200000000000000000e+01	8.505199624333243946e+00
3.300000000000000000e+01	5.424036005622396850e+00
3.400000000000000000e+01	5.935948140364238235e+00
3.500000000000000000e+01	4.587957413358726200e+00
3.600000000000000000e+01	5.262253369798578717e+00
3.700000000000000000e+01	6.292687094703187434e+00
3.800000000000000000e+01	5.220973788230077517e+00
3.900000000000000000e+01	4.804102397496269994e+00
4.000000000000000000e+01	7.146331124897517206e+00
4.100000000000000000e+01	4.271663170871434545e+00
4.200000000000000000e+01	4.476352210973266743e+00
4.300000000000000000e+01	4.367727177096468516e+00
4.400000000000000000e+01	3.822148366128899521e+00
4.500000000000000000e+01	3.241911278615117187e+00
4.600000000000000000e+01	3.557219847132307322e+00
4.700000000000000000e+01	4.708787341247417935e+00
4.800000000000000000e+01	2.804806123729401524e+00
4.900000000000000000e+01	4.144290597376955709e+00
5.000000000000000000e+01	3.940508097975877533e+00
5.100000000000000000e+01	2.854971547499908890e+00
5.200000000000000000e+01	3.410592404458216542e+00
5.300000000000000000e+01	2.543795907351031005e+00
5.400000000000000000e+01	2.513873279166703334e+00
5.500000000000000000e+01	2.953921597885952544e+00
5.600000000000000000e+01	3.605574612365866738e+00
5.700000000000000000e+01	3.207628224975559217e+00
5.800000000000000000e+01	3.149886079489417678e+00
5.900000000000000000e+01	2.397089271835328717e+00
6.000000000000000000e+01	2.812263042562557658e+00
6.100000000000000000e+01	2.650658822500465472e+00
6.200000000000000000e+01	3.151926059587002449e+00
6.300000000000000000e+01	2.692967697293564111e+00
6.400000000000000000e+01	2.586650367848292831e+00
6.500000000000000000e+01	2.278751672375649573e+00
6.600000000000000000e+01	2.139960217286948296e+00
6.700000000000000000e+01	2.497843037967149016e+00
6.800000000000000000e+01	2.391020196266536502e+00
6.900000000000000000e+01	2.708413071409578432e+00
7.000000000000000000e+01	2.340146474094238371e+00
7.100000000000000000e+01	2.132514950139575483e+00
7.200000000000000000e+01	2.084760070753869154e+00
7.300000000000000000e+01	2.928810438421098450e+00
7.400000000000000000e+01	2.611001260644635114e+00
7.500000000000000000e+01	1.972544398713361513e+00
7.600000000000000000e+01	1.925746932970570757e+00
7.700000000000000000e+01	2.231399206871214069e+00
7.800000000000000000e+01	2.034488402206817703e+00
7.900000000000000000e+01	1.537323605365655599e+00
8.000000000000000000e+01	2.088774783137199886e+00
8.100000000000000000e+01	2.131878588393357088e+00
8.200000000000000000e+01	2.391607263406894113e+00
8.300000000000000000e+01	1.803004127761027586e+00
8.400000000000000000e+01	1.661217225328375235e+00
8.500000000000000000e+01	1.902368306549296673e+00
8.600000000000000000e+01	2.032401545058850623e+00
8.700000000000000000e+01	2.094876321206389225e+00
8.800000000000000000e+01	1.617396116244056881e+00
8.900000000000000000e+01	1.886702337477177860e+00
9.000000000000000000e+01	1.891565167690324012e+00
9.100000000000000000e+01	1.987056979423840408e+00
9.200000000000000000e+01	1.861695744005427589e+00
9.300000000000000000e+01	1.833619293881443513e+00
9.400000000000000000e+01	1.653439613054682455e+00
9.500000000000000000e+01	1.460444027179486515e+00
9.600000000000000000e+01	1.584081289787251379e+00
9.700000000000000000e+01	1.824574987900232426e+00
9.800000000000000000e+01	1.306269874635669570e+00
9.900000000000000000e+01	1.759192928481723595e+00
1.000000000000000000e+02	1.745653268482017850e+00
1.010000000000000000e+02	1.646671707687770825e+00
1.020000000000000000e+02	1.801505937399429991e+00
1.030000000000000000e+02	1.602648278737103693e+00
1.040000000000000000e+02	1.850149063862966958e+00
1.050000000000000000e+02	1.303599031073332526e+00
1.060000000000000000e+02	1.671322042426664156e+00
1.070000000000000000e+02	1.544397844386813601e+00
1.080000000000000000e+02	1.871292868382840258e+00
1.090000000000000000e+02	1.534299695717404655e+00
1.100000000000000000e+02	1.689220124882362839e+00
1.110000000000000000e+02	1.471488865833155746e+00
1.120000000000000000e+02	1.430377984472547270e+00
1.130000000000000000e+02	1.279753469053807491e+00
1.140000000000000000e+02	1.138674582547222425e+00
1.150000000000000000e+02	1.583866240828882832e+00
1.160000000000000000e+02	1.651161685858378414e+00
1.170000000000000000e+02	1.892005697139710119e+00
1.180000000000000000e+02	1.452079138514211110e+00
1.190000000000000000e+02	1.462574762797068884e+00
1.200000000000000000e+02	1.328399397249327984e+00
1.210000000000000000e+02	1.836191586397517117e+00
1.220000000000000000e+02	1.394085576555840866e+00
1.230000000000000000e+02	1.512105821457109034e+00
1.240000000000000000e+02	1.230100974451623141e+00
1.250000000000000000e+02	1.361686225525623017e+00
1.260000000000000000e+02	1.430827676076190214e+00
1.270000000000000000e+02	1.474630855818935160e+00
1.280000000000000000e+02	1.373754991614574150e+00
1.290000000000000000e+02	1.315147725571230497e+00
1.300000000000000000e+02	1.396215094446838556e+00
1.310000000000000000e+02	1.228277499033772369e+00
1.320000000000000000e+02	1.307118375177907188e+00
1.330000000000000000e+02	1.407933031827628190e+00
1.340000000000000000e+02	1.224311122388039186e+00
1.350000000000000000e+02	1.295749199233438009e+00
1.360000000000000000e+02	1.452750491763070917e+00
1.370000000000000000e+02	1.302134188868639297e+00
1.380000000000000000e+02	1.290368111076408031e+00
1.390000000000000000e+02	1.324047258951008832e+00
1.400000000000000000e+02	1.331601537968623461e+00
1.410000000000000000e+02	1.279819200933928425e+00
1.420000000000000000e+02	1.328257770549657657e+00
1.430000000000000000e+02	1.367649833693113548e+00
1.440000000000000000e+02	1.153479066492097083e+00
1.450000000000000000e+02	1.399849664720223208e+00
1.460000000000000000e+02	1.181789485568404130e+00
1.470000000000000000e+02	1.193766743355063165e+00
1.480000000000000000e+02	1.134678960712033557e+00
1.490000000000000000e+02	1.142122114735526495e+00
1.500000000000000000e+02	1.320390589867769471e+00
1.510000000000000000e+02	1.118329649955373872e+00
1.520000000000000000e+02	1.228180309507374224e+00
1.530000000000000000e+02	1.364734445816151887e+00
1.540000000000000000e+02	1.007307381010662306e+00
1.550000000000000000e+02	1.164417468120914290e+00
1.560000000000000000e+02	1.155118432920118288e+00
1.570000000000000000e+02	1.104018741560446770e+00
1.580000000000000000e+02	1.274723245516247605e+00
1.590000000000000000e+02	1.160541258537493903e+00
1.600000000000000000e+02	1.192992783550142377e+00
1.610000000000000000e+02	1.144391323190040000e+00
1.620000000000000000e+02	1.006881551387289520e+00
1.630000000000000000e+02	1.147424204117334368e+00
1.640000000000000000e+02	1.213826554126810064e+00
1.650000000000000000e+02	1.074017609789407635e+00
1.660000000000000000e+02	1.084669111002687591e+00
1.670000000000000000e+02	1.054780226364231632e+00
1.680000000000000000e+02	1.156948947960224627e+00
1.690000000000000000e+02	1.015980225427232764e+00
1.700000000000000000e+02	1.054546103697861392e+00
1.710000000000000000e+02	9.871158688318319996e-01
1.720000000000000000e+02	1.241906401715314523e+00
1.730000000000000000e+02	1.130592246324875205e+00
1.740000000000000000e+02	1.022304311190885828e+00
1.750000000000000000e+02	1.028305474290856614e+00
1.760000000000000000e+02	1.017283585863432593e+00
1.770000000000000000e+02	9.521453624746101241e-01
1.780000000000000000e+02	9.991646592388526704e-01
1.790000000000000000e+02	1.196891741523708141e+00
1.800000000000000000e+02	1.000513532754480739e+00
1.810000000000000000e+02	8.774579169169397508e-01
1.820000000000000000e+02	9.046702457740173342e-01
1.830000000000000000e+02	1.001125493257796428e+00
1.840000000000000000e+02	9.044823058594431142e-01
1.850000000000000000e+02	1.069027473259730687e+00
1.860000000000000000e+02	1.027114993083681593e+00
1.870000000000000000e+02	8.708684714775435376e-01
1.880000000000000000e+02	9.575628023293449864e-01
1.890000000000000000e+02	1.007191013817027248e+00
1.900000000000000000e+02	9.258837385401036402e-01
1.910000000000000000e+02	9.501616800705474652e-01
1.920000000000000000e+02	1.011615364259414784e+00
1.930000000000000000e+02	9.282267589643440342e-01
1.940000000000000000e+02	9.083287827807805526e-01
1.950000000000000000e+02	7.769360206259819934e-01
1.960000000000000000e+02	9.023095639813177860e-01
1.970000000000000000e+02	8.665452243312834479e-01
1.980000000000000000e+02	9.294580822825780908e-01
1.990000000000000000e+02	8.711667123991602146e-01
2.000000000000000000e+02	9.121732790491885456e-01
2.010000000000000000e+02	8.524747547249705848e-01
2.020000000000000000e+02	8.683005896845509275e-01
2.030000000000000000e+02	9.379680217606013448e-01
2.040000000000000000e+02	8.573032164241318753e-01
2.050000000000000000e+02	8.775895085904227289e-01
2.060000000000000000e+02	7.943455153154986847e-01
2.070000000000000000e+02	7.471582403303484998e-01
2.080000000000000000e+02	8.066031839400402692e-01
2.090000000000000000e+02	7.305725405758308755e-01
2.100000000000000000e+02	8.128651198510570275e-01
2.110000000000000000e+02	7.731627248784279649e-01
2.120000000000000000e+02	8.276563276320711982e-01
2.130000000000000000e+02	7.877879753007090979e-01
2.140000000000000000e+02	7.332957399198050119e-01
2.150000000000000000e+02	8.658668857017447484e-01
2.160000000000000000e+02	7.719439807002759224e-01
2.170000000000000000e+02	7.336802522518698355e-01
2.180000000000000000e+02	7.570115418832912280e-01
2.190000000000000000e+02	7.346307712067141615e-01
2.200000000000000000e+02	7.650021481285809166e-01
2.210000000000000000e+02	7.485706608323380307e-01
2.220000000000000000e+02	8.118506303571816352e-01
2.230000000000000000e+02	7.459095110546016816e-01
2.240000000000000000e+02	6.650192771566676431e-01
2.250000000000000000e+02	6.694323030639084404e-01
2.260000000000000000e+02	7.366987435238401272e-01
2.270000000000000000e+02	7.993980445415824754e-01
2.280000000000000000e+02	6.454195374408213670e-01
2.290000000000000000e+02	6.226765076886406902e-01
2.300000000000000000e+02	6.488392012216190885e-01
2.310000000000000000e+02	6.951623997730832505e-01
2.320000000000000000e+02	6.625040164237909757e-01
2.330000000000000000e+02	7.269304616211036407e-01
2.340000000000000000e+02	6.072133886517075974e-01
2.350000000000000000e+02	6.577945726818361649e-01
2.360000000000000000e+02	7.441542294382695877e-01
2.370000000000000000e+02	6.791122304124999065e-01
2.380000000000000000e+02	6.720572303904104317e-01
2.390000000000000000e+02	6.499146017397159358e-01
2.400000000000000000e+02	6.736513221338749080e-01
2.410000000000000000e+02	5.945211965535021070e-01
2.420000000000000000e+02	6.109861206839816150e-01
2.430000000000000000e+02	6.103673196906304055e-01
2.440000000000000000e+02	5.639748909796602483e-01
2.450000000000000000e+02	6.634598094656446454e-01
2.460000000000000000e+02	5.953743394948010081e-01
2.470000000000000000e+02	6.246801962260173369e-01
2.480000000000000000e+02	6.086848094389391006e-01
2.490000000000000000e+02	5.019905407792447649e-01
2.500000000000000000e+02	5.881717798214326498e-01
2.510000000000000000e+02	5.705038614063250302e-01
2.520000000000000000e+02	5.822531034808854367e-01
2.530000000000000000e+02	5.614531288465732795e-01
2.540000000000000000e+02	5.692279652445466631e-01
2.550000000000000000e+02	5.445733180445556654e-01
2.560000000000000000e+02	5.238948304902817377e-01
2.570000000000000000e+02	4.865891221944381728e-01
2.580000000000000000e+02	5.459361126842191547e-01
2.590000000000000000e+02	4.724145987535262048e-01
2.600000000000000000e+02	5.662589979259593509e-01
2.610000000000000000e+02	4.939920758959261970e-01
2.620000000000000000e+02	5.653466422471222774e-01
2.630000000000000000e+02	5.641086766791693075e-01
2.640000000000000000e+02	5.355852487385703853e-01
2.650000000000000000e+02	4.713730729452005885e-01
2.660000000000000000e+02	5.564196310970822568e-01
2.670000000000000000e+02	4.955576605863486472e-01
2.680000000000000000e+02	4.670707776445388038e-01
2.690000000000000000e+02	4.088411246602888238e-01
2.700000000000000000e+02	4.376466524361801169e-01
2.710000000000000000e+02	4.750789392271487221e-01
2.720000000000000000e+02	5.054986077809098255e-01
2.730000000000000000e+02	4.885546620515452965e-01
2.740000000000000000e+02	4.887831235097321314e-01
2.750000000000000000e+02	4.148244190432296974e-01
2.760000000000000000e+02	4.132242373401232571e-01
2.770000000000000000e+02	5.069076879020995019e-01
2.780000000000000000e+02	4.788079473406239295e-01
2.790000000000000000e+02	5.141792226747862182e-01
2.800000000000000000e+02	4.288316128883342682e-01
2.810000000000000000e+02	4.268169348984979794e-01
2.820000000000000000e+02	4.716306014633804278e-01
2.830000000000000000e+02	5.312498240631994273e-01
2.840000000000000000e+02	4.171460384257841270e-01
2.850000000000000000e+02	3.912969065516577749e-01
2.860000000000000000e+02	4.062222326616232726e-01
2.870000000000000000e+02	4.019994435134540689e-01
2.880000000000000000e+02	4.463138707646503445e-01
2.890000000000000000e+02	4.106325058445429166e-01
2.900000000000000000e+02	4.417803157429953664e-01
2.910000000000000000e+02	3.843347422374338018e-01
2.920000000000000000e+02	4.152287035873596377e-01
2.930000000000000000e+02	4.181552119992431593e-01
2.940000000000000000e+02	4.247183462783352681e-01
2.950000000000000000e+02	4.038063012065535307e-01
2.960000000000000000e+02	4.547036550138514044e-01
2.970000000000000000e+02	4.589854146169978222e-01
2.980000000000000000e+02	4.252831867692232759e-01
2.990000000000000000e+02	3.708116339510932336e-01
3.000000000000000000e+02	4.401223439811940419e-01
3.010000000000000000e+02	3.662766333829881038e-01
3.020000000000000000e+02	4.521693454520434030e-01
3.030000000000000000e+02	3.882829742987722876e-01
3.040000000000000000e+02	4.597104342423800616e-01
3.050000000000000000e+02	3.836611816844442968e-01
3.060000000000000000e+02	4.561232565422597141e-01
3.070000000000000000e+02	4.211699912073387786e-01
3.080000000000000000e+02	3.999660168703332297e-01
3.090000000000000000e+02	4.348984773543812521e-01
3.100000000000000000e+02	5.616412340003595904e-01
3.110000000000000000e+02	5.329967199874354744e-01
3.120000000000000000e+02	4.693851281081616866e-01
3.130000000000000000e+02	4.780429300380498736e-01
3.140000000000000000e+02	4.911528813463010845e-01
3.150000000000000000e+02	4.677092580864358751e-01
3.160000000000000000e+02	5.087788808029050092e-01
3.170000000000000000e+02	4.742444600344685735e-01
3.180000000000000000e+02	5.445012183621008584e-01
3.190000000000000000e+02	4.930904197447603110e-01
3.200000000000000000e+02	5.562827147144099316e-01
3.210000000000000000e+02	4.726410316718660520e-01
3.220000000000000000e+02	6.295394433635697062e-01
3.230000000000000000e+02	6.586326242287723343e-01
3.240000000000000000e+02	6.281246623610106106e-01
3.250000000000000000e+02	5.985897411896616838e-01
3.260000000000000000e+02	5.515015134740759439e-01
3.270000000000000000e+02	7.371540249946958445e-01
3.280000000000000000e+02	6.811283217168216941e-01
3.290000000000000000e+02	6.138314009483629707e-01
3.300000000000000000e+02	7.043645389725549100e-01
3.310000000000000000e+02	7.105174649004267762e-01
3.320000000000000000e+02	6.500217695374909121e-01
3.330000000000000000e+02	6.832120931559897414e-01
3.340000000000000000e+02	8.269759714436822895e-01
3.350000000000000000e+02	7.234086289282958271e-01
3.360000000000000000e+02	8.443748439750645707e-01
3.370000000000000000e+02	6.412736467409506647e-01
3.380000000000000000e+02	9.692029311942312875e-01
3.390000000000000000e+02	9.483976176087114407e-01
3.400000000000000000e+02	8.570408153423808573e-01
3.410000000000000000e+02	7.706120772746396508e-01
3.420000000000000000e+02	8.736512633932674854e-01
3.430000000000000000e+02	1.065267203141293972e+00
3.440000000000000000e+02	1.049299235529076890e+00
3.450000000000000000e+02	1.034537574067271759e+00
3.460000000000000000e+02	1.256954754797495077e+00
3.470000000000000000e+02	1.158820000921451987e+00
3.480000000000000000e+02	1.188701615085214547e+00
3.490000000000000000e+02	1.236139488696118782e+00
3.500000000000000000e+02	1.248500375916149929e+00
3.510000000000000000e+02	1.176045509969994685e+00
3.520000000000000000e+02	1.379269271992744850e+00
3.530000000000000000e+02	1.499688504983159421e+00
3.540000000000000000e+02	2.001412667929563405e+00
3.550000000000000000e+02	1.592920059795249310e+00
3.560000000000000000e+02	1.802535794898100452e+00
3.570000000000000000e+02	1.912519550691714088e+00
3.580000000000000000e+02	1.795701334855402731e+00
3.590000000000000000e+02	1.759235712194995305e+00
3.600000000000000000e+02	1.835303352567534185e+00
3.610000000000000000e+02	1.628044566140089078e+00
3.620000000000000000e+02	1.980001682726628243e+00
3.630000000000000000e+02	2.365263979852185727e+00
3.640000000000000000e+02	1.940965980839794547e+00
3.650000000000000000e+02	2.277638793185364552e+00
3.660000000000000000e+02	2.256750012848784515e+00
3.670000000000000000e+02	2.435463335530081874e+00
3.680000000000000000e+02	2.541823978373368487e+00
3.690000000000000000e+02	2.337485232355728915e+00
3.700000000000000000e+02	3.029668850796947144e+00
3.710000000000000000e+02	2.537758899425878401e+00
3.720000000000000000e+02	3.348099266871372048e+00
3.730000000000000000e+02	3.088928074439862836e+00
3.740000000000000000e+02	3.867414722697408269e+00
3.750000000000000000e+02	3.686169595642040164e+00
3.760000000000000000e+02	4.541146101439958116e+00
3.770000000000000000e+02	4.352760880840560453e+00
3.780000000000000000e+02	4.775320067396174650e+00
3.790000000000000000e+02	4.530653042497877259e+00
3.800000000000000000e+02	5.337591885337569231e+00
3.810000000000000000e+02	5.626522322790477482e+00
3.820000000000000000e+02	6.195498253236216613e+00
3.830000000000000000e+02	6.066100925859145399e+00
