# nlmax, ncor, nside =         383           1         128
    0  -0.1637197263529798E-06
    1  -0.1143947033213688E-06
    2   0.1546119154566408E-03
    3   0.4856111476902822E-03
    4   0.2191708701714472E-03
    5   0.2986700642509898E-03
    6   0.9362534774074521E-04
    7   0.1186596423849819E-03
    8   0.5551556971491099E-04
    9   0.4107933273915684E-04
   10   0.5230179715737825E-04
   11   0.4460516054649505E-04
   12   0.3246599842161488E-04
   13   0.2437426399741603E-04
   14   0.2367957564247296E-04
   15   0.2152758845806876E-04
   16   0.1667895699567849E-04
   17   0.1820777714163118E-04
   18   0.1123397550602992E-04
   19   0.1469284584392231E-04
   20   0.1076822602460329E-04
   21   0.9006001307971767E-05
   22   0.6949262056426581E-05
   23   0.8707397650572059E-05
   24   0.8130849957925490E-05
   25   0.7792082383113448E-05
   26   0.8059365905175332E-05
   27   0.6743544213466387E-05
   28   0.9085189794285121E-05
   29   0.7410059624120718E-05
   30   0.5835171751143349E-05
   31   0.5487988688016683E-05
   32   0.8020377648702765E-05
   33   0.5201894257772553E-05
   34   0.5567714465498554E-05
   35   0.4131372619967015E-05
   36   0.5036777160632402E-05
   37   0.5826578550162931E-05
   38   0.4905660035462631E-05
   39   0.4389180319305704E-05
   40   0.6473390077478464E-05
   41   0.3841486615608351E-05
   42   0.3908909839002777E-05
   43   0.3877946577111531E-05
   44   0.3257604240222539E-05
   45   0.2784549529609654E-05
   46   0.3300734872595902E-05
   47   0.4219138226436518E-05
   48   0.2485137634191415E-05
   49   0.3507862351644669E-05
   50   0.3528666535155775E-05
   51   0.2465353899064880E-05
   52   0.2843536864377524E-05
   53   0.2072582514204032E-05
   54   0.2147231804079606E-05
   55   0.2457633301208824E-05
   56   0.3003045268660456E-05
   57   0.2709493921446227E-05
   58   0.2601498989022731E-05
   59   0.1926268251297506E-05
   60   0.2233281374936487E-05
   61   0.2091396880730511E-05
   62   0.2422649741446117E-05
   63   0.2167045257082228E-05
   64   0.2022970582071731E-05
   65   0.1796128878871877E-05
   66   0.1642896091546384E-05
   67   0.1835808661609057E-05
   68   0.1849414716127009E-05
   69   0.2019152062681395E-05
   70   0.1696320754250563E-05
   71   0.1587449168642317E-05
   72   0.1495180921038461E-05
   73   0.2069666310742151E-05
   74   0.1821693732623632E-05
   75   0.1415685061407689E-05
   76   0.1354852747027207E-05
   77   0.1603655286455994E-05
   78   0.1375129928205527E-05
   79   0.1038791748514824E-05
   80   0.1417069854584711E-05
   81   0.1388960098117219E-05
   82   0.1578852378214298E-05
   83   0.1199150494789730E-05
   84   0.1094763183016547E-05
   85   0.1230031316729325E-05
   86   0.1307229287428633E-05
   87   0.1303560019884526E-05
   88   0.1016715344746744E-05
   89   0.1182654362147849E-05
   90   0.1134723291435587E-05
   91   0.1209016715151053E-05
   92   0.1113266670658019E-05
   93   0.1088475969771852E-05
   94   0.9695850010856320E-06
   95   0.8383751424140921E-06
   96   0.8862750025534645E-06
   97   0.1006068098293983E-05
   98   0.7140024919368721E-06
   99   0.9828805704464132E-06
  100   0.9363972003219287E-06
  101   0.8754699963076567E-06
  102   0.9399533833823804E-06
  103   0.8453786397181371E-06
  104   0.9608328532567929E-06
  105   0.6763755934534143E-06
  106   0.8378238420018448E-06
  107   0.7567554614660013E-06
  108   0.9423193371906811E-06
  109   0.7447539461445717E-06
  110   0.8091654032150977E-06
  111   0.6984390039515069E-06
  112   0.6660328680427532E-06
  113   0.5891983022988626E-06
  114   0.5183190879536061E-06
  115   0.7028208421729155E-06
  116   0.7314479407527740E-06
  117   0.8120756826117379E-06
  118   0.6265531964867110E-06
  119   0.6057569056245284E-06
  120   0.5462324519592102E-06
  121   0.7384302932669920E-06
  122   0.5606665721053593E-06
  123   0.6051590479981330E-06
  124   0.4968224648033055E-06
  125   0.5357029958998165E-06
  126   0.5550282797358848E-06
  127   0.5417318168653962E-06
  128   0.4959702602312258E-06
  129   0.4636570667572046E-06
  130   0.5201344375651209E-06
  131   0.4381020709171692E-06
  132   0.4601469923188803E-06
  133   0.4768770059623656E-06
  134   0.4125955964351058E-06
  135   0.4449249555609449E-06
  136   0.4685445249638143E-06
  137   0.4215769613015707E-06
  138   0.4028513007515352E-06
  139   0.4013315640321505E-06
  140   0.4000640078763253E-06
  141   0.3825941995577057E-06
  142   0.3839055212633112E-06
  143   0.3865378987526972E-06
  144   0.3258212268737473E-06
  145   0.3818260249434108E-06
  146   0.3265930049521828E-06
  147   0.3238203318362000E-06
  148   0.2946649952732493E-06
  149   0.3071511300258399E-06
  150   0.3491598997189446E-06
  151   0.2830737552823962E-06
  152   0.2962036297291335E-06
  153   0.3220035033306593E-06
  154   0.2369960692516227E-06
  155   0.2678228652543291E-06
  156   0.2638431641917419E-06
  157   0.2491677499214809E-06
  158   0.2720929540550408E-06
  159   0.2554765016313351E-06
  160   0.2507793184014932E-06
  161   0.2328894235272593E-06
  162   0.2051191490168873E-06
  163   0.2240136126418712E-06
  164   0.2370891584383411E-06
  165   0.2019871063011208E-06
  166   0.2001375558957418E-06
  167   0.1955572716307424E-06
  168   0.2011221059113957E-06
  169   0.1800215792682467E-06
  170   0.1754988366957351E-06
  171   0.1679122031589802E-06
  172   0.2047058714523702E-06
  173   0.1855868662366704E-06
  174   0.1626141120831191E-06
  175   0.1623563941942676E-06
  176   0.1567618285484379E-06
  177   0.1473714983628014E-06
  178   0.1459938286132678E-06
  179   0.1705836728568453E-06
  180   0.1346162946177339E-06
  181   0.1214350374940641E-06
  182   0.1204826020565901E-06
  183   0.1308158223295502E-06
  184   0.1181639464980471E-06
  185   0.1318848546747666E-06
  186   0.1288506240020396E-06
  187   0.1031572450819275E-06
  188   0.1142012114879203E-06
  189   0.1153419148389974E-06
  190   0.1056912233458375E-06
  191   0.1047954220468494E-06
  192   0.1058895603492680E-06
  193   0.1002366488193492E-06
  194   0.9317357788693263E-07
  195   0.7583534611788769E-07
  196   0.8412662420028908E-07
  197   0.8033134023245556E-07
  198   0.8443057314656215E-07
  199   0.7862169642124093E-07
  200   0.8399234002631490E-07
  201   0.7670986964853581E-07
  202   0.7223811918257925E-07
  203   0.7824511846862545E-07
  204   0.6901994442354138E-07
  205   0.6822836025380241E-07
  206   0.6203902957581005E-07
  207   0.5570895243254110E-07
  208   0.5738763923493213E-07
  209   0.4915635048581346E-07
  210   0.5695482570127739E-07
  211   0.4853322423606223E-07
  212   0.5509682957159037E-07
  213   0.4900912270077252E-07
  214   0.4752741892292859E-07
  215   0.5238337120137991E-07
  216   0.4679560303227424E-07
  217   0.4188476600479207E-07
  218   0.4391839982842581E-07
  219   0.4009812644523157E-07
  220   0.4261928070341372E-07
  221   0.4057136382582596E-07
  222   0.3879821953493683E-07
  223   0.3496760463721854E-07
  224   0.3211703414745005E-07
  225   0.3174638738002628E-07
  226   0.3400951337075363E-07
  227   0.3386910873178339E-07
  228   0.2912194124259409E-07
  229   0.2600120761414948E-07
  230   0.2573585731853073E-07
  231   0.2679890152321335E-07
  232   0.2561203861039159E-07
  233   0.2737819034344425E-07
  234   0.2144660228177227E-07
  235   0.2270852713087731E-07
  236   0.2471324266491559E-07
  237   0.2141343035101112E-07
  238   0.2051509099008205E-07
  239   0.1986586251004793E-07
  240   0.1983499390606055E-07
  241   0.1751666770012042E-07
  242   0.1699764964627402E-07
  243   0.1683764644126877E-07
  244   0.1514122493357294E-07
  245   0.1672426549970139E-07
  246   0.1407489290933664E-07
  247   0.1552328191841724E-07
  248   0.1451072144620569E-07
  249   0.1179893900460405E-07
  250   0.1277342277035206E-07
  251   0.1271922570263889E-07
  252   0.1272721880684351E-07
  253   0.1200298003202807E-07
  254   0.1129154228509797E-07
  255   0.1098185448295480E-07
  256   0.1019846763421981E-07
  257   0.9060324274809054E-08
  258   0.9774137136176626E-08
  259   0.8310502269142887E-08
  260   0.9961473705417841E-08
  261   0.8938037545440671E-08
  262   0.8810999328783999E-08
  263   0.7923378268355660E-08
  264   0.7966430070288652E-08
  265   0.5809025228848325E-08
  266   0.7262211383320684E-08
  267   0.6098710767469992E-08
  268   0.5895879197740159E-08
  269   0.5637464455108951E-08
  270   0.5258554260575900E-08
  271   0.6267568705387580E-08
  272   0.6085445676257199E-08
  273   0.5375538674686385E-08
  274   0.5131307379353681E-08
  275   0.4406465722683600E-08
  276   0.3852526264222957E-08
  277   0.4769491649535902E-08
  278   0.4077971265350348E-08
  279   0.4603743764886263E-08
  280   0.3815465732970595E-08
  281   0.3744251336770103E-08
  282   0.3310560325890488E-08
  283   0.3908755779472670E-08
  284   0.3300031860514313E-08
  285   0.2808167684398682E-08
  286   0.3046014896131011E-08
  287   0.2743774688193638E-08
  288   0.2644978578116908E-08
  289   0.2926486780878243E-08
  290   0.2724216287082873E-08
  291   0.2104794182590735E-08
  292   0.2030444474804843E-08
  293   0.2059828777621474E-08
  294   0.2110771833572748E-08
  295   0.2183857382094285E-08
  296   0.2171387334075539E-08
  297   0.2232462053514560E-08
  298   0.1864782684362308E-08
  299   0.1851409995943784E-08
  300   0.1911541086204317E-08
  301   0.1737133240873132E-08
  302   0.1877444557932827E-08
  303   0.1585558398440047E-08
  304   0.1678585314156581E-08
  305   0.1587879079446223E-08
  306   0.1468891091461691E-08
  307   0.1259303770669551E-08
  308   0.1542006795415047E-08
  309   0.1623079262156892E-08
  310   0.1456739866329619E-08
  311   0.1661795370973408E-08
  312   0.1135503455614272E-08
  313   0.1251855058194863E-08
  314   0.1089466123600252E-08
  315   0.1266183153679022E-08
  316   0.1000152665140078E-08
  317   0.1191625210179041E-08
  318   0.1105968944137889E-08
  319   0.9305189414706312E-09
  320   0.1033615414775822E-08
  321   0.9369911032114915E-09
  322   0.8496131271274528E-09
  323   0.8713661220178084E-09
  324   0.9223199107179985E-09
  325   0.8596307025392944E-09
  326   0.8158810639906035E-09
  327   0.8316886800876472E-09
  328   0.8794629698672292E-09
  329   0.7773301390428805E-09
  330   0.8139398183740775E-09
  331   0.8308572970558840E-09
  332   0.7778284621167909E-09
  333   0.7429928421392338E-09
  334   0.8628982290823897E-09
  335   0.7378092078135895E-09
  336   0.8185095237739349E-09
  337   0.6888452290139199E-09
  338   0.7579460299006355E-09
  339   0.7174440033017228E-09
  340   0.6928099730045742E-09
  341   0.6098627823033834E-09
  342   0.5843578993628265E-09
  343   0.6235227145865935E-09
  344   0.6915960424529281E-09
  345   0.6233958149774571E-09
  346   0.6039719942728671E-09
  347   0.6702738372399789E-09
  348   0.6687650242643825E-09
  349   0.6874687813216020E-09
  350   0.6907926910591647E-09
  351   0.5813961729223627E-09
  352   0.7075007530776654E-09
  353   0.6081204968397084E-09
  354   0.6750888132045153E-09
  355   0.5977980841798002E-09
  356   0.6576736331490118E-09
  357   0.6004517628711583E-09
  358   0.7017569092379387E-09
  359   0.7588761411911946E-09
  360   0.6970277243086744E-09
  361   0.6712918158566191E-09
  362   0.7001200648747413E-09
  363   0.6254885654565150E-09
  364   0.6647452465845666E-09
  365   0.6526322420812101E-09
  366   0.6487399380441766E-09
  367   0.6279390820961152E-09
  368   0.6182819310757941E-09
  369   0.6268188251439197E-09
  370   0.6742180552960247E-09
  371   0.7107210174085116E-09
  372   0.7320324055965981E-09
  373   0.6925161180954606E-09
  374   0.7153147765322486E-09
  375   0.6750882375816039E-09
  376   0.6700278481387660E-09
  377   0.7362855085850271E-09
  378   0.7309525948209195E-09
  379   0.7483537718983996E-09
  380   0.8011509816534419E-09
  381   0.8903598135727721E-09
  382   0.8866674631328776E-09
  383   0.8327971021552875E-09
