# nlmax, ncor, nside =         383           1         128
    0  -0.2933961740620982E-06
    1  -0.1193358745716769E-06
    2   0.1003619824500729E-03
    3   0.4702474603394409E-03
    4   0.2437555736109004E-03
    5   0.2883523503421807E-03
    6   0.9215825807457393E-04
    7   0.1173758507706321E-03
    8   0.5800839241442583E-04
    9   0.4412853829684277E-04
   10   0.5427099635244278E-04
   11   0.4575395139161900E-04
   12   0.3344331341373830E-04
   13   0.2398301080145285E-04
   14   0.2498862966496961E-04
   15   0.2118817461503787E-04
   16   0.1752662016507781E-04
   17   0.1950997193994724E-04
   18   0.1132765343684496E-04
   19   0.1484653684929840E-04
   20   0.1124010505226533E-04
   21   0.9019980258503439E-05
   22   0.7228488417925376E-05
   23   0.8512870254513061E-05
   24   0.8110332892636209E-05
   25   0.7882400488374231E-05
   26   0.8238716600723681E-05
   27   0.6755182950388096E-05
   28   0.9525928072722918E-05
   29   0.7207664507767296E-05
   30   0.6380967969125598E-05
   31   0.5598555615639071E-05
   32   0.8339579088548899E-05
   33   0.5329161648266911E-05
   34   0.5426047164833932E-05
   35   0.4055722897290630E-05
   36   0.5300883148995688E-05
   37   0.5770533746396988E-05
   38   0.4996480801925819E-05
   39   0.4404188861829243E-05
   40   0.6605135804759951E-05
   41   0.3839754336979580E-05
   42   0.4010349680729905E-05
   43   0.3938366336993842E-05
   44   0.3137488734745928E-05
   45   0.2808614941402571E-05
   46   0.3156532215895672E-05
   47   0.4288540938223272E-05
   48   0.2505547964737420E-05
   49   0.3528223757119517E-05
   50   0.3643912679185239E-05
   51   0.2473453154106038E-05
   52   0.2930689740435130E-05
   53   0.2165151294946136E-05
   54   0.2120453831733493E-05
   55   0.2422769584950062E-05
   56   0.3062512965364905E-05
   57   0.2791633443043843E-05
   58   0.2651924258611551E-05
   59   0.2066296573115750E-05
   60   0.2283125070256821E-05
   61   0.2106075828917526E-05
   62   0.2465450086504549E-05
   63   0.2213735030207517E-05
   64   0.1986205442276708E-05
   65   0.1834557913284255E-05
   66   0.1700284909954486E-05
   67   0.1849322136791900E-05
   68   0.1899637220002774E-05
   69   0.2055291471546870E-05
   70   0.1771562269524777E-05
   71   0.1596648499211231E-05
   72   0.1540496247104928E-05
   73   0.2204162542131720E-05
   74   0.1869967902053516E-05
   75   0.1471914141556789E-05
   76   0.1373679974546157E-05
   77   0.1638860858184458E-05
   78   0.1433613359263435E-05
   79   0.1026500365242832E-05
   80   0.1430826789788555E-05
   81   0.1403139841826267E-05
   82   0.1640595134910391E-05
   83   0.1234936160470518E-05
   84   0.1132172517252241E-05
   85   0.1228280717464668E-05
   86   0.1308175237308167E-05
   87   0.1326798730708332E-05
   88   0.1041781160835989E-05
   89   0.1147351104637414E-05
   90   0.1191896778764661E-05
   91   0.1211598503219009E-05
   92   0.1163297728903661E-05
   93   0.1109440461704486E-05
   94   0.9885323538897811E-06
   95   0.8343223777050990E-06
   96   0.9340072671714859E-06
   97   0.1049100511812882E-05
   98   0.7341514970877319E-06
   99   0.9808889178951966E-06
  100   0.9392679356514682E-06
  101   0.8855154260900147E-06
  102   0.9568121022390079E-06
  103   0.8426255769926297E-06
  104   0.9985443079958293E-06
  105   0.6902136779311121E-06
  106   0.8522975665651554E-06
  107   0.8001162268323559E-06
  108   0.9704442220876014E-06
  109   0.7642167684758556E-06
  110   0.8304307066492547E-06
  111   0.7014514383650348E-06
  112   0.6960266498874121E-06
  113   0.6011659670628322E-06
  114   0.5620479500130906E-06
  115   0.7399485858846834E-06
  116   0.7387554414068592E-06
  117   0.8325105241587153E-06
  118   0.6435375319521410E-06
  119   0.6268402727527682E-06
  120   0.5662848402924750E-06
  121   0.7800590458552419E-06
  122   0.5637909035245236E-06
  123   0.6150902041420362E-06
  124   0.5189575758537733E-06
  125   0.5569442668956258E-06
  126   0.5638545467575452E-06
  127   0.5598900304639724E-06
  128   0.5208566000270197E-06
  129   0.4566484848271005E-06
  130   0.5308612224835898E-06
  131   0.4551238759618046E-06
  132   0.4783440940276052E-06
  133   0.4757060745749060E-06
  134   0.4302456854029032E-06
  135   0.4500524761749304E-06
  136   0.4980736087719240E-06
  137   0.4408345002494851E-06
  138   0.4000303987672400E-06
  139   0.4068410718976573E-06
  140   0.4044532004443604E-06
  141   0.3845308686650545E-06
  142   0.3964520719402785E-06
  143   0.3992809570150297E-06
  144   0.3388896687250438E-06
  145   0.4041291618393282E-06
  146   0.3447827196883842E-06
  147   0.3365103771082087E-06
  148   0.3020554005946449E-06
  149   0.3133488843342985E-06
  150   0.3508730950485363E-06
  151   0.2957765065822167E-06
  152   0.2992861319412281E-06
  153   0.3354258077558855E-06
  154   0.2484783286156956E-06
  155   0.2659462299331867E-06
  156   0.2655425608893845E-06
  157   0.2577950853158106E-06
  158   0.2861579829695886E-06
  159   0.2655138133203566E-06
  160   0.2527302575715934E-06
  161   0.2395058857280499E-06
  162   0.2139576810979397E-06
  163   0.2248010098539479E-06
  164   0.2398497664996597E-06
  165   0.2067130505626543E-06
  166   0.2081658380806925E-06
  167   0.2091193317107564E-06
  168   0.2105204497686998E-06
  169   0.1907436162203711E-06
  170   0.1801935600180708E-06
  171   0.1788133334198785E-06
  172   0.2107241165064325E-06
  173   0.1953967190227915E-06
  174   0.1707478242097515E-06
  175   0.1657007460102412E-06
  176   0.1636071910199983E-06
  177   0.1472139013253400E-06
  178   0.1491266816146139E-06
  179   0.1722054014441225E-06
  180   0.1381767046971639E-06
  181   0.1246842547182125E-06
  182   0.1237843037373031E-06
  183   0.1365640908037514E-06
  184   0.1212505711978153E-06
  185   0.1373918079616770E-06
  186   0.1303139737646609E-06
  187   0.1097303300717459E-06
  188   0.1188371318689508E-06
  189   0.1147774331417221E-06
  190   0.1079218275006419E-06
  191   0.1095254362815213E-06
  192   0.1123946373879257E-06
  193   0.1058364972102055E-06
  194   0.9326631359821565E-07
  195   0.8071882174849984E-07
  196   0.8840510153635275E-07
  197   0.8597105070763135E-07
  198   0.8853955394748543E-07
  199   0.8207699991738732E-07
  200   0.8382325721243769E-07
  201   0.7816072978894693E-07
  202   0.7774475336742335E-07
  203   0.8002981069982763E-07
  204   0.7311283510374551E-07
  205   0.7055479549920123E-07
  206   0.6430864137831251E-07
  207   0.5813044896738525E-07
  208   0.5886604740418639E-07
  209   0.5068683957242223E-07
  210   0.5941478399128262E-07
  211   0.5203317634658476E-07
  212   0.5655973914109703E-07
  213   0.5033434356471213E-07
  214   0.4826413267289847E-07
  215   0.5429470786999349E-07
  216   0.4686821009682943E-07
  217   0.4264999825291718E-07
  218   0.4570828609229825E-07
  219   0.3970832257858060E-07
  220   0.4107904504704476E-07
  221   0.4184704113023124E-07
  222   0.4060620174004890E-07
  223   0.3490062752884515E-07
  224   0.3338562116421248E-07
  225   0.3322866548655750E-07
  226   0.3346542009872826E-07
  227   0.3575068296538989E-07
  228   0.3231717075214135E-07
  229   0.2627310750863675E-07
  230   0.2769222181997492E-07
  231   0.2792218845906348E-07
  232   0.2716427382082292E-07
  233   0.2731865340864453E-07
  234   0.2326808251398383E-07
  235   0.2426262845239541E-07
  236   0.2540891348951711E-07
  237   0.2307263734644345E-07
  238   0.2049983675084398E-07
  239   0.2065465564720074E-07
  240   0.2037353775594227E-07
  241   0.1859918898622125E-07
  242   0.1827885043728588E-07
  243   0.1641336074716410E-07
  244   0.1592856013021890E-07
  245   0.1773566845395043E-07
  246   0.1536906246732438E-07
  247   0.1575393361559707E-07
  248   0.1457221555871124E-07
  249   0.1138897355419516E-07
  250   0.1443004918852229E-07
  251   0.1259696631933904E-07
  252   0.1315645033372413E-07
  253   0.1144292246358268E-07
  254   0.1193497666530592E-07
  255   0.1132229852152835E-07
  256   0.1060684478769067E-07
  257   0.9021187621745611E-08
  258   0.1087273366469667E-07
  259   0.8726547772456216E-08
  260   0.1003637719663652E-07
  261   0.8752509987188331E-08
  262   0.8458106481887072E-08
  263   0.8214186659009404E-08
  264   0.8348743306746191E-08
  265   0.5916589849389238E-08
  266   0.7412359427548211E-08
  267   0.6345865239113043E-08
  268   0.6293053728661412E-08
  269   0.5813814938669672E-08
  270   0.5410646956367597E-08
  271   0.6437622658794750E-08
  272   0.6455625990389493E-08
  273   0.5576787415113132E-08
  274   0.5554986319925060E-08
  275   0.4565861360319201E-08
  276   0.3696072958304600E-08
  277   0.4800838805463865E-08
  278   0.4126514091999986E-08
  279   0.4679493214816529E-08
  280   0.3966455886808192E-08
  281   0.3627546279786979E-08
  282   0.3720771138917771E-08
  283   0.3875920340762548E-08
  284   0.3388515604718360E-08
  285   0.2955645110958880E-08
  286   0.3173570551837122E-08
  287   0.2685393497891522E-08
  288   0.2900300003779550E-08
  289   0.3228269064193005E-08
  290   0.2668869783936600E-08
  291   0.2054991494389303E-08
  292   0.2372624824173305E-08
  293   0.2297938772095041E-08
  294   0.2138738390673637E-08
  295   0.1961904495403389E-08
  296   0.2203425319382445E-08
  297   0.2081645571177783E-08
  298   0.1897555662391949E-08
  299   0.1986923389442127E-08
  300   0.2135919660840875E-08
  301   0.1743312247754290E-08
  302   0.1800530342664737E-08
  303   0.1629279302479251E-08
  304   0.1545032356650252E-08
  305   0.1415057638135867E-08
  306   0.1600684182522214E-08
  307   0.1306730415802809E-08
  308   0.1512856437422957E-08
  309   0.1492672960941197E-08
  310   0.1640935637201774E-08
  311   0.1541753591199621E-08
  312   0.1202719603747986E-08
  313   0.1239186426650113E-08
  314   0.1157537515769483E-08
  315   0.1334656839539751E-08
  316   0.1026370678213528E-08
  317   0.1115180482528344E-08
  318   0.1016905907389803E-08
  319   0.9561053648794358E-09
  320   0.1190816221678020E-08
  321   0.1043356615649446E-08
  322   0.9308823821417388E-09
  323   0.1039420813079289E-08
  324   0.1018744642422916E-08
  325   0.9804404089113566E-09
  326   0.9750036686969147E-09
  327   0.8952495892639195E-09
  328   0.9137906668210861E-09
  329   0.7259104066231629E-09
  330   0.7387111029710175E-09
  331   0.9589417657861292E-09
  332   0.8066952074962257E-09
  333   0.8865416449574642E-09
  334   0.9058451663191959E-09
  335   0.8420670982149857E-09
  336   0.8710284482559012E-09
  337   0.8270684652071374E-09
  338   0.8176677787861370E-09
  339   0.7651990138003384E-09
  340   0.7875535408067537E-09
  341   0.7140551259987482E-09
  342   0.7142063512834843E-09
  343   0.6313830116832980E-09
  344   0.6983587992175393E-09
  345   0.7454445418799514E-09
  346   0.7903859867063934E-09
  347   0.6578819545875201E-09
  348   0.7062056522490214E-09
  349   0.6556143072701803E-09
  350   0.6329557958857084E-09
  351   0.6035734618802993E-09
  352   0.6490397297721187E-09
  353   0.6569928902397815E-09
  354   0.6174324730848320E-09
  355   0.6472796626582785E-09
  356   0.6889912926454703E-09
  357   0.6972177361980402E-09
  358   0.5930280736300923E-09
  359   0.5819863191754748E-09
  360   0.5829297901690512E-09
  361   0.6685015472756178E-09
  362   0.5426053174080906E-09
  363   0.6943621678333141E-09
  364   0.5748737027563491E-09
  365   0.6095786029140628E-09
  366   0.5918856084503443E-09
  367   0.6753737068160934E-09
  368   0.6110579418666630E-09
  369   0.6557899355387499E-09
  370   0.6213056765426030E-09
  371   0.6962196992715258E-09
  372   0.6944609053732486E-09
  373   0.7111444762672952E-09
  374   0.7405838081194092E-09
  375   0.7640102968015054E-09
  376   0.6981228239043916E-09
  377   0.8278349428419350E-09
  378   0.8125469323162441E-09
  379   0.8830437005022651E-09
  380   0.8263341124136178E-09
  381   0.9834370569794150E-09
  382   0.8844538094875339E-09
  383   0.9384084161408127E-09
