# nlmax, ncor, nside =         383           1         128
    0   0.2011952219425269E-15
    1   0.4754155722701715E+01
    2   0.1627491838728265E+03
    3   0.4548500837979591E+03
    4   0.2228021265055466E+03
    5   0.2876323331026122E+03
    6   0.8418469487157891E+02
    7   0.1123272367306681E+03
    8   0.5701291002601432E+02
    9   0.5290291416559513E+02
   10   0.5644222705991876E+02
   11   0.5295088877427345E+02
   12   0.3563261531553638E+02
   13   0.2865297453064120E+02
   14   0.2838314839342355E+02
   15   0.2079593270294124E+02
   16   0.1602489134958332E+02
   17   0.1746068829904213E+02
   18   0.1366010815724437E+02
   19   0.1743024045494800E+02
   20   0.1360157199162137E+02
   21   0.9214562041719486E+01
   22   0.8427682821308888E+01
   23   0.9868476815227570E+01
   24   0.9390807361472753E+01
   25   0.9031808609006234E+01
   26   0.8033965144166579E+01
   27   0.7313232634290483E+01
   28   0.9525602860907238E+01
   29   0.8275124386769436E+01
   30   0.7368388250636931E+01
   31   0.5613743251263162E+01
   32   0.8593453780716164E+01
   33   0.5201421625426571E+01
   34   0.6286429658839097E+01
   35   0.5295688580967266E+01
   36   0.5339603667857703E+01
   37   0.6694163062619088E+01
   38   0.5353772034294511E+01
   39   0.4792589910482679E+01
   40   0.6288683097337122E+01
   41   0.4070395279237081E+01
   42   0.4749276102063294E+01
   43   0.3989668574719532E+01
   44   0.3375843287709249E+01
   45   0.3514851188702961E+01
   46   0.3337344646813632E+01
   47   0.4518035710612770E+01
   48   0.2566982563068442E+01
   49   0.3987000133870305E+01
   50   0.3501260156586591E+01
   51   0.2506271303202366E+01
   52   0.2910508378813654E+01
   53   0.2377020515424016E+01
   54   0.2266174561216038E+01
   55   0.2770061061320734E+01
   56   0.3157591913377668E+01
   57   0.2640696922686981E+01
   58   0.2815266805973653E+01
   59   0.1968779481475402E+01
   60   0.2275263481978998E+01
   61   0.2243708299609660E+01
   62   0.2259005245529114E+01
   63   0.2160668357179342E+01
   64   0.1883942196736673E+01
   65   0.1882312693470470E+01
   66   0.1525811793173589E+01
   67   0.2233573228005011E+01
   68   0.1763659939841448E+01
   69   0.1927291295443190E+01
   70   0.1696242504039323E+01
   71   0.1618253625541420E+01
   72   0.1393271478865503E+01
   73   0.1699797405905685E+01
   74   0.1657444607801486E+01
   75   0.1502963246419829E+01
   76   0.1270919045834010E+01
   77   0.1690433874983393E+01
   78   0.1302516610127825E+01
   79   0.1006311741033561E+01
   80   0.1333414609284362E+01
   81   0.1348540611021713E+01
   82   0.1668062936443121E+01
   83   0.1175298281777202E+01
   84   0.1108167112111026E+01
   85   0.1110090391251802E+01
   86   0.1181239772472565E+01
   87   0.1308773233313403E+01
   88   0.9052223770169855E+00
   89   0.1070197315371636E+01
   90   0.9648726329089473E+00
   91   0.1015795861592252E+01
   92   0.9517559141238698E+00
   93   0.9535667833298530E+00
   94   0.8492113986522787E+00
   95   0.7394055349695489E+00
   96   0.7587409044476854E+00
   97   0.7948258304828865E+00
   98   0.7030885361806887E+00
   99   0.8205805521334431E+00
  100   0.7817462397170717E+00
  101   0.7497044160506694E+00
  102   0.7025954879981826E+00
  103   0.6780062775950625E+00
  104   0.7751685046565733E+00
  105   0.5529661473591120E+00
  106   0.6455546109099484E+00
  107   0.6329474575136848E+00
  108   0.6815988320702359E+00
  109   0.6046202765978722E+00
  110   0.6099082277834075E+00
  111   0.5541711899631468E+00
  112   0.5384757978166871E+00
  113   0.4640440566681915E+00
  114   0.4007251786909315E+00
  115   0.4859152387333686E+00
  116   0.4610207345390911E+00
  117   0.6190536453447780E+00
  118   0.4353030712718239E+00
  119   0.4057871875425327E+00
  120   0.4000322555838751E+00
  121   0.5001092022737436E+00
  122   0.4303182629408807E+00
  123   0.3993720457134255E+00
  124   0.3626168009718565E+00
  125   0.3547354582972020E+00
  126   0.3456894516691484E+00
  127   0.3691128676522074E+00
  128   0.3743902809299940E+00
  129   0.2669137534732596E+00
  130   0.3153177367443359E+00
  131   0.2848508139379370E+00
  132   0.3100387093104723E+00
  133   0.2564027447675042E+00
  134   0.2672142311269030E+00
  135   0.2987018156876574E+00
  136   0.2645282786309467E+00
  137   0.2468082571041220E+00
  138   0.2427050236007116E+00
  139   0.2231704191790952E+00
  140   0.2291260428942193E+00
  141   0.1944355072419381E+00
  142   0.2122832420216055E+00
  143   0.2048566648625235E+00
  144   0.1871095931028699E+00
  145   0.1894920788726674E+00
  146   0.1657772636867609E+00
  147   0.1637640778721666E+00
  148   0.1638902004351258E+00
  149   0.1506749215661723E+00
  150   0.1579570454859020E+00
  151   0.1302093595547132E+00
  152   0.1356040001616008E+00
  153   0.1470438791982044E+00
  154   0.1294077361477078E+00
  155   0.1169688360218547E+00
  156   0.1229338847211584E+00
  157   0.1076016683804161E+00
  158   0.1182415889217260E+00
  159   0.1176095494083007E+00
  160   0.9844307059719858E-01
  161   0.1100997800444492E+00
  162   0.9179853328103793E-01
  163   0.9498364369319416E-01
  164   0.9630808649112599E-01
  165   0.7395516434076985E-01
  166   0.8546790734739715E-01
  167   0.7858477084917800E-01
  168   0.7750155385834125E-01
  169   0.6294946470332624E-01
  170   0.7162943409258724E-01
  171   0.6839858640013102E-01
  172   0.7315445010569811E-01
  173   0.6038821177884595E-01
  174   0.6240610096344966E-01
  175   0.5808123155717851E-01
  176   0.5161513736340112E-01
  177   0.5009454579297007E-01
  178   0.4684729658858091E-01
  179   0.5197625421228396E-01
  180   0.4467417160046876E-01
  181   0.3834882276767439E-01
  182   0.3919972057160560E-01
  183   0.4125164141855726E-01
  184   0.3426663379390418E-01
  185   0.3950717662022888E-01
  186   0.3427193582139009E-01
  187   0.3284888927653644E-01
  188   0.3097904312745386E-01
  189   0.3465988239514678E-01
  190   0.2787558667476619E-01
  191   0.3055550918069961E-01
  192   0.2525458163527554E-01
  193   0.2577592058467556E-01
  194   0.2597627926863538E-01
  195   0.2071290525827940E-01
  196   0.2400620778206166E-01
  197   0.2020693005059715E-01
  198   0.2115051959568577E-01
  199   0.1770189608954769E-01
  200   0.2008369242677209E-01
  201   0.1653397466537992E-01
  202   0.1565152677407961E-01
  203   0.1776950748004490E-01
  204   0.1520976242676334E-01
  205   0.1480644063342136E-01
  206   0.1471574542098328E-01
  207   0.1248519447353238E-01
  208   0.1328705340013225E-01
  209   0.1085183972322754E-01
  210   0.1175945928690539E-01
  211   0.1034445761777522E-01
  212   0.9739209545482705E-02
  213   0.9375245080347837E-02
  214   0.8843855877971945E-02
  215   0.1027339269434529E-01
  216   0.7213627239978010E-02
  217   0.7009810034961545E-02
  218   0.7057778838727083E-02
  219   0.7539662438343246E-02
  220   0.7085835890158795E-02
  221   0.6427256243533646E-02
  222   0.6539376796231034E-02
  223   0.5938466591029997E-02
  224   0.4798215574471563E-02
  225   0.5674536997805517E-02
  226   0.4886589466510035E-02
  227   0.4660211962292996E-02
  228   0.4300846079474677E-02
  229   0.4000714599739021E-02
  230   0.3719271065812347E-02
  231   0.4209439068843884E-02
  232   0.3658299286115452E-02
  233   0.3989404566160604E-02
  234   0.2758499414550968E-02
  235   0.3200987838805724E-02
  236   0.3003482938955001E-02
  237   0.2512956300268494E-02
  238   0.2482552657051745E-02
  239   0.2407700683295300E-02
  240   0.2240614747660919E-02
  241   0.2247356267906413E-02
  242   0.2104481845536118E-02
  243   0.2053170062567003E-02
  244   0.1762027561354335E-02
  245   0.1974928006369892E-02
  246   0.1625659760413131E-02
  247   0.1541695598540065E-02
  248   0.1547693123567171E-02
  249   0.1309850112152839E-02
  250   0.1284101680135421E-02
  251   0.1231340779625748E-02
  252   0.1202387445173255E-02
  253   0.1088300437379007E-02
  254   0.1000061563093423E-02
  255   0.9370554659664485E-03
  256   0.9136096455315238E-03
  257   0.7742016115179544E-03
  258   0.8914773096406413E-03
  259   0.7283856901520369E-03
  260   0.7405995780388297E-03
  261   0.7014559726257507E-03
  262   0.6635371073603284E-03
  263   0.7027391652219775E-03
  264   0.5655741467529517E-03
  265   0.5115129121617131E-03
  266   0.5386818689400980E-03
  267   0.4976254749441331E-03
  268   0.4485588972629158E-03
  269   0.4292647767385143E-03
  270   0.3370690132163087E-03
  271   0.3509838757190458E-03
  272   0.3364599979776095E-03
  273   0.2949359235545202E-03
  274   0.3128518592885727E-03
  275   0.2605257890559108E-03
  276   0.2442760791369182E-03
  277   0.2669786548845719E-03
  278   0.2366726847735252E-03
  279   0.2264297851795728E-03
  280   0.1982445430197286E-03
  281   0.1854966263380170E-03
  282   0.1880947947687427E-03
  283   0.1579371944162235E-03
  284   0.1467208821854901E-03
  285   0.1376037195701949E-03
  286   0.1377773156566763E-03
  287   0.1322327842097005E-03
  288   0.1045653383554670E-03
  289   0.1181335950095927E-03
  290   0.1086941379364011E-03
  291   0.9034290287723383E-04
  292   0.9300420766495406E-04
  293   0.8141264454052887E-04
  294   0.7272107533701667E-04
  295   0.7495173387167145E-04
  296   0.7634246663808963E-04
  297   0.6580172598944390E-04
  298   0.5959408495839388E-04
  299   0.5496987860671740E-04
  300   0.5562290611303607E-04
  301   0.5074382885267334E-04
  302   0.4880077542597639E-04
  303   0.3853759086290613E-04
  304   0.3834711621188932E-04
  305   0.3556764833622240E-04
  306   0.3891325414420247E-04
  307   0.3091913296143159E-04
  308   0.3540101017267996E-04
  309   0.2913744110451557E-04
  310   0.2770088807303629E-04
  311   0.2438807002144940E-04
  312   0.2657942228730050E-04
  313   0.1829160871821685E-04
  314   0.1934701283113607E-04
  315   0.1976937774342053E-04
  316   0.1789383746662293E-04
  317   0.1569447964392839E-04
  318   0.1530525882872656E-04
  319   0.1409148017829755E-04
  320   0.1366555916476208E-04
  321   0.1104557929818768E-04
  322   0.1221650139232660E-04
  323   0.1033545796168683E-04
  324   0.1002072798096684E-04
  325   0.8915992559416532E-05
  326   0.9750599653625324E-05
  327   0.7727868113117147E-05
  328   0.8153574711259461E-05
  329   0.6621857608310723E-05
  330   0.6819561103923192E-05
  331   0.5954805165359021E-05
  332   0.6077657757513313E-05
  333   0.5535089724258068E-05
  334   0.5459802803779701E-05
  335   0.4543474195887871E-05
  336   0.5042677516543795E-05
  337   0.3965115177653370E-05
  338   0.4340229458095322E-05
  339   0.3736163378945054E-05
  340   0.4110816590747651E-05
  341   0.2895865666018629E-05
  342   0.3719690340846973E-05
  343   0.2686243099162049E-05
  344   0.3683024253227558E-05
  345   0.2495480995295939E-05
  346   0.3185174710098080E-05
  347   0.2252178220422419E-05
  348   0.3113798593289958E-05
  349   0.2173627394191583E-05
  350   0.3107039850362680E-05
  351   0.2284402720640846E-05
  352   0.3236246353094886E-05
  353   0.2014905025627570E-05
  354   0.3100431349042095E-05
  355   0.2078977385732958E-05
  356   0.3040204892487832E-05
  357   0.2052410129819207E-05
  358   0.3012624598631868E-05
  359   0.2071153759190971E-05
  360   0.3157986664939123E-05
  361   0.2090479635502027E-05
  362   0.3252212840117461E-05
  363   0.2234898406183111E-05
  364   0.3346932770007967E-05
  365   0.2182861091960456E-05
  366   0.3482676342581580E-05
  367   0.2322924005429500E-05
  368   0.3420830851247014E-05
  369   0.2393535179380629E-05
  370   0.3700287346890315E-05
  371   0.2518269378509238E-05
  372   0.3741690125596801E-05
  373   0.2582212468561524E-05
  374   0.4129197741621645E-05
  375   0.2821719297737342E-05
  376   0.4359574453535084E-05
  377   0.2967642126954517E-05
  378   0.4747440052770896E-05
  379   0.3360237851127018E-05
  380   0.5101963717602383E-05
  381   0.3615803021943638E-05
  382   0.5509844913444623E-05
  383   0.4152821925181374E-05
