# nlmax, ncor, nside =         383           1         128
    0   0.2490482780961848E+01
    1   0.4742180666947633E+01
    2   0.1931798124965313E+03
    3   0.4544643180523622E+03
    4   0.2132346967079379E+03
    5   0.2877662283509751E+03
    6   0.9483589046873279E+02
    7   0.1124046911184115E+03
    8   0.5843689591287850E+02
    9   0.5287603296287737E+02
   10   0.5664146911442734E+02
   11   0.5298777108461980E+02
   12   0.3530289166164590E+02
   13   0.2863157646611673E+02
   14   0.2842787138774002E+02
   15   0.2079675124745597E+02
   16   0.1517247671745372E+02
   17   0.1744316131705117E+02
   18   0.1403902045232038E+02
   19   0.1741965377921760E+02
   20   0.1347075199901365E+02
   21   0.9214805765338586E+01
   22   0.8482282112865771E+01
   23   0.9870341564701166E+01
   24   0.9475020152110909E+01
   25   0.9040104345813702E+01
   26   0.8041723211967870E+01
   27   0.7317175365805924E+01
   28   0.9516820950384052E+01
   29   0.8276006701768383E+01
   30   0.7331116793457571E+01
   31   0.5615477683389034E+01
   32   0.8626379619145325E+01
   33   0.5200618730076656E+01
   34   0.6286206017399083E+01
   35   0.5297487722658088E+01
   36   0.5303833323381415E+01
   37   0.6688244260536420E+01
   38   0.5327899381846716E+01
   39   0.4789773128624618E+01
   40   0.6293472738870657E+01
   41   0.4068668099132195E+01
   42   0.4753874706436106E+01
   43   0.3990987823340748E+01
   44   0.3364921743954889E+01
   45   0.3515679760348753E+01
   46   0.3341115405308750E+01
   47   0.4518078294296467E+01
   48   0.2535707912939616E+01
   49   0.3985173788975180E+01
   50   0.3495855326104712E+01
   51   0.2505611047010018E+01
   52   0.2887491493684986E+01
   53   0.2377355982763870E+01
   54   0.2282435045525024E+01
   55   0.2770757232109111E+01
   56   0.3142704726372553E+01
   57   0.2641011296167154E+01
   58   0.2826681715463824E+01
   59   0.1968821750869543E+01
   60   0.2276930747799764E+01
   61   0.2243859744936097E+01
   62   0.2271371891375863E+01
   63   0.2160790987428558E+01
   64   0.1883998902476034E+01
   65   0.1882763683960085E+01
   66   0.1522974571309315E+01
   67   0.2234281850301536E+01
   68   0.1761799883531723E+01
   69   0.1927948285654310E+01
   70   0.1695460486133247E+01
   71   0.1618569916110476E+01
   72   0.1393638799304566E+01
   73   0.1700695899445419E+01
   74   0.1658499520793347E+01
   75   0.1503038336543327E+01
   76   0.1270440907942880E+01
   77   0.1690330320085826E+01
   78   0.1307348933340448E+01
   79   0.1006480650413108E+01
   80   0.1331269428928237E+01
   81   0.1348544402455195E+01
   82   0.1665580316364293E+01
   83   0.1175132646431007E+01
   84   0.1106842492931375E+01
   85   0.1109693228085683E+01
   86   0.1180758389825628E+01
   87   0.1308515628076428E+01
   88   0.9063235124716987E+00
   89   0.1069883566945389E+01
   90   0.9650224828968370E+00
   91   0.1015741048050131E+01
   92   0.9508719988804781E+00
   93   0.9533972068783260E+00
   94   0.8501476062663900E+00
   95   0.7394408481511858E+00
   96   0.7597504953375804E+00
   97   0.7948708271081776E+00
   98   0.7037797484505559E+00
   99   0.8206031089237907E+00
  100   0.7811632571762290E+00
  101   0.7499064392186126E+00
  102   0.7021432336096870E+00
  103   0.6781432397521684E+00
  104   0.7742259678982324E+00
  105   0.5528726598260694E+00
  106   0.6453912795847205E+00
  107   0.6328688658420717E+00
  108   0.6816282332250448E+00
  109   0.6046083292801733E+00
  110   0.6098818499412568E+00
  111   0.5542078913749831E+00
  112   0.5384616395287634E+00
  113   0.4640686247739207E+00
  114   0.4007058769332432E+00
  115   0.4859358618045395E+00
  116   0.4609670211078956E+00
  117   0.6190464073307671E+00
  118   0.4353957082587455E+00
  119   0.4058134659625650E+00
  120   0.4000007521328754E+00
  121   0.5000838686609624E+00
  122   0.4301962504875047E+00
  123   0.3993804897933514E+00
  124   0.3626231993431444E+00
  125   0.3547386889222393E+00
  126   0.3457309149667530E+00
  127   0.3691324185052806E+00
  128   0.3743410575088361E+00
  129   0.2669081525098591E+00
  130   0.3153597641751346E+00
  131   0.2848559014926927E+00
  132   0.3100976357163563E+00
  133   0.2564271001924733E+00
  134   0.2672079626314559E+00
  135   0.2987116768209375E+00
  136   0.2645312856130219E+00
  137   0.2468027874791899E+00
  138   0.2427093592241441E+00
  139   0.2231761201708124E+00
  140   0.2291389885157409E+00
  141   0.1944296094085846E+00
  142   0.2122958738766474E+00
  143   0.2048469277578916E+00
  144   0.1870950146609125E+00
  145   0.1894922680679409E+00
  146   0.1657716877546667E+00
  147   0.1637574225834366E+00
  148   0.1638820578409257E+00
  149   0.1506740845295412E+00
  150   0.1579551206619149E+00
  151   0.1302075400075762E+00
  152   0.1356089911374357E+00
  153   0.1470438868613372E+00
  154   0.1293974612715876E+00
  155   0.1169676537351729E+00
  156   0.1229342499047294E+00
  157   0.1076031265623070E+00
  158   0.1182377416761661E+00
  159   0.1176118231529008E+00
  160   0.9844453604664251E-01
  161   0.1101030208217905E+00
  162   0.9180704390147991E-01
  163   0.9498614570851020E-01
  164   0.9631143228818394E-01
  165   0.7395655584527708E-01
  166   0.8546806859328836E-01
  167   0.7858527958257720E-01
  168   0.7750000589981069E-01
  169   0.6294795048783650E-01
  170   0.7163065296792454E-01
  171   0.6839819109371170E-01
  172   0.7315450885315099E-01
  173   0.6038907733878073E-01
  174   0.6240602194087105E-01
  175   0.5808080351275193E-01
  176   0.5161558623069027E-01
  177   0.5009549126354763E-01
  178   0.4684690896729600E-01
  179   0.5197642033543241E-01
  180   0.4467305958992147E-01
  181   0.3834900650277718E-01
  182   0.3920188585758481E-01
  183   0.4125165364474727E-01
  184   0.3426408726634117E-01
  185   0.3950717191027858E-01
  186   0.3427138655536551E-01
  187   0.3284911613494940E-01
  188   0.3097948754781495E-01
  189   0.3466024708860306E-01
  190   0.2787654554207342E-01
  191   0.3055568299493055E-01
  192   0.2525516483821901E-01
  193   0.2577587639573914E-01
  194   0.2597696652822830E-01
  195   0.2071288693602171E-01
  196   0.2400640222374848E-01
  197   0.2020691361875637E-01
  198   0.2115086315500284E-01
  199   0.1770192634877810E-01
  200   0.2008288233535024E-01
  201   0.1653392155431319E-01
  202   0.1565218244251811E-01
  203   0.1776943278690156E-01
  204   0.1520841842349305E-01
  205   0.1480647412615725E-01
  206   0.1471625895272245E-01
  207   0.1248523927620826E-01
  208   0.1328665443607661E-01
  209   0.1085184373084247E-01
  210   0.1175903727962401E-01
  211   0.1034448533738193E-01
  212   0.9739107858349525E-02
  213   0.9375231674195829E-02
  214   0.8843996236160848E-02
  215   0.1027337963203625E-01
  216   0.7213976936691123E-02
  217   0.7009806763111688E-02
  218   0.7057916834510153E-02
  219   0.7539619580913735E-02
  220   0.7085414245765307E-02
  221   0.6427255677310760E-02
  222   0.6539753759657925E-02
  223   0.5938458720120023E-02
  224   0.4798308356174110E-02
  225   0.5674546546537909E-02
  226   0.4886899533950303E-02
  227   0.4660221127783520E-02
  228   0.4300240046419115E-02
  229   0.4000706213381281E-02
  230   0.3719680763714237E-02
  231   0.4209437392014766E-02
  232   0.3658021654459481E-02
  233   0.3989396643017017E-02
  234   0.2758581083581330E-02
  235   0.3200983582380532E-02
  236   0.3003239903626530E-02
  237   0.2512951061940333E-02
  238   0.2482665909561916E-02
  239   0.2407708014076501E-02
  240   0.2240543214713943E-02
  241   0.2247351070013836E-02
  242   0.2104519635239110E-02
  243   0.2053173737656186E-02
  244   0.1761803534333261E-02
  245   0.1974928619839582E-02
  246   0.1625584605785537E-02
  247   0.1541689768638498E-02
  248   0.1547512846901645E-02
  249   0.1309846092042290E-02
  250   0.1284152616828968E-02
  251   0.1231343002177232E-02
  252   0.1202046134686208E-02
  253   0.1088298869184799E-02
  254   0.1000118117311080E-02
  255   0.9370539976587725E-03
  256   0.9137301254879486E-03
  257   0.7742001655869540E-03
  258   0.8912685299890457E-03
  259   0.7283855638993649E-03
  260   0.7404906649354790E-03
  261   0.7014542741814617E-03
  262   0.6633755919813211E-03
  263   0.7027364156640336E-03
  264   0.5654976725260136E-03
  265   0.5115159851912969E-03
  266   0.5386606042125137E-03
  267   0.4976260160289875E-03
  268   0.4484806108978396E-03
  269   0.4292634600126886E-03
  270   0.3370034133151322E-03
  271   0.3509856161906226E-03
  272   0.3364593035528479E-03
  273   0.2949383235144147E-03
  274   0.3128164419366949E-03
  275   0.2605267212483173E-03
  276   0.2442340054956326E-03
  277   0.2669770728917868E-03
  278   0.2366283831708523E-03
  279   0.2264286330627043E-03
  280   0.1982405674415005E-03
  281   0.1854971644014924E-03
  282   0.1880364689897490E-03
  283   0.1579383594155605E-03
  284   0.1466728552294582E-03
  285   0.1376037267732535E-03
  286   0.1377029458691421E-03
  287   0.1322315308131762E-03
  288   0.1045130847006989E-03
  289   0.1181342317853242E-03
  290   0.1086107067050154E-03
  291   0.9034333631129291E-04
  292   0.9297481897260510E-04
  293   0.8141197158889099E-04
  294   0.7266302426766162E-04
  295   0.7495209274291220E-04
  296   0.7627854498053355E-04
  297   0.6580083667944312E-04
  298   0.5952448221974484E-04
  299   0.5497010218365832E-04
  300   0.5558542494164673E-04
  301   0.5074387252317055E-04
  302   0.4869970031523960E-04
  303   0.3853643172531780E-04
  304   0.3827898858692725E-04
  305   0.3556705447502102E-04
  306   0.3885529738404914E-04
  307   0.3091909822432280E-04
  308   0.3533358278718494E-04
  309   0.2913684246797934E-04
  310   0.2762863849424162E-04
  311   0.2438836849032603E-04
  312   0.2648630924981935E-04
  313   0.1829115417906713E-04
  314   0.1928603903441548E-04
  315   0.1976881060512946E-04
  316   0.1783120881568017E-04
  317   0.1569399529847810E-04
  318   0.1522613852566924E-04
  319   0.1409131789990459E-04
  320   0.1359399626231883E-04
  321   0.1104517789108013E-04
  322   0.1213759485644864E-04
  323   0.1033521896768722E-04
  324   0.9961438125308265E-05
  325   0.8915680462933139E-05
  326   0.9668979207949273E-05
  327   0.7727741052982994E-05
  328   0.8075599172518316E-05
  329   0.6621721694144968E-05
  330   0.6752063771305305E-05
  331   0.5954363075875723E-05
  332   0.5990936661656635E-05
  333   0.5534648987152840E-05
  334   0.5375592837556058E-05
  335   0.4543418458114702E-05
  336   0.4958446588408165E-05
  337   0.3964951087736367E-05
  338   0.4258487374411727E-05
  339   0.3735765001326573E-05
  340   0.4021061775584891E-05
  341   0.2895604995079097E-05
  342   0.3625620797142606E-05
  343   0.2686131637333347E-05
  344   0.3601770699648561E-05
  345   0.2495183333429315E-05
  346   0.3094007102608476E-05
  347   0.2251744409060521E-05
  348   0.3016484385896256E-05
  349   0.2173294262579097E-05
  350   0.3007750959325605E-05
  351   0.2284260230849067E-05
  352   0.3137213561490974E-05
  353   0.2014678891910680E-05
  354   0.2994100364707858E-05
  355   0.2078534371743199E-05
  356   0.2930429449018682E-05
  357   0.2052127791258205E-05
  358   0.2907383817628501E-05
  359   0.2070966377154849E-05
  360   0.3052189239921533E-05
  361   0.2090086553268806E-05
  362   0.3133876815032192E-05
  363   0.2234411105413271E-05
  364   0.3226359498985771E-05
  365   0.2182708874058052E-05
  366   0.3364379776348460E-05
  367   0.2322741088395159E-05
  368   0.3300337693045236E-05
  369   0.2392994360673954E-05
  370   0.3569092352387597E-05
  371   0.2517808226574249E-05
  372   0.3610337544970041E-05
  373   0.2582056686322530E-05
  374   0.4000874008072262E-05
  375   0.2821504603201715E-05
  376   0.4221741258965041E-05
  377   0.2967071894686419E-05
  378   0.4600862879038778E-05
  379   0.3359758240196717E-05
  380   0.4958282332080951E-05
  381   0.3615680504429720E-05
  382   0.5363223844054673E-05
  383   0.4152536480717751E-05
