# nlmax, ncor, nside =         383           1         128
    0   0.7696031461805395E+01
    1  -0.2489263044363112E+02
    2   0.1372183014386715E+03
    3   0.2089731117174032E+03
    4   0.2270712843093622E+03
    5   0.2345235680804229E+03
    6   0.8028292288839003E+02
    7   0.7261895367374004E+02
    8   0.6156582304440151E+02
    9   0.7138904995348564E+02
   10   0.2693219449795459E+02
   11   0.5399472067623262E+02
   12   0.2099609409717339E+02
   13   0.1735487484296752E+02
   14   0.2590145690479089E+02
   15   0.2717783874866410E+02
   16   0.1997444938735960E+02
   17   0.2873502511864345E+02
   18   0.1387297524058497E+02
   19   0.1291995205783742E+02
   20   0.1065303822834597E+02
   21   0.7877572661746894E+01
   22   0.8333698053089776E+01
   23   0.8450539900360750E+01
   24   0.8316386128483231E+01
   25   0.5215622880196129E+01
   26   0.9221252192117701E+01
   27   0.8702040346128943E+01
   28   0.9058077964338647E+01
   29   0.8116527691245967E+01
   30   0.7423331866663061E+01
   31   0.6048649457793134E+01
   32   0.8611535155750124E+01
   33   0.5423544224394075E+01
   34   0.5411071209115020E+01
   35   0.4342935728062503E+01
   36   0.4554579433388958E+01
   37   0.5896957218175773E+01
   38   0.5695434945910469E+01
   39   0.4244816599625561E+01
   40   0.5849491044170019E+01
   41   0.4215618571527015E+01
   42   0.4932308328006637E+01
   43   0.3837564425028802E+01
   44   0.4243633941671995E+01
   45   0.2915993026309040E+01
   46   0.2620662472119955E+01
   47   0.4294681327670735E+01
   48   0.2270141025777088E+01
   49   0.3276922376921064E+01
   50   0.4015578050447903E+01
   51   0.2162036494538634E+01
   52   0.2960929370026520E+01
   53   0.2077462704370214E+01
   54   0.1946534775631415E+01
   55   0.2706791121203888E+01
   56   0.2968941026583629E+01
   57   0.2734114152576900E+01
   58   0.2758564931395643E+01
   59   0.1952478905278833E+01
   60   0.2213783345438768E+01
   61   0.1951549242237703E+01
   62   0.2689601072422891E+01
   63   0.1935005555382044E+01
   64   0.1512284436202942E+01
   65   0.1922985206559237E+01
   66   0.1810727482808962E+01
   67   0.1864016633000285E+01
   68   0.1677945521681094E+01
   69   0.2279982430550597E+01
   70   0.1502319857878223E+01
   71   0.1791294436323060E+01
   72   0.1337315157873911E+01
   73   0.2222278366565240E+01
   74   0.1758151252814057E+01
   75   0.1348057058421241E+01
   76   0.1401754414987957E+01
   77   0.1589011835350713E+01
   78   0.1206714645370503E+01
   79   0.1023855977299744E+01
   80   0.1546329058360173E+01
   81   0.1387098778354847E+01
   82   0.1719334675801526E+01
   83   0.1157531257085856E+01
   84   0.9353221081029739E+00
   85   0.1318500565947607E+01
   86   0.1384778967651946E+01
   87   0.1214936339555506E+01
   88   0.8836876910982117E+00
   89   0.1288955321632032E+01
   90   0.1007189115700457E+01
   91   0.1181537193754769E+01
   92   0.1084890094672929E+01
   93   0.1214605810119000E+01
   94   0.1019919777485169E+01
   95   0.8414795085368321E+00
   96   0.9296550471215466E+00
   97   0.9767724478720607E+00
   98   0.7337326443718852E+00
   99   0.1121341193805467E+01
  100   0.9721062806432570E+00
  101   0.9125171767603679E+00
  102   0.8650817268089217E+00
  103   0.7579697576001387E+00
  104   0.1040822834819598E+01
  105   0.7120601075553978E+00
  106   0.7534212715156601E+00
  107   0.8539290264608963E+00
  108   0.1043230091808887E+01
  109   0.8014877643226261E+00
  110   0.8430851981070704E+00
  111   0.6918799694944602E+00
  112   0.7831233586522199E+00
  113   0.5277476181761975E+00
  114   0.4858686942592647E+00
  115   0.6962739676528493E+00
  116   0.8337763751087564E+00
  117   0.7987948046635339E+00
  118   0.7008347941865387E+00
  119   0.6104830046367290E+00
  120   0.4151705965504282E+00
  121   0.7432480185549943E+00
  122   0.6094721733794166E+00
  123   0.6343584883845346E+00
  124   0.4327615691527038E+00
  125   0.5282563430831594E+00
  126   0.5067547817787201E+00
  127   0.5493486835341408E+00
  128   0.5763423485603543E+00
  129   0.4330999517937218E+00
  130   0.5400607168310140E+00
  131   0.4041891200015711E+00
  132   0.3977081608916393E+00
  133   0.4743203479495427E+00
  134   0.4085893968735943E+00
  135   0.5081503678710214E+00
  136   0.5512427560971059E+00
  137   0.4056877717749722E+00
  138   0.4261790325753083E+00
  139   0.4378598599801640E+00
  140   0.4046456055201646E+00
  141   0.4095756679080556E+00
  142   0.3693569941600516E+00
  143   0.3553316926901428E+00
  144   0.3512314378039457E+00
  145   0.4258868344907688E+00
  146   0.3386137460072712E+00
  147   0.3118927424240114E+00
  148   0.2886276930976988E+00
  149   0.2387096358179901E+00
  150   0.3258573335442477E+00
  151   0.2745328711099531E+00
  152   0.2747830773364182E+00
  153   0.3047237722123082E+00
  154   0.2285589677357175E+00
  155   0.3119319886956158E+00
  156   0.2729210023141564E+00
  157   0.2536582968311925E+00
  158   0.3043796092241295E+00
  159   0.2673141574596352E+00
  160   0.2546969628394750E+00
  161   0.2280109692095866E+00
  162   0.2190041542648682E+00
  163   0.2031881889933906E+00
  164   0.2271082791634733E+00
  165   0.1972204562760825E+00
  166   0.2252270907899713E+00
  167   0.2508876381203247E+00
  168   0.1995504475461043E+00
  169   0.1735270055040798E+00
  170   0.1798225046932721E+00
  171   0.1638333157769220E+00
  172   0.1861717277281766E+00
  173   0.1784471066312306E+00
  174   0.1478371219552351E+00
  175   0.1582702491930412E+00
  176   0.1598077628826633E+00
  177   0.1518575946691071E+00
  178   0.1218966626168734E+00
  179   0.1810156605839088E+00
  180   0.1467075787069891E+00
  181   0.1004911426530928E+00
  182   0.1049783803770767E+00
  183   0.1070926946762031E+00
  184   0.1241908795195062E+00
  185   0.1358885429190302E+00
  186   0.1279106474932624E+00
  187   0.1021649103766575E+00
  188   0.1261949387025901E+00
  189   0.1263230246945005E+00
  190   0.1071000840554284E+00
  191   0.1023990198364538E+00
  192   0.1066624175600249E+00
  193   0.1061277412894269E+00
  194   0.9678537613376159E-01
  195   0.7509697163479956E-01
  196   0.8050261205966924E-01
  197   0.8063254687260135E-01
  198   0.7921965273841614E-01
  199   0.6673918559234560E-01
  200   0.6833158035023257E-01
  201   0.6937440920509941E-01
  202   0.6691146622616639E-01
  203   0.7109822235374363E-01
  204   0.6892150578492284E-01
  205   0.6594837393848185E-01
  206   0.5494256966074174E-01
  207   0.5909225637958326E-01
  208   0.5559825586663592E-01
  209   0.5042678426540814E-01
  210   0.5429474024591097E-01
  211   0.4778630395072503E-01
  212   0.5171646653643291E-01
  213   0.5578007533599427E-01
  214   0.4044591892389693E-01
  215   0.5114868962952079E-01
  216   0.4846403013607958E-01
  217   0.4007142401257768E-01
  218   0.4522353993692618E-01
  219   0.3989042925524389E-01
  220   0.3992154304676399E-01
  221   0.4136621708719923E-01
  222   0.3701418428153636E-01
  223   0.3518870799985918E-01
  224   0.3571696829665261E-01
  225   0.3088428601419335E-01
  226   0.3461967941042488E-01
  227   0.3181051741430252E-01
  228   0.2660590739629509E-01
  229   0.2600482649958136E-01
  230   0.2614032811626621E-01
  231   0.2998298089767248E-01
  232   0.2795688816017561E-01
  233   0.2883835629338893E-01
  234   0.1962948021103772E-01
  235   0.2307689885170716E-01
  236   0.2308374255139944E-01
  237   0.2013683639500918E-01
  238   0.2085248042263421E-01
  239   0.1721739664055677E-01
  240   0.2030709446477619E-01
  241   0.1846959282397487E-01
  242   0.1429696717554352E-01
  243   0.1715548261702182E-01
  244   0.1295870280953915E-01
  245   0.1578695700365595E-01
  246   0.1667957939024400E-01
  247   0.1710541615075079E-01
  248   0.1454861632780780E-01
  249   0.1195862045061502E-01
  250   0.1074704100441282E-01
  251   0.1162577799559361E-01
  252   0.1274822416205812E-01
  253   0.1266288897471990E-01
  254   0.9295543239323245E-02
  255   0.9845259986730137E-02
  256   0.1052875763233352E-01
  257   0.9623395576410343E-02
  258   0.7804478908273071E-02
  259   0.8527898680746993E-02
  260   0.8743093072904773E-02
  261   0.6733076324105358E-02
  262   0.8957478405168584E-02
  263   0.7237425207077375E-02
  264   0.7795511105145314E-02
  265   0.6048660318149213E-02
  266   0.5582914116328053E-02
  267   0.5367509907615142E-02
  268   0.7406202583532973E-02
  269   0.6069632862363061E-02
  270   0.4788396986768806E-02
  271   0.6250878370567814E-02
  272   0.6474942948215934E-02
  273   0.4365352710694659E-02
  274   0.5691801312823874E-02
  275   0.4056109669432373E-02
  276   0.3311315086507283E-02
  277   0.4850169640067015E-02
  278   0.3650036636286158E-02
  279   0.4031628129771092E-02
  280   0.3315458322705189E-02
  281   0.3523735963021357E-02
  282   0.3766899792921774E-02
  283   0.3306061833061646E-02
  284   0.3175782585046250E-02
  285   0.2366597648590818E-02
  286   0.2274178021257123E-02
  287   0.3519841706218052E-02
  288   0.2864740745246674E-02
  289   0.2442804648905672E-02
  290   0.2114954870704788E-02
  291   0.2375393690918326E-02
  292   0.1997030561166180E-02
  293   0.2137776094053800E-02
  294   0.2137613877887135E-02
  295   0.1745173606436001E-02
  296   0.2451033523526158E-02
  297   0.2245920705693905E-02
  298   0.2830671131886231E-02
  299   0.1921026135692505E-02
  300   0.1986075022255895E-02
  301   0.2176257613610844E-02
  302   0.1549280137305875E-02
  303   0.1595638218653272E-02
  304   0.1647545751996160E-02
  305   0.1333650967384747E-02
  306   0.1486471657140109E-02
  307   0.1288944456116270E-02
  308   0.2055876983950600E-02
  309   0.1528184867784721E-02
  310   0.1540070737744925E-02
  311   0.1355786719197449E-02
  312   0.9693425695403990E-03
  313   0.1409347661198490E-02
  314   0.1603871545333757E-02
  315   0.7861278275854144E-03
  316   0.1394836587911785E-02
  317   0.9100323655507059E-03
  318   0.1210955619151188E-02
  319   0.1050823269541923E-02
  320   0.9290394885093090E-03
  321   0.9734139510159112E-03
  322   0.1059306497571022E-02
  323   0.8061306756863007E-03
  324   0.1009712458624079E-02
  325   0.1206124477453219E-02
  326   0.1065511428547522E-02
  327   0.6944286964262747E-03
  328   0.9021221891870601E-03
  329   0.8783486008169805E-03
  330   0.1117800455639417E-02
  331   0.1068882441174618E-02
  332   0.9344903165649510E-03
  333   0.1429431968763384E-02
  334   0.1166916507903876E-02
  335   0.9451733626170411E-03
  336   0.1006545252614593E-02
  337   0.1004491781667671E-02
  338   0.8059479145115234E-03
  339   0.8893320154593765E-03
  340   0.1545937760903560E-02
  341   0.9132287019226748E-03
  342   0.7319057757197711E-03
  343   0.6919254848202216E-03
  344   0.8838951385921057E-03
  345   0.1143122390603296E-02
  346   0.9482267155309088E-03
  347   0.9739804306730659E-03
  348   0.7934906209894621E-03
  349   0.1255434705500380E-02
  350   0.1072621952498437E-02
  351   0.1001261280787313E-02
  352   0.1062658115083576E-02
  353   0.1081619526634880E-02
  354   0.1166199571987131E-02
  355   0.1363982073489159E-02
  356   0.1153013704135619E-02
  357   0.1144361001656644E-02
  358   0.1006785855514780E-02
  359   0.9588494181398260E-03
  360   0.1122168847635316E-02
  361   0.1249882452362031E-02
  362   0.1386178216536416E-02
  363   0.1414583109683482E-02
  364   0.1338068812201734E-02
  365   0.1729372351642985E-02
  366   0.1616344042545320E-02
  367   0.1502497704433933E-02
  368   0.1320431208977416E-02
  369   0.1442879338410946E-02
  370   0.1309258530662542E-02
  371   0.1633129410557543E-02
  372   0.1322066245059074E-02
  373   0.1529525128222999E-02
  374   0.1536392118976590E-02
  375   0.1824099324081195E-02
  376   0.1645931947569207E-02
  377   0.1920956710517143E-02
  378   0.2216505879335452E-02
  379   0.2358015616739172E-02
  380   0.2105688214728889E-02
  381   0.2543866941539141E-02
  382   0.2535208596639867E-02
  383   0.3339028112866123E-02
