# nlmax, ncor, nside =         383           1         128
    0   0.1825070568741839E+01
    1   0.7066099607913367E+01
    2   0.1866333145506122E+03
    3   0.4610286676164932E+03
    4   0.2268295841668731E+03
    5   0.2911684848899660E+03
    6   0.8177614503723730E+02
    7   0.1164504552375419E+03
    8   0.5623522421289226E+02
    9   0.4913149159026418E+02
   10   0.5226695281197728E+02
   11   0.4801691534981786E+02
   12   0.3425208826988012E+02
   13   0.2489038049509359E+02
   14   0.2571276055844688E+02
   15   0.2071462349768341E+02
   16   0.1629662441251842E+02
   17   0.1823571773068153E+02
   18   0.1260172023436786E+02
   19   0.1538528629474667E+02
   20   0.1155222290541507E+02
   21   0.9116854936112700E+01
   22   0.7507588346471350E+01
   23   0.9292919543674207E+01
   24   0.8306790502793890E+01
   25   0.8564037801994656E+01
   26   0.7193775110415661E+01
   27   0.6741678090214082E+01
   28   0.9150146153976872E+01
   29   0.7469460495416495E+01
   30   0.6585696123285958E+01
   31   0.5205508886056817E+01
   32   0.7846354788822302E+01
   33   0.4731571525078915E+01
   34   0.5564895366409387E+01
   35   0.4583122228284261E+01
   36   0.5036586460434537E+01
   37   0.5886532011614823E+01
   38   0.4941100724716485E+01
   39   0.4318031893207484E+01
   40   0.5994801794085712E+01
   41   0.3668692723267509E+01
   42   0.4283405630419196E+01
   43   0.3848451216941243E+01
   44   0.3093242923311859E+01
   45   0.2881688451547875E+01
   46   0.2995355577582941E+01
   47   0.4120952983730447E+01
   48   0.2324928690645158E+01
   49   0.3557656139994813E+01
   50   0.3091940254392119E+01
   51   0.2220065449557483E+01
   52   0.2593729723541480E+01
   53   0.2081059299382445E+01
   54   0.1953072404159822E+01
   55   0.2274142750643498E+01
   56   0.2896793054157849E+01
   57   0.2346638977489001E+01
   58   0.2483676768895601E+01
   59   0.1598500372795239E+01
   60   0.1961322598561095E+01
   61   0.1852168063883196E+01
   62   0.2133831534886117E+01
   63   0.1919330729565096E+01
   64   0.1713336821430513E+01
   65   0.1583507820245546E+01
   66   0.1423920865793375E+01
   67   0.1850894124460131E+01
   68   0.1584388310432843E+01
   69   0.1718211694811233E+01
   70   0.1450392854217606E+01
   71   0.1366149763613066E+01
   72   0.1196795886392768E+01
   73   0.1735861186776599E+01
   74   0.1477050364154094E+01
   75   0.1210383319569747E+01
   76   0.1079106783022689E+01
   77   0.1355830990317710E+01
   78   0.1122645282233192E+01
   79   0.8559084676172246E+00
   80   0.1106396122205668E+01
   81   0.1125647449192285E+01
   82   0.1321488915750671E+01
   83   0.9674760487430207E+00
   84   0.8905485945473854E+00
   85   0.9632977927918971E+00
   86   0.9715991628852600E+00
   87   0.1077005058688516E+01
   88   0.7704120186291461E+00
   89   0.9189562015758053E+00
   90   0.8428457051318938E+00
   91   0.9271404946780497E+00
   92   0.8189169520486055E+00
   93   0.8077309994173998E+00
   94   0.6930482567320748E+00
   95   0.6032001510868332E+00
   96   0.6681907457951386E+00
   97   0.6827015248135793E+00
   98   0.5239393717075960E+00
   99   0.7135016369824307E+00
  100   0.6765709286799448E+00
  101   0.5987176107350649E+00
  102   0.6352128558050130E+00
  103   0.5918048910949654E+00
  104   0.6664611530474092E+00
  105   0.4824431178100119E+00
  106   0.5550932418507311E+00
  107   0.5140547869524219E+00
  108   0.6229841924263539E+00
  109   0.5284646591770032E+00
  110   0.5290521740040828E+00
  111   0.4593775538017089E+00
  112   0.4838781904963765E+00
  113   0.3715563858750848E+00
  114   0.3491628925508465E+00
  115   0.4181467029697399E+00
  116   0.4497509160498651E+00
  117   0.5257289312370165E+00
  118   0.3690607319044373E+00
  119   0.3716179349145393E+00
  120   0.3496836319459472E+00
  121   0.4386363531057560E+00
  122   0.3457692446353359E+00
  123   0.3502209688636700E+00
  124   0.2872538127673235E+00
  125   0.2967880385467996E+00
  126   0.2998315736767444E+00
  127   0.3366933250850170E+00
  128   0.3108866333780728E+00
  129   0.2494344544342905E+00
  130   0.2915993385674257E+00
  131   0.2289616193368810E+00
  132   0.2562765095685261E+00
  133   0.2454612735310578E+00
  134   0.2274949729164668E+00
  135   0.2309383910143937E+00
  136   0.2312366257223564E+00
  137   0.2121847782167863E+00
  138   0.1980110583550194E+00
  139   0.1917575691809205E+00
  140   0.1983744860112048E+00
  141   0.1798259212201204E+00
  142   0.1823489097519052E+00
  143   0.1781131830668979E+00
  144   0.1557407106097726E+00
  145   0.1694001537821057E+00
  146   0.1542791007105950E+00
  147   0.1418796099677549E+00
  148   0.1434057373076628E+00
  149   0.1286702410138860E+00
  150   0.1509909546739396E+00
  151   0.1278074704851849E+00
  152   0.1324217974641381E+00
  153   0.1388934533292792E+00
  154   0.1047816207905211E+00
  155   0.1051231137587983E+00
  156   0.1038344793292740E+00
  157   0.9776114464729924E-01
  158   0.1039641813350971E+00
  159   0.9944834900381139E-01
  160   0.9256348935630765E-01
  161   0.1016262014469813E+00
  162   0.8321404114447506E-01
  163   0.8531951523800796E-01
  164   0.9115777726426821E-01
  165   0.8020939401250970E-01
  166   0.8193059755415977E-01
  167   0.7714798633502407E-01
  168   0.7103137489549560E-01
  169   0.6315291622557428E-01
  170   0.6314068248449389E-01
  171   0.6561364739972453E-01
  172   0.6655265554983458E-01
  173   0.6182569550573580E-01
  174   0.5898740993370144E-01
  175   0.5928963136668775E-01
  176   0.5180074596483131E-01
  177   0.5028098069639519E-01
  178   0.5195225763445399E-01
  179   0.5112496224478147E-01
  180   0.4679962567946028E-01
  181   0.3936454872100625E-01
  182   0.3748705360979077E-01
  183   0.4309478998857086E-01
  184   0.3573932919014378E-01
  185   0.4021788378922686E-01
  186   0.4116479546161267E-01
  187   0.3349453183417250E-01
  188   0.3255887999668738E-01
  189   0.3382029754541538E-01
  190   0.2856728199563208E-01
  191   0.3255054872599161E-01
  192   0.2907536015362222E-01
  193   0.2885208618583124E-01
  194   0.2478836016754105E-01
  195   0.2514364530535862E-01
  196   0.2337555080005183E-01
  197   0.2404276214671597E-01
  198   0.2332702433401157E-01
  199   0.2063230814194583E-01
  200   0.2206758393164321E-01
  201   0.2132336412334379E-01
  202   0.1839489383954074E-01
  203   0.1951351876978780E-01
  204   0.1732520454435071E-01
  205   0.1868014369803273E-01
  206   0.1731989709445436E-01
  207   0.1365828368174360E-01
  208   0.1547421654480274E-01
  209   0.1333569156775349E-01
  210   0.1536017864808259E-01
  211   0.1332452037250065E-01
  212   0.1344732417169359E-01
  213   0.1217052313067346E-01
  214   0.1224223095943322E-01
  215   0.1265811619760526E-01
  216   0.1129039588513348E-01
  217   0.1109575534529406E-01
  218   0.1095146448499074E-01
  219   0.1030801211339238E-01
  220   0.1012155714599094E-01
  221   0.1057935950832634E-01
  222   0.8564410594526506E-02
  223   0.9876871550408506E-02
  224   0.8727140941143019E-02
  225   0.9331173362017053E-02
  226   0.8936031432414615E-02
  227   0.8460853980874372E-02
  228   0.7602851128514110E-02
  229   0.7078309516256764E-02
  230   0.7808287959314653E-02
  231   0.7109793350308702E-02
  232   0.6872436716028330E-02
  233   0.6703235390243867E-02
  234   0.5814943035237219E-02
  235   0.5819590645148698E-02
  236   0.5995810726880157E-02
  237   0.5757386252412733E-02
  238   0.5460007127630062E-02
  239   0.5705287106825940E-02
  240   0.4961022045830377E-02
  241   0.5218830922174122E-02
  242   0.4883614180829499E-02
  243   0.4898425497218750E-02
  244   0.4290600651890131E-02
  245   0.5063425808100930E-02
  246   0.4028377162478503E-02
  247   0.4212589813428091E-02
  248   0.4164448461336900E-02
  249   0.3620675455220157E-02
  250   0.4177113779754937E-02
  251   0.3914021457783190E-02
  252   0.3265675712498473E-02
  253   0.3623739235876555E-02
  254   0.3710034775961768E-02
  255   0.3644405004216367E-02
  256   0.3175448052500029E-02
  257   0.3467597971686609E-02
  258   0.3285775153507142E-02
  259   0.3435238763033199E-02
  260   0.3176029988963158E-02
  261   0.3403874535001683E-02
  262   0.2953662507276245E-02
  263   0.2680927513093623E-02
  264   0.2808018749680008E-02
  265   0.2434027357178681E-02
  266   0.2797245184351704E-02
  267   0.2497618946660618E-02
  268   0.3227439917657282E-02
  269   0.3080164532021035E-02
  270   0.2871028374490325E-02
  271   0.2790526110226899E-02
  272   0.2893190857647776E-02
  273   0.2511729427007947E-02
  274   0.2862171180837703E-02
  275   0.2467943853987076E-02
  276   0.2211422035535759E-02
  277   0.2258970610892197E-02
  278   0.2420836013003191E-02
  279   0.2370932389844371E-02
  280   0.2053041024011659E-02
  281   0.2153619148639596E-02
  282   0.2248283387074945E-02
  283   0.2153970129698424E-02
  284   0.2185582887175463E-02
  285   0.2039932637945552E-02
  286   0.2175131301906774E-02
  287   0.2087927994199934E-02
  288   0.2149128001845468E-02
  289   0.2301900319568284E-02
  290   0.2123442790063323E-02
  291   0.2033101813834204E-02
  292   0.2016415767382540E-02
  293   0.1939999149417004E-02
  294   0.2134965415270196E-02
  295   0.1999929852056270E-02
  296   0.2365192764108071E-02
  297   0.2200172028735903E-02
  298   0.2038086844370179E-02
  299   0.1974975043712912E-02
  300   0.2128588322668767E-02
  301   0.1964944976155458E-02
  302   0.1996810774878233E-02
  303   0.1991342620261183E-02
  304   0.2001605913524163E-02
  305   0.2035154735271938E-02
  306   0.1843203002889648E-02
  307   0.2108083299314445E-02
  308   0.1768041170498780E-02
  309   0.1832155282238679E-02
  310   0.1742767987936544E-02
  311   0.2145708190233686E-02
  312   0.1840162686194358E-02
  313   0.1860793886770851E-02
  314   0.1884433080409809E-02
  315   0.1827785409293570E-02
  316   0.1854524509709576E-02
  317   0.1607424240296029E-02
  318   0.1660747578058230E-02
  319   0.1625592918745367E-02
  320   0.1816282438174499E-02
  321   0.1822145511618023E-02
  322   0.1737725826381348E-02
  323   0.1741594843985228E-02
  324   0.1557224948630781E-02
  325   0.1801588471603555E-02
  326   0.1890031488003679E-02
  327   0.2224341579102757E-02
  328   0.1947292518827554E-02
  329   0.1672287452112287E-02
  330   0.1856742633291025E-02
  331   0.1757951029624782E-02
  332   0.1613657009884778E-02
  333   0.1571084651657229E-02
  334   0.1683843895266407E-02
  335   0.1586816193153234E-02
  336   0.1599043184434601E-02
  337   0.1517156216665427E-02
  338   0.1559190821632889E-02
  339   0.1615767793448547E-02
  340   0.1497802029961109E-02
  341   0.1570778294572361E-02
  342   0.1648695568877173E-02
  343   0.1652702186480309E-02
  344   0.1539364016819061E-02
  345   0.1578586882928334E-02
  346   0.1497795444795169E-02
  347   0.1670471671746054E-02
  348   0.1680122072800244E-02
  349   0.1707994001839852E-02
  350   0.1731224670682568E-02
  351   0.1699850309230949E-02
  352   0.1678183624269247E-02
  353   0.1666490972567339E-02
  354   0.1674027236560738E-02
  355   0.1556102112287003E-02
  356   0.1718699891558872E-02
  357   0.1733959771644783E-02
  358   0.1737053020290910E-02
  359   0.1722814386692945E-02
  360   0.1645478566565467E-02
  361   0.1614196840308099E-02
  362   0.1676655429390772E-02
  363   0.1692059886482800E-02
  364   0.1829652322622347E-02
  365   0.1666058110586927E-02
  366   0.1739212310536406E-02
  367   0.1648052909449887E-02
  368   0.1794828298150627E-02
  369   0.1702155743856730E-02
  370   0.1905439371385521E-02
  371   0.1841373542236721E-02
  372   0.1955967537666269E-02
  373   0.1826608240184407E-02
  374   0.1775190121304067E-02
  375   0.1629537537415397E-02
  376   0.1741663128339156E-02
  377   0.1603721977916479E-02
  378   0.1706102404896395E-02
  379   0.1638231354698500E-02
  380   0.1769541070083439E-02
  381   0.1696132506321764E-02
  382   0.1831240002122017E-02
  383   0.1776310564641378E-02
