# nlmax, ncor, nside =         383           1         128
    0  -0.1808548184635379E+00
    1   0.7306467137919367E+01
    2   0.2232100638351969E+03
    3   0.4615142689213554E+03
    4   0.2166343131908347E+03
    5   0.2915356196136445E+03
    6   0.9188692097285809E+02
    7   0.1169470986369826E+03
    8   0.5751823698123206E+02
    9   0.4894897534605558E+02
   10   0.5231804968744770E+02
   11   0.4813157689914657E+02
   12   0.3388991285048748E+02
   13   0.2489578815340607E+02
   14   0.2572841347231656E+02
   15   0.2075965761984174E+02
   16   0.1544046772918171E+02
   17   0.1822585258664567E+02
   18   0.1316760991241993E+02
   19   0.1539326434117173E+02
   20   0.1143019234210619E+02
   21   0.9088688471614276E+01
   22   0.7548627074698472E+01
   23   0.9286662310174147E+01
   24   0.8405382628398161E+01
   25   0.8571256257587232E+01
   26   0.7151383355139519E+01
   27   0.6763026531658713E+01
   28   0.9135757277518774E+01
   29   0.7478257502681965E+01
   30   0.6573315730524869E+01
   31   0.5216609713969129E+01
   32   0.7879261905500909E+01
   33   0.4727735631798140E+01
   34   0.5572500420772343E+01
   35   0.4595468320825612E+01
   36   0.4997860844381982E+01
   37   0.5892037069272972E+01
   38   0.4930330571885683E+01
   39   0.4312473850368992E+01
   40   0.6007601946108179E+01
   41   0.3682921576434636E+01
   42   0.4287187478065884E+01
   43   0.3842966977454561E+01
   44   0.3080537697299992E+01
   45   0.2881053221355542E+01
   46   0.3001851276511002E+01
   47   0.4118056971870987E+01
   48   0.2299903199050179E+01
   49   0.3556235006819854E+01
   50   0.3089432199555873E+01
   51   0.2218933602404628E+01
   52   0.2578115415759156E+01
   53   0.2084436098479054E+01
   54   0.1974285471802523E+01
   55   0.2275910090227088E+01
   56   0.2878354734403190E+01
   57   0.2342180836266900E+01
   58   0.2491260408039142E+01
   59   0.1598981017359027E+01
   60   0.1960853805194257E+01
   61   0.1849651207286409E+01
   62   0.2145396816258939E+01
   63   0.1918469723097527E+01
   64   0.1710075050973878E+01
   65   0.1583140047317964E+01
   66   0.1419721959413085E+01
   67   0.1850101286313574E+01
   68   0.1577466760254307E+01
   69   0.1717155337634216E+01
   70   0.1448482966192924E+01
   71   0.1367656094353887E+01
   72   0.1193098314315700E+01
   73   0.1734924407116067E+01
   74   0.1475151678655285E+01
   75   0.1210909658313806E+01
   76   0.1079922101522844E+01
   77   0.1356336300416421E+01
   78   0.1126755322665961E+01
   79   0.8559138695503310E+00
   80   0.1106172164781238E+01
   81   0.1127344279457903E+01
   82   0.1318842523684227E+01
   83   0.9668035257786620E+00
   84   0.8893067602813045E+00
   85   0.9627528272412280E+00
   86   0.9723751979332904E+00
   87   0.1077109064912435E+01
   88   0.7714322032126992E+00
   89   0.9192935645004507E+00
   90   0.8422580277801102E+00
   91   0.9271226752573072E+00
   92   0.8177707654205766E+00
   93   0.8085233304026174E+00
   94   0.6930141526316809E+00
   95   0.6048660867017459E+00
   96   0.6692856057725285E+00
   97   0.6823615431906187E+00
   98   0.5243585695697761E+00
   99   0.7133119382067654E+00
  100   0.6742886179408851E+00
  101   0.5985244195936976E+00
  102   0.6351667108549746E+00
  103   0.5927431279031075E+00
  104   0.6655960366422868E+00
  105   0.4821266824356887E+00
  106   0.5544861371099616E+00
  107   0.5140170275725489E+00
  108   0.6221203209424775E+00
  109   0.5286853800569864E+00
  110   0.5284898769304407E+00
  111   0.4599550996911759E+00
  112   0.4835841517608011E+00
  113   0.3721894623568145E+00
  114   0.3489905592031652E+00
  115   0.4185877034054413E+00
  116   0.4494810269568511E+00
  117   0.5253291545558977E+00
  118   0.3691476121654685E+00
  119   0.3714500780226584E+00
  120   0.3496936439928746E+00
  121   0.4387793551932417E+00
  122   0.3457577191576950E+00
  123   0.3506836214064895E+00
  124   0.2872544752569531E+00
  125   0.2968775962225484E+00
  126   0.2994183753217183E+00
  127   0.3366895930500843E+00
  128   0.3107522274298736E+00
  129   0.2490964306513483E+00
  130   0.2912325579276227E+00
  131   0.2287617346437126E+00
  132   0.2562396037357586E+00
  133   0.2454736056675908E+00
  134   0.2273127775037876E+00
  135   0.2308699546943664E+00
  136   0.2309616734844462E+00
  137   0.2120634025013609E+00
  138   0.1981536327168956E+00
  139   0.1920659095268212E+00
  140   0.1986408016857962E+00
  141   0.1799276462217291E+00
  142   0.1824911215604997E+00
  143   0.1782420013528830E+00
  144   0.1558996450847365E+00
  145   0.1696176600158947E+00
  146   0.1542952064351151E+00
  147   0.1418966839303483E+00
  148   0.1435449680398359E+00
  149   0.1285043383861206E+00
  150   0.1508906723343938E+00
  151   0.1278046934305483E+00
  152   0.1323893550271302E+00
  153   0.1391196943308393E+00
  154   0.1048059887764584E+00
  155   0.1050253391604639E+00
  156   0.1038547922070830E+00
  157   0.9782427592488718E-01
  158   0.1037959894888327E+00
  159   0.9956948524770448E-01
  160   0.9253298728037540E-01
  161   0.1015403461180665E+00
  162   0.8322813238044646E-01
  163   0.8543277076347366E-01
  164   0.9113342685346848E-01
  165   0.8012173456114413E-01
  166   0.8178038496350637E-01
  167   0.7700708970078274E-01
  168   0.7095531737344773E-01
  169   0.6321517444981151E-01
  170   0.6301636313723935E-01
  171   0.6563806035773190E-01
  172   0.6651317092575526E-01
  173   0.6181635478982939E-01
  174   0.5898192018769466E-01
  175   0.5928983788390896E-01
  176   0.5184352083298527E-01
  177   0.5022185308253058E-01
  178   0.5198448382970722E-01
  179   0.5108405141937489E-01
  180   0.4664113151927574E-01
  181   0.3924503429612791E-01
  182   0.3740145641958181E-01
  183   0.4298946258340153E-01
  184   0.3575540203526573E-01
  185   0.4018308901574996E-01
  186   0.4115836747098822E-01
  187   0.3343196935902448E-01
  188   0.3255474806995995E-01
  189   0.3378550599356589E-01
  190   0.2859071537340674E-01
  191   0.3257578281414231E-01
  192   0.2907586854294308E-01
  193   0.2884167315069242E-01
  194   0.2474015315222711E-01
  195   0.2515042005758283E-01
  196   0.2331842854202149E-01
  197   0.2402658652257239E-01
  198   0.2330071649761534E-01
  199   0.2057936461182530E-01
  200   0.2203392774302371E-01
  201   0.2126185556614058E-01
  202   0.1834473711418294E-01
  203   0.1947013918292606E-01
  204   0.1727976838005174E-01
  205   0.1864157847515013E-01
  206   0.1727424443729120E-01
  207   0.1361232042961058E-01
  208   0.1542994714471657E-01
  209   0.1332876421145490E-01
  210   0.1530137615452198E-01
  211   0.1328250338361359E-01
  212   0.1341575122892458E-01
  213   0.1216935001165109E-01
  214   0.1221515821779096E-01
  215   0.1264869912590827E-01
  216   0.1125111116088751E-01
  217   0.1105719611176148E-01
  218   0.1087430861541483E-01
  219   0.1027577747890152E-01
  220   0.1007352592116195E-01
  221   0.1049252251971233E-01
  222   0.8505660065653231E-02
  223   0.9817247687099906E-02
  224   0.8663926367998398E-02
  225   0.9266694672595666E-02
  226   0.8866712826558043E-02
  227   0.8378175359031403E-02
  228   0.7562424422952185E-02
  229   0.6998084500832946E-02
  230   0.7762570652867895E-02
  231   0.7051205445808617E-02
  232   0.6821186584326511E-02
  233   0.6631845568077166E-02
  234   0.5746972298528275E-02
  235   0.5746788292233851E-02
  236   0.5962528359224839E-02
  237   0.5696985075740013E-02
  238   0.5412633291522195E-02
  239   0.5620463367112638E-02
  240   0.4933346660488058E-02
  241   0.5157560091987756E-02
  242   0.4842359235863292E-02
  243   0.4828563664468710E-02
  244   0.4253272646298822E-02
  245   0.5014975258520793E-02
  246   0.4006725206858963E-02
  247   0.4174414014580075E-02
  248   0.4135715457648348E-02
  249   0.3576575404849569E-02
  250   0.4150842713279701E-02
  251   0.3863154155183568E-02
  252   0.3243367545742393E-02
  253   0.3586202955602302E-02
  254   0.3675997240504825E-02
  255   0.3605338179989093E-02
  256   0.3144646891727887E-02
  257   0.3430126533758404E-02
  258   0.3265926339980352E-02
  259   0.3407336087947299E-02
  260   0.3146288521549079E-02
  261   0.3376381100339887E-02
  262   0.2927379211624337E-02
  263   0.2646283910637648E-02
  264   0.2776849092389511E-02
  265   0.2403946562862525E-02
  266   0.2758339694218959E-02
  267   0.2467719418076553E-02
  268   0.3201158187779329E-02
  269   0.3059835537351396E-02
  270   0.2842692094697230E-02
  271   0.2773478474796087E-02
  272   0.2874289284129528E-02
  273   0.2478386737114147E-02
  274   0.2840112530469008E-02
  275   0.2454189686323882E-02
  276   0.2198107348106992E-02
  277   0.2240354280135581E-02
  278   0.2398566485264320E-02
  279   0.2358257604257008E-02
  280   0.2028341574804304E-02
  281   0.2138499094367974E-02
  282   0.2227607898593997E-02
  283   0.2130077020119581E-02
  284   0.2156748298692890E-02
  285   0.2010647507035279E-02
  286   0.2150140822448632E-02
  287   0.2061299426930951E-02
  288   0.2124733165627557E-02
  289   0.2273353914727660E-02
  290   0.2094816513982856E-02
  291   0.2013196851569088E-02
  292   0.1995311390100729E-02
  293   0.1919117514497470E-02
  294   0.2108177031339920E-02
  295   0.1986695854534815E-02
  296   0.2325786240221062E-02
  297   0.2172588982747747E-02
  298   0.2002730123399299E-02
  299   0.1953713729159090E-02
  300   0.2096438954711621E-02
  301   0.1946057731816830E-02
  302   0.1967580864386032E-02
  303   0.1967165325327425E-02
  304   0.1977808086472521E-02
  305   0.2019965150170555E-02
  306   0.1827922295151718E-02
  307   0.2086944996958329E-02
  308   0.1751617041772957E-02
  309   0.1812314646257696E-02
  310   0.1719312873040169E-02
  311   0.2110530350973083E-02
  312   0.1808762782893936E-02
  313   0.1834457847952997E-02
  314   0.1851286919773376E-02
  315   0.1798158312975195E-02
  316   0.1830183040185673E-02
  317   0.1589422657066963E-02
  318   0.1639956268450260E-02
  319   0.1604475506402414E-02
  320   0.1798385461733443E-02
  321   0.1801747489665717E-02
  322   0.1715310340053899E-02
  323   0.1717202210341717E-02
  324   0.1539402182754251E-02
  325   0.1780560444485463E-02
  326   0.1867582439697785E-02
  327   0.2194812211667396E-02
  328   0.1920290372589312E-02
  329   0.1648757307304904E-02
  330   0.1835491106938286E-02
  331   0.1732817665758862E-02
  332   0.1598162770992007E-02
  333   0.1552603227667981E-02
  334   0.1668441562848372E-02
  335   0.1566019083504094E-02
  336   0.1585165341140587E-02
  337   0.1501669765550329E-02
  338   0.1543103832190917E-02
  339   0.1600266677092871E-02
  340   0.1485056320113753E-02
  341   0.1554462854463368E-02
  342   0.1628413129176803E-02
  343   0.1633880154063322E-02
  344   0.1525138291803951E-02
  345   0.1563860008793938E-02
  346   0.1485405029874320E-02
  347   0.1662598325119558E-02
  348   0.1665229149767994E-02
  349   0.1704613155551815E-02
  350   0.1722337089294035E-02
  351   0.1694749457811506E-02
  352   0.1669405598019508E-02
  353   0.1656968536406844E-02
  354   0.1665636450676675E-02
  355   0.1546079524575847E-02
  356   0.1704171455391118E-02
  357   0.1721634898650945E-02
  358   0.1720228885373654E-02
  359   0.1709409776140383E-02
  360   0.1632985442197046E-02
  361   0.1603571054314440E-02
  362   0.1665629849367536E-02
  363   0.1685590150705366E-02
  364   0.1821319017360712E-02
  365   0.1656688804646048E-02
  366   0.1728921561465716E-02
  367   0.1637295658945340E-02
  368   0.1785267302095460E-02
  369   0.1694158667635212E-02
  370   0.1896617990203076E-02
  371   0.1827571698351897E-02
  372   0.1934921761802127E-02
  373   0.1814298099746287E-02
  374   0.1761847316786788E-02
  375   0.1615021212598454E-02
  376   0.1725887837758937E-02
  377   0.1591888040599239E-02
  378   0.1689834479084242E-02
  379   0.1630150622737393E-02
  380   0.1754089944683460E-02
  381   0.1681963972478016E-02
  382   0.1821231413542812E-02
  383   0.1771286788704990E-02
