# nlmax, ncor, nside =         383           1         128
    0   0.5290339367181928E-19
    1   0.4415982105081092E-17
    2   0.1808623722693200E-03
    3   0.5318154004490358E-03
    4   0.2176114490391069E-03
    5   0.3094244169576825E-03
    6   0.8870824395155918E-04
    7   0.1266889061812938E-03
    8   0.5399839817869413E-04
    9   0.3794227675707426E-04
   10   0.4741227538877800E-04
   11   0.4161675056343087E-04
   12   0.3283977448142141E-04
   13   0.2389712018689274E-04
   14   0.2262707220035940E-04
   15   0.2270595296097405E-04
   16   0.1548063671771285E-04
   17   0.1795747689748474E-04
   18   0.1175224671163636E-04
   19   0.1565130828245564E-04
   20   0.1126306759729109E-04
   21   0.9504126267858082E-05
   22   0.7549281100557443E-05
   23   0.8813154582680950E-05
   24   0.8214348782250792E-05
   25   0.8265982073231742E-05
   26   0.7948774228058898E-05
   27   0.6845938513797830E-05
   28   0.9711986959639260E-05
   29   0.7995129338668496E-05
   30   0.5868284911347746E-05
   31   0.5829654903291574E-05
   32   0.7712792098592922E-05
   33   0.4903955335011668E-05
   34   0.6171086633079690E-05
   35   0.4567071053722435E-05
   36   0.4816934406021167E-05
   37   0.6540263906295868E-05
   38   0.4913793820085374E-05
   39   0.4441979084726395E-05
   40   0.6677588192275858E-05
   41   0.4696191291530445E-05
   42   0.4267649418794879E-05
   43   0.4041386059020014E-05
   44   0.3593694458284268E-05
   45   0.2933359275965063E-05
   46   0.3600624660152045E-05
   47   0.4292619297591613E-05
   48   0.2548156708064224E-05
   49   0.3628881106225658E-05
   50   0.3593606950224956E-05
   51   0.2754782367579030E-05
   52   0.2884159637514430E-05
   53   0.2259696109958229E-05
   54   0.2183147296978425E-05
   55   0.2654726426856176E-05
   56   0.3147994076451717E-05
   57   0.2654896680635429E-05
   58   0.2589560175809953E-05
   59   0.1879824766614844E-05
   60   0.2212866610392347E-05
   61   0.2087483383604283E-05
   62   0.2500806954101671E-05
   63   0.2148663689914936E-05
   64   0.2048204016119414E-05
   65   0.1903106629232135E-05
   66   0.1770679606593239E-05
   67   0.1888466336782849E-05
   68   0.1917852802803570E-05
   69   0.2104115343019534E-05
   70   0.1823697189934670E-05
   71   0.1612933362271867E-05
   72   0.1634920573070962E-05
   73   0.2089276286927965E-05
   74   0.1757324509391725E-05
   75   0.1443271548437797E-05
   76   0.1445484124565459E-05
   77   0.1669591002149446E-05
   78   0.1494047106532422E-05
   79   0.1181567740211033E-05
   80   0.1474531965747215E-05
   81   0.1484629168934019E-05
   82   0.1639375231425113E-05
   83   0.1274900366186978E-05
   84   0.1144349460869529E-05
   85   0.1318786925380877E-05
   86   0.1342274078859292E-05
   87   0.1299187552188738E-05
   88   0.1138453286384037E-05
   89   0.1220702169651664E-05
   90   0.1214808809323811E-05
   91   0.1215644719116488E-05
   92   0.1114069270008816E-05
   93   0.1129777028322829E-05
   94   0.1014749587880328E-05
   95   0.9170740001775308E-06
   96   0.9568674990155145E-06
   97   0.1050847025721548E-05
   98   0.7785929534246406E-06
   99   0.1040399921993373E-05
  100   0.9379590766365933E-06
  101   0.9167013484420199E-06
  102   0.1013450583902984E-05
  103   0.9069658917469586E-06
  104   0.9795211238142470E-06
  105   0.7775935997130690E-06
  106   0.8666952865936119E-06
  107   0.7896770579888372E-06
  108   0.1004720411058271E-05
  109   0.7969761453727944E-06
  110   0.8389211438329705E-06
  111   0.7799901329458793E-06
  112   0.6846568024227968E-06
  113   0.6839049422636174E-06
  114   0.5351138376676694E-06
  115   0.7118833500489149E-06
  116   0.8034471907763908E-06
  117   0.8259252810170227E-06
  118   0.6288245779686412E-06
  119   0.6533499311678721E-06
  120   0.5870321668724416E-06
  121   0.7481006999914308E-06
  122   0.5964288349884661E-06
  123   0.6327565328253441E-06
  124   0.5236081619102319E-06
  125   0.5384620533425951E-06
  126   0.5971826403745786E-06
  127   0.5449624724663282E-06
  128   0.5098708515630578E-06
  129   0.4768906576328534E-06
  130   0.5524122592655086E-06
  131   0.4420618665951480E-06
  132   0.4587186995816981E-06
  133   0.5194138747231738E-06
  134   0.4537900093925260E-06
  135   0.4495058841648909E-06
  136   0.4898626998643169E-06
  137   0.4676792704012563E-06
  138   0.4402070837384317E-06
  139   0.4167992229550349E-06
  140   0.4178016753710717E-06
  141   0.3971750790561715E-06
  142   0.4264272235080532E-06
  143   0.3979756104475680E-06
  144   0.3373152380167174E-06
  145   0.3964459012638225E-06
  146   0.3519113046361460E-06
  147   0.3537916460110398E-06
  148   0.3171925088625566E-06
  149   0.3312413408897777E-06
  150   0.3743846476291962E-06
  151   0.2990591699887621E-06
  152   0.3097730613106626E-06
  153   0.3348719535145018E-06
  154   0.2620038378586118E-06
  155   0.2765491811276490E-06
  156   0.2802783890060556E-06
  157   0.2519133721744382E-06
  158   0.2989871561865588E-06
  159   0.2544346774792670E-06
  160   0.2790175640607318E-06
  161   0.2533283035062495E-06
  162   0.2280863344381873E-06
  163   0.2440078133481934E-06
  164   0.2504440707010631E-06
  165   0.2195225877976786E-06
  166   0.2101013043227517E-06
  167   0.2159324122690064E-06
  168   0.2368113984122319E-06
  169   0.1924973532110142E-06
  170   0.1864019899996875E-06
  171   0.1759795627772539E-06
  172   0.2156955310277587E-06
  173   0.1873557704870729E-06
  174   0.1770548756273156E-06
  175   0.1785605302412330E-06
  176   0.1655751935272563E-06
  177   0.1486111959124703E-06
  178   0.1512326059955782E-06
  179   0.1798060656364744E-06
  180   0.1433303114023829E-06
  181   0.1262967474315507E-06
  182   0.1316525477703328E-06
  183   0.1399646167093946E-06
  184   0.1228389102160090E-06
  185   0.1460050262480260E-06
  186   0.1344990533563615E-06
  187   0.1135447087326165E-06
  188   0.1193676306667441E-06
  189   0.1226297887212372E-06
  190   0.1135134396120144E-06
  191   0.1185617003595037E-06
  192   0.1110669644300069E-06
  193   0.1078373262720401E-06
  194   0.9998732538191553E-07
  195   0.8287064930458673E-07
  196   0.9800674440987583E-07
  197   0.8658221281532631E-07
  198   0.9106237484943483E-07
  199   0.8464322863955807E-07
  200   0.8693860356100227E-07
  201   0.7938606756112075E-07
  202   0.7746116197162396E-07
  203   0.8543374857374307E-07
  204   0.7538802153609038E-07
  205   0.7355630045014177E-07
  206   0.7193773469593490E-07
  207   0.5880514973604003E-07
  208   0.6182923629197567E-07
  209   0.5700056865891344E-07
  210   0.6001153286024790E-07
  211   0.5211111554163793E-07
  212   0.5721777176073379E-07
  213   0.5041072853627228E-07
  214   0.4927442165227755E-07
  215   0.5207809509716396E-07
  216   0.5019832272401198E-07
  217   0.4269384489455852E-07
  218   0.4784690925525916E-07
  219   0.4311404673625427E-07
  220   0.4443718890705291E-07
  221   0.4299401303798956E-07
  222   0.4308457926766228E-07
  223   0.3795992610295000E-07
  224   0.3435474120751315E-07
  225   0.3321277728989511E-07
  226   0.3420627570174357E-07
  227   0.3601741918779200E-07
  228   0.3075497079582407E-07
  229   0.2697510012843864E-07
  230   0.2729970636098960E-07
  231   0.2889513779171115E-07
  232   0.2683547897457231E-07
  233   0.2790576703209006E-07
  234   0.2499981894450184E-07
  235   0.2497281604341267E-07
  236   0.2581322363721201E-07
  237   0.2259375135835436E-07
  238   0.2156106530095127E-07
  239   0.2147296017190589E-07
  240   0.2133139211464382E-07
  241   0.1936220714949748E-07
  242   0.1884799539743370E-07
  243   0.1842286874533075E-07
  244   0.1639739494492910E-07
  245   0.1904100130747859E-07
  246   0.1601020267540597E-07
  247   0.1672951014072523E-07
  248   0.1472789236076948E-07
  249   0.1282293356292752E-07
  250   0.1460798896542326E-07
  251   0.1325092425459896E-07
  252   0.1360746646621217E-07
  253   0.1143306286533972E-07
  254   0.1089037986825314E-07
  255   0.1089773229629910E-07
  256   0.1115843170402642E-07
  257   0.9951337036525742E-08
  258   0.1014668178632400E-07
  259   0.9491589573776435E-08
  260   0.9900525518957578E-08
  261   0.9331341944438440E-08
  262   0.9701644631901121E-08
  263   0.8985603050099925E-08
  264   0.7904302017754732E-08
  265   0.7261727512228305E-08
  266   0.8137830617474467E-08
  267   0.7568537687183051E-08
  268   0.6559338161924086E-08
  269   0.6347635756887958E-08
  270   0.5976624330060914E-08
  271   0.6716701319795425E-08
  272   0.6240091620083991E-08
  273   0.5725295760451745E-08
  274   0.5502236458469415E-08
  275   0.4993589857590476E-08
  276   0.4490022174072297E-08
  277   0.5081135100248662E-08
  278   0.4406913278730702E-08
  279   0.4685115743217470E-08
  280   0.4024808998976684E-08
  281   0.4225938748525204E-08
  282   0.3926995193607012E-08
  283   0.4228683051121565E-08
  284   0.3503566601074323E-08
  285   0.3071725301602863E-08
  286   0.3197531904974949E-08
  287   0.3337863714661236E-08
  288   0.2848007332327273E-08
  289   0.3036068636529410E-08
  290   0.2952882193877006E-08
  291   0.2435736040777229E-08
  292   0.2667657537974088E-08
  293   0.2550230813380082E-08
  294   0.2325127179920744E-08
  295   0.2339421195388074E-08
  296   0.2295961632302591E-08
  297   0.2271801800822653E-08
  298   0.1968735198899091E-08
  299   0.1935507601301755E-08
  300   0.2040509721277588E-08
  301   0.1908438174991712E-08
  302   0.1823389293791357E-08
  303   0.1585357459630929E-08
  304   0.1669477722792184E-08
  305   0.1619138873139824E-08
  306   0.1506814724139746E-08
  307   0.1395129445943558E-08
  308   0.1497562277352917E-08
  309   0.1402010707312943E-08
  310   0.1435249043942017E-08
  311   0.1309900453030834E-08
  312   0.1223476515568759E-08
  313   0.1126757811478169E-08
  314   0.1050347021668708E-08
  315   0.1163355202890674E-08
  316   0.1066397201214075E-08
  317   0.1066266260388729E-08
  318   0.9608943939782963E-09
  319   0.1032023530295308E-08
  320   0.9951674587097354E-09
  321   0.8798823359281497E-09
  322   0.9366039314610199E-09
  323   0.8685507248455563E-09
  324   0.8697075995292526E-09
  325   0.8210936525380258E-09
  326   0.7959230753132198E-09
  327   0.7628002885032077E-09
  328   0.7878644504863563E-09
  329   0.7219894716787833E-09
  330   0.6892170078106358E-09
  331   0.7587522804564076E-09
  332   0.7389722289342146E-09
  333   0.7324669529851387E-09
  334   0.6958462859802509E-09
  335   0.6885301160884528E-09
  336   0.6408601676137587E-09
  337   0.5919255630518557E-09
  338   0.6392342668911579E-09
  339   0.5751800861004104E-09
  340   0.6801792808915350E-09
  341   0.4939010700201603E-09
  342   0.5726242871269494E-09
  343   0.6065810394779195E-09
  344   0.5642214078944985E-09
  345   0.5362566124583346E-09
  346   0.5284630229222083E-09
  347   0.5358140746545640E-09
  348   0.5318993341776432E-09
  349   0.5273862904437049E-09
  350   0.5025554238768150E-09
  351   0.4885926267670582E-09
  352   0.4914005491950139E-09
  353   0.4574110273413194E-09
  354   0.4657532390954672E-09
  355   0.4526180809727500E-09
  356   0.4641895246906136E-09
  357   0.4537683512554812E-09
  358   0.4526666283539930E-09
  359   0.4308048011139431E-09
  360   0.4165255168320830E-09
  361   0.4710945802034669E-09
  362   0.4418169715243906E-09
  363   0.4693661049724466E-09
  364   0.4074553409576500E-09
  365   0.4512594733991528E-09
  366   0.4261574226942846E-09
  367   0.4089839382239642E-09
  368   0.3886558390294508E-09
  369   0.4123822835834042E-09
  370   0.4110582249818907E-09
  371   0.4288133410696011E-09
  372   0.4077915336372284E-09
  373   0.3894524184239781E-09
  374   0.4249937519270678E-09
  375   0.4105449517307620E-09
  376   0.4289450115730538E-09
  377   0.3890373696032925E-09
  378   0.3899943303266212E-09
  379   0.3690546750883181E-09
  380   0.3998918772246963E-09
  381   0.3782038667507655E-09
  382   0.4018375860239208E-09
  383   0.3806921292795785E-09
