# nlmax, ncor, nside =         383           1         128
    0  -0.3170008971535063E-04
    1  -0.2690921898555118E-04
    2   0.8380890775438022E-04
    3   0.2111033742894219E-03
    4   0.2543066080436409E-03
    5   0.2373239005973979E-03
    6   0.7169804536279855E-04
    7   0.7152209048006587E-04
    8   0.6205621035508053E-04
    9   0.7083518368201819E-04
   10   0.2555060332435952E-04
   11   0.5456929048249019E-04
   12   0.2244791640135639E-04
   13   0.1756095866809238E-04
   14   0.2521023722574184E-04
   15   0.2732533639786882E-04
   16   0.2060011691884972E-04
   17   0.2912790167533602E-04
   18   0.1259691341501508E-04
   19   0.1247775923214846E-04
   20   0.1049395343172981E-04
   21   0.7974895104199559E-05
   22   0.7792510000115491E-05
   23   0.8251308207370317E-05
   24   0.8308162303653979E-05
   25   0.5344918715055671E-05
   26   0.9338355237762469E-05
   27   0.8521401746136286E-05
   28   0.8987164817409065E-05
   29   0.8168943402698196E-05
   30   0.7455346816257063E-05
   31   0.5990990240317099E-05
   32   0.8439111729969493E-05
   33   0.5317834371932235E-05
   34   0.5412692285508878E-05
   35   0.4284151933462219E-05
   36   0.4447890208003011E-05
   37   0.5940821932914165E-05
   38   0.5657805036535485E-05
   39   0.4204682547010206E-05
   40   0.5852198358474325E-05
   41   0.4237132962914004E-05
   42   0.4889907925486511E-05
   43   0.3846738398906006E-05
   44   0.4217364825984808E-05
   45   0.2945561220885318E-05
   46   0.2570108563376806E-05
   47   0.4313063963742734E-05
   48   0.2308858915879014E-05
   49   0.3242723452285133E-05
   50   0.3949609144526210E-05
   51   0.2200306841779655E-05
   52   0.2951846012761395E-05
   53   0.2041511324053160E-05
   54   0.1920391061804056E-05
   55   0.2704884020110358E-05
   56   0.2932617667695080E-05
   57   0.2747545860396890E-05
   58   0.2701812962164635E-05
   59   0.1970539697440860E-05
   60   0.2206906632404206E-05
   61   0.1923941306059920E-05
   62   0.2688281276788697E-05
   63   0.1944226133455928E-05
   64   0.1502958802878639E-05
   65   0.1902700511565913E-05
   66   0.1802707326051809E-05
   67   0.1864730730201230E-05
   68   0.1691652136366370E-05
   69   0.2264385620546080E-05
   70   0.1476226915133267E-05
   71   0.1818301360443818E-05
   72   0.1331295475222275E-05
   73   0.2209889876558185E-05
   74   0.1747650871273976E-05
   75   0.1341173305680303E-05
   76   0.1403744865184621E-05
   77   0.1601961906801523E-05
   78   0.1210952920614394E-05
   79   0.1017582408053469E-05
   80   0.1534959150696769E-05
   81   0.1389293764414441E-05
   82   0.1714943818638042E-05
   83   0.1165668074820308E-05
   84   0.9428447575882245E-06
   85   0.1301672197030888E-05
   86   0.1389485992378624E-05
   87   0.1194577323322210E-05
   88   0.8851726974695910E-06
   89   0.1286374129121603E-05
   90   0.1009104171964828E-05
   91   0.1172218743693702E-05
   92   0.1090553103141516E-05
   93   0.1206957467674955E-05
   94   0.1027054600813029E-05
   95   0.8334690149892127E-06
   96   0.9255060035656392E-06
   97   0.9671124630767829E-06
   98   0.7318065464126172E-06
   99   0.1104606383680008E-05
  100   0.9709554724360432E-06
  101   0.9110454777305273E-06
  102   0.8645083240811204E-06
  103   0.7537294675850966E-06
  104   0.1030191633291901E-05
  105   0.7158276733669217E-06
  106   0.7378882704045313E-06
  107   0.8451705414731335E-06
  108   0.1031608372578152E-05
  109   0.7925772374847198E-06
  110   0.8425996041359554E-06
  111   0.6862929820139177E-06
  112   0.7756494654002730E-06
  113   0.5245657728588247E-06
  114   0.4775187513131902E-06
  115   0.7006416059534050E-06
  116   0.8253419309799178E-06
  117   0.7875588522023929E-06
  118   0.6969499675461269E-06
  119   0.6098820346849869E-06
  120   0.4126892151308679E-06
  121   0.7360461674918645E-06
  122   0.6104655367779616E-06
  123   0.6324126133740913E-06
  124   0.4285430838818151E-06
  125   0.5281051891519504E-06
  126   0.5042699464615513E-06
  127   0.5541119122177901E-06
  128   0.5712967621363844E-06
  129   0.4311674042670693E-06
  130   0.5422597738899961E-06
  131   0.3987033654002453E-06
  132   0.3927755710643390E-06
  133   0.4732933074262089E-06
  134   0.4039929404616227E-06
  135   0.5014988809603341E-06
  136   0.5488459544082332E-06
  137   0.4111584294821060E-06
  138   0.4232328965597340E-06
  139   0.4346096093925302E-06
  140   0.3999907823087011E-06
  141   0.4088629202726519E-06
  142   0.3730679911797498E-06
  143   0.3495135339071626E-06
  144   0.3501972284062488E-06
  145   0.4186451293792686E-06
  146   0.3382549955236683E-06
  147   0.3091482082474735E-06
  148   0.2870406902829028E-06
  149   0.2366420637916281E-06
  150   0.3245515052113449E-06
  151   0.2739939394090438E-06
  152   0.2733401222303869E-06
  153   0.3017406191962813E-06
  154   0.2245663973518618E-06
  155   0.3111134801592931E-06
  156   0.2713746615661398E-06
  157   0.2510839037122774E-06
  158   0.3019848471275739E-06
  159   0.2631986659008700E-06
  160   0.2547305840690729E-06
  161   0.2265335342828896E-06
  162   0.2170775893008966E-06
  163   0.2025350733124835E-06
  164   0.2253166495469159E-06
  165   0.1951601571522966E-06
  166   0.2232249113579221E-06
  167   0.2503346627663447E-06
  168   0.1988598865801971E-06
  169   0.1742710100840278E-06
  170   0.1765774086356671E-06
  171   0.1608192273646932E-06
  172   0.1853240020022698E-06
  173   0.1757874626315004E-06
  174   0.1491062085205386E-06
  175   0.1569208410423350E-06
  176   0.1584426953308983E-06
  177   0.1511648588052683E-06
  178   0.1221034903972676E-06
  179   0.1815740227994564E-06
  180   0.1446201957390704E-06
  181   0.9925239591005924E-07
  182   0.1044516061438343E-06
  183   0.1083586019105437E-06
  184   0.1234253163340031E-06
  185   0.1363380505791772E-06
  186   0.1259425242800727E-06
  187   0.1014337815547432E-06
  188   0.1270376755730160E-06
  189   0.1248735678652028E-06
  190   0.1070539020698119E-06
  191   0.1032052509627530E-06
  192   0.1051101991437035E-06
  193   0.1053397778414103E-06
  194   0.9509229195527723E-07
  195   0.7456078424963695E-07
  196   0.7918106888459267E-07
  197   0.7813378428703341E-07
  198   0.7827122147004670E-07
  199   0.6654948487584070E-07
  200   0.6859145221818815E-07
  201   0.6887371793306094E-07
  202   0.6541501847844687E-07
  203   0.7102998878430029E-07
  204   0.6919920589753791E-07
  205   0.6516602985794129E-07
  206   0.5465715087255455E-07
  207   0.5926928762979545E-07
  208   0.5552092577164959E-07
  209   0.5041762661740323E-07
  210   0.5436696641776288E-07
  211   0.4647135652094015E-07
  212   0.5106221191388964E-07
  213   0.5494003419372592E-07
  214   0.4037013927318079E-07
  215   0.5088945885858276E-07
  216   0.4926749485002068E-07
  217   0.3928649037782424E-07
  218   0.4516135243602312E-07
  219   0.3999618412989384E-07
  220   0.3937983040273949E-07
  221   0.4142383715249336E-07
  222   0.3797433728444634E-07
  223   0.3556659110089969E-07
  224   0.3530399591200947E-07
  225   0.3044601636123606E-07
  226   0.3442839160004122E-07
  227   0.3186544273453561E-07
  228   0.2668151794862637E-07
  229   0.2551175850798587E-07
  230   0.2658715216315090E-07
  231   0.2896809443357070E-07
  232   0.2810217352133622E-07
  233   0.2875358640408482E-07
  234   0.1944310052896989E-07
  235   0.2267710755189276E-07
  236   0.2314939977783171E-07
  237   0.2008110589444455E-07
  238   0.2090862003189324E-07
  239   0.1694890877696751E-07
  240   0.2036053487439670E-07
  241   0.1846280506896254E-07
  242   0.1414408103271403E-07
  243   0.1740962472569220E-07
  244   0.1284141982136310E-07
  245   0.1583558591425744E-07
  246   0.1673147619962737E-07
  247   0.1706879943190466E-07
  248   0.1445643005592139E-07
  249   0.1202612539256584E-07
  250   0.1071569303502399E-07
  251   0.1149472905403208E-07
  252   0.1254357107963684E-07
  253   0.1278607231767080E-07
  254   0.9179874852719397E-08
  255   0.9798949109179047E-08
  256   0.1019307562643327E-07
  257   0.9429570273954782E-08
  258   0.7840725092615197E-08
  259   0.8531629443532991E-08
  260   0.9094544018778565E-08
  261   0.6949046283796086E-08
  262   0.8971602939953039E-08
  263   0.7212874189818620E-08
  264   0.7790427309587107E-08
  265   0.6270076040910659E-08
  266   0.5731143310393109E-08
  267   0.5528112095849300E-08
  268   0.7597361097067221E-08
  269   0.5861355989901590E-08
  270   0.4859173751653619E-08
  271   0.6384461520898493E-08
  272   0.6373924588886650E-08
  273   0.4373345114114915E-08
  274   0.5729051172077639E-08
  275   0.4033416529340661E-08
  276   0.3349266427373568E-08
  277   0.4820806781722708E-08
  278   0.3816983620927883E-08
  279   0.4125067853230552E-08
  280   0.3403991914811586E-08
  281   0.3527564676411167E-08
  282   0.3916849705857810E-08
  283   0.3408749559383222E-08
  284   0.3337782792004740E-08
  285   0.2441640293507326E-08
  286   0.2318348433500477E-08
  287   0.3525507819799395E-08
  288   0.2907485396686334E-08
  289   0.2461821809099978E-08
  290   0.2169471401996873E-08
  291   0.2518640575467609E-08
  292   0.2112077645415204E-08
  293   0.2088800142032948E-08
  294   0.2168568036647852E-08
  295   0.1632963494201476E-08
  296   0.2540610884996128E-08
  297   0.2300533168502635E-08
  298   0.2888674810690524E-08
  299   0.2004700134584741E-08
  300   0.1985201315362849E-08
  301   0.2187728142821414E-08
  302   0.1691585620883610E-08
  303   0.1622127874758794E-08
  304   0.1686367491816407E-08
  305   0.1344535957660980E-08
  306   0.1546944009309305E-08
  307   0.1398483252964909E-08
  308   0.2057347377647752E-08
  309   0.1562582209846925E-08
  310   0.1567946759198801E-08
  311   0.1373120804535617E-08
  312   0.1057911106238978E-08
  313   0.1425836301392656E-08
  314   0.1589347416328569E-08
  315   0.8116644243438326E-09
  316   0.1383787431862133E-08
  317   0.9976916636386253E-09
  318   0.1193898710176224E-08
  319   0.1018016843845398E-08
  320   0.9718501583573909E-09
  321   0.9897796116412239E-09
  322   0.1103603380357627E-08
  323   0.8555339192461236E-09
  324   0.1096105060578985E-08
  325   0.1251976698354745E-08
  326   0.1080690287234082E-08
  327   0.6550941986294893E-09
  328   0.9318286851649339E-09
  329   0.9712701110965925E-09
  330   0.1142084526664902E-08
  331   0.1158031133653378E-08
  332   0.9625632832569858E-09
  333   0.1406383232334963E-08
  334   0.1155557262009838E-08
  335   0.9936876941276895E-09
  336   0.1035719962786349E-08
  337   0.1034276450175859E-08
  338   0.7766309882993970E-09
  339   0.8948172908530157E-09
  340   0.1609283577078986E-08
  341   0.9034484702886821E-09
  342   0.8028470807894051E-09
  343   0.7454091924522374E-09
  344   0.9278710727650291E-09
  345   0.1179938178434268E-08
  346   0.9236775684908296E-09
  347   0.9972441092060825E-09
  348   0.8382527131747274E-09
  349   0.1282434545897842E-08
  350   0.1079521461326691E-08
  351   0.1010584430189963E-08
  352   0.1085650642330166E-08
  353   0.1147407326432705E-08
  354   0.1210697186698829E-08
  355   0.1392788663099097E-08
  356   0.1150280658184083E-08
  357   0.1186052606724351E-08
  358   0.1018700093093210E-08
  359   0.9897191428555715E-09
  360   0.1180020033139325E-08
  361   0.1261937429243235E-08
  362   0.1381412436863612E-08
  363   0.1456116982955180E-08
  364   0.1354591082041705E-08
  365   0.1717089965491901E-08
  366   0.1632981460058980E-08
  367   0.1480765873637292E-08
  368   0.1292212769830947E-08
  369   0.1483163934649674E-08
  370   0.1318413655878266E-08
  371   0.1686451407130609E-08
  372   0.1336143444882849E-08
  373   0.1522995723700465E-08
  374   0.1531859778921018E-08
  375   0.1824496987184729E-08
  376   0.1618772682324052E-08
  377   0.1893239325567247E-08
  378   0.2255111326347132E-08
  379   0.2365919567045657E-08
  380   0.2092401926646929E-08
  381   0.2551802255623140E-08
  382   0.2557342671710788E-08
  383   0.3308097409043106E-08
