# nlmax, ncor, nside =         383           1         128
    0  -0.1470521409678690E-04
    1  -0.1542067362711892E-04
    2   0.5562290182772044E-04
    3   0.2102133179814861E-03
    4   0.2634234544736518E-03
    5   0.2341209508027282E-03
    6   0.7123288342697457E-04
    7   0.7212386331866624E-04
    8   0.6117684713989915E-04
    9   0.7271819818145254E-04
   10   0.2472518747010384E-04
   11   0.5456019020193933E-04
   12   0.2293760862854394E-04
   13   0.1803396816895765E-04
   14   0.2517330105590041E-04
   15   0.2661787284896238E-04
   16   0.2145751524260735E-04
   17   0.2911929734674474E-04
   18   0.1284198483254932E-04
   19   0.1284253993439227E-04
   20   0.1085676378373746E-04
   21   0.7932278886365722E-05
   22   0.7879762274724777E-05
   23   0.8050670333716512E-05
   24   0.8343438809400347E-05
   25   0.5391512953064893E-05
   26   0.9442144248652847E-05
   27   0.8523922258717659E-05
   28   0.9159184729991247E-05
   29   0.8186820390557064E-05
   30   0.7586130799546507E-05
   31   0.6166064088437689E-05
   32   0.8478633420973910E-05
   33   0.5325589862076768E-05
   34   0.5237568593431538E-05
   35   0.4181402573266150E-05
   36   0.4501951329479489E-05
   37   0.5935769876070365E-05
   38   0.5835863964798882E-05
   39   0.4394412112267679E-05
   40   0.5796738540543343E-05
   41   0.4236892773598972E-05
   42   0.4925786052910528E-05
   43   0.3833129475921490E-05
   44   0.4216611544062672E-05
   45   0.2994153169810088E-05
   46   0.2534573708167100E-05
   47   0.4380427343837037E-05
   48   0.2183214980883222E-05
   49   0.3195918980306706E-05
   50   0.4054214011027390E-05
   51   0.2160288919313525E-05
   52   0.2973783252111696E-05
   53   0.2149373908463379E-05
   54   0.1857139247514490E-05
   55   0.2660591186561788E-05
   56   0.3009539619992611E-05
   57   0.2848061371157243E-05
   58   0.2701498684503355E-05
   59   0.1938066564331702E-05
   60   0.2270740675310143E-05
   61   0.1937875949769255E-05
   62   0.2655978398947368E-05
   63   0.1955928907878569E-05
   64   0.1505959417742777E-05
   65   0.1966210087330540E-05
   66   0.1812146605830069E-05
   67   0.1852697061240344E-05
   68   0.1737414526312099E-05
   69   0.2351597525934274E-05
   70   0.1524304811350140E-05
   71   0.1819381351755082E-05
   72   0.1373247903875959E-05
   73   0.2290570236524345E-05
   74   0.1778585771499326E-05
   75   0.1372404483374965E-05
   76   0.1412444465453504E-05
   77   0.1630412608755855E-05
   78   0.1255552366316806E-05
   79   0.1020569672692428E-05
   80   0.1502459867862163E-05
   81   0.1372502839016760E-05
   82   0.1784704746502236E-05
   83   0.1225263186396115E-05
   84   0.9627678867671813E-06
   85   0.1281509857636637E-05
   86   0.1400690874068643E-05
   87   0.1203441705054921E-05
   88   0.8881784346568102E-06
   89   0.1246074055653668E-05
   90   0.1060316864124991E-05
   91   0.1188438743030188E-05
   92   0.1116158010856783E-05
   93   0.1240241180253348E-05
   94   0.1011347430423115E-05
   95   0.8395480068284684E-06
   96   0.9593217001035468E-06
   97   0.1006506848662949E-05
   98   0.7380486535000715E-06
   99   0.1094200804769377E-05
  100   0.9788381693665937E-06
  101   0.9192697968753001E-06
  102   0.8905421816011238E-06
  103   0.7625469944490157E-06
  104   0.1069181388431179E-05
  105   0.7491235458523766E-06
  106   0.7684897333973860E-06
  107   0.8748596161577240E-06
  108   0.1065516308644786E-05
  109   0.7957135802910049E-06
  110   0.8585759649736931E-06
  111   0.6950166152174532E-06
  112   0.7872752052226824E-06
  113   0.5204461031229051E-06
  114   0.5103144292440534E-06
  115   0.7124877287764733E-06
  116   0.8375085767441968E-06
  117   0.8146707137154274E-06
  118   0.6954649848630857E-06
  119   0.5996787954194203E-06
  120   0.4337677523968924E-06
  121   0.7594588760419152E-06
  122   0.5937723087811059E-06
  123   0.6300178341229132E-06
  124   0.4576635093113163E-06
  125   0.5513260088241730E-06
  126   0.5045176727416463E-06
  127   0.5601440271616646E-06
  128   0.5835948239682905E-06
  129   0.4302551019592320E-06
  130   0.5523778318424001E-06
  131   0.4114108415909798E-06
  132   0.3966089090465945E-06
  133   0.4780350503937886E-06
  134   0.4228305106638553E-06
  135   0.5139118582561118E-06
  136   0.5686923120444715E-06
  137   0.4254364431340579E-06
  138   0.4236866559581691E-06
  139   0.4384597672912845E-06
  140   0.4007949298160864E-06
  141   0.4005914689135127E-06
  142   0.3828205351445481E-06
  143   0.3586583093707318E-06
  144   0.3526710935772679E-06
  145   0.4367523364522857E-06
  146   0.3637335833853360E-06
  147   0.3233513159282082E-06
  148   0.2960251407643404E-06
  149   0.2294859233127618E-06
  150   0.3141528629034995E-06
  151   0.2874555893231267E-06
  152   0.2689696018491960E-06
  153   0.3036720402908667E-06
  154   0.2298555960127468E-06
  155   0.3047573263036178E-06
  156   0.2690182435748530E-06
  157   0.2540631096749973E-06
  158   0.3070741074250858E-06
  159   0.2742532841279450E-06
  160   0.2619461289416420E-06
  161   0.2327246407978043E-06
  162   0.2318872455386458E-06
  163   0.2008680377345016E-06
  164   0.2267189882431983E-06
  165   0.1971065728148415E-06
  166   0.2310575454507878E-06
  167   0.2628829890775684E-06
  168   0.2044588293799132E-06
  169   0.1829478289178842E-06
  170   0.1835081223155028E-06
  171   0.1663086273845719E-06
  172   0.1934643278428601E-06
  173   0.1843435319233237E-06
  174   0.1517999376841405E-06
  175   0.1599943438030594E-06
  176   0.1656398606738203E-06
  177   0.1507478397508205E-06
  178   0.1201033249440819E-06
  179   0.1817706556992931E-06
  180   0.1437519651616674E-06
  181   0.1076908887750702E-06
  182   0.1067523093142298E-06
  183   0.1136604374126883E-06
  184   0.1252766821432248E-06
  185   0.1367088072027613E-06
  186   0.1285420519379753E-06
  187   0.1054801370549556E-06
  188   0.1270147336019614E-06
  189   0.1243793260065848E-06
  190   0.1090825789938510E-06
  191   0.1045659451542151E-06
  192   0.1084282448559843E-06
  193   0.1085983307412822E-06
  194   0.9438469440737749E-07
  195   0.7845948514464926E-07
  196   0.8569987689563777E-07
  197   0.8519254658525043E-07
  198   0.8169803602903647E-07
  199   0.6928401279703571E-07
  200   0.7022745742351272E-07
  201   0.7175495030661740E-07
  202   0.7052502987916245E-07
  203   0.7336050727165935E-07
  204   0.7247717982999833E-07
  205   0.6827692275434507E-07
  206   0.5378591359867511E-07
  207   0.6395882496643089E-07
  208   0.5558715960646760E-07
  209   0.5179103059938163E-07
  210   0.5700199534690465E-07
  211   0.5027953506986450E-07
  212   0.5420549736107456E-07
  213   0.5510116928315805E-07
  214   0.4289172871982575E-07
  215   0.5282677731320037E-07
  216   0.5043184198712644E-07
  217   0.4168711506156480E-07
  218   0.4470212770647594E-07
  219   0.4205079229638127E-07
  220   0.3938996802123387E-07
  221   0.4186349503486399E-07
  222   0.3809934946497172E-07
  223   0.3631659957622566E-07
  224   0.3769541671280699E-07
  225   0.3287722551070264E-07
  226   0.3508469737804061E-07
  227   0.3289297606752639E-07
  228   0.2806927804944760E-07
  229   0.2652882238568346E-07
  230   0.2695855118791448E-07
  231   0.2990845384165565E-07
  232   0.2895411491504159E-07
  233   0.2903762938810719E-07
  234   0.2200550089322356E-07
  235   0.2415098405391533E-07
  236   0.2379958979840974E-07
  237   0.2169863281087888E-07
  238   0.2090895561245984E-07
  239   0.1695347593031133E-07
  240   0.1994587809736707E-07
  241   0.1859709025633573E-07
  242   0.1480187985300007E-07
  243   0.1784974088090132E-07
  244   0.1389793003783283E-07
  245   0.1739791928725016E-07
  246   0.1718184296982987E-07
  247   0.1707917292659418E-07
  248   0.1471112035805950E-07
  249   0.1301251664976342E-07
  250   0.1192412411769363E-07
  251   0.1222825975460173E-07
  252   0.1432864170437337E-07
  253   0.1325484042907843E-07
  254   0.1012514437086539E-07
  255   0.1026748793379733E-07
  256   0.1119888928260300E-07
  257   0.1011412617009715E-07
  258   0.8116070448518061E-08
  259   0.9322413116934961E-08
  260   0.9256139942694190E-08
  261   0.6273388337471026E-08
  262   0.9882413152193131E-08
  263   0.7468585814490897E-08
  264   0.8270843080928699E-08
  265   0.6806684822513548E-08
  266   0.6149188948577220E-08
  267   0.5630720850244628E-08
  268   0.8169317689142469E-08
  269   0.6269751116929311E-08
  270   0.5346993958609821E-08
  271   0.6558834812904646E-08
  272   0.6445214743669051E-08
  273   0.4755237673194660E-08
  274   0.5913250496480012E-08
  275   0.4207117144966493E-08
  276   0.3903013866914610E-08
  277   0.4794969274907618E-08
  278   0.3817373017204818E-08
  279   0.4450639479275176E-08
  280   0.3627047353707481E-08
  281   0.4022608531122841E-08
  282   0.3967458410552785E-08
  283   0.3638383471477870E-08
  284   0.3425099178163197E-08
  285   0.2648517387365221E-08
  286   0.2490921976911285E-08
  287   0.3458162996924965E-08
  288   0.3125436096391625E-08
  289   0.2482226726885381E-08
  290   0.2359262736715269E-08
  291   0.2547285241819255E-08
  292   0.2288332583411611E-08
  293   0.2260769490922143E-08
  294   0.2394118200057978E-08
  295   0.1956600146528336E-08
  296   0.2616875188877018E-08
  297   0.2549183127503427E-08
  298   0.2859031395243936E-08
  299   0.2221902383732283E-08
  300   0.2296217219235105E-08
  301   0.2282952433587966E-08
  302   0.1729175346179005E-08
  303   0.1735930924228374E-08
  304   0.2014871091383040E-08
  305   0.1470634099198725E-08
  306   0.1546839125978554E-08
  307   0.1530154237830934E-08
  308   0.2106475239401615E-08
  309   0.1720186868006520E-08
  310   0.1729069998200708E-08
  311   0.1438008888438054E-08
  312   0.1210707178121784E-08
  313   0.1317439779635583E-08
  314   0.1775198876150980E-08
  315   0.8790739159564062E-09
  316   0.1319077983167872E-08
  317   0.9710242131132218E-09
  318   0.1371536818893909E-08
  319   0.1117880704304863E-08
  320   0.9448989188273409E-09
  321   0.9837490238277715E-09
  322   0.1142804645005507E-08
  323   0.8475918146391324E-09
  324   0.1140401148200585E-08
  325   0.1219367274648832E-08
  326   0.1193017380051519E-08
  327   0.8810073998242659E-09
  328   0.9684906162193442E-09
  329   0.8977032610644685E-09
  330   0.1154585034420100E-08
  331   0.1169090310130563E-08
  332   0.9558872048738566E-09
  333   0.1396383511445807E-08
  334   0.1227703337167047E-08
  335   0.9878271445997901E-09
  336   0.1072952709488836E-08
  337   0.9945890836408851E-09
  338   0.8647240255555725E-09
  339   0.9253030096131662E-09
  340   0.1673382206390113E-08
  341   0.1008665606334118E-08
  342   0.8702115792522209E-09
  343   0.6951788110723532E-09
  344   0.9052206766727554E-09
  345   0.1165789339474448E-08
  346   0.1006865997021985E-08
  347   0.9794292704009941E-09
  348   0.8958484728506517E-09
  349   0.1249944747974294E-08
  350   0.1087646522971485E-08
  351   0.1095078538621570E-08
  352   0.1096407808231155E-08
  353   0.1181858238066714E-08
  354   0.1205767724422671E-08
  355   0.1369667937023582E-08
  356   0.1176128780477847E-08
  357   0.1177699158644459E-08
  358   0.1088512962086287E-08
  359   0.1019196045477279E-08
  360   0.1163758947441231E-08
  361   0.1292151177796478E-08
  362   0.1442955439320948E-08
  363   0.1460121552454545E-08
  364   0.1332533825003052E-08
  365   0.1775503402023991E-08
  366   0.1693898862222699E-08
  367   0.1511199857687656E-08
  368   0.1321450639795054E-08
  369   0.1488466601404830E-08
  370   0.1290596104040592E-08
  371   0.1593237036520526E-08
  372   0.1356859095404638E-08
  373   0.1501542093308000E-08
  374   0.1568215435181345E-08
  375   0.1825411884435619E-08
  376   0.1655607631376131E-08
  377   0.1921185582585807E-08
  378   0.2221138806364935E-08
  379   0.2324633237179676E-08
  380   0.2182846458987528E-08
  381   0.2576892435624256E-08
  382   0.2557036615310532E-08
  383   0.3329735791982132E-08
