# nlmax, ncor, nside =         383           1         128
    0   0.1073735160634860E-21
    1   0.1351611545555206E-17
    2   0.1226082900973194E-03
    3   0.4768153508350504E-03
    4   0.2538557043145071E-03
    5   0.2839538540627961E-03
    6   0.8128447984973517E-04
    7   0.1264938639428746E-03
    8   0.5539080472339491E-04
    9   0.4400104551598488E-04
   10   0.4960018194541211E-04
   11   0.4748250365647784E-04
   12   0.3431386076102957E-04
   13   0.2470833021330707E-04
   14   0.2607456648179942E-04
   15   0.2142908403220029E-04
   16   0.1586051289598079E-04
   17   0.1954097794467937E-04
   18   0.1199465299717295E-04
   19   0.1512206177167943E-04
   20   0.1228728091424809E-04
   21   0.9405373087426600E-05
   22   0.7854805643100866E-05
   23   0.8683146244338901E-05
   24   0.7661017609730101E-05
   25   0.8901191675371101E-05
   26   0.8253158985509537E-05
   27   0.6545566038645633E-05
   28   0.9708604314187234E-05
   29   0.7778682511495121E-05
   30   0.6984810200131972E-05
   31   0.5555341500541461E-05
   32   0.7911616429866496E-05
   33   0.4859095745320812E-05
   34   0.6422305631952509E-05
   35   0.4669258922958464E-05
   36   0.4864336242994728E-05
   37   0.6421210461204277E-05
   38   0.5215304145565813E-05
   39   0.4440306720772428E-05
   40   0.6705678842344850E-05
   41   0.4350031879141794E-05
   42   0.4229414661250340E-05
   43   0.4172065905870287E-05
   44   0.3240502909068720E-05
   45   0.3022574048494959E-05
   46   0.3335608822462437E-05
   47   0.4488883200025634E-05
   48   0.2499194787712797E-05
   49   0.3704547538498961E-05
   50   0.3615419666703527E-05
   51   0.2777544134585814E-05
   52   0.2962347785384151E-05
   53   0.2373477610525466E-05
   54   0.2243147861935244E-05
   55   0.2527573523453087E-05
   56   0.3061480912769669E-05
   57   0.2798891631073624E-05
   58   0.2581790587002136E-05
   59   0.2065530197561951E-05
   60   0.2214138145537883E-05
   61   0.2000586967803518E-05
   62   0.2577144988274252E-05
   63   0.2212598617896447E-05
   64   0.2106412463670757E-05
   65   0.1884563208579313E-05
   66   0.1827146146281297E-05
   67   0.1933104919092364E-05
   68   0.1943247566372786E-05
   69   0.2214840847391118E-05
   70   0.1763663795837748E-05
   71   0.1628211214584327E-05
   72   0.1641146040347762E-05
   73   0.2151139171314827E-05
   74   0.1814716396926646E-05
   75   0.1550403861207148E-05
   76   0.1497474271608953E-05
   77   0.1679966672527612E-05
   78   0.1571234205871462E-05
   79   0.1158385137079680E-05
   80   0.1472472575617600E-05
   81   0.1550127687122917E-05
   82   0.1677608129213384E-05
   83   0.1228205724353651E-05
   84   0.1182077182120076E-05
   85   0.1340643356880901E-05
   86   0.1301170079000018E-05
   87   0.1314816188387039E-05
   88   0.1118422922756333E-05
   89   0.1222625495057504E-05
   90   0.1291652081267069E-05
   91   0.1196628432968873E-05
   92   0.1135310278712407E-05
   93   0.1161530719353576E-05
   94   0.1024228014881572E-05
   95   0.9291415504778243E-06
   96   0.1049169690608025E-05
   97   0.1132673834048104E-05
   98   0.8555508829529194E-06
   99   0.1012129169051902E-05
  100   0.9265925887775113E-06
  101   0.9728906859819105E-06
  102   0.1003770959315080E-05
  103   0.9575587662725785E-06
  104   0.1009749339516419E-05
  105   0.7563406398262734E-06
  106   0.8767950020722271E-06
  107   0.8003731193782484E-06
  108   0.9508026482131024E-06
  109   0.8020124593554833E-06
  110   0.8690151182033357E-06
  111   0.7563848929032265E-06
  112   0.7022827086091595E-06
  113   0.6345979989870810E-06
  114   0.5838439299498369E-06
  115   0.7632348782075428E-06
  116   0.7801819340553630E-06
  117   0.8865301923796073E-06
  118   0.6484616947120611E-06
  119   0.6645434672705376E-06
  120   0.5836680075338115E-06
  121   0.8317012842168075E-06
  122   0.5865286691305118E-06
  123   0.6327813315170229E-06
  124   0.5036975736874597E-06
  125   0.5429055770120711E-06
  126   0.5895999151464223E-06
  127   0.5660271414779024E-06
  128   0.5478565153582851E-06
  129   0.4643317140499512E-06
  130   0.5615867935341429E-06
  131   0.4587106864488198E-06
  132   0.4778758868029451E-06
  133   0.5072885857738304E-06
  134   0.4720532498356424E-06
  135   0.4427949837564302E-06
  136   0.5143357434352177E-06
  137   0.4797046409773077E-06
  138   0.4214007060998505E-06
  139   0.4143778113016455E-06
  140   0.4078230929752833E-06
  141   0.3860350424955266E-06
  142   0.4197662449566527E-06
  143   0.4056942683957174E-06
  144   0.3382000053299080E-06
  145   0.4171771749018282E-06
  146   0.3570090578523310E-06
  147   0.3536550134494023E-06
  148   0.3085583860878437E-06
  149   0.3262592199084030E-06
  150   0.3546890527221416E-06
  151   0.3100464544172084E-06
  152   0.3198818199297008E-06
  153   0.3637520432660257E-06
  154   0.2596570152564354E-06
  155   0.2732921940468562E-06
  156   0.2784822615142612E-06
  157   0.2613851377060673E-06
  158   0.2986482135335699E-06
  159   0.2599995986113700E-06
  160   0.2746179842801557E-06
  161   0.2622210036402892E-06
  162   0.2372225966751923E-06
  163   0.2458895869031162E-06
  164   0.2578435105200639E-06
  165   0.2180524605738246E-06
  166   0.2172263756924082E-06
  167   0.2231340848157819E-06
  168   0.2270111990283518E-06
  169   0.1903941878321698E-06
  170   0.1869772452089603E-06
  171   0.1837147029154999E-06
  172   0.2081974425712818E-06
  173   0.1895259172404985E-06
  174   0.1805495068789381E-06
  175   0.1743517878230009E-06
  176   0.1698770222201109E-06
  177   0.1506323214339935E-06
  178   0.1514351693564520E-06
  179   0.1782056996109550E-06
  180   0.1436183529937028E-06
  181   0.1264588126329860E-06
  182   0.1275197618392952E-06
  183   0.1357296895323612E-06
  184   0.1209493632917869E-06
  185   0.1422414427500109E-06
  186   0.1319864405076401E-06
  187   0.1162412050389957E-06
  188   0.1233527901091081E-06
  189   0.1224038983427670E-06
  190   0.1127501847815122E-06
  191   0.1107978641393062E-06
  192   0.1153786623115514E-06
  193   0.1069584970246655E-06
  194   0.9979024442262497E-07
  195   0.8619435947848158E-07
  196   0.9411894470583984E-07
  197   0.8992864473066007E-07
  198   0.8969842370902456E-07
  199   0.8258595148786033E-07
  200   0.8223789160879002E-07
  201   0.7742579284705192E-07
  202   0.8018239281435051E-07
  203   0.8058398600154158E-07
  204   0.7365183371059183E-07
  205   0.7155758271681672E-07
  206   0.6895073752785197E-07
  207   0.6328274277209879E-07
  208   0.6178262418021675E-07
  209   0.5521245296767996E-07
  210   0.6131203712345362E-07
  211   0.5589517133789475E-07
  212   0.5598764280794690E-07
  213   0.5196205109337623E-07
  214   0.4920546416606750E-07
  215   0.5334405435754686E-07
  216   0.4769724577207471E-07
  217   0.4387621898356832E-07
  218   0.4549941234610011E-07
  219   0.4237110196599066E-07
  220   0.4436975198853522E-07
  221   0.4144927671026754E-07
  222   0.4261333741059054E-07
  223   0.3717572654763997E-07
  224   0.3390816088991004E-07
  225   0.3444401096619478E-07
  226   0.3293655860876813E-07
  227   0.3443220661392739E-07
  228   0.3096048664867513E-07
  229   0.2816587671898611E-07
  230   0.2688740537277197E-07
  231   0.2864645734973392E-07
  232   0.2755018374374354E-07
  233   0.2738939664417514E-07
  234   0.2432266858166504E-07
  235   0.2472879484777511E-07
  236   0.2589550477879444E-07
  237   0.2219137965688128E-07
  238   0.2075199722993115E-07
  239   0.2239209659152747E-07
  240   0.2096172193283847E-07
  241   0.1898590054342001E-07
  242   0.1881435784552251E-07
  243   0.1736984269556798E-07
  244   0.1688827646074271E-07
  245   0.1952718791581897E-07
  246   0.1538833847228607E-07
  247   0.1583308857500885E-07
  248   0.1469886076880205E-07
  249   0.1288389379965897E-07
  250   0.1450685288478200E-07
  251   0.1266264947783991E-07
  252   0.1367046844150971E-07
  253   0.1126674049235514E-07
  254   0.1108285428904877E-07
  255   0.1043340443957822E-07
  256   0.1052584214821683E-07
  257   0.9647442468675235E-08
  258   0.1020359040821149E-07
  259   0.8538435586409178E-08
  260   0.9784832664770066E-08
  261   0.8029861365195549E-08
  262   0.8957615113764275E-08
  263   0.9059802838581806E-08
  264   0.7640647712909521E-08
  265   0.6564375469588342E-08
  266   0.7500247859971325E-08
  267   0.6829186471218389E-08
  268   0.6546106163346767E-08
  269   0.5846010934405177E-08
  270   0.5613627443536700E-08
  271   0.5935223198563861E-08
  272   0.6103391527411574E-08
  273   0.5087080268892291E-08
  274   0.5464678371715764E-08
  275   0.4301589268245482E-08
  276   0.4048218277521118E-08
  277   0.4642458010149529E-08
  278   0.4128077903833938E-08
  279   0.4132311853743445E-08
  280   0.3693183814228095E-08
  281   0.3765470846807171E-08
  282   0.3517707027802377E-08
  283   0.3741774694342104E-08
  284   0.3128126246334998E-08
  285   0.2905867120842466E-08
  286   0.3063357034440059E-08
  287   0.2739860009402555E-08
  288   0.2561395942735733E-08
  289   0.2728919184965488E-08
  290   0.2585937303546343E-08
  291   0.2019838295416200E-08
  292   0.2214890022100334E-08
  293   0.2284607865102421E-08
  294   0.2071664550141831E-08
  295   0.2086991998548487E-08
  296   0.1985205383821944E-08
  297   0.1951728838384249E-08
  298   0.1726576818648452E-08
  299   0.1674479636985425E-08
  300   0.1785310294873111E-08
  301   0.1502524794830447E-08
  302   0.1616886404929025E-08
  303   0.1453754132590088E-08
  304   0.1457669227986902E-08
  305   0.1295943442528476E-08
  306   0.1256822326293809E-08
  307   0.1074728156770274E-08
  308   0.1193257386509347E-08
  309   0.1225614040621046E-08
  310   0.1163503862692247E-08
  311   0.1084773403041170E-08
  312   0.9596175481616542E-09
  313   0.9645610998659661E-09
  314   0.8840659065306029E-09
  315   0.9265328273376868E-09
  316   0.9178943385091876E-09
  317   0.8550288712457303E-09
  318   0.8421547850334665E-09
  319   0.7685512199652641E-09
  320   0.7130287800923902E-09
  321   0.6416319427816428E-09
  322   0.7404584403083413E-09
  323   0.6424289373394760E-09
  324   0.6989628843397262E-09
  325   0.5692587957220977E-09
  326   0.6241009930558316E-09
  327   0.5970644691103144E-09
  328   0.5581494177600387E-09
  329   0.5199182714538646E-09
  330   0.5139756638120295E-09
  331   0.5759421390004276E-09
  332   0.5092671257181920E-09
  333   0.4565654824761282E-09
  334   0.4683416997553535E-09
  335   0.4046966408619125E-09
  336   0.4127134291128153E-09
  337   0.3912568542874529E-09
  338   0.4463097206620336E-09
  339   0.4324653029053249E-09
  340   0.3570506786624608E-09
  341   0.3668098478667727E-09
  342   0.3473664173949949E-09
  343   0.3397821487055028E-09
  344   0.3708330791280284E-09
  345   0.3162935517215883E-09
  346   0.3282804704073464E-09
  347   0.2929870150927563E-09
  348   0.3271442830867601E-09
  349   0.3163574676048766E-09
  350   0.3129156095544625E-09
  351   0.2940083262911359E-09
  352   0.2798507172509944E-09
  353   0.2685530510703007E-09
  354   0.2780001840108256E-09
  355   0.2655990701051523E-09
  356   0.2488814141871014E-09
  357   0.2485429745980700E-09
  358   0.2425493371786325E-09
  359   0.2326997464609032E-09
  360   0.2528957905622931E-09
  361   0.2522103870602603E-09
  362   0.2238232737723191E-09
  363   0.2277816225759847E-09
  364   0.2196152426677893E-09
  365   0.2330568507069690E-09
  366   0.1985100183007176E-09
  367   0.2300534074459377E-09
  368   0.2133457013611414E-09
  369   0.2158913422110986E-09
  370   0.2134347395758806E-09
  371   0.2254304268849553E-09
  372   0.2081287032012263E-09
  373   0.2103836862869652E-09
  374   0.2138377162273117E-09
  375   0.2282236219773243E-09
  376   0.2248809107516104E-09
  377   0.2203314819053925E-09
  378   0.2238591482514872E-09
  379   0.2110260364470728E-09
  380   0.2221128153336548E-09
  381   0.2348973413709211E-09
  382   0.2315166061027570E-09
  383   0.2256324915745424E-09
