# nlmax, ncor, nside =         383           1         128
    0  -0.1903626964519216E+00
    1   0.3898723170569112E+02
    2   0.1526157531022457E+03
    3   0.4791143122539524E+03
    4   0.2434883012514918E+03
    5   0.3022348810133647E+03
    6   0.8053286184453748E+02
    7   0.1216696568945314E+03
    8   0.5480368054307999E+02
    9   0.4625943138022674E+02
   10   0.5121931765483863E+02
   11   0.4421775739756498E+02
   12   0.3176801855972984E+02
   13   0.2341777875383360E+02
   14   0.2497312370420909E+02
   15   0.2140895256817869E+02
   16   0.1574230075820004E+02
   17   0.1859971328359749E+02
   18   0.1115078116236102E+02
   19   0.1414648398117370E+02
   20   0.1032205672129998E+02
   21   0.8591998893354456E+01
   22   0.7030034130814412E+01
   23   0.8197622960204908E+01
   24   0.7350445137401383E+01
   25   0.7926726816169799E+01
   26   0.7490187074533886E+01
   27   0.6383578565532291E+01
   28   0.8637512192322285E+01
   29   0.7024832201911631E+01
   30   0.5830932729003216E+01
   31   0.5143298147376855E+01
   32   0.7526685102541253E+01
   33   0.4636178958192409E+01
   34   0.5222714538533760E+01
   35   0.4053605955777220E+01
   36   0.4558645515642949E+01
   37   0.5543316709459857E+01
   38   0.4583372984760513E+01
   39   0.4167407659146620E+01
   40   0.6080256973466836E+01
   41   0.3514146761752139E+01
   42   0.3821731472402856E+01
   43   0.3642853963053137E+01
   44   0.3074385223930379E+01
   45   0.2581592048594312E+01
   46   0.2815270555936001E+01
   47   0.3810774460996655E+01
   48   0.2188416973707931E+01
   49   0.3268628736933700E+01
   50   0.3042657158671468E+01
   51   0.2186716800004206E+01
   52   0.2613293857519305E+01
   53   0.1898627637459023E+01
   54   0.1813065316198537E+01
   55   0.2131966951978570E+01
   56   0.2683466237116065E+01
   57   0.2242583157973529E+01
   58   0.2218439543554298E+01
   59   0.1614276877224337E+01
   60   0.1919857187662544E+01
   61   0.1767256747056978E+01
   62   0.2031722089966556E+01
   63   0.1803508858479349E+01
   64   0.1654054184745406E+01
   65   0.1471026686143410E+01
   66   0.1407270711214207E+01
   67   0.1571473518900271E+01
   68   0.1499708008708620E+01
   69   0.1595821932227224E+01
   70   0.1385328802388757E+01
   71   0.1233643329127043E+01
   72   0.1177649000010798E+01
   73   0.1668792706053065E+01
   74   0.1426962315163478E+01
   75   0.1127152819427293E+01
   76   0.1051171661728380E+01
   77   0.1221161620203620E+01
   78   0.1067724241914906E+01
   79   0.8186120366555603E+00
   80   0.1077956095796821E+01
   81   0.1060945732696523E+01
   82   0.1170905825953800E+01
   83   0.8607303321915662E+00
   84   0.7900336994632224E+00
   85   0.9249763229440902E+00
   86   0.9211634404717439E+00
   87   0.9528791527823459E+00
   88   0.7119977823492423E+00
   89   0.8259765457998947E+00
   90   0.7829536940935482E+00
   91   0.8288421319920698E+00
   92   0.7780002160307107E+00
   93   0.7301024131975631E+00
   94   0.6575773806804894E+00
   95   0.5800301338915392E+00
   96   0.6080581808249210E+00
   97   0.6927797717478856E+00
   98   0.4814668416732273E+00
   99   0.6384562027934677E+00
  100   0.6222761886081822E+00
  101   0.5570858536688226E+00
  102   0.6176946922636477E+00
  103   0.5473839699965166E+00
  104   0.6077451176816171E+00
  105   0.4079694436356887E+00
  106   0.5121201483298429E+00
  107   0.4683862395333334E+00
  108   0.5528858760812506E+00
  109   0.4500028171972202E+00
  110   0.4860534438665389E+00
  111   0.4062039301866678E+00
  112   0.3983384121807536E+00
  113   0.3254573549018343E+00
  114   0.3050963966351777E+00
  115   0.3947310965449131E+00
  116   0.4104416835687120E+00
  117   0.4588316952540689E+00
  118   0.3446347863183605E+00
  119   0.3335100380740575E+00
  120   0.2914630978247500E+00
  121   0.3952068637954670E+00
  122   0.2911470622087762E+00
  123   0.3154163494021525E+00
  124   0.2474754601325511E+00
  125   0.2691218649249774E+00
  126   0.2686043081747004E+00
  127   0.2752872336318644E+00
  128   0.2499640014304908E+00
  129   0.2297638010839508E+00
  130   0.2444688129537278E+00
  131   0.2105346027020993E+00
  132   0.2100606203572921E+00
  133   0.2185094793409811E+00
  134   0.1943632812776125E+00
  135   0.1977553925424593E+00
  136   0.2093490993781464E+00
  137   0.1824507849601678E+00
  138   0.1713409983669661E+00
  139   0.1745876251454499E+00
  140   0.1744695525234968E+00
  141   0.1618994372000631E+00
  142   0.1578240438177925E+00
  143   0.1640191274078084E+00
  144   0.1285879001234246E+00
  145   0.1564125107210181E+00
  146   0.1263832051091365E+00
  147   0.1239450485037501E+00
  148   0.1139927361491293E+00
  149   0.1170871678464906E+00
  150   0.1287458222924260E+00
  151   0.1067945486070041E+00
  152   0.1124324664835263E+00
  153   0.1192221845887701E+00
  154   0.8546886143667543E-01
  155   0.9425356580869781E-01
  156   0.9045694295086715E-01
  157   0.8877376815661209E-01
  158   0.9452639866305357E-01
  159   0.8799380335677198E-01
  160   0.8355794284259244E-01
  161   0.7836508062461500E-01
  162   0.6504705851315618E-01
  163   0.7015724116492594E-01
  164   0.7717294746784742E-01
  165   0.6239485567971181E-01
  166   0.6328154732846492E-01
  167   0.6099488624891358E-01
  168   0.6038005372217281E-01
  169   0.4997072766514754E-01
  170   0.5220182838937004E-01
  171   0.4884118482529887E-01
  172   0.5644548428850416E-01
  173   0.5224224697652269E-01
  174   0.4380289797317272E-01
  175   0.4290470933081336E-01
  176   0.4143618901397594E-01
  177   0.3875553728757275E-01
  178   0.3867045981019523E-01
  179   0.4308605538251153E-01
  180   0.3474521614243997E-01
  181   0.3002787059308376E-01
  182   0.2867404494917869E-01
  183   0.3017012623281878E-01
  184   0.2626751762462753E-01
  185   0.2897240259930545E-01
  186   0.2917274375695322E-01
  187   0.2261010492847360E-01
  188   0.2514427157913557E-01
  189   0.2394456036669235E-01
  190   0.2243793722718235E-01
  191   0.2180426635290555E-01
  192   0.2181914710508803E-01
  193   0.2046413147072801E-01
  194   0.1785028912128050E-01
  195   0.1492433980149632E-01
  196   0.1538954890908451E-01
  197   0.1496503299218732E-01
  198   0.1630699323490525E-01
  199   0.1398419058857781E-01
  200   0.1482193865546544E-01
  201   0.1396588331923088E-01
  202   0.1274656376747352E-01
  203   0.1376333164301380E-01
  204   0.1125588312814796E-01
  205   0.1178918077442259E-01
  206   0.1024039494713391E-01
  207   0.8987450220764748E-02
  208   0.9529410869944632E-02
  209   0.7228200294953302E-02
  210   0.8539134519089719E-02
  211   0.7538333920534601E-02
  212   0.8334040321215763E-02
  213   0.7151542949071055E-02
  214   0.6772359156566821E-02
  215   0.6960981893014528E-02
  216   0.6390218748607124E-02
  217   0.6162669793119080E-02
  218   0.5614999371321261E-02
  219   0.5443620372104663E-02
  220   0.5293682312284886E-02
  221   0.5295691532898439E-02
  222   0.4706834895345069E-02
  223   0.4171498385883710E-02
  224   0.3812498553172672E-02
  225   0.3469970128581634E-02
  226   0.3840409664616296E-02
  227   0.3861299207861935E-02
  228   0.3365269098044466E-02
  229   0.2630857944427523E-02
  230   0.2754434542596162E-02
  231   0.2613870511592786E-02
  232   0.2678413283745074E-02
  233   0.2898760197111216E-02
  234   0.2119644179484625E-02
  235   0.2164838983304107E-02
  236   0.2698373777500374E-02
  237   0.1999962150781021E-02
  238   0.2064952307525236E-02
  239   0.1883202851739707E-02
  240   0.1905460313837870E-02
  241   0.1591897471151071E-02
  242   0.1565477293887563E-02
  243   0.1526620398978773E-02
  244   0.1124327385924828E-02
  245   0.1421815763513301E-02
  246   0.1120066893583904E-02
  247   0.1259641730661287E-02
  248   0.1208613434938721E-02
  249   0.8918503742465500E-03
  250   0.1054217224288001E-02
  251   0.9188986206273286E-03
  252   0.1056121708862934E-02
  253   0.1009651572741022E-02
  254   0.9214852424725972E-03
  255   0.7492837851574841E-03
  256   0.7634441720366647E-03
  257   0.6708099142089807E-03
  258   0.8170441972444320E-03
  259   0.6421851004085877E-03
  260   0.7408531283049080E-03
  261   0.6814403007099901E-03
  262   0.5850345440970295E-03
  263   0.4341819020509674E-03
  264   0.6573340154221730E-03
  265   0.2897285101792768E-03
  266   0.4369719471877254E-03
  267   0.3567813484902094E-03
  268   0.3292473869230261E-03
  269   0.3599938601290820E-03
  270   0.2142489854976004E-03
  271   0.3819363814097088E-03
  272   0.3755701197898920E-03
  273   0.4212056059979541E-03
  274   0.3445378222046158E-03
  275   0.4992606694162460E-03
  276   0.2332272836452209E-03
  277   0.3360436067841310E-03
  278   0.2429229426181290E-03
  279   0.3177228280081823E-03
  280   0.2822878942635443E-03
  281   0.2168400249175639E-03
  282   0.2222094522580931E-03
  283   0.2979943696738707E-03
  284   0.2470471443550837E-03
  285   0.2035043199947184E-03
  286   0.2628508094708049E-03
  287   0.1797944676766861E-03
  288   0.2412892294230140E-03
  289   0.2941052638831265E-03
  290   0.2462158793584135E-03
  291   0.2428447724446836E-03
  292   0.1936646092074445E-03
  293   0.1922646348819779E-03
  294   0.1204118883180172E-03
  295   0.1920832672663852E-03
  296   0.1775330991038437E-03
  297   0.1683623781069676E-03
  298   0.1240845787073841E-03
  299   0.1858025588865608E-03
  300   0.2707556815649270E-03
  301   0.1930543153398911E-03
  302   0.1941156385733001E-03
  303   0.1870868552491523E-03
  304   0.2302057652595058E-03
  305   0.1740811708609291E-03
  306   0.1668074042424084E-03
  307   0.2241879741775032E-03
  308   0.2606565360248614E-03
  309   0.2310547718372691E-03
  310   0.1919003173137535E-03
  311   0.2122238075680238E-03
  312   0.1417949123207474E-03
  313   0.1542423893480249E-03
  314   0.1511547663432533E-03
  315   0.2075576039239357E-03
  316   0.1744077935272870E-03
  317   0.1499195118847552E-03
  318   0.1535394636696941E-03
  319   0.1084960950277214E-03
  320   0.1448725509855808E-03
  321   0.1452795301693233E-03
  322   0.1429656488238507E-03
  323   0.1472647939184946E-03
  324   0.1599750897159358E-03
  325   0.1567899429951169E-03
  326   0.2008991598224374E-03
  327   0.1824040191593101E-03
  328   0.1731334157689668E-03
  329   0.1622685583731465E-03
  330   0.1865705969054665E-03
  331   0.1459223962755052E-03
  332   0.1645101001732652E-03
  333   0.1168670588339860E-03
  334   0.2373999563677343E-03
  335   0.1773076976128440E-03
  336   0.2301825814016445E-03
  337   0.1780108684796833E-03
  338   0.2113029371504371E-03
  339   0.1568174663700017E-03
  340   0.2292086141572058E-03
  341   0.1652969928914727E-03
  342   0.2035575895676378E-03
  343   0.1655774026013412E-03
  344   0.2059175757674614E-03
  345   0.1663005494769165E-03
  346   0.2070618399376833E-03
  347   0.1755412477924545E-03
  348   0.2180882989682165E-03
  349   0.1593428041343214E-03
  350   0.1537540405636417E-03
  351   0.1528970553824477E-03
  352   0.1918012104899919E-03
  353   0.2031956951558805E-03
  354   0.1878778245242296E-03
  355   0.1624953412754648E-03
  356   0.1990884188844966E-03
  357   0.1612707939388225E-03
  358   0.2478464537878089E-03
  359   0.2502571180347246E-03
  360   0.2361363103351027E-03
  361   0.2414254374932673E-03
  362   0.2380806716972966E-03
  363   0.2074037789771971E-03
  364   0.2162919954760700E-03
  365   0.2012718154475041E-03
  366   0.2018449457177884E-03
  367   0.1874143883986157E-03
  368   0.1900999465551043E-03
  369   0.2102568261555388E-03
  370   0.2153192814480023E-03
  371   0.1836492383302524E-03
  372   0.2509672492717607E-03
  373   0.2245259721541173E-03
  374   0.3125917509880644E-03
  375   0.2426216009992072E-03
  376   0.3191348368237409E-03
  377   0.2988897926685698E-03
  378   0.3202132807715759E-03
  379   0.3289703279052390E-03
  380   0.4469036322575989E-03
  381   0.4453902854835295E-03
  382   0.4814045327448694E-03
  383   0.4863112274202113E-03
