# nlmax, ncor, nside =         383           1         128
    0  -0.3701932686344524E+02
    1   0.4305771900175035E+01
    2   0.1296140455029760E+03
    3   0.2090216688925686E+03
    4   0.2309573021717139E+03
    5   0.2354060862998443E+03
    6   0.8456824704438543E+02
    7   0.7388785063651078E+02
    8   0.6131994709296988E+02
    9   0.7073630611022331E+02
   10   0.2663450813655308E+02
   11   0.5306355848622184E+02
   12   0.2007457101643389E+02
   13   0.1770946515663039E+02
   14   0.2557359667673764E+02
   15   0.2715556389254307E+02
   16   0.1969422984620126E+02
   17   0.2846751951879018E+02
   18   0.1376957829461444E+02
   19   0.1291603416251948E+02
   20   0.1059490327755076E+02
   21   0.7960043609186561E+01
   22   0.8337786161087189E+01
   23   0.8213864312790228E+01
   24   0.8361987583554381E+01
   25   0.5370236078363410E+01
   26   0.9180438217888319E+01
   27   0.8599538725495847E+01
   28   0.8965869024789120E+01
   29   0.7859340016130481E+01
   30   0.7403622967135624E+01
   31   0.5988922984530779E+01
   32   0.8625053743134380E+01
   33   0.5356135495169312E+01
   34   0.5319622918458091E+01
   35   0.4306397430781216E+01
   36   0.4571247484941166E+01
   37   0.5897310469654659E+01
   38   0.5709055085562742E+01
   39   0.4197099997780066E+01
   40   0.5809523768739467E+01
   41   0.4207868420978455E+01
   42   0.4962411862329371E+01
   43   0.3809608568269154E+01
   44   0.4231787043231634E+01
   45   0.2937719228866114E+01
   46   0.2592230628481774E+01
   47   0.4300555543192209E+01
   48   0.2255478570380608E+01
   49   0.3265197117205259E+01
   50   0.3989654020158738E+01
   51   0.2164780170912673E+01
   52   0.2974027260524297E+01
   53   0.2090794622344075E+01
   54   0.1950293169263148E+01
   55   0.2687417504940180E+01
   56   0.2963921071045869E+01
   57   0.2717199396270005E+01
   58   0.2724185126376161E+01
   59   0.1958876060484271E+01
   60   0.2204291544672126E+01
   61   0.1939677968189113E+01
   62   0.2692066778971820E+01
   63   0.1930298343657798E+01
   64   0.1522982364859585E+01
   65   0.1932341255305826E+01
   66   0.1810538469394513E+01
   67   0.1871710708434360E+01
   68   0.1675600305845968E+01
   69   0.2253514539931106E+01
   70   0.1498798171333289E+01
   71   0.1794573992940364E+01
   72   0.1338628005288131E+01
   73   0.2210444975451777E+01
   74   0.1757392699683346E+01
   75   0.1361801985596291E+01
   76   0.1406247143210602E+01
   77   0.1590713186832891E+01
   78   0.1208657758086705E+01
   79   0.1030644995120496E+01
   80   0.1533738432527328E+01
   81   0.1371585698509155E+01
   82   0.1714815384996072E+01
   83   0.1156431366046841E+01
   84   0.9252590943066632E+00
   85   0.1328366454668755E+01
   86   0.1386331310150712E+01
   87   0.1215491106130419E+01
   88   0.8829992425471294E+00
   89   0.1288937368637329E+01
   90   0.9990971396102302E+00
   91   0.1188618155013246E+01
   92   0.1093665756571554E+01
   93   0.1202713481268283E+01
   94   0.1029632094832304E+01
   95   0.8338032213844917E+00
   96   0.9314155532709358E+00
   97   0.9803695993492094E+00
   98   0.7294888699689472E+00
   99   0.1104319494310817E+01
  100   0.9671228723501759E+00
  101   0.9085170101939570E+00
  102   0.8734740691799852E+00
  103   0.7577132588031552E+00
  104   0.1035946547248596E+01
  105   0.7081128141403528E+00
  106   0.7490674455046660E+00
  107   0.8519776493254059E+00
  108   0.1031941568663580E+01
  109   0.7976197454967864E+00
  110   0.8452979138087637E+00
  111   0.6963199140485510E+00
  112   0.7860765368647176E+00
  113   0.5224964792590883E+00
  114   0.4874390675599358E+00
  115   0.6894777841051569E+00
  116   0.8320397740835769E+00
  117   0.7992475625870007E+00
  118   0.7001768231540951E+00
  119   0.6068063072931853E+00
  120   0.4201680776605711E+00
  121   0.7428327322658114E+00
  122   0.5991939082852653E+00
  123   0.6332508607288031E+00
  124   0.4217748916158348E+00
  125   0.5234050468453314E+00
  126   0.5011823353215935E+00
  127   0.5497487753010278E+00
  128   0.5843295244385017E+00
  129   0.4359392338078681E+00
  130   0.5395938264398449E+00
  131   0.4044649653408823E+00
  132   0.3935508724417465E+00
  133   0.4734749048982803E+00
  134   0.4070369011848665E+00
  135   0.4981877609573162E+00
  136   0.5500311165619319E+00
  137   0.4041294441359274E+00
  138   0.4218306425013825E+00
  139   0.4393113578433929E+00
  140   0.3992659606902549E+00
  141   0.4067783015500489E+00
  142   0.3642536892579693E+00
  143   0.3537301904173131E+00
  144   0.3477156226261746E+00
  145   0.4268706647723842E+00
  146   0.3382057325832492E+00
  147   0.3122046328238582E+00
  148   0.2853728556694356E+00
  149   0.2386746888294390E+00
  150   0.3212783838310828E+00
  151   0.2737408440860130E+00
  152   0.2779800907644628E+00
  153   0.3049002457339003E+00
  154   0.2275143610079704E+00
  155   0.3123283969625124E+00
  156   0.2721013680092260E+00
  157   0.2530438034208563E+00
  158   0.3035100198171320E+00
  159   0.2664857117261749E+00
  160   0.2516734631860162E+00
  161   0.2274645977500072E+00
  162   0.2171861317119220E+00
  163   0.2030997949086376E+00
  164   0.2281368934266578E+00
  165   0.1972177466543986E+00
  166   0.2244248486529871E+00
  167   0.2503195788706326E+00
  168   0.1992261527349251E+00
  169   0.1715504819957349E+00
  170   0.1785867128608908E+00
  171   0.1648120859915531E+00
  172   0.1864386087456296E+00
  173   0.1798826354954909E+00
  174   0.1465755507990890E+00
  175   0.1567437284066716E+00
  176   0.1585565520400627E+00
  177   0.1514875819742995E+00
  178   0.1219442609623321E+00
  179   0.1809853728086067E+00
  180   0.1468875767514989E+00
  181   0.1003586845525203E+00
  182   0.1061802823086397E+00
  183   0.1066870609906604E+00
  184   0.1232038372997614E+00
  185   0.1367501578554192E+00
  186   0.1264979511495312E+00
  187   0.1021179551218088E+00
  188   0.1269514251126398E+00
  189   0.1258126652828302E+00
  190   0.1071393553121381E+00
  191   0.1037160662317592E+00
  192   0.1069065310123424E+00
  193   0.1048063903434828E+00
  194   0.9593624212541041E-01
  195   0.7531701885584741E-01
  196   0.8015846176486963E-01
  197   0.8001113596579257E-01
  198   0.7944477818293771E-01
  199   0.6722824853017151E-01
  200   0.6836138450677698E-01
  201   0.6926751463871939E-01
  202   0.6655723290368676E-01
  203   0.7055930006145550E-01
  204   0.6854680162999993E-01
  205   0.6600474702446912E-01
  206   0.5557494756548875E-01
  207   0.5909698778310379E-01
  208   0.5559621008519255E-01
  209   0.5036746538904957E-01
  210   0.5422000400977700E-01
  211   0.4783848767649745E-01
  212   0.5123296116689247E-01
  213   0.5515112008436596E-01
  214   0.4046873165380493E-01
  215   0.5053836422099534E-01
  216   0.4867184355710374E-01
  217   0.3986632071161367E-01
  218   0.4474941547082378E-01
  219   0.3994679857316097E-01
  220   0.4010825659434736E-01
  221   0.4163767958864817E-01
  222   0.3729846899608746E-01
  223   0.3487457420590290E-01
  224   0.3531351323568710E-01
  225   0.3088192007821433E-01
  226   0.3472387264618360E-01
  227   0.3189247116320870E-01
  228   0.2666506714267980E-01
  229   0.2591655705452456E-01
  230   0.2606847469077822E-01
  231   0.2978457627536479E-01
  232   0.2777491491159489E-01
  233   0.2877888686694208E-01
  234   0.1945726299397166E-01
  235   0.2297805140110432E-01
  236   0.2317449529188176E-01
  237   0.2015123791674311E-01
  238   0.2073610279520433E-01
  239   0.1723273330777009E-01
  240   0.2019772865554337E-01
  241   0.1830287135275599E-01
  242   0.1427509875330180E-01
  243   0.1720009671380207E-01
  244   0.1297664633480233E-01
  245   0.1572088322231224E-01
  246   0.1657774056950700E-01
  247   0.1696936721655362E-01
  248   0.1443162917644403E-01
  249   0.1186013276911724E-01
  250   0.1087976684068981E-01
  251   0.1166054116946813E-01
  252   0.1263084646066615E-01
  253   0.1244640316672863E-01
  254   0.9276996096966195E-02
  255   0.9881043075518403E-02
  256   0.1047807681575419E-01
  257   0.9599953710979436E-02
  258   0.7798170459258791E-02
  259   0.8425430383040777E-02
  260   0.8734961093004201E-02
  261   0.6683212320939491E-02
  262   0.8984723277163265E-02
  263   0.7181817658847400E-02
  264   0.7830447823655939E-02
  265   0.6118298916143572E-02
  266   0.5532563575210037E-02
  267   0.5372596938193808E-02
  268   0.7423690301106900E-02
  269   0.6136150619611702E-02
  270   0.4771980212880722E-02
  271   0.6127402481899469E-02
  272   0.6401416757648382E-02
  273   0.4359590172973160E-02
  274   0.5698270916585590E-02
  275   0.4028724612450851E-02
  276   0.3339087910259830E-02
  277   0.4832130812112367E-02
  278   0.3591988880981001E-02
  279   0.4023749635849616E-02
  280   0.3298118806662143E-02
  281   0.3511265970163380E-02
  282   0.3843846518635785E-02
  283   0.3275454701593961E-02
  284   0.3178454269744613E-02
  285   0.2372393019707431E-02
  286   0.2279704727653376E-02
  287   0.3520671202337067E-02
  288   0.2881881587882607E-02
  289   0.2477447391646015E-02
  290   0.2119464068754129E-02
  291   0.2392231515150944E-02
  292   0.2033611498059418E-02
  293   0.2074553704633997E-02
  294   0.2116116630459908E-02
  295   0.1721571595170224E-02
  296   0.2423963499695925E-02
  297   0.2276733565347466E-02
  298   0.2800871278758443E-02
  299   0.1929547539471221E-02
  300   0.1970211478399653E-02
  301   0.2193383079772293E-02
  302   0.1586998409588314E-02
  303   0.1598576885665448E-02
  304   0.1644051580949712E-02
  305   0.1353746204158846E-02
  306   0.1541384552455283E-02
  307   0.1263756652078785E-02
  308   0.2064661061595641E-02
  309   0.1546528714131856E-02
  310   0.1560007866847568E-02
  311   0.1369558553911354E-02
  312   0.1004869020728660E-02
  313   0.1411196270728055E-02
  314   0.1615766215420700E-02
  315   0.7832573666503584E-03
  316   0.1407791092623067E-02
  317   0.9189136483037097E-03
  318   0.1207810617252336E-02
  319   0.1022194273450849E-02
  320   0.9400862957275602E-03
  321   0.1007343901430147E-02
  322   0.1076503451562794E-02
  323   0.8350029307193085E-03
  324   0.1035059182672882E-02
  325   0.1166743821238714E-02
  326   0.1079529747022079E-02
  327   0.7148445208641774E-03
  328   0.9385641922464161E-03
  329   0.8800908832577725E-03
  330   0.1133397371524070E-02
  331   0.1071658202809966E-02
  332   0.9075054208115829E-03
  333   0.1441598788060883E-02
  334   0.1202835651392203E-02
  335   0.9814862849546468E-03
  336   0.9953654633010622E-03
  337   0.1020316226584550E-02
  338   0.8046577011619760E-03
  339   0.9138417258521270E-03
  340   0.1569533879255708E-02
  341   0.9037805432168811E-03
  342   0.7412064601807211E-03
  343   0.7068406408186068E-03
  344   0.9008151981883816E-03
  345   0.1157522892042517E-02
  346   0.9819126727672600E-03
  347   0.9747918615692075E-03
  348   0.7860907033234998E-03
  349   0.1246557213087945E-02
  350   0.1071307658988413E-02
  351   0.1017836809609984E-02
  352   0.1067977168518558E-02
  353   0.1086469027105463E-02
  354   0.1158618396005867E-02
  355   0.1368490927525293E-02
  356   0.1160212647973544E-02
  357   0.1169063504655676E-02
  358   0.1006328742506279E-02
  359   0.9525586099159988E-03
  360   0.1147360231445141E-02
  361   0.1250528368931386E-02
  362   0.1382834647091394E-02
  363   0.1421617857945826E-02
  364   0.1317050175923470E-02
  365   0.1738605341671196E-02
  366   0.1642078557692037E-02
  367   0.1505330754780362E-02
  368   0.1308614802399813E-02
  369   0.1457564661698219E-02
  370   0.1325327788232696E-02
  371   0.1629536285024220E-02
  372   0.1320740845907296E-02
  373   0.1536936013929749E-02
  374   0.1559370632416165E-02
  375   0.1849976692039297E-02
  376   0.1631840644343109E-02
  377   0.1920576027599596E-02
  378   0.2233490929208194E-02
  379   0.2355575516566948E-02
  380   0.2135007206874380E-02
  381   0.2552744581572610E-02
  382   0.2536074009010642E-02
  383   0.3327455596746254E-02
