# nlmax, ncor, nside =         383           1         128
    0   0.5134027909104906E+00
    1   0.4137393851734424E+02
    2   0.2082896926614618E+03
    3   0.4898531186641090E+03
    4   0.2329269494638151E+03
    5   0.3040000638354430E+03
    6   0.8649371443400483E+02
    7   0.1263013398699216E+03
    8   0.5533263831579466E+02
    9   0.4531902452376980E+02
   10   0.5277938030522240E+02
   11   0.4366991664336592E+02
   12   0.3125003394680043E+02
   13   0.2402226871663107E+02
   14   0.2495057755746142E+02
   15   0.2206808824251323E+02
   16   0.1461994928142436E+02
   17   0.1845991214990702E+02
   18   0.1237971766411702E+02
   19   0.1469039638513057E+02
   20   0.1054953410973073E+02
   21   0.8226243206177662E+01
   22   0.7526069669997154E+01
   23   0.7870439844590140E+01
   24   0.7410919750961413E+01
   25   0.8287145316982471E+01
   26   0.8001328681169415E+01
   27   0.6424048204643669E+01
   28   0.8662716464441882E+01
   29   0.7337489908154723E+01
   30   0.5958789823422624E+01
   31   0.5367821444227367E+01
   32   0.7869674717034030E+01
   33   0.4904503596891070E+01
   34   0.5947025059735766E+01
   35   0.4375214039521120E+01
   36   0.4717425357091269E+01
   37   0.5969627891634062E+01
   38   0.4812063129504698E+01
   39   0.4489615398744279E+01
   40   0.6591482926130132E+01
   41   0.3931761530380402E+01
   42   0.3976387568021690E+01
   43   0.3883805888438321E+01
   44   0.3348219344114163E+01
   45   0.2851298870255485E+01
   46   0.3094671036215056E+01
   47   0.4172226406195422E+01
   48   0.2327987532962536E+01
   49   0.3652699182785023E+01
   50   0.3353075071893386E+01
   51   0.2627606010710176E+01
   52   0.2847402544610708E+01
   53   0.2243376189958401E+01
   54   0.2147104985098080E+01
   55   0.2460551614383093E+01
   56   0.2960876608817719E+01
   57   0.2533964167311190E+01
   58   0.2531081346615834E+01
   59   0.1863032829851861E+01
   60   0.2198122785895599E+01
   61   0.2017789039229715E+01
   62   0.2419902625225821E+01
   63   0.2168805291500097E+01
   64   0.1978381182943556E+01
   65   0.1774867557070678E+01
   66   0.1663067759943294E+01
   67   0.1908609053759434E+01
   68   0.1797197191608105E+01
   69   0.2008714492714285E+01
   70   0.1696547361663290E+01
   71   0.1572372040828291E+01
   72   0.1486898069204496E+01
   73   0.2028732020315857E+01
   74   0.1767856045639894E+01
   75   0.1455578995221354E+01
   76   0.1404906540687557E+01
   77   0.1604184405338606E+01
   78   0.1408541155131056E+01
   79   0.1087212094669001E+01
   80   0.1419828737424889E+01
   81   0.1472883406566868E+01
   82   0.1584211127403366E+01
   83   0.1178703267044316E+01
   84   0.1084852148335255E+01
   85   0.1243797343091574E+01
   86   0.1283278246627582E+01
   87   0.1302643734800399E+01
   88   0.1005182489277984E+01
   89   0.1173964515942809E+01
   90   0.1148428661704215E+01
   91   0.1144907586004974E+01
   92   0.1103639471179751E+01
   93   0.1063308711372071E+01
   94   0.9319756926166044E+00
   95   0.8650860928624402E+00
   96   0.9119966212082224E+00
   97   0.1023759097357767E+01
   98   0.7655719561348926E+00
   99   0.9677176690365252E+00
  100   0.9122960822541941E+00
  101   0.9044101309234547E+00
  102   0.9649639616579807E+00
  103   0.8631753527212918E+00
  104   0.9381277244426171E+00
  105   0.6756557259851853E+00
  106   0.8365088910613546E+00
  107   0.7671027669934048E+00
  108   0.8987856723843118E+00
  109   0.7467827323592864E+00
  110   0.8096345791081542E+00
  111   0.7040005202654547E+00
  112   0.6524731223785638E+00
  113   0.5790665207835540E+00
  114   0.5419523746323910E+00
  115   0.6996523827521924E+00
  116   0.7212677472092280E+00
  117   0.8278503598741326E+00
  118   0.6134697047940422E+00
  119   0.6226884416861087E+00
  120   0.5430011162317785E+00
  121   0.7608531840706496E+00
  122   0.5661542961055045E+00
  123   0.6116321866474064E+00
  124   0.4825097280059860E+00
  125   0.5261147998129722E+00
  126   0.5416034157782379E+00
  127   0.5441151945512245E+00
  128   0.5085578065405574E+00
  129   0.4612678850875991E+00
  130   0.5015609555471219E+00
  131   0.4272301796124583E+00
  132   0.4419925099244617E+00
  133   0.4691734926168789E+00
  134   0.4215960308441443E+00
  135   0.4359403585904284E+00
  136   0.4701854464579588E+00
  137   0.4128655096157303E+00
  138   0.3999434706580740E+00
  139   0.3963387334769505E+00
  140   0.3943884870032413E+00
  141   0.3742794876170667E+00
  142   0.3739904790282117E+00
  143   0.3900669000026273E+00
  144   0.3249273938850266E+00
  145   0.3852352136421102E+00
  146   0.3184370369006221E+00
  147   0.3151457550993039E+00
  148   0.2984566816649415E+00
  149   0.3050527072971102E+00
  150   0.3322792742322243E+00
  151   0.2855639873533017E+00
  152   0.2972724593583073E+00
  153   0.3297948832049926E+00
  154   0.2448131275140965E+00
  155   0.2608180973980546E+00
  156   0.2624096709762049E+00
  157   0.2510405080779676E+00
  158   0.2771556276989340E+00
  159   0.2477965664193703E+00
  160   0.2508497692406879E+00
  161   0.2389565532937546E+00
  162   0.2041239059052839E+00
  163   0.2324387823898678E+00
  164   0.2398617062626392E+00
  165   0.1998290334268404E+00
  166   0.2006403283693842E+00
  167   0.1937982336678237E+00
  168   0.2081523449473551E+00
  169   0.1744023000919392E+00
  170   0.1786909571485604E+00
  171   0.1658266471948543E+00
  172   0.1985794537331822E+00
  173   0.1791802404485651E+00
  174   0.1634797650827703E+00
  175   0.1625253930616029E+00
  176   0.1578578679729539E+00
  177   0.1426802628518455E+00
  178   0.1469216483837311E+00
  179   0.1685758499554312E+00
  180   0.1365067904525530E+00
  181   0.1118227328602915E+00
  182   0.1219381013397964E+00
  183   0.1257422924880940E+00
  184   0.1143824815630810E+00
  185   0.1341271124012701E+00
  186   0.1230023764232619E+00
  187   0.1050047877487160E+00
  188   0.1162780019928673E+00
  189   0.1167005795397798E+00
  190   0.1062547201071523E+00
  191   0.1039395830933107E+00
  192   0.1050444832590646E+00
  193   0.9395265143466860E-01
  194   0.9363161916166776E-01
  195   0.7666219390805659E-01
  196   0.8356513178336628E-01
  197   0.8216833269897536E-01
  198   0.8266081169504116E-01
  199   0.7715113474725192E-01
  200   0.7755582520584742E-01
  201   0.7147089026561562E-01
  202   0.7136504818047988E-01
  203   0.7642034595551159E-01
  204   0.6529442034088868E-01
  205   0.6583207543295505E-01
  206   0.6088425438953048E-01
  207   0.5432407806387649E-01
  208   0.5714559986409957E-01
  209   0.5207274308798807E-01
  210   0.5572497203992739E-01
  211   0.4974044756844760E-01
  212   0.5424599078971138E-01
  213   0.4880776407974530E-01
  214   0.4479699969519476E-01
  215   0.5060151092341528E-01
  216   0.4423430982902310E-01
  217   0.3998162209939613E-01
  218   0.4081066997156876E-01
  219   0.3803286050457429E-01
  220   0.4198847615838661E-01
  221   0.3945988104348681E-01
  222   0.3969949155622470E-01
  223   0.3383987107259169E-01
  224   0.3042645864728727E-01
  225   0.3110388784213327E-01
  226   0.3119975906431057E-01
  227   0.3212694185921353E-01
  228   0.2791697280684272E-01
  229   0.2524967997090719E-01
  230   0.2472803113408423E-01
  231   0.2657340439787238E-01
  232   0.2396789166271340E-01
  233   0.2468188459882982E-01
  234   0.2080765421909455E-01
  235   0.2220220077772542E-01
  236   0.2414645228467648E-01
  237   0.1979430512211462E-01
  238   0.1918528214642690E-01
  239   0.1943694135755518E-01
  240   0.1923077753628628E-01
  241   0.1758377327836157E-01
  242   0.1638197815453424E-01
  243   0.1587942961654670E-01
  244   0.1498487350332169E-01
  245   0.1674854504660706E-01
  246   0.1398016473020307E-01
  247   0.1430927311391201E-01
  248   0.1312667761195246E-01
  249   0.1081944096090124E-01
  250   0.1230111724389120E-01
  251   0.1169963130835869E-01
  252   0.1238796396168174E-01
  253   0.1020894749170254E-01
  254   0.9957634988753152E-02
  255   0.9423630007676523E-02
  256   0.9338562639878086E-02
  257   0.8355019045986817E-02
  258   0.8962471898502734E-02
  259   0.7419014184856176E-02
  260   0.8305126610955144E-02
  261   0.7496024026506247E-02
  262   0.7793193548499893E-02
  263   0.7915480057465655E-02
  264   0.6359950576385556E-02
  265   0.5560064068773144E-02
  266   0.6444881746508452E-02
  267   0.6076744381990058E-02
  268   0.5484148821112043E-02
  269   0.5037555471866245E-02
  270   0.4357711108289461E-02
  271   0.5115446407527679E-02
  272   0.5100021594346348E-02
  273   0.4332283259718354E-02
  274   0.4548554684668631E-02
  275   0.3615266581859853E-02
  276   0.3353557670257450E-02
  277   0.4063618445184461E-02
  278   0.3546641559945305E-02
  279   0.3528296647360572E-02
  280   0.3004563059994509E-02
  281   0.2968134008010048E-02
  282   0.2916369786079067E-02
  283   0.2893756789902547E-02
  284   0.2466436643252822E-02
  285   0.2336132183597536E-02
  286   0.2407129068606734E-02
  287   0.2209253436296265E-02
  288   0.2021841139252435E-02
  289   0.2140179012072396E-02
  290   0.2069381039133653E-02
  291   0.1578573830885567E-02
  292   0.1688293619809649E-02
  293   0.1694139255386508E-02
  294   0.1547161018089752E-02
  295   0.1557133159447295E-02
  296   0.1497708369826650E-02
  297   0.1443188253568606E-02
  298   0.1210188788021948E-02
  299   0.1186960284116599E-02
  300   0.1326485025033260E-02
  301   0.1098211277346509E-02
  302   0.1106901102526066E-02
  303   0.9650288803356778E-03
  304   0.9680558038701831E-03
  305   0.9081988548089806E-03
  306   0.8228176051236711E-03
  307   0.7169821802321828E-03
  308   0.8273598736229298E-03
  309   0.7561688231694583E-03
  310   0.7373277931092064E-03
  311   0.6666795955124978E-03
  312   0.6215577812691330E-03
  313   0.5557819843188083E-03
  314   0.5097370317630305E-03
  315   0.5870788631647661E-03
  316   0.5282759847071673E-03
  317   0.4547594339277861E-03
  318   0.4366744114196708E-03
  319   0.4395701502771253E-03
  320   0.4058659286747358E-03
  321   0.3545830730077250E-03
  322   0.3949113364723132E-03
  323   0.3476654076269183E-03
  324   0.3434595895187225E-03
  325   0.3146470532933489E-03
  326   0.3302713540929971E-03
  327   0.2797439820338412E-03
  328   0.2516621135178449E-03
  329   0.2459401487392023E-03
  330   0.2456083113147319E-03
  331   0.2365769703235655E-03
  332   0.2217674109230402E-03
  333   0.1915591569763918E-03
  334   0.1892602611599240E-03
  335   0.1703943619505541E-03
  336   0.1777272887954163E-03
  337   0.1582778124378552E-03
  338   0.1624084326910333E-03
  339   0.1496154223689429E-03
  340   0.1503976526741896E-03
  341   0.1245592941100815E-03
  342   0.1309005590632393E-03
  343   0.1124229372832208E-03
  344   0.1270016996760496E-03
  345   0.1072490125339667E-03
  346   0.1036942807891791E-03
  347   0.9383386380589775E-04
  348   0.1003018373426135E-03
  349   0.9400771105891906E-04
  350   0.9313440979416729E-04
  351   0.8823729557535883E-04
  352   0.8774185998622261E-04
  353   0.8231222379677360E-04
  354   0.8868560920469405E-04
  355   0.7716746569592185E-04
  356   0.7835900182814983E-04
  357   0.8365011352778545E-04
  358   0.7410364299056124E-04
  359   0.6816836171436426E-04
  360   0.6872519119269021E-04
  361   0.7968279444022007E-04
  362   0.6970001217587679E-04
  363   0.6899029132391671E-04
  364   0.7282487036335808E-04
  365   0.7300445952801741E-04
  366   0.6294526391532369E-04
  367   0.6887821545556833E-04
  368   0.6346583435566606E-04
  369   0.7283635978579064E-04
  370   0.6886787677992624E-04
  371   0.6799110286233617E-04
  372   0.6690602394273709E-04
  373   0.6611724031479933E-04
  374   0.7082716170470553E-04
  375   0.7112967242362368E-04
  376   0.7444031576775390E-04
  377   0.6416639051237470E-04
  378   0.7821251026774126E-04
  379   0.7497474293853862E-04
  380   0.8118350681860192E-04
  381   0.7596483443293585E-04
  382   0.8088643488422832E-04
  383   0.7994892149883859E-04
