# nlmax, ncor, nside =         383           1         128
    0   0.2916858960607356E-06
    1   0.8751462955247234E-02
    2   0.1657844433476120E+03
    3   0.4818564115033017E+03
    4   0.2376026598105930E+03
    5   0.3043718017427204E+03
    6   0.8087978921325876E+02
    7   0.1211241457107335E+03
    8   0.5437581788178744E+02
    9   0.4746500838140039E+02
   10   0.5276729060442960E+02
   11   0.4412949189601057E+02
   12   0.3199352260048459E+02
   13   0.2547400069356365E+02
   14   0.2478753779345759E+02
   15   0.2118817785344714E+02
   16   0.1569604895533963E+02
   17   0.1772224602394970E+02
   18   0.1081903992723158E+02
   19   0.1420841949696866E+02
   20   0.1045229533353125E+02
   21   0.8392337494346402E+01
   22   0.7034407381270384E+01
   23   0.7938959836295076E+01
   24   0.7675180226656464E+01
   25   0.8132260308493652E+01
   26   0.8210387697124167E+01
   27   0.5987841377307051E+01
   28   0.8602593499434359E+01
   29   0.7265080589638414E+01
   30   0.5707689463548291E+01
   31   0.5207721610954910E+01
   32   0.7733221924636850E+01
   33   0.4653648469077497E+01
   34   0.5458523954771059E+01
   35   0.4120355864219905E+01
   36   0.4504889230634872E+01
   37   0.5592629239871664E+01
   38   0.4716008917112306E+01
   39   0.4245323381496195E+01
   40   0.6287777523972153E+01
   41   0.3525856040566134E+01
   42   0.3888715521148546E+01
   43   0.3628137116207231E+01
   44   0.3056178324310508E+01
   45   0.2648130913855075E+01
   46   0.2850379658508569E+01
   47   0.3772387266084679E+01
   48   0.2190343622720055E+01
   49   0.3338241377060025E+01
   50   0.3045801540977846E+01
   51   0.2240342782130337E+01
   52   0.2552638667517885E+01
   53   0.1900616936731627E+01
   54   0.1871916024269682E+01
   55   0.2159189342195475E+01
   56   0.2651480099860039E+01
   57   0.2266648508784553E+01
   58   0.2188947515544822E+01
   59   0.1612770439189132E+01
   60   0.1899947210134365E+01
   61   0.1747865424207723E+01
   62   0.2055764527541062E+01
   63   0.1791364992121950E+01
   64   0.1692596495475254E+01
   65   0.1466544259514300E+01
   66   0.1419367679226756E+01
   67   0.1556859280495281E+01
   68   0.1500319485152598E+01
   69   0.1647762343704460E+01
   70   0.1385082255737977E+01
   71   0.1257592959529752E+01
   72   0.1162682819025980E+01
   73   0.1653759450652422E+01
   74   0.1453301243333859E+01
   75   0.1127343216308982E+01
   76   0.1070796386987722E+01
   77   0.1223340962655496E+01
   78   0.1045632341942615E+01
   79   0.8184195653561508E+00
   80   0.1097907107606363E+01
   81   0.1069413789334229E+01
   82   0.1183333238353725E+01
   83   0.8677997909509964E+00
   84   0.8195328480019394E+00
   85   0.9033527314379195E+00
   86   0.9305411849830120E+00
   87   0.9482329031706290E+00
   88   0.7057653685698271E+00
   89   0.8224021073541965E+00
   90   0.7942414513857315E+00
   91   0.8020549306760860E+00
   92   0.7655520605245232E+00
   93   0.7293257468122197E+00
   94   0.6330045070011598E+00
   95   0.5781793439114652E+00
   96   0.6215861905532573E+00
   97   0.6790295134931741E+00
   98   0.4986637243350465E+00
   99   0.6397269276938485E+00
  100   0.6048482877103376E+00
  101   0.5540864971088307E+00
  102   0.5879418007133690E+00
  103   0.5348715542068988E+00
  104   0.5901196594342806E+00
  105   0.4142631858887679E+00
  106   0.5062270683562506E+00
  107   0.4680185297904333E+00
  108   0.5439647709258743E+00
  109   0.4497530641180758E+00
  110   0.4744012958142073E+00
  111   0.3956269673418711E+00
  112   0.3916233225198701E+00
  113   0.3407211747131927E+00
  114   0.3001691286415579E+00
  115   0.3918059089185594E+00
  116   0.3924662873001859E+00
  117   0.4638451159489225E+00
  118   0.3431613494141497E+00
  119   0.3354493252047911E+00
  120   0.2847946938815239E+00
  121   0.3932471047103894E+00
  122   0.2962493500564862E+00
  123   0.3143201264726785E+00
  124   0.2484040272488111E+00
  125   0.2745809339086964E+00
  126   0.2713444610631190E+00
  127   0.2733782947806633E+00
  128   0.2450000424491927E+00
  129   0.2215734910161908E+00
  130   0.2407363374334205E+00
  131   0.2047326230866262E+00
  132   0.2086889852286262E+00
  133   0.2197024715397455E+00
  134   0.1972080298613762E+00
  135   0.1987717914965859E+00
  136   0.2148982695957729E+00
  137   0.1895806489927659E+00
  138   0.1773728123654345E+00
  139   0.1752542451879207E+00
  140   0.1715707910880261E+00
  141   0.1577894316980145E+00
  142   0.1571463865502346E+00
  143   0.1607282488670944E+00
  144   0.1325823719670429E+00
  145   0.1575568889146155E+00
  146   0.1273759567019532E+00
  147   0.1242985244451190E+00
  148   0.1185543252670160E+00
  149   0.1151726235721317E+00
  150   0.1223933856761521E+00
  151   0.1066408634158283E+00
  152   0.1077835089598428E+00
  153   0.1156467765793141E+00
  154   0.8674949946362460E-01
  155   0.9174800389542112E-01
  156   0.8922126593221220E-01
  157   0.8649138410572740E-01
  158   0.9398753967295580E-01
  159   0.8407476821566814E-01
  160   0.8321385234509515E-01
  161   0.7578828775107690E-01
  162   0.6533779913732768E-01
  163   0.7225151723374640E-01
  164   0.7485871520751608E-01
  165   0.6199611142037127E-01
  166   0.6105847911019525E-01
  167   0.5716494046207322E-01
  168   0.6109570968783252E-01
  169   0.5202601827114916E-01
  170   0.5128635557076349E-01
  171   0.4818820379332148E-01
  172   0.5606424009501775E-01
  173   0.4926795495225134E-01
  174   0.4358308112165944E-01
  175   0.4247256830674568E-01
  176   0.4245574208970682E-01
  177   0.3628137848955939E-01
  178   0.3724548545196348E-01
  179   0.4121358165815980E-01
  180   0.3384355535370993E-01
  181   0.2760541361076609E-01
  182   0.2867544546940074E-01
  183   0.2967309640138238E-01
  184   0.2613265630527277E-01
  185   0.3070101719548124E-01
  186   0.2726093037882336E-01
  187   0.2321484556809045E-01
  188   0.2480744429698022E-01
  189   0.2466848259977874E-01
  190   0.2154710070616171E-01
  191   0.2139854184777004E-01
  192   0.2129203854006651E-01
  193   0.1925408317902371E-01
  194   0.1833220245933365E-01
  195   0.1480169814482133E-01
  196   0.1582535992713797E-01
  197   0.1521043051629552E-01
  198   0.1515022746120552E-01
  199   0.1354802213353589E-01
  200   0.1413743494780235E-01
  201   0.1250269814313377E-01
  202   0.1231139699018304E-01
  203   0.1285352296620992E-01
  204   0.1107592342742547E-01
  205   0.1083698049949239E-01
  206   0.9682891505258690E-02
  207   0.8523757120319775E-02
  208   0.8814464242522095E-02
  209   0.7772871069951254E-02
  210   0.8168794123426222E-02
  211   0.7262440389193336E-02
  212   0.7664690283290182E-02
  213   0.6945357241488360E-02
  214   0.6226706300715055E-02
  215   0.6862146466973019E-02
  216   0.5896173034209722E-02
  217   0.5264986927186878E-02
  218   0.5299678205898984E-02
  219   0.4825081263180530E-02
  220   0.5079244999158140E-02
  221   0.4736915299190072E-02
  222   0.4694561659867987E-02
  223   0.4023970733368948E-02
  224   0.3570255200390317E-02
  225   0.3519673574320680E-02
  226   0.3467833445815462E-02
  227   0.3456865528432812E-02
  228   0.2991945959673545E-02
  229   0.2645814571282007E-02
  230   0.2560506855704625E-02
  231   0.2661955614478291E-02
  232   0.2387904413208183E-02
  233   0.2422979176599574E-02
  234   0.1969801660087979E-02
  235   0.2085972858083525E-02
  236   0.2199465740881008E-02
  237   0.1767399529089109E-02
  238   0.1695664606435732E-02
  239   0.1670509531718097E-02
  240   0.1604336597784406E-02
  241   0.1445472615252354E-02
  242   0.1292173403904105E-02
  243   0.1238288416435468E-02
  244   0.1147101902645711E-02
  245   0.1261500968219542E-02
  246   0.1035418376767864E-02
  247   0.1022312920414679E-02
  248   0.9536528601258436E-03
  249   0.7613927061764070E-03
  250   0.8140291296031944E-03
  251   0.7676098138947365E-03
  252   0.8108628847346471E-03
  253   0.6535395083581617E-03
  254   0.6128679772250575E-03
  255   0.5711076669509381E-03
  256   0.5590393942033100E-03
  257   0.4919673277242706E-03
  258   0.5070645089219802E-03
  259   0.4115766555967851E-03
  260   0.4621282252983781E-03
  261   0.3965899301652069E-03
  262   0.4175418255453143E-03
  263   0.4000778533640121E-03
  264   0.3198109822339682E-03
  265   0.2726171014877895E-03
  266   0.3053855386202931E-03
  267   0.2791882440804479E-03
  268   0.2499403586083108E-03
  269   0.2222556671567093E-03
  270   0.1916160659108701E-03
  271   0.2158210257447712E-03
  272   0.2163000636312751E-03
  273   0.1743498402297822E-03
  274   0.1826928725444998E-03
  275   0.1420590945631982E-03
  276   0.1289289195170197E-03
  277   0.1514058887034216E-03
  278   0.1292684981998477E-03
  279   0.1255658079941337E-03
  280   0.1041498637282363E-03
  281   0.9874282084912669E-04
  282   0.9774815743112247E-04
  283   0.9476605204957914E-04
  284   0.7844400459798208E-04
  285   0.7025896964867275E-04
  286   0.7171069042077725E-04
  287   0.6500296699959235E-04
  288   0.5687518101561119E-04
  289   0.5936258469857313E-04
  290   0.5635434440850049E-04
  291   0.4136258772934677E-04
  292   0.4409061098022629E-04
  293   0.4243535869525120E-04
  294   0.3829000771480896E-04
  295   0.3642001933880894E-04
  296   0.3516695521496698E-04
  297   0.3278262416146969E-04
  298   0.2758935115633183E-04
  299   0.2644955493536169E-04
  300   0.2834498371739313E-04
  301   0.2220539166627160E-04
  302   0.2303236400042279E-04
  303   0.1872595634185414E-04
  304   0.1914874325869280E-04
  305   0.1701518325314508E-04
  306   0.1559032312854300E-04
  307   0.1287482673306600E-04
  308   0.1504182758160946E-04
  309   0.1304636196333525E-04
  310   0.1287836831683709E-04
  311   0.1088655403111561E-04
  312   0.1059365552227779E-04
  313   0.8533690530416735E-05
  314   0.7920090688863868E-05
  315   0.8773682806932211E-05
  316   0.7998580806044417E-05
  317   0.6594479287755834E-05
  318   0.6500924901583984E-05
  319   0.5967826273330936E-05
  320   0.6048883391701213E-05
  321   0.4614561979455667E-05
  322   0.5604599997279098E-05
  323   0.4344130437498692E-05
  324   0.4684433836405404E-05
  325   0.3856475295024504E-05
  326   0.4475369209300466E-05
  327   0.3345742268063464E-05
  328   0.3742234876517829E-05
  329   0.2843027753432711E-05
  330   0.3185242474165343E-05
  331   0.2516764708788929E-05
  332   0.3139056229968990E-05
  333   0.2126145414180288E-05
  334   0.2787648147591659E-05
  335   0.1922566595782805E-05
  336   0.2677777881468419E-05
  337   0.1715143607338159E-05
  338   0.2429996478336487E-05
  339   0.1754085243371454E-05
  340   0.2402321023779477E-05
  341   0.1347614540828414E-05
  342   0.2232759521548660E-05
  343   0.1355764074194047E-05
  344   0.2263518215064880E-05
  345   0.1310425551819697E-05
  346   0.2110612326988087E-05
  347   0.1240346163665173E-05
  348   0.2157725323265969E-05
  349   0.1317725474705591E-05
  350   0.2299240387040470E-05
  351   0.1352307396930557E-05
  352   0.2345117911790706E-05
  353   0.1317845900962333E-05
  354   0.2439825802949713E-05
  355   0.1369486905894736E-05
  356   0.2444178291783294E-05
  357   0.1444227021614339E-05
  358   0.2561875432184209E-05
  359   0.1464399149370547E-05
  360   0.2625845795225961E-05
  361   0.1689804918407628E-05
  362   0.2778982955415656E-05
  363   0.1701517887905917E-05
  364   0.3025172573302042E-05
  365   0.1890842066600470E-05
  366   0.3132975811027440E-05
  367   0.2001441958994916E-05
  368   0.3284963055751648E-05
  369   0.2217128569137231E-05
  370   0.3520151926133835E-05
  371   0.2312005898542471E-05
  372   0.3710907974343822E-05
  373   0.2483669983752102E-05
  374   0.4039956293354116E-05
  375   0.2710923384609161E-05
  376   0.4367171018373909E-05
  377   0.2940281780700238E-05
  378   0.4732140463413238E-05
  379   0.3284675225780963E-05
  380   0.5162958226274640E-05
  381   0.3635717013588207E-05
  382   0.5553640927922371E-05
  383   0.4077494507677472E-05
