# nlmax, ncor, nside =         383           1         128
    0  -0.2032008992789887E+00
    1  -0.1553657041349079E+00
    2   0.2105873808840460E+03
    3   0.4754828216958773E+03
    4   0.2237837995738749E+03
    5   0.3048495360163957E+03
    6   0.9289428792055102E+02
    7   0.1213950789393376E+03
    8   0.5694623143530043E+02
    9   0.4639645190400564E+02
   10   0.5150114265982977E+02
   11   0.4519433020072574E+02
   12   0.3213559152195307E+02
   13   0.2464059814746167E+02
   14   0.2491584540366482E+02
   15   0.2152366484730225E+02
   16   0.1527797490202394E+02
   17   0.1865725678260901E+02
   18   0.1216186991493400E+02
   19   0.1436089831966013E+02
   20   0.1042581269163597E+02
   21   0.8847779350103892E+01
   22   0.7231840880739268E+01
   23   0.8554018304412622E+01
   24   0.8019824798403093E+01
   25   0.8300504952902124E+01
   26   0.7902122368563878E+01
   27   0.6531812755319490E+01
   28   0.9168051228045423E+01
   29   0.7494063552706348E+01
   30   0.6133762538508096E+01
   31   0.5456014954220494E+01
   32   0.8028076546061650E+01
   33   0.4906100901236355E+01
   34   0.5495432712102161E+01
   35   0.4299354742356826E+01
   36   0.4742417331754037E+01
   37   0.5977289355612440E+01
   38   0.5017489460943618E+01
   39   0.4468312283028689E+01
   40   0.6596301149566094E+01
   41   0.3743488961403519E+01
   42   0.4260368954317912E+01
   43   0.3974561549831181E+01
   44   0.3337815317253674E+01
   45   0.2878086211173743E+01
   46   0.3116982552841315E+01
   47   0.4173866936488547E+01
   48   0.2444538649484067E+01
   49   0.3683534788450184E+01
   50   0.3437923506983243E+01
   51   0.2417182336591318E+01
   52   0.2867046480672709E+01
   53   0.2137050485477777E+01
   54   0.2110971320878339E+01
   55   0.2457316704757194E+01
   56   0.3062204235232820E+01
   57   0.2623570576364608E+01
   58   0.2578364950464196E+01
   59   0.1900767087279146E+01
   60   0.2240986674414668E+01
   61   0.2057023692012723E+01
   62   0.2402438491152998E+01
   63   0.2154395143427829E+01
   64   0.1998579083360740E+01
   65   0.1763503184398594E+01
   66   0.1692308678210379E+01
   67   0.1911216930678670E+01
   68   0.1832013274973632E+01
   69   0.1970817210330168E+01
   70   0.1701946247654280E+01
   71   0.1567236115752827E+01
   72   0.1445698673209084E+01
   73   0.2138121321671301E+01
   74   0.1855730251905954E+01
   75   0.1415241583520794E+01
   76   0.1342324974658064E+01
   77   0.1565857146593227E+01
   78   0.1381886861358115E+01
   79   0.1069158439078647E+01
   80   0.1437487795170759E+01
   81   0.1406378784036585E+01
   82   0.1560443516802715E+01
   83   0.1159459141604982E+01
   84   0.1098823862546028E+01
   85   0.1257523547489189E+01
   86   0.1268292298496936E+01
   87   0.1321987973651933E+01
   88   0.9834738435023176E+00
   89   0.1156386543796984E+01
   90   0.1109720822086088E+01
   91   0.1167706875996770E+01
   92   0.1116478764618536E+01
   93   0.1070738539551745E+01
   94   0.9573494515991201E+00
   95   0.8515013361720607E+00
   96   0.9378864333188530E+00
   97   0.1031136530717727E+01
   98   0.7397864081726007E+00
   99   0.9853233967206201E+00
  100   0.9471565672675595E+00
  101   0.8578925330491163E+00
  102   0.9478406025363555E+00
  103   0.8684098210773941E+00
  104   0.9728491387221061E+00
  105   0.6648795368947085E+00
  106   0.8385247066665604E+00
  107   0.7649165613218905E+00
  108   0.9149723129886882E+00
  109   0.7554454363536980E+00
  110   0.8110069198544552E+00
  111   0.6833255077682634E+00
  112   0.6933608409258372E+00
  113   0.5852684812488513E+00
  114   0.5249791120636327E+00
  115   0.6961657406719666E+00
  116   0.7213987791472340E+00
  117   0.8345767854373574E+00
  118   0.6346508946405236E+00
  119   0.6152102037254530E+00
  120   0.5406905381577961E+00
  121   0.7438791514219919E+00
  122   0.5556069254130435E+00
  123   0.6073147113413264E+00
  124   0.4872878126283510E+00
  125   0.5333544790382266E+00
  126   0.5412323369366525E+00
  127   0.5609153213060406E+00
  128   0.5049532430405299E+00
  129   0.4626119810290696E+00
  130   0.5088221311009917E+00
  131   0.4365908468601611E+00
  132   0.4498160351323575E+00
  133   0.4738176589802595E+00
  134   0.4320327390039301E+00
  135   0.4352145690716623E+00
  136   0.4734608713535950E+00
  137   0.4264819785966756E+00
  138   0.4012337173988453E+00
  139   0.4022562035651720E+00
  140   0.4047390837493726E+00
  141   0.3783617644572486E+00
  142   0.3777951823633304E+00
  143   0.3945503624371706E+00
  144   0.3176470033373224E+00
  145   0.3926828348101443E+00
  146   0.3192533479795672E+00
  147   0.3156144943873802E+00
  148   0.3007829740739364E+00
  149   0.3020927795528743E+00
  150   0.3317233212094066E+00
  151   0.2822725670939750E+00
  152   0.2986974299649606E+00
  153   0.3192146663884294E+00
  154   0.2372967220577695E+00
  155   0.2626116836301077E+00
  156   0.2545051549240376E+00
  157   0.2532123417436121E+00
  158   0.2778023879683241E+00
  159   0.2539918519622033E+00
  160   0.2520032576780513E+00
  161   0.2343224634634183E+00
  162   0.2019190307621448E+00
  163   0.2253151349468994E+00
  164   0.2417198838982714E+00
  165   0.2015656128875817E+00
  166   0.2048151285499310E+00
  167   0.1942226825424598E+00
  168   0.2049011027881822E+00
  169   0.1766803854964056E+00
  170   0.1793277644257044E+00
  171   0.1718744414660465E+00
  172   0.2003684229568395E+00
  173   0.1828260216332849E+00
  174   0.1591171319487860E+00
  175   0.1594681824702308E+00
  176   0.1604319449886158E+00
  177   0.1407380231490739E+00
  178   0.1478260806178784E+00
  179   0.1657062366656280E+00
  180   0.1370527380784946E+00
  181   0.1169898913831163E+00
  182   0.1180439692323317E+00
  183   0.1251990006431222E+00
  184   0.1119491029924778E+00
  185   0.1303919571619547E+00
  186   0.1248250606450022E+00
  187   0.1054468093831386E+00
  188   0.1122453524708753E+00
  189   0.1124311160688769E+00
  190   0.1033399341267904E+00
  191   0.1037228923868901E+00
  192   0.1050530086338638E+00
  193   0.9851498755371113E-01
  194   0.9055772967842535E-01
  195   0.7601193243421422E-01
  196   0.8163091583489079E-01
  197   0.7999076112505632E-01
  198   0.8482076520167481E-01
  199   0.7403279469841972E-01
  200   0.8048092302814458E-01
  201   0.7500546909048722E-01
  202   0.7133902934549796E-01
  203   0.7684463686844223E-01
  204   0.6629068539830374E-01
  205   0.6715385527225859E-01
  206   0.6042435306929694E-01
  207   0.5326749714752443E-01
  208   0.5682386029445885E-01
  209   0.4928893167530823E-01
  210   0.5492397494034906E-01
  211   0.4983777388725585E-01
  212   0.5373597597576985E-01
  213   0.4908796275814975E-01
  214   0.4617595920480710E-01
  215   0.5040431962733061E-01
  216   0.4436411849001343E-01
  217   0.4109132978233110E-01
  218   0.4096294217721752E-01
  219   0.3847304452493105E-01
  220   0.4038963735727585E-01
  221   0.3923743449823780E-01
  222   0.3838640462389142E-01
  223   0.3399082283497012E-01
  224   0.3143990239612104E-01
  225   0.3004435385668425E-01
  226   0.3180851771639082E-01
  227   0.3179907762975087E-01
  228   0.2882506937096541E-01
  229   0.2422523437699664E-01
  230   0.2463249919107280E-01
  231   0.2615870287688560E-01
  232   0.2426502478460602E-01
  233   0.2616342833106278E-01
  234   0.2058889230426064E-01
  235   0.2208889151550986E-01
  236   0.2409631173292881E-01
  237   0.1970565549370240E-01
  238   0.1947189294944407E-01
  239   0.1901785290972635E-01
  240   0.1925044532588338E-01
  241   0.1698353724622048E-01
  242   0.1618436707845561E-01
  243   0.1558801996044046E-01
  244   0.1416009580685218E-01
  245   0.1618324281683836E-01
  246   0.1345388911205114E-01
  247   0.1389603608642132E-01
  248   0.1304911450935553E-01
  249   0.1066917836274950E-01
  250   0.1215961981067781E-01
  251   0.1153535198995892E-01
  252   0.1219842602432919E-01
  253   0.1079453054954338E-01
  254   0.1026429060393064E-01
  255   0.9701919273174098E-02
  256   0.9217499700136744E-02
  257   0.8195854611196651E-02
  258   0.8895888916079286E-02
  259   0.7120238659101163E-02
  260   0.8825693313082805E-02
  261   0.7830496071687509E-02
  262   0.7956920634834330E-02
  263   0.7404403904298418E-02
  264   0.6899378037196424E-02
  265   0.5364232707191996E-02
  266   0.6296212547910907E-02
  267   0.5789356857502370E-02
  268   0.5113137812318369E-02
  269   0.4886031679299352E-02
  270   0.4286642195178048E-02
  271   0.5373049754137660E-02
  272   0.5459488381008182E-02
  273   0.4708091429948214E-02
  274   0.4451723831241039E-02
  275   0.3961426426964954E-02
  276   0.3194589991805219E-02
  277   0.4378512173104587E-02
  278   0.3320055338840833E-02
  279   0.3767164445187543E-02
  280   0.3129374225729897E-02
  281   0.2899108586384758E-02
  282   0.2792605515027469E-02
  283   0.3145470955799923E-02
  284   0.2492434451137338E-02
  285   0.2308080025021142E-02
  286   0.2376282703676291E-02
  287   0.2234113497964263E-02
  288   0.2132126298858672E-02
  289   0.2413374459828532E-02
  290   0.2051153451092302E-02
  291   0.1597418853625576E-02
  292   0.1519542784371997E-02
  293   0.1519122657205885E-02
  294   0.1532784060054804E-02
  295   0.1516563499361301E-02
  296   0.1398183387090079E-02
  297   0.1447279167025528E-02
  298   0.1208606888027985E-02
  299   0.1235261639365881E-02
  300   0.1393610765875963E-02
  301   0.1102115688617678E-02
  302   0.1232659089813515E-02
  303   0.1040081201950649E-02
  304   0.1072648092875828E-02
  305   0.1012591005526919E-02
  306   0.7124393202605495E-03
  307   0.8208062208122646E-03
  308   0.8321776847279860E-03
  309   0.8434458532002864E-03
  310   0.7988274509752591E-03
  311   0.9399857697943159E-03
  312   0.5820878905224980E-03
  313   0.6538915002514134E-03
  314   0.5176771678234160E-03
  315   0.7389869963614903E-03
  316   0.6174757203012415E-03
  317   0.5151295525603339E-03
  318   0.5050050247093485E-03
  319   0.5335022334261308E-03
  320   0.5173076472308469E-03
  321   0.4324136782916654E-03
  322   0.4868772802323895E-03
  323   0.3548569373428290E-03
  324   0.3626011370581050E-03
  325   0.3857893602746132E-03
  326   0.3897273406333612E-03
  327   0.4438693084211631E-03
  328   0.3713489729092467E-03
  329   0.3672578877248756E-03
  330   0.3159293503171012E-03
  331   0.3697189266907430E-03
  332   0.2824143229747667E-03
  333   0.2817732036705656E-03
  334   0.3636921040120478E-03
  335   0.2914624909797214E-03
  336   0.3667963113698214E-03
  337   0.2686614640748375E-03
  338   0.2763808175354487E-03
  339   0.2895085260055663E-03
  340   0.2882914190348307E-03
  341   0.2271259163057759E-03
  342   0.2458598889518437E-03
  343   0.2366990443174177E-03
  344   0.2704308008721346E-03
  345   0.2365383020460909E-03
  346   0.2356051700887485E-03
  347   0.2394827567618329E-03
  348   0.2449535736609443E-03
  349   0.2561490913867703E-03
  350   0.1775381801301379E-03
  351   0.2245626683553548E-03
  352   0.2244176999694758E-03
  353   0.2514165281545799E-03
  354   0.2219498329744662E-03
  355   0.2183537411816483E-03
  356   0.2715164928612096E-03
  357   0.1926041370503701E-03
  358   0.2969161484402821E-03
  359   0.3052886619159256E-03
  360   0.2975902524316731E-03
  361   0.2556677966108201E-03
  362   0.2562674232895329E-03
  363   0.2495879698674180E-03
  364   0.2517760479561343E-03
  365   0.2514131972530947E-03
  366   0.2406119389332106E-03
  367   0.2565419905898592E-03
  368   0.2416464689640324E-03
  369   0.2651287908312927E-03
  370   0.2558573481689641E-03
  371   0.2738512574321159E-03
  372   0.3053654861716396E-03
  373   0.2817743921287724E-03
  374   0.3565769253529305E-03
  375   0.3029465122302566E-03
  376   0.3731247767302590E-03
  377   0.3569416861815104E-03
  378   0.3834183836915819E-03
  379   0.4283090631358386E-03
  380   0.5399976060507516E-03
  381   0.5516792465281861E-03
  382   0.5431836722571137E-03
  383   0.5702433277616804E-03
