# nlmax, ncor, nside =         383           1         128
    0  -0.3133137600022460E+02
    1  -0.1145108654402999E+02
    2   0.1346291282384507E+03
    3   0.2039537942431877E+03
    4   0.2311265410256744E+03
    5   0.2392300031109193E+03
    6   0.8507835000627590E+02
    7   0.7234258869318323E+02
    8   0.6081248832362230E+02
    9   0.7069393905065910E+02
   10   0.2662411976685875E+02
   11   0.5350870264193928E+02
   12   0.2026996061387061E+02
   13   0.1768493951047721E+02
   14   0.2561947630048538E+02
   15   0.2675872510085835E+02
   16   0.1951956895071794E+02
   17   0.2819540137684919E+02
   18   0.1366345326403312E+02
   19   0.1269086556983764E+02
   20   0.1039435845707625E+02
   21   0.7854120747189733E+01
   22   0.8068566615315461E+01
   23   0.8100264634870831E+01
   24   0.8170211992308792E+01
   25   0.5234574015458339E+01
   26   0.8995430803149468E+01
   27   0.8280757221087653E+01
   28   0.8699139271076398E+01
   29   0.7857261634280130E+01
   30   0.7127394688331453E+01
   31   0.5754813587554453E+01
   32   0.8284081849775939E+01
   33   0.5105314922528772E+01
   34   0.5109904843483702E+01
   35   0.4048006238727581E+01
   36   0.4270412890588304E+01
   37   0.5634155732165297E+01
   38   0.5398329346156720E+01
   39   0.3952087896691987E+01
   40   0.5440351437476153E+01
   41   0.3889003938535565E+01
   42   0.4648144635740316E+01
   43   0.3532017543644870E+01
   44   0.3863045858335004E+01
   45   0.2664304059593637E+01
   46   0.2385524880617259E+01
   47   0.3944019349322353E+01
   48   0.2058747175207860E+01
   49   0.2963243465790114E+01
   50   0.3627250188938194E+01
   51   0.1977185514548797E+01
   52   0.2627960967100914E+01
   53   0.1849040845822618E+01
   54   0.1728758475539259E+01
   55   0.2369681478297480E+01
   56   0.2582005924999489E+01
   57   0.2359385316539119E+01
   58   0.2389948274431315E+01
   59   0.1674512785268039E+01
   60   0.1855031289261966E+01
   61   0.1672340083306279E+01
   62   0.2283951295334267E+01
   63   0.1617523147621253E+01
   64   0.1261057747036587E+01
   65   0.1620902122898979E+01
   66   0.1492405879838987E+01
   67   0.1545002746403325E+01
   68   0.1347063442991342E+01
   69   0.1840563270090664E+01
   70   0.1200309288903675E+01
   71   0.1463934447019200E+01
   72   0.1075253794680881E+01
   73   0.1753512602618571E+01
   74   0.1389003723369950E+01
   75   0.1048474894052023E+01
   76   0.1093317186637100E+01
   77   0.1232037035090672E+01
   78   0.9314385880825572E+00
   79   0.7975845965972241E+00
   80   0.1188396359727004E+01
   81   0.1046176127577923E+01
   82   0.1278452221579465E+01
   83   0.8620707651579216E+00
   84   0.6796091502416411E+00
   85   0.9764306730769761E+00
   86   0.1009814023607428E+01
   87   0.8835296854121478E+00
   88   0.6264663727740163E+00
   89   0.9137326504441570E+00
   90   0.6998297370397272E+00
   91   0.8398665901168754E+00
   92   0.7530009027170476E+00
   93   0.8448089391545166E+00
   94   0.7040241018631206E+00
   95   0.5626479247432326E+00
   96   0.6290286670171781E+00
   97   0.6546247108966896E+00
   98   0.4750349929580109E+00
   99   0.7414498501654934E+00
  100   0.6409628992696655E+00
  101   0.5837861323959525E+00
  102   0.5535056342135003E+00
  103   0.4774205653544885E+00
  104   0.6513884372459910E+00
  105   0.4513034720604653E+00
  106   0.4648216187939084E+00
  107   0.5315149618666093E+00
  108   0.6273011182896452E+00
  109   0.4848053902546221E+00
  110   0.5122831195906293E+00
  111   0.4078482104275146E+00
  112   0.4696934108501430E+00
  113   0.3111625742852671E+00
  114   0.2800635439126443E+00
  115   0.3930502364880931E+00
  116   0.4683511180837309E+00
  117   0.4385893242466125E+00
  118   0.3842198198553258E+00
  119   0.3308931363290444E+00
  120   0.2190047613425187E+00
  121   0.3924835727093838E+00
  122   0.3270898346340058E+00
  123   0.3331294856070411E+00
  124   0.2203365035645214E+00
  125   0.2743760867796045E+00
  126   0.2477451976887112E+00
  127   0.2763006839049228E+00
  128   0.2991437732231087E+00
  129   0.2107503527766266E+00
  130   0.2650322450186862E+00
  131   0.1896716159581876E+00
  132   0.1905521150589204E+00
  133   0.2231077638509195E+00
  134   0.1902590763153461E+00
  135   0.2377262703940322E+00
  136   0.2534992596451179E+00
  137   0.1816172982256193E+00
  138   0.1896108595489060E+00
  139   0.1958632104120474E+00
  140   0.1760856576538973E+00
  141   0.1759142843731337E+00
  142   0.1534746016736250E+00
  143   0.1453286028645160E+00
  144   0.1464507484857517E+00
  145   0.1806835149444143E+00
  146   0.1367059734174058E+00
  147   0.1202644420708134E+00
  148   0.1156914216807908E+00
  149   0.9150248427230978E-01
  150   0.1240866214237494E+00
  151   0.1024218148053736E+00
  152   0.9872596730237471E-01
  153   0.1115754549760404E+00
  154   0.7865382516161379E-01
  155   0.1154332414712087E+00
  156   0.1003013826557688E+00
  157   0.8673981161672206E-01
  158   0.1047915721608154E+00
  159   0.9347876320104387E-01
  160   0.8399449844616802E-01
  161   0.7430412702443656E-01
  162   0.7181414656381235E-01
  163   0.6685380228190252E-01
  164   0.7145689462889293E-01
  165   0.5899338558563594E-01
  166   0.7120487199633752E-01
  167   0.7948709720921476E-01
  168   0.5768658436218599E-01
  169   0.4961346388725296E-01
  170   0.5240556844090383E-01
  171   0.4775291693805472E-01
  172   0.5371015684036362E-01
  173   0.5143143225810953E-01
  174   0.3787883967493511E-01
  175   0.4106777905970904E-01
  176   0.4425844019971759E-01
  177   0.4139154855150384E-01
  178   0.2798261367950494E-01
  179   0.4594873230756313E-01
  180   0.3663547352506524E-01
  181   0.2494673626077515E-01
  182   0.2554968638355659E-01
  183   0.2598677686225115E-01
  184   0.2883073817794135E-01
  185   0.3107942857034685E-01
  186   0.2848365993229796E-01
  187   0.2284936997385312E-01
  188   0.2909028007145797E-01
  189   0.2723886990669999E-01
  190   0.2188003996863430E-01
  191   0.2200660635118579E-01
  192   0.2211489944149991E-01
  193   0.2270701537112707E-01
  194   0.2015792336887401E-01
  195   0.1757938586430963E-01
  196   0.1475198531538702E-01
  197   0.1518294497016170E-01
  198   0.1535213754355502E-01
  199   0.1225035858187462E-01
  200   0.1128664596104012E-01
  201   0.1401188738564252E-01
  202   0.1110903232806459E-01
  203   0.1126416919172812E-01
  204   0.1218566504400243E-01
  205   0.1050810600620555E-01
  206   0.8431652351487573E-02
  207   0.1056609782383144E-01
  208   0.9116211197663926E-02
  209   0.9606590275551996E-02
  210   0.7914776479049701E-02
  211   0.7173927780692146E-02
  212   0.7758644175578699E-02
  213   0.9327549050992201E-02
  214   0.5518427429253236E-02
  215   0.7221839901788929E-02
  216   0.7590492281916772E-02
  217   0.5211076230303147E-02
  218   0.6550969554747099E-02
  219   0.5079164219791710E-02
  220   0.5155158061924348E-02
  221   0.5763474315039652E-02
  222   0.4752422627885111E-02
  223   0.4412975054911228E-02
  224   0.5154990538583482E-02
  225   0.3800873963419438E-02
  226   0.4055137366074990E-02
  227   0.3854428419655109E-02
  228   0.3967571349281052E-02
  229   0.3068499159236793E-02
  230   0.3288498382962746E-02
  231   0.3813083335175493E-02
  232   0.3416314774857043E-02
  233   0.4189555419237601E-02
  234   0.2500897801451796E-02
  235   0.2962985597652623E-02
  236   0.3221381364078124E-02
  237   0.1917188535657588E-02
  238   0.2568272012808070E-02
  239   0.1625499092939298E-02
  240   0.1650569646188260E-02
  241   0.1521070855403206E-02
  242   0.1022288067151433E-02
  243   0.1612323804933813E-02
  244   0.1053241781191705E-02
  245   0.1037466406621168E-02
  246   0.1847488358470595E-02
  247   0.2057416777208942E-02
  248   0.1502961424485250E-02
  249   0.1629323333153354E-02
  250   0.7980465845098261E-03
  251   0.1080870587790939E-02
  252   0.1225667384579632E-02
  253   0.1711288845925807E-02
  254   0.1314074096454065E-02
  255   0.9965165670841603E-03
  256   0.4769204187125009E-03
  257   0.8481511557204557E-03
  258   0.4058267659582948E-03
  259   0.9905552496886627E-03
  260   0.7965875067990069E-03
  261   0.6585891976608194E-03
  262   0.5966487390882680E-03
  263   0.3613546604049889E-03
  264   0.1099625765271506E-02
  265   0.5703663305852147E-03
  266  -0.6937936954104496E-04
  267   0.6409880590137473E-03
  268   0.8832767030323985E-03
  269   0.5920026050388882E-03
  270   0.3310320051317373E-03
  271   0.9341986013337022E-03
  272   0.8627366838658834E-03
  273   0.6082782672989229E-03
  274   0.8239081338436982E-03
  275   0.5668633004726198E-03
  276   0.3427436714310561E-03
  277   0.6740768627451765E-03
  278   0.5388872430217018E-03
  279   0.7145200578953514E-03
  280   0.2714998175448180E-03
  281   0.6317953570233459E-03
  282   0.5021566068613148E-03
  283   0.1303268579949113E-03
  284   0.7592890639070426E-03
  285   0.4305584373768268E-03
  286   0.2520822024770220E-03
  287   0.6960386029309373E-03
  288   0.4327330323048995E-03
  289   0.2027204483217582E-03
  290   0.4355870067786483E-03
  291   0.6539099771298296E-03
  292   0.2983815758228481E-03
  293   0.2785269883905928E-03
  294   0.8710892788522107E-03
  295   0.3661215893261405E-03
  296   0.5481900091181546E-03
  297   0.6395831383155248E-03
  298   0.9848677464346922E-03
  299   0.1870085166478797E-03
  300   0.6549470400196711E-03
  301   0.8509386198172764E-03
  302   0.1816803026825631E-03
  303   0.3681285796151013E-03
  304   0.5881439427234958E-03
  305   0.3220807288357164E-03
  306   0.6441697826919390E-03
  307   0.4443233953708714E-03
  308   0.8802122833755366E-03
  309   0.5708073597748275E-03
  310   0.4735178036424648E-03
  311   0.3904594253988924E-03
  312   0.2815824810865064E-03
  313   0.3588378878149889E-03
  314   0.8068730782354594E-03
  315   0.1524737935351683E-03
  316   0.4929623703939512E-03
  317   0.2960355204461862E-03
  318   0.6289000709891746E-03
  319   0.3526729580404786E-03
  320   0.3761659483428326E-03
  321   0.4070731874911415E-03
  322   0.4803193117308424E-03
  323   0.1540675247876933E-03
  324   0.5681319204471069E-03
  325   0.5904614788188045E-03
  326   0.5706610768461406E-03
  327   0.3144415714159410E-03
  328   0.4034873041494635E-03
  329   0.4628438170917737E-03
  330   0.5984093563699555E-03
  331   0.5980925147837934E-03
  332   0.5572063930293358E-03
  333   0.8887495231365006E-03
  334   0.7346032255840795E-03
  335   0.5293959415474669E-03
  336   0.5569818451186814E-03
  337   0.6241200110587430E-03
  338   0.4066143685297341E-03
  339   0.5164916313887546E-03
  340   0.1099431210345808E-02
  341   0.4005575675240514E-03
  342   0.3677858598891415E-03
  343   0.3720313135832098E-03
  344   0.3822945533145661E-03
  345   0.7606162549284035E-03
  346   0.6520555235257908E-03
  347   0.5630185211646377E-03
  348   0.4914815033952025E-03
  349   0.7606412371355259E-03
  350   0.6268301800920334E-03
  351   0.5996532731202264E-03
  352   0.6639997982245127E-03
  353   0.6311396556915594E-03
  354   0.7521807366266536E-03
  355   0.8954778595332558E-03
  356   0.6714259336210587E-03
  357   0.7200972915146070E-03
  358   0.5626597064507105E-03
  359   0.6871669656270674E-03
  360   0.8206097004096191E-03
  361   0.8555939835849513E-03
  362   0.8735326764085227E-03
  363   0.8958249148366265E-03
  364   0.8424369192620157E-03
  365   0.1212791472160635E-02
  366   0.1119304205983190E-02
  367   0.1087547074375188E-02
  368   0.9818010658367918E-03
  369   0.1068168405151115E-02
  370   0.8675264510955155E-03
  371   0.1156254891629023E-02
  372   0.9341472439123449E-03
  373   0.1084355538289436E-02
  374   0.1130905530553707E-02
  375   0.1311721280396128E-02
  376   0.1127325878540589E-02
  377   0.1437033007882126E-02
  378   0.1599636005483230E-02
  379   0.1746629962201016E-02
  380   0.1606717328275812E-02
  381   0.1923022687091333E-02
  382   0.1924450906122093E-02
  383   0.2546171556232706E-02
