# nlmax, ncor, nside =         383           1         128
    0   0.3613769478495673E+02
    1   0.2758773984224554E+02
    2   0.1594315135421408E+03
    3   0.4316564193364766E+03
    4   0.2260976351765120E+03
    5   0.2740332882611449E+03
    6   0.9535183320946507E+02
    7   0.1113688398156330E+03
    8   0.5766208900212514E+02
    9   0.4288736347992673E+02
   10   0.5570156764653188E+02
   11   0.5199866711813146E+02
   12   0.3139687830231193E+02
   13   0.2531344986429564E+02
   14   0.2608043318177231E+02
   15   0.2213504550815882E+02
   16   0.1633227514354228E+02
   17   0.2051184382631296E+02
   18   0.1205773538293628E+02
   19   0.1445452149674250E+02
   20   0.1170224472548285E+02
   21   0.8590275189299343E+01
   22   0.7436191348750114E+01
   23   0.8780026626078936E+01
   24   0.8688632507620927E+01
   25   0.7840982248142037E+01
   26   0.7984901296628427E+01
   27   0.6725530640313050E+01
   28   0.9170344623774945E+01
   29   0.7121236399185259E+01
   30   0.6243498483189958E+01
   31   0.5290524489246911E+01
   32   0.7595854487590967E+01
   33   0.5082173740937836E+01
   34   0.5304913755551239E+01
   35   0.4120016367957477E+01
   36   0.4685114752296176E+01
   37   0.5658161104770326E+01
   38   0.4657284324678472E+01
   39   0.4227371196330997E+01
   40   0.6067528751044772E+01
   41   0.3534220324672138E+01
   42   0.3837311836413275E+01
   43   0.3659266094959896E+01
   44   0.2997067356003013E+01
   45   0.2666331932833601E+01
   46   0.2994435534751817E+01
   47   0.3902288957941288E+01
   48   0.2184852888143496E+01
   49   0.3223455928697759E+01
   50   0.3194610489508137E+01
   51   0.2225083452345968E+01
   52   0.2584612381103182E+01
   53   0.1905403218696497E+01
   54   0.1889801637966672E+01
   55   0.2177941261003087E+01
   56   0.2741367999136461E+01
   57   0.2378338229939667E+01
   58   0.2285361837647581E+01
   59   0.1632924593905391E+01
   60   0.2034880281302548E+01
   61   0.1808810577112816E+01
   62   0.2077241398937509E+01
   63   0.1812010033477128E+01
   64   0.1715068207150946E+01
   65   0.1475071713748239E+01
   66   0.1380956934059039E+01
   67   0.1564269599346714E+01
   68   0.1503869494528882E+01
   69   0.1675460046106149E+01
   70   0.1425452700405059E+01
   71   0.1256771476005304E+01
   72   0.1205840029838713E+01
   73   0.1750097289123791E+01
   74   0.1485134599494043E+01
   75   0.1105260848079907E+01
   76   0.1063306719245916E+01
   77   0.1205953173742998E+01
   78   0.1083795311624903E+01
   79   0.8352585396753209E+00
   80   0.1068919859237822E+01
   81   0.1087814397671436E+01
   82   0.1188160956286197E+01
   83   0.8870978641671241E+00
   84   0.8193763965037826E+00
   85   0.9389126313313245E+00
   86   0.9530010320494751E+00
   87   0.9507201311865547E+00
   88   0.7466822647527487E+00
   89   0.8424818201926119E+00
   90   0.8398933395592487E+00
   91   0.8436493527776168E+00
   92   0.7970446116851191E+00
   93   0.7471459460889742E+00
   94   0.6594978720027247E+00
   95   0.5752237962371849E+00
   96   0.6417836527767715E+00
   97   0.7012905819090107E+00
   98   0.4798301406140548E+00
   99   0.6692686914547024E+00
  100   0.6342306066555354E+00
  101   0.5805923104617592E+00
  102   0.6332829673522740E+00
  103   0.5430397963252207E+00
  104   0.6022216330958032E+00
  105   0.4242050889325655E+00
  106   0.5306252312226889E+00
  107   0.4804880967811185E+00
  108   0.5712166800304608E+00
  109   0.4710567707444457E+00
  110   0.4888621309248613E+00
  111   0.4019115690483094E+00
  112   0.4081567679183465E+00
  113   0.3540096536268343E+00
  114   0.3086701802820121E+00
  115   0.4099725683285583E+00
  116   0.4284291560942196E+00
  117   0.4674860094251931E+00
  118   0.3468701083888990E+00
  119   0.3476634263024655E+00
  120   0.3096545331027341E+00
  121   0.4074238850404348E+00
  122   0.3067791760389796E+00
  123   0.3279738973836476E+00
  124   0.2610180282493154E+00
  125   0.2718798708058529E+00
  126   0.2746618996015043E+00
  127   0.2892979954775377E+00
  128   0.2562404536730953E+00
  129   0.2449138635934063E+00
  130   0.2533153032654640E+00
  131   0.2194285037078070E+00
  132   0.2205338130050298E+00
  133   0.2274977872925129E+00
  134   0.2049664009242669E+00
  135   0.1976792972316846E+00
  136   0.2205766855247102E+00
  137   0.1940635849321840E+00
  138   0.1816361716200163E+00
  139   0.1812370925926480E+00
  140   0.1814202326184735E+00
  141   0.1733332283582670E+00
  142   0.1722808873302123E+00
  143   0.1759035146152443E+00
  144   0.1411551305658618E+00
  145   0.1579556442261393E+00
  146   0.1422504158840696E+00
  147   0.1314973333377932E+00
  148   0.1206883110681782E+00
  149   0.1182731092247933E+00
  150   0.1383538341073940E+00
  151   0.1114495734113435E+00
  152   0.1113706519462998E+00
  153   0.1252062803243884E+00
  154   0.9284217588037746E-01
  155   0.1040647069157816E+00
  156   0.9696871910945104E-01
  157   0.8991215053238710E-01
  158   0.1004331391583870E+00
  159   0.8939184576980830E-01
  160   0.8045138310995370E-01
  161   0.8320291236789956E-01
  162   0.7048115175832725E-01
  163   0.7183012081484752E-01
  164   0.8053389569184910E-01
  165   0.6881649531271539E-01
  166   0.6771573570572242E-01
  167   0.6487050985513676E-01
  168   0.6196094932902640E-01
  169   0.5771986658708916E-01
  170   0.5382165794570382E-01
  171   0.5173248762341687E-01
  172   0.6217812182260052E-01
  173   0.5845920349683909E-01
  174   0.5011151288735527E-01
  175   0.4890973156184020E-01
  176   0.4541846827572049E-01
  177   0.4293072044929314E-01
  178   0.4297799065297236E-01
  179   0.4762833264776956E-01
  180   0.3850903754926305E-01
  181   0.3397581948761419E-01
  182   0.3526597898116524E-01
  183   0.3494341789529687E-01
  184   0.3306779576190300E-01
  185   0.3406194894045655E-01
  186   0.3750208113120479E-01
  187   0.2632510671274169E-01
  188   0.2977763201466888E-01
  189   0.2840257776251609E-01
  190   0.2802892122875100E-01
  191   0.2707079097310650E-01
  192   0.2869334537160206E-01
  193   0.2618657339037711E-01
  194   0.2298342460398684E-01
  195   0.1834655394782869E-01
  196   0.2017304885168714E-01
  197   0.2042403532956383E-01
  198   0.2171761592653376E-01
  199   0.1880053111837998E-01
  200   0.2093543646008722E-01
  201   0.1827276019402635E-01
  202   0.1838591765188879E-01
  203   0.1670451657659699E-01
  204   0.1433488817216699E-01
  205   0.1550938093856757E-01
  206   0.1309012346672678E-01
  207   0.1113812008500181E-01
  208   0.1207057269163159E-01
  209   0.1056272809214731E-01
  210   0.1203261192561267E-01
  211   0.1029421314210144E-01
  212   0.1182954793347801E-01
  213   0.1110248727250351E-01
  214   0.9440342533860724E-02
  215   0.1107745710259089E-01
  216   0.8954012631408714E-02
  217   0.9239327514099727E-02
  218   0.9358721247080148E-02
  219   0.8050615595072474E-02
  220   0.8220585707519379E-02
  221   0.9688493950941290E-02
  222   0.7855540483376000E-02
  223   0.7077054079652534E-02
  224   0.7028954147896060E-02
  225   0.7149520746176252E-02
  226   0.6911762191743831E-02
  227   0.6468577000684483E-02
  228   0.5870689925635331E-02
  229   0.5277867484168697E-02
  230   0.6148075132578867E-02
  231   0.6265735952416862E-02
  232   0.5248598161546880E-02
  233   0.6285626671842515E-02
  234   0.5005280361611519E-02
  235   0.5434007503322236E-02
  236   0.4841381525186983E-02
  237   0.5003768500328798E-02
  238   0.4076572738369588E-02
  239   0.4342558215824965E-02
  240   0.3861786613785556E-02
  241   0.4215182622677394E-02
  242   0.4237630268128734E-02
  243   0.3558676285070894E-02
  244   0.3667079303004583E-02
  245   0.3563387738779067E-02
  246   0.3668445883202254E-02
  247   0.3365599400892094E-02
  248   0.3239074387606400E-02
  249   0.3018316720080572E-02
  250   0.3459790836987331E-02
  251   0.3142130796873421E-02
  252   0.3234571141749409E-02
  253   0.3285784828095606E-02
  254   0.3288658713308079E-02
  255   0.3012521517475664E-02
  256   0.2993278715217040E-02
  257   0.2902325186591614E-02
  258   0.3687131504347629E-02
  259   0.3073587307423964E-02
  260   0.3113455235721763E-02
  261   0.2963597930275064E-02
  262   0.2819222310796177E-02
  263   0.2553371555398198E-02
  264   0.3229483605634798E-02
  265   0.2445138703939809E-02
  266   0.2856946012198103E-02
  267   0.2665817922857083E-02
  268   0.2725295927348770E-02
  269   0.2560839015954386E-02
  270   0.2539431481077936E-02
  271   0.2668307636696510E-02
  272   0.2630015164993782E-02
  273   0.2496083959930007E-02
  274   0.2430527425140494E-02
  275   0.2510401964566533E-02
  276   0.2221321968730705E-02
  277   0.2323497094103899E-02
  278   0.2186109859270535E-02
  279   0.2314664793021226E-02
  280   0.2158980477981853E-02
  281   0.2199790699387028E-02
  282   0.2422143738722293E-02
  283   0.2199689705853158E-02
  284   0.2506323946360356E-02
  285   0.2341261907726155E-02
  286   0.2447168585633597E-02
  287   0.2230770430603657E-02
  288   0.2342217992858164E-02
  289   0.2192030036921644E-02
  290   0.2281454107501468E-02
  291   0.2038040041213995E-02
  292   0.2475338732050469E-02
  293   0.2470655656931942E-02
  294   0.2581164992136731E-02
  295   0.2360022998863787E-02
  296   0.2725384940501951E-02
  297   0.2368880016847763E-02
  298   0.2358299270324382E-02
  299   0.2206752107116516E-02
  300   0.2432198947621200E-02
  301   0.2209403175597979E-02
  302   0.2335906455296410E-02
  303   0.2229784063420392E-02
  304   0.2365250728051660E-02
  305   0.2237585631621186E-02
  306   0.2303208211157204E-02
  307   0.2590511798054917E-02
  308   0.2528892882041889E-02
  309   0.2428361492021192E-02
  310   0.2400470217910622E-02
  311   0.2354998563194710E-02
  312   0.2214053473687083E-02
  313   0.2326286239737185E-02
  314   0.2225469958674120E-02
  315   0.2179103583210273E-02
  316   0.2110633714762999E-02
  317   0.2277838635877105E-02
  318   0.2162384853157839E-02
  319   0.2061321832953156E-02
  320   0.2360898530331057E-02
  321   0.2457783375872102E-02
  322   0.2517945350219680E-02
  323   0.2303928785546389E-02
  324   0.2291108843212014E-02
  325   0.2279130229152382E-02
  326   0.2119240684064050E-02
  327   0.2153313462843004E-02
  328   0.2025859284413289E-02
  329   0.2016812817347696E-02
  330   0.1987643634644515E-02
  331   0.2003775975861877E-02
  332   0.1974735147436513E-02
  333   0.1955630628709931E-02
  334   0.2113721708518757E-02
  335   0.2081462699530273E-02
  336   0.2019042270784310E-02
  337   0.2061286352963404E-02
  338   0.1944032009063817E-02
  339   0.1962153101752129E-02
  340   0.1932110104610418E-02
  341   0.1972182811276424E-02
  342   0.1887950194884663E-02
  343   0.1976447803557990E-02
  344   0.2054601980531950E-02
  345   0.2108869774785332E-02
  346   0.2032370418394075E-02
  347   0.1914782797076270E-02
  348   0.1943382840520341E-02
  349   0.1877833645471283E-02
  350   0.2002424807891340E-02
  351   0.2086208012360369E-02
  352   0.1982994395039780E-02
  353   0.1865931051205694E-02
  354   0.1811610482688367E-02
  355   0.1767851560388861E-02
  356   0.1925731308407660E-02
  357   0.1788879164647011E-02
  358   0.1806151295729058E-02
  359   0.1730396193609693E-02
  360   0.1643920246894665E-02
  361   0.1847205231143512E-02
  362   0.1802413921012866E-02
  363   0.2093790208795021E-02
  364   0.1814618861346581E-02
  365   0.1787006861446866E-02
  366   0.1793818937669917E-02
  367   0.1704383760081599E-02
  368   0.1758921720783305E-02
  369   0.1657088863329582E-02
  370   0.1820316816354195E-02
  371   0.1620939183199846E-02
  372   0.1848691870610916E-02
  373   0.1638537176918135E-02
  374   0.1750330024101215E-02
  375   0.1768484084306625E-02
  376   0.1747993490691942E-02
  377   0.1806257995506298E-02
  378   0.1710162533023356E-02
  379   0.1916312146550869E-02
  380   0.1721666073283876E-02
  381   0.1815764094539579E-02
  382   0.1677371580973507E-02
  383   0.1773956016267023E-02
