# nlmax, ncor, nside =         383           1         128
    0   0.2723210807222061E+02
    1   0.2047029781861080E+02
    2   0.1303767605521601E+03
    3   0.4327820600085894E+03
    4   0.2354842412185507E+03
    5   0.2719032122366811E+03
    6   0.8955269886070880E+02
    7   0.1111163754731181E+03
    8   0.5664676495382979E+02
    9   0.4303222983053667E+02
   10   0.5723357604115503E+02
   11   0.5382388821056611E+02
   12   0.3138872773457674E+02
   13   0.2662659593021686E+02
   14   0.2668014371014327E+02
   15   0.2238434749315213E+02
   16   0.1666583134997861E+02
   17   0.2082738339352116E+02
   18   0.1180167076432835E+02
   19   0.1488119501890899E+02
   20   0.1230476532698153E+02
   21   0.8510783966627926E+01
   22   0.7680970533560220E+01
   23   0.8941577489085379E+01
   24   0.8936402011511264E+01
   25   0.7989806440866947E+01
   26   0.8332561211106153E+01
   27   0.6784977726521308E+01
   28   0.9217925217822517E+01
   29   0.7275475065653836E+01
   30   0.6352467087695340E+01
   31   0.5290044594105163E+01
   32   0.7682005703959804E+01
   33   0.5095185797862177E+01
   34   0.5441160457346493E+01
   35   0.4278825586330741E+01
   36   0.4766707554991592E+01
   37   0.5663311093521131E+01
   38   0.4770593503676145E+01
   39   0.4191744476141340E+01
   40   0.6103299703124444E+01
   41   0.3658045823326905E+01
   42   0.3923763738621399E+01
   43   0.3572359791240295E+01
   44   0.2973169604391375E+01
   45   0.2720877119836540E+01
   46   0.3058946298165870E+01
   47   0.3960781043804124E+01
   48   0.2186285210925839E+01
   49   0.3245508946977335E+01
   50   0.3216954718119525E+01
   51   0.2219312020141111E+01
   52   0.2581321899165482E+01
   53   0.1941208004589485E+01
   54   0.1913095377391676E+01
   55   0.2161417633844941E+01
   56   0.2749611114271458E+01
   57   0.2350314741010554E+01
   58   0.2263059739359245E+01
   59   0.1612963901121519E+01
   60   0.1991830901901079E+01
   61   0.1796718324762293E+01
   62   0.2083698037483416E+01
   63   0.1809074611463467E+01
   64   0.1699635562497274E+01
   65   0.1475345642039462E+01
   66   0.1381695581655274E+01
   67   0.1586558871809591E+01
   68   0.1505355401019447E+01
   69   0.1663139370435241E+01
   70   0.1404686620238867E+01
   71   0.1290609323731893E+01
   72   0.1223479491702149E+01
   73   0.1726823400729961E+01
   74   0.1486539284083122E+01
   75   0.1113911270567197E+01
   76   0.1075988979233520E+01
   77   0.1217906046687989E+01
   78   0.1075968858457639E+01
   79   0.8309934799648182E+00
   80   0.1060049335905788E+01
   81   0.1097081078752799E+01
   82   0.1192031867216472E+01
   83   0.9016419227056540E+00
   84   0.8210194044971639E+00
   85   0.9353419778894039E+00
   86   0.9668571619620332E+00
   87   0.9793258392477948E+00
   88   0.7730399989211632E+00
   89   0.8458324677850719E+00
   90   0.8581124232209569E+00
   91   0.8410600469279765E+00
   92   0.8023604352700622E+00
   93   0.7461460044211503E+00
   94   0.6742824353551780E+00
   95   0.5840575353159942E+00
   96   0.6420365911643942E+00
   97   0.7175548250132711E+00
   98   0.4933547365405702E+00
   99   0.6802131633016142E+00
  100   0.6436531461842854E+00
  101   0.5988760451122566E+00
  102   0.6427066530912504E+00
  103   0.5465829346825744E+00
  104   0.5923600063643506E+00
  105   0.4396125869681644E+00
  106   0.5338267835686181E+00
  107   0.4833663613251138E+00
  108   0.5718896266471885E+00
  109   0.4755978840195327E+00
  110   0.5024874515667888E+00
  111   0.4055366725737495E+00
  112   0.4187273525559205E+00
  113   0.3511093773463325E+00
  114   0.3169554059503580E+00
  115   0.4166378820480503E+00
  116   0.4347566274914192E+00
  117   0.4669643655424514E+00
  118   0.3440161071895345E+00
  119   0.3480801640580202E+00
  120   0.3114279590140929E+00
  121   0.4018231827610877E+00
  122   0.3075980119400478E+00
  123   0.3369942092862913E+00
  124   0.2645244731082788E+00
  125   0.2725678552499778E+00
  126   0.2841314895515458E+00
  127   0.2990501623562447E+00
  128   0.2660944976068368E+00
  129   0.2574983304157964E+00
  130   0.2615732563230976E+00
  131   0.2295632541075209E+00
  132   0.2302327731980033E+00
  133   0.2380908144451997E+00
  134   0.2072022266390865E+00
  135   0.2016050086418758E+00
  136   0.2216317206127302E+00
  137   0.2007050339152953E+00
  138   0.1907586735917928E+00
  139   0.1837270976366719E+00
  140   0.1875852888081706E+00
  141   0.1828602350545744E+00
  142   0.1722715113815367E+00
  143   0.1785819278263358E+00
  144   0.1482399446851779E+00
  145   0.1617328421142312E+00
  146   0.1443593579231797E+00
  147   0.1404572465552788E+00
  148   0.1272153110777406E+00
  149   0.1239226224129176E+00
  150   0.1417957808747756E+00
  151   0.1207607458949070E+00
  152   0.1211393266176514E+00
  153   0.1273271829195082E+00
  154   0.9689080836791997E-01
  155   0.1100042405815431E+00
  156   0.1011027700653124E+00
  157   0.8804375347292470E-01
  158   0.1052549120592858E+00
  159   0.9433566530399518E-01
  160   0.8747271994673456E-01
  161   0.9193841332880126E-01
  162   0.7602643037482781E-01
  163   0.7776502680939279E-01
  164   0.8817733374447567E-01
  165   0.7311665957067737E-01
  166   0.7134731380512604E-01
  167   0.7053410871161703E-01
  168   0.6519568163901457E-01
  169   0.5925662116386243E-01
  170   0.5874296522534450E-01
  171   0.5697305537724873E-01
  172   0.6668892431822815E-01
  173   0.6109086314658008E-01
  174   0.5432935400317151E-01
  175   0.5384325717512195E-01
  176   0.4930110412329902E-01
  177   0.4891493449383000E-01
  178   0.4737427888287848E-01
  179   0.5231085810741321E-01
  180   0.4239191480150006E-01
  181   0.3942545817253940E-01
  182   0.3655816128385025E-01
  183   0.3680075815242256E-01
  184   0.3479412879099952E-01
  185   0.3948625250524784E-01
  186   0.4206469046291406E-01
  187   0.2924616625758647E-01
  188   0.3325663357872244E-01
  189   0.3113684245832393E-01
  190   0.2956467369401850E-01
  191   0.3071345634797940E-01
  192   0.3134802089464062E-01
  193   0.2850635840095550E-01
  194   0.2316823051502892E-01
  195   0.2143156782729116E-01
  196   0.2274621718889536E-01
  197   0.2175476508236884E-01
  198   0.2360991111331068E-01
  199   0.2080266019371291E-01
  200   0.2341116171177859E-01
  201   0.2072426760985668E-01
  202   0.2022129826527663E-01
  203   0.1978996199123595E-01
  204   0.1656143160809120E-01
  205   0.1934429738804977E-01
  206   0.1695800336649866E-01
  207   0.1455409629077153E-01
  208   0.1489878694720193E-01
  209   0.1266482028849192E-01
  210   0.1464223599214809E-01
  211   0.1335492232789515E-01
  212   0.1456940470004475E-01
  213   0.1332797734207225E-01
  214   0.1242304854641108E-01
  215   0.1376693971580634E-01
  216   0.1143440483403790E-01
  217   0.1155668273242105E-01
  218   0.1131964251180539E-01
  219   0.1107892660985177E-01
  220   0.1182925528342205E-01
  221   0.1188101415031162E-01
  222   0.1046096607200664E-01
  223   0.9125802176117248E-02
  224   0.9253262710750776E-02
  225   0.9903149889292084E-02
  226   0.9829367225317465E-02
  227   0.8795888476789027E-02
  228   0.8216424870843841E-02
  229   0.7290927626420474E-02
  230   0.7782331862254077E-02
  231   0.7436972241692041E-02
  232   0.7420017054692973E-02
  233   0.7754525840046878E-02
  234   0.7481273673726530E-02
  235   0.6815384364766253E-02
  236   0.6508108719755823E-02
  237   0.6429465202342111E-02
  238   0.5879022732895645E-02
  239   0.6028772894993817E-02
  240   0.6236442178444657E-02
  241   0.6458088086668812E-02
  242   0.7106420993968077E-02
  243   0.6038150772261552E-02
  244   0.5632866036690110E-02
  245   0.5812561705363817E-02
  246   0.5433698004573939E-02
  247   0.5110539386307900E-02
  248   0.5121831985032133E-02
  249   0.4746940872846217E-02
  250   0.5190981486671187E-02
  251   0.4697327453982436E-02
  252   0.4673588475587520E-02
  253   0.5057128357761287E-02
  254   0.4717210853911635E-02
  255   0.4450363960057824E-02
  256   0.4243984759449093E-02
  257   0.4656919961695594E-02
  258   0.4580074924429356E-02
  259   0.4158897222561131E-02
  260   0.4639290156031761E-02
  261   0.4553985473946642E-02
  262   0.4391153170952233E-02
  263   0.3901100418877923E-02
  264   0.4971930973424799E-02
  265   0.4184307051162239E-02
  266   0.4359885923237272E-02
  267   0.4081222376741966E-02
  268   0.4144780669112058E-02
  269   0.4094272608235805E-02
  270   0.4466445325541191E-02
  271   0.4581159573762927E-02
  272   0.4467320403692299E-02
  273   0.4055440422608969E-02
  274   0.4004869040817483E-02
  275   0.4250958537030836E-02
  276   0.3704279743058092E-02
  277   0.4045489077550868E-02
  278   0.3746649720965445E-02
  279   0.4004110240527381E-02
  280   0.3484127669970249E-02
  281   0.4171748567186384E-02
  282   0.4152645916847830E-02
  283   0.4551391363257051E-02
  284   0.4053843847665883E-02
  285   0.3854178806945163E-02
  286   0.4060404323919964E-02
  287   0.4326088822747376E-02
  288   0.4021055824553643E-02
  289   0.3857525610677925E-02
  290   0.3744086496926924E-02
  291   0.3706684938166838E-02
  292   0.3952977354777232E-02
  293   0.4053404414914197E-02
  294   0.4218230764096276E-02
  295   0.4288145308096347E-02
  296   0.4113436504759094E-02
  297   0.4155011208122783E-02
  298   0.3898720767123998E-02
  299   0.4209648403633970E-02
  300   0.4035782872410465E-02
  301   0.3857048763634907E-02
  302   0.3660625843329213E-02
  303   0.3862342151985887E-02
  304   0.3696614121156794E-02
  305   0.3719203894217649E-02
  306   0.3434195771103599E-02
  307   0.3535840021135661E-02
  308   0.3359212020450308E-02
  309   0.3522877064978669E-02
  310   0.3811925301315688E-02
  311   0.4036071028225008E-02
  312   0.3985187827837133E-02
  313   0.3983959107839719E-02
  314   0.4048978966614825E-02
  315   0.3863450672913660E-02
  316   0.3677244737230079E-02
  317   0.3414510663292236E-02
  318   0.3369081917382721E-02
  319   0.3232583480951789E-02
  320   0.3494531722969596E-02
  321   0.3789195991042410E-02
  322   0.3750851658264998E-02
  323   0.3504202225067671E-02
  324   0.3535289642636164E-02
  325   0.3604753794152676E-02
  326   0.3663501059645191E-02
  327   0.3794369210122633E-02
  328   0.3485841640783249E-02
  329   0.3524316637190050E-02
  330   0.3331894744720426E-02
  331   0.3153484331550882E-02
  332   0.3132080643609314E-02
  333   0.2958207478262642E-02
  334   0.3012469837569171E-02
  335   0.2981310307779511E-02
  336   0.2979560728218505E-02
  337   0.2836406671903713E-02
  338   0.2903053935029598E-02
  339   0.3026172424409224E-02
  340   0.3247504152507491E-02
  341   0.3380876152631551E-02
  342   0.3195552065437840E-02
  343   0.3111818422114859E-02
  344   0.3049272498617195E-02
  345   0.3029162722403056E-02
  346   0.2758195639920219E-02
  347   0.2827214908416059E-02
  348   0.2618251404478994E-02
  349   0.2753440247762445E-02
  350   0.2697062093466124E-02
  351   0.2705687923605538E-02
  352   0.2647878032972395E-02
  353   0.2590061505992794E-02
  354   0.2620482735902499E-02
  355   0.2722078321344065E-02
  356   0.2657978570675762E-02
  357   0.2807655231190934E-02
  358   0.2862072524797907E-02
  359   0.2808340470661183E-02
  360   0.2633707165266300E-02
  361   0.2671902508778801E-02
  362   0.2631961586609735E-02
  363   0.2845530209166794E-02
  364   0.2835573509329309E-02
  365   0.2808538615839601E-02
  366   0.2666462035578396E-02
  367   0.2658023425790995E-02
  368   0.2626724124021845E-02
  369   0.2541707271720928E-02
  370   0.2739416040871703E-02
  371   0.2608218291896801E-02
  372   0.2606682369733895E-02
  373   0.2645110874206651E-02
  374   0.2805458851273916E-02
  375   0.2806000388402105E-02
  376   0.2911680830223969E-02
  377   0.3075714575653272E-02
  378   0.2978920192255770E-02
  379   0.2966528313216029E-02
  380   0.2861883166752777E-02
  381   0.2897580038499896E-02
  382   0.2810846840676028E-02
  383   0.2865909907967544E-02
