# nlmax, ncor, nside =         383           1         128
    0   0.2876525475208166E-06
    1   0.1752517267251546E-06
    2   0.1266484172144334E+03
    3   0.4671171439297989E+03
    4   0.2579649313337868E+03
    5   0.2621440006781957E+03
    6   0.1063062935842231E+03
    7   0.1183065748451124E+03
    8   0.6068823635011195E+02
    9   0.4592660232743039E+02
   10   0.6761629916537912E+02
   11   0.6913073187703137E+02
   12   0.3505174372297408E+02
   13   0.3700341286870682E+02
   14   0.3429506267434507E+02
   15   0.2802189623342822E+02
   16   0.1867277713750550E+02
   17   0.2519372935478488E+02
   18   0.1533524467162384E+02
   19   0.1861453852717764E+02
   20   0.1792499382333509E+02
   21   0.1137656848551925E+02
   22   0.1174689039612059E+02
   23   0.1209468017323545E+02
   24   0.1339781551882021E+02
   25   0.1038169315838039E+02
   26   0.1220816807358998E+02
   27   0.8847303647361798E+01
   28   0.1203953668841924E+02
   29   0.9909682431551866E+01
   30   0.8975090552176011E+01
   31   0.6801723558279315E+01
   32   0.9595087247860905E+01
   33   0.6344257696584206E+01
   34   0.7973387943446336E+01
   35   0.6631282976215816E+01
   36   0.6085867414812368E+01
   37   0.7342832613375077E+01
   38   0.6629761934980703E+01
   39   0.4777340348374063E+01
   40   0.7053608314376861E+01
   41   0.5481321006596759E+01
   42   0.4936829955097330E+01
   43   0.4169361973908109E+01
   44   0.3326284874375093E+01
   45   0.4224538835546280E+01
   46   0.4719040942084792E+01
   47   0.5323520710604662E+01
   48   0.3038918439048886E+01
   49   0.4308661999952776E+01
   50   0.3999037232394332E+01
   51   0.2874882871658081E+01
   52   0.3193620372981931E+01
   53   0.2741084890875254E+01
   54   0.2692865702742850E+01
   55   0.2666736767470551E+01
   56   0.3253725069632171E+01
   57   0.2576566927058959E+01
   58   0.2477425395920393E+01
   59   0.1938667172873241E+01
   60   0.2250170995316628E+01
   61   0.2325554166530682E+01
   62   0.2372420629189685E+01
   63   0.2237309582821840E+01
   64   0.1932514017638807E+01
   65   0.1969952757397348E+01
   66   0.1723908610405246E+01
   67   0.2142617978759213E+01
   68   0.1824723478647011E+01
   69   0.1750869646688739E+01
   70   0.1613091955246647E+01
   71   0.1719792065213795E+01
   72   0.1403846756593509E+01
   73   0.1907632512889653E+01
   74   0.1455262184234131E+01
   75   0.1585074702502925E+01
   76   0.1387887279157426E+01
   77   0.1645666703026978E+01
   78   0.1248573703411837E+01
   79   0.1024796672570841E+01
   80   0.1311842903471565E+01
   81   0.1218208726541793E+01
   82   0.1313228659331318E+01
   83   0.9783288061235519E+00
   84   0.1016639261489944E+01
   85   0.1078104592809555E+01
   86   0.1175613912700806E+01
   87   0.1140180107325144E+01
   88   0.9720513831399277E+00
   89   0.9956903483308390E+00
   90   0.9457532168396832E+00
   91   0.1005039971838033E+01
   92   0.9072224104825978E+00
   93   0.8821865888534643E+00
   94   0.8327751054118516E+00
   95   0.6979450699959876E+00
   96   0.7535273628604888E+00
   97   0.8849447640995031E+00
   98   0.6549289482910823E+00
   99   0.7269574169520762E+00
  100   0.6912573382184737E+00
  101   0.7048456542497746E+00
  102   0.6686328424150353E+00
  103   0.6416303586020707E+00
  104   0.6742853168676269E+00
  105   0.5492116695392617E+00
  106   0.5500040947846708E+00
  107   0.5929434142976912E+00
  108   0.6911738279099162E+00
  109   0.5488187847869492E+00
  110   0.5840580969432687E+00
  111   0.4790104407184723E+00
  112   0.4832320944630583E+00
  113   0.4373743722773965E+00
  114   0.3791106305936522E+00
  115   0.4793595571891847E+00
  116   0.4554020666539129E+00
  117   0.5259296030956185E+00
  118   0.4426850994334584E+00
  119   0.3901045061429887E+00
  120   0.3563279053684707E+00
  121   0.4520011441462893E+00
  122   0.3411839239710165E+00
  123   0.3632209357192500E+00
  124   0.3110799157680287E+00
  125   0.3288338435983795E+00
  126   0.3371909099700378E+00
  127   0.3035450162959794E+00
  128   0.2995848757924268E+00
  129   0.2650965793784185E+00
  130   0.2913188302044992E+00
  131   0.2348652954244985E+00
  132   0.2509863558248180E+00
  133   0.2490763865989991E+00
  134   0.2364699429958405E+00
  135   0.2428332600052773E+00
  136   0.2465353507290087E+00
  137   0.2127232497071572E+00
  138   0.2065817850638926E+00
  139   0.2018507655686434E+00
  140   0.1846479804874327E+00
  141   0.1820207842635922E+00
  142   0.1950439836719453E+00
  143   0.1868112919256346E+00
  144   0.1650704063402462E+00
  145   0.1985789830431449E+00
  146   0.1454877867822088E+00
  147   0.1402105625809581E+00
  148   0.1311750916377795E+00
  149   0.1423135578765388E+00
  150   0.1501631980459569E+00
  151   0.1303404152295090E+00
  152   0.1407590420313448E+00
  153   0.1422113817647448E+00
  154   0.1071323645515745E+00
  155   0.1060733509584540E+00
  156   0.1123008792516055E+00
  157   0.1077623406993988E+00
  158   0.1061112692440901E+00
  159   0.9477940121197719E-01
  160   0.1018805816819219E+00
  161   0.9060417156709538E-01
  162   0.7832218294786414E-01
  163   0.8247853180404219E-01
  164   0.8862824903560257E-01
  165   0.7693582626590015E-01
  166   0.7112651781053114E-01
  167   0.6984936205211288E-01
  168   0.7113123777863872E-01
  169   0.6823432901292842E-01
  170   0.6296853944946747E-01
  171   0.6291625714871703E-01
  172   0.6562367442379932E-01
  173   0.5921152943221489E-01
  174   0.5472669237939443E-01
  175   0.5110361972224364E-01
  176   0.5060774891195390E-01
  177   0.4309993238345806E-01
  178   0.4332267393200462E-01
  179   0.4972224502489930E-01
  180   0.3866281466853804E-01
  181   0.3257429707971448E-01
  182   0.3688313213968894E-01
  183   0.3691390750095668E-01
  184   0.3278246700184361E-01
  185   0.3451595124336605E-01
  186   0.3226578529145146E-01
  187   0.2718047662664669E-01
  188   0.2866852388657548E-01
  189   0.2967300925121432E-01
  190   0.2623653222695717E-01
  191   0.2617245369097221E-01
  192   0.2497752002347048E-01
  193   0.2182907364658713E-01
  194   0.2353341692168512E-01
  195   0.1789533841520767E-01
  196   0.1912720804855515E-01
  197   0.1877519981973410E-01
  198   0.1906701809439970E-01
  199   0.1703647995013762E-01
  200   0.1648211658707002E-01
  201   0.1457800343472222E-01
  202   0.1489409029464364E-01
  203   0.1584897574876675E-01
  204   0.1379656224268471E-01
  205   0.1232129637274591E-01
  206   0.1329427169949469E-01
  207   0.1078186894855184E-01
  208   0.1077482459870105E-01
  209   0.9977505559309792E-02
  210   0.9939773888150094E-02
  211   0.8580123427199823E-02
  212   0.9611295494023644E-02
  213   0.8387796576626728E-02
  214   0.7277722217904022E-02
  215   0.8096326870305162E-02
  216   0.7279707883987466E-02
  217   0.6346696552194741E-02
  218   0.6748964244637575E-02
  219   0.6163282889459803E-02
  220   0.6135132514936962E-02
  221   0.5816231188622288E-02
  222   0.5599774732366667E-02
  223   0.5067386561938432E-02
  224   0.4435732846408773E-02
  225   0.4263911481925142E-02
  226   0.4305955671036248E-02
  227   0.4115151079764704E-02
  228   0.3685672315986909E-02
  229   0.3243493757489586E-02
  230   0.3072311591692800E-02
  231   0.3331947757025361E-02
  232   0.3037527125446430E-02
  233   0.2827450200737070E-02
  234   0.2528620016723358E-02
  235   0.2493356554454911E-02
  236   0.2561767729717946E-02
  237   0.2205319673128305E-02
  238   0.2092747157803206E-02
  239   0.2013434199478662E-02
  240   0.1905395993960507E-02
  241   0.1855829935720963E-02
  242   0.1644277692859067E-02
  243   0.1639317070904891E-02
  244   0.1412347989171482E-02
  245   0.1584824249962407E-02
  246   0.1348751326690933E-02
  247   0.1281741626353593E-02
  248   0.1207985995517870E-02
  249   0.9236096055446091E-03
  250   0.1035272816481032E-02
  251   0.9730605107940665E-03
  252   0.9850747472012708E-03
  253   0.8204237141234861E-03
  254   0.7484850148497669E-03
  255   0.7531062940610120E-03
  256   0.7073244856074055E-03
  257   0.6216492636220936E-03
  258   0.6241294131129130E-03
  259   0.5488033472915124E-03
  260   0.5824442047671303E-03
  261   0.5132158093604057E-03
  262   0.5234481348622385E-03
  263   0.4943065090943846E-03
  264   0.4055688717927194E-03
  265   0.3649494886354227E-03
  266   0.3756168713810244E-03
  267   0.3512241515921268E-03
  268   0.3180161290812837E-03
  269   0.2999847436933104E-03
  270   0.2469574844825596E-03
  271   0.2840430943019721E-03
  272   0.2447344097215997E-03
  273   0.2276701571990658E-03
  274   0.2369167192072878E-03
  275   0.1862517405725596E-03
  276   0.1776860384312248E-03
  277   0.1882963367393162E-03
  278   0.1603237632878500E-03
  279   0.1540384256812737E-03
  280   0.1334733372178892E-03
  281   0.1304086117316042E-03
  282   0.1200052309109097E-03
  283   0.1162831509969929E-03
  284   0.1065793707419557E-03
  285   0.9356675291937883E-04
  286   0.9059534494630695E-04
  287   0.8675580342102927E-04
  288   0.7304512454438817E-04
  289   0.7906501459107695E-04
  290   0.7333948422676648E-04
  291   0.6154221452599178E-04
  292   0.5749077135339436E-04
  293   0.5772180013212912E-04
  294   0.5051561200940872E-04
  295   0.4934498845898307E-04
  296   0.4688965690452466E-04
  297   0.4334555634491006E-04
  298   0.3550523874449763E-04
  299   0.3744515893697775E-04
  300   0.3733376214041305E-04
  301   0.3069549595552973E-04
  302   0.2980583684580959E-04
  303   0.2444689360471971E-04
  304   0.2561429444995673E-04
  305   0.2208720657808658E-04
  306   0.2205864260708225E-04
  307   0.1918836877080575E-04
  308   0.2135360724345477E-04
  309   0.1718708448419337E-04
  310   0.1779765505979348E-04
  311   0.1540928741446777E-04
  312   0.1492742437360595E-04
  313   0.1155001247683045E-04
  314   0.1037411843743316E-04
  315   0.1241163212533709E-04
  316   0.1135245867652476E-04
  317   0.8939532888919388E-05
  318   0.8746225756329499E-05
  319   0.8434807215600231E-05
  320   0.8732850115806686E-05
  321   0.6404026212831989E-05
  322   0.6939302405446032E-05
  323   0.6175158370128504E-05
  324   0.6341715349950093E-05
  325   0.5204698717047399E-05
  326   0.5332058118254958E-05
  327   0.4728615316964037E-05
  328   0.5084020780448529E-05
  329   0.3814757770782150E-05
  330   0.4169983202772843E-05
  331   0.3340680772261297E-05
  332   0.4197858202951130E-05
  333   0.2899027826299037E-05
  334   0.3344450249570947E-05
  335   0.2532182551576937E-05
  336   0.3480198809962345E-05
  337   0.2407040841523051E-05
  338   0.2857085174425584E-05
  339   0.2162999473900669E-05
  340   0.2990611494584214E-05
  341   0.1768501908897461E-05
  342   0.2561201090125280E-05
  343   0.1739875609209276E-05
  344   0.2669091795337358E-05
  345   0.1549289553402718E-05
  346   0.2283397000669312E-05
  347   0.1526129081887820E-05
  348   0.2513659328999307E-05
  349   0.1439331570458740E-05
  350   0.2379880850530008E-05
  351   0.1572361907525806E-05
  352   0.2596961427112122E-05
  353   0.1410139486790061E-05
  354   0.2475061675566304E-05
  355   0.1554035286560654E-05
  356   0.2625546339446945E-05
  357   0.1510698450944248E-05
  358   0.2570885901252814E-05
  359   0.1624908311803533E-05
  360   0.2787092427223161E-05
  361   0.1736940216809334E-05
  362   0.2766907876934518E-05
  363   0.1810795124233575E-05
  364   0.3145833598646174E-05
  365   0.1892523145925422E-05
  366   0.3099021124320714E-05
  367   0.2075526567659514E-05
  368   0.3369571704041937E-05
  369   0.2209496732221434E-05
  370   0.3460334600197011E-05
  371   0.2376646962653612E-05
  372   0.3763028010717885E-05
  373   0.2447926605332623E-05
  374   0.3965060742641356E-05
  375   0.2759999328997178E-05
  376   0.4398383153385988E-05
  377   0.2890387339527998E-05
  378   0.4643408025816760E-05
  379   0.3317066102690264E-05
  380   0.5161442408538076E-05
  381   0.3587004565421912E-05
  382   0.5441443364641108E-05
  383   0.4104171496817807E-05
