# nlmax, ncor, nside =         383           1         128
    0  -0.2008475171715294E+00
    1  -0.1511662538661636E+00
    2   0.2104158239996893E+03
    3   0.4753440889589103E+03
    4   0.2235489284469769E+03
    5   0.3042810511754875E+03
    6   0.9283352371152473E+02
    7   0.1210933592313753E+03
    8   0.5674075854775209E+02
    9   0.4621948729995007E+02
   10   0.5126971581121563E+02
   11   0.4498515252825688E+02
   12   0.3192124700734869E+02
   13   0.2445285468067116E+02
   14   0.2471437191675942E+02
   15   0.2127940893498430E+02
   16   0.1509238236674287E+02
   17   0.1840666229784147E+02
   18   0.1197780721213594E+02
   19   0.1415586404228846E+02
   20   0.1024052842721991E+02
   21   0.8668871368451686E+01
   22   0.7078531170980678E+01
   23   0.8358765536915953E+01
   24   0.7827358779251036E+01
   25   0.8075933497594258E+01
   26   0.7668851237353210E+01
   27   0.6317632719691131E+01
   28   0.8863029120491161E+01
   29   0.7215545865752738E+01
   30   0.5892110372693868E+01
   31   0.5223543602835460E+01
   32   0.7665818974144925E+01
   33   0.4674963876220250E+01
   34   0.5212839449836586E+01
   35   0.4079065258616719E+01
   36   0.4485792921993367E+01
   37   0.5624002768570676E+01
   38   0.4711173064038124E+01
   39   0.4181654952355037E+01
   40   0.6149066126030350E+01
   41   0.3476524876702173E+01
   42   0.3949042946398741E+01
   43   0.3662143389194856E+01
   44   0.3067838357620139E+01
   45   0.2637468712965091E+01
   46   0.2839975622574206E+01
   47   0.3792673170938914E+01
   48   0.2210345443354230E+01
   49   0.3320945378044820E+01
   50   0.3086291668266221E+01
   51   0.2155652086024188E+01
   52   0.2545485162162564E+01
   53   0.1891335633789485E+01
   54   0.1858439190256710E+01
   55   0.2147058295162023E+01
   56   0.2672579140121162E+01
   57   0.2276821623081636E+01
   58   0.2230519344519263E+01
   59   0.1633256370357990E+01
   60   0.1921059785315492E+01
   61   0.1748213398913666E+01
   62   0.2033219232454290E+01
   63   0.1812805857532540E+01
   64   0.1676082862292584E+01
   65   0.1469922282261399E+01
   66   0.1399958278845804E+01
   67   0.1575278400718465E+01
   68   0.1500427885304253E+01
   69   0.1601077903235020E+01
   70   0.1377302268571804E+01
   71   0.1258901216970034E+01
   72   0.1155112655066908E+01
   73   0.1700034883128303E+01
   74   0.1465305031307329E+01
   75   0.1108188019477441E+01
   76   0.1042616309912265E+01
   77   0.1209689470223698E+01
   78   0.1065827155956378E+01
   79   0.8157882230093889E+00
   80   0.1088325930010470E+01
   81   0.1059622981547095E+01
   82   0.1165675918894918E+01
   83   0.8615138554431532E+00
   84   0.8077251277017592E+00
   85   0.9208820597895013E+00
   86   0.9194348325275083E+00
   87   0.9538510764163812E+00
   88   0.7043039752475382E+00
   89   0.8202356478087522E+00
   90   0.7825060059087352E+00
   91   0.8170730046258174E+00
   92   0.7761787143380350E+00
   93   0.7385717989845220E+00
   94   0.6563829477448198E+00
   95   0.5766059484438517E+00
   96   0.6331658127738720E+00
   97   0.6874654506498399E+00
   98   0.4873816260334163E+00
   99   0.6467100067733003E+00
  100   0.6154498587998170E+00
  101   0.5514271580878707E+00
  102   0.6084024814644520E+00
  103   0.5518791184188445E+00
  104   0.6147247595333007E+00
  105   0.4126690468083203E+00
  106   0.5181489812567055E+00
  107   0.4655327134905400E+00
  108   0.5533960232440271E+00
  109   0.4535028180228990E+00
  110   0.4821513403349189E+00
  111   0.4018622553312416E+00
  112   0.4059913659001317E+00
  113   0.3360395288610942E+00
  114   0.2991098237493750E+00
  115   0.3938003000675819E+00
  116   0.4074024539584796E+00
  117   0.4619136914442913E+00
  118   0.3490145900836690E+00
  119   0.3338441863765864E+00
  120   0.2914430890635299E+00
  121   0.3950784751315694E+00
  122   0.2910806216947271E+00
  123   0.3174914395396911E+00
  124   0.2519295788673437E+00
  125   0.2706208033523637E+00
  126   0.2734404836301715E+00
  127   0.2812341084640591E+00
  128   0.2497912752942646E+00
  129   0.2277295140986689E+00
  130   0.2474004522935614E+00
  131   0.2098755543620033E+00
  132   0.2130609886962509E+00
  133   0.2217294423125654E+00
  134   0.2011287989774706E+00
  135   0.1982923168940279E+00
  136   0.2125374044808668E+00
  137   0.1899168613908958E+00
  138   0.1762065048572032E+00
  139   0.1749672893218626E+00
  140   0.1750130808313988E+00
  141   0.1615479146656805E+00
  142   0.1584443783436470E+00
  143   0.1638174011527840E+00
  144   0.1290674046040545E+00
  145   0.1587795742991344E+00
  146   0.1267696301187873E+00
  147   0.1243331186900323E+00
  148   0.1167099329661072E+00
  149   0.1165833832877493E+00
  150   0.1270585195617197E+00
  151   0.1047457256149584E+00
  152   0.1116495913650892E+00
  153   0.1166780191782670E+00
  154   0.8482125629601389E-01
  155   0.9360132046505942E-01
  156   0.8917442457122904E-01
  157   0.8824246668158031E-01
  158   0.9510341426182978E-01
  159   0.8665355251664242E-01
  160   0.8384445770099924E-01
  161   0.7733881039922375E-01
  162   0.6481882180204945E-01
  163   0.7164380061909492E-01
  164   0.7674709675617530E-01
  165   0.6261413512977199E-01
  166   0.6318172517179710E-01
  167   0.5910890543866554E-01
  168   0.6058468038441411E-01
  169   0.5131785929931743E-01
  170   0.5191103689001531E-01
  171   0.4901977714695471E-01
  172   0.5589255118217296E-01
  173   0.5126662349906164E-01
  174   0.4316107824870175E-01
  175   0.4257314508888554E-01
  176   0.4215156091924710E-01
  177   0.3658174038671480E-01
  178   0.3787214100337133E-01
  179   0.4210599227646672E-01
  180   0.3412618533475442E-01
  181   0.2926801437318993E-01
  182   0.2824193234722994E-01
  183   0.2980720727602870E-01
  184   0.2573838007548490E-01
  185   0.2901613717012119E-01
  186   0.2884109177504524E-01
  187   0.2333956082156763E-01
  188   0.2420095859666627E-01
  189   0.2350347833529465E-01
  190   0.2216238922907388E-01
  191   0.2165847917900332E-01
  192   0.2175304248666110E-01
  193   0.2050518253847322E-01
  194   0.1737921946449017E-01
  195   0.1480699762253779E-01
  196   0.1518130348152225E-01
  197   0.1489146320947365E-01
  198   0.1627679109354208E-01
  199   0.1351964293858354E-01
  200   0.1477148691437191E-01
  201   0.1398585490493676E-01
  202   0.1231181331009590E-01
  203   0.1338789489692682E-01
  204   0.1108706992798614E-01
  205   0.1135974399038053E-01
  206   0.9934064127428477E-02
  207   0.8426957944430602E-02
  208   0.8913762809425907E-02
  209   0.7335806300725722E-02
  210   0.8287734310619133E-02
  211   0.7606285095194121E-02
  212   0.7956228070792992E-02
  213   0.7126465077503585E-02
  214   0.6772658557489653E-02
  215   0.7104398190713512E-02
  216   0.6097466678096519E-02
  217   0.5907270120894870E-02
  218   0.5356380136353867E-02
  219   0.5067947918887761E-02
  220   0.4974667358862872E-02
  221   0.5126341305563886E-02
  222   0.4433892965640340E-02
  223   0.3988828093190677E-02
  224   0.3766874746768401E-02
  225   0.3251646642949635E-02
  226   0.3700637564343467E-02
  227   0.3381632542559743E-02
  228   0.3230070756137016E-02
  229   0.2326073055486599E-02
  230   0.2520584445946605E-02
  231   0.2640511969342452E-02
  232   0.2516179390686712E-02
  233   0.2713481251274352E-02
  234   0.1941784926722590E-02
  235   0.1959352878634357E-02
  236   0.2264026577334932E-02
  237   0.1750514087184740E-02
  238   0.1756842615154519E-02
  239   0.1523835622971537E-02
  240   0.1690347969887429E-02
  241   0.1331086910192569E-02
  242   0.1384845334864049E-02
  243   0.1285731202297913E-02
  244   0.9447450536189672E-03
  245   0.1173125487094917E-02
  246   0.9515858717088488E-03
  247   0.9944741446117344E-03
  248   0.9392347275278823E-03
  249   0.7452170847653816E-03
  250   0.9070135201055818E-03
  251   0.7875393133532915E-03
  252   0.8784976707552072E-03
  253   0.8461651436331152E-03
  254   0.7761205589814635E-03
  255   0.6450826270892884E-03
  256   0.5737894907513752E-03
  257   0.4707286939582556E-03
  258   0.5885769848116285E-03
  259   0.4430116319889543E-03
  260   0.6021547640642777E-03
  261   0.5592245631674264E-03
  262   0.5015849174882514E-03
  263   0.3223372854007645E-03
  264   0.5199023194758512E-03
  265   0.2128515965310052E-03
  266   0.3663226322975777E-03
  267   0.2318570694007649E-03
  268   0.2200665676667657E-03
  269   0.2150166221244199E-03
  270   0.1460952088453982E-03
  271   0.2998502159425320E-03
  272   0.3286819834357191E-03
  273   0.3061677283842101E-03
  274   0.1995635781389393E-03
  275   0.3852396099686684E-03
  276   0.1300437428168877E-03
  277   0.2860542879179473E-03
  278   0.1282838973611367E-03
  279   0.2441768196471128E-03
  280   0.1671614400005628E-03
  281   0.1674579555145939E-03
  282   0.1285579376683610E-03
  283   0.2468313991239590E-03
  284   0.1455472900515620E-03
  285   0.1400612590408690E-03
  286   0.1480792888279847E-03
  287   0.1282631748509844E-03
  288   0.1569311064069656E-03
  289   0.2282387983717493E-03
  290   0.1131642027912272E-03
  291   0.1184651274525050E-03
  292   0.5935992574473969E-04
  293   0.8920300332193598E-04
  294   0.1000850574019441E-03
  295   0.1179068190279020E-03
  296   0.5522413749664556E-04
  297   0.7890421437944939E-04
  298   0.3170227154725147E-04
  299   0.8441458074931463E-04
  300   0.1014061885786233E-03
  301   0.1060645682650074E-03
  302   0.7874240972810531E-04
  303   0.1139460587836760E-03
  304   0.9932725498534856E-04
  305   0.1493374079556964E-03
  306   0.2861293661127196E-04
  307   0.1400935373082612E-03
  308   0.7290376582463898E-04
  309   0.1051427165694729E-03
  310   0.7245028138119780E-04
  311   0.1526193012846289E-03
  312   0.3347155262412027E-04
  313   0.9002425169862827E-04
  314   0.5045555115806843E-04
  315   0.1284742967278540E-03
  316   0.9538827382299386E-04
  317   0.6666716018433050E-04
  318   0.8573487958196679E-04
  319   0.7727980276478474E-04
  320   0.6961381397563304E-04
  321   0.7784531518981175E-04
  322   0.1028277247709652E-03
  323   0.5641390673252755E-04
  324   0.8113065052817170E-04
  325   0.7880986711791826E-04
  326   0.9234103969349428E-04
  327   0.1273295613881398E-03
  328   0.6593923562051018E-04
  329   0.1083427055625086E-03
  330   0.8670877447974901E-04
  331   0.1090211868838564E-03
  332   0.7932239498589788E-04
  333   0.6582135589139337E-04
  334   0.1348382588725050E-03
  335   0.9727537898515659E-04
  336   0.1434412458697631E-03
  337   0.9383104890303695E-04
  338   0.1127981109045051E-03
  339   0.9063824633656625E-04
  340   0.1376863028473563E-03
  341   0.1107444977619665E-03
  342   0.1210163693194100E-03
  343   0.1211758887224301E-03
  344   0.1117385071979504E-03
  345   0.1064151588008322E-03
  346   0.1189334794497454E-03
  347   0.1143354609713376E-03
  348   0.1118460931843202E-03
  349   0.1408354029286685E-03
  350   0.7678157910620542E-04
  351   0.1261656444963288E-03
  352   0.9900944678024881E-04
  353   0.1461207782349483E-03
  354   0.1168157613490456E-03
  355   0.1007402049740674E-03
  356   0.1269457295416249E-03
  357   0.8671249183060670E-04
  358   0.1589704383539725E-03
  359   0.1716050737422536E-03
  360   0.1555479148262345E-03
  361   0.1447246773624983E-03
  362   0.1492948900389257E-03
  363   0.1289952319123711E-03
  364   0.1590761334745311E-03
  365   0.1694207046076673E-03
  366   0.1375767869701422E-03
  367   0.1454084694473834E-03
  368   0.1449707119370452E-03
  369   0.1628130296813940E-03
  370   0.1468997012040660E-03
  371   0.1555310175994640E-03
  372   0.1900493377186910E-03
  373   0.1680943187133063E-03
  374   0.2314628721716838E-03
  375   0.1875919277076615E-03
  376   0.2486871586130403E-03
  377   0.2395834703365386E-03
  378   0.2573379167155783E-03
  379   0.2980071325764874E-03
  380   0.3936918170946799E-03
  381   0.3899917645107283E-03
  382   0.3995700475801292E-03
  383   0.4360283445966392E-03
