# nlmax, ncor, nside =         383           1         128
    0  -0.2853129468178715E+02
    1  -0.3228874002884156E+02
    2   0.5132913942899523E+02
    3   0.2228620739960456E+03
    4   0.2595964650530548E+03
    5   0.2337888732064456E+03
    6   0.7219881113402577E+02
    7   0.7132188502831180E+02
    8   0.6247334336635421E+02
    9   0.7214479316722999E+02
   10   0.2470301400070444E+02
   11   0.5450417855601033E+02
   12   0.2276043627893786E+02
   13   0.1832505007539734E+02
   14   0.2469625231650226E+02
   15   0.2631021410384561E+02
   16   0.2131263982456050E+02
   17   0.2898725088421269E+02
   18   0.1237612726439131E+02
   19   0.1264396403283457E+02
   20   0.1051999466576761E+02
   21   0.7872718904914815E+01
   22   0.7883536224050532E+01
   23   0.7684695838486290E+01
   24   0.8056123999444010E+01
   25   0.5268856786115943E+01
   26   0.9303220722983671E+01
   27   0.8274359679329665E+01
   28   0.8852319496883954E+01
   29   0.7905657403249234E+01
   30   0.7283902115788407E+01
   31   0.5863466629427194E+01
   32   0.8159437681953381E+01
   33   0.5099484157348115E+01
   34   0.4984567902022297E+01
   35   0.3961950041184903E+01
   36   0.4254179194941221E+01
   37   0.5631515368308488E+01
   38   0.5508825337776845E+01
   39   0.4040417667247956E+01
   40   0.5431463492351966E+01
   41   0.4016987071800080E+01
   42   0.4556608677531407E+01
   43   0.3503726698323424E+01
   44   0.3830229111803728E+01
   45   0.2733394979585182E+01
   46   0.2297547537157191E+01
   47   0.4040299662387953E+01
   48   0.1992690805965136E+01
   49   0.2856459688186580E+01
   50   0.3675305820846713E+01
   51   0.1994786445672700E+01
   52   0.2628441634583349E+01
   53   0.1889094187367238E+01
   54   0.1652391911799770E+01
   55   0.2345937263965987E+01
   56   0.2610740250320338E+01
   57   0.2440522148448469E+01
   58   0.2348208964950652E+01
   59   0.1698090292005595E+01
   60   0.1907226625317099E+01
   61   0.1678694215368947E+01
   62   0.2260715423923116E+01
   63   0.1607493395868935E+01
   64   0.1263765066367517E+01
   65   0.1674399595766551E+01
   66   0.1486485687094727E+01
   67   0.1542031278353524E+01
   68   0.1415736093622622E+01
   69   0.1901981955348949E+01
   70   0.1234605589780247E+01
   71   0.1480641991148451E+01
   72   0.1111218502247402E+01
   73   0.1830425909419952E+01
   74   0.1395501800262802E+01
   75   0.1059008257626330E+01
   76   0.1087726016272090E+01
   77   0.1272884167792652E+01
   78   0.9828394592880692E+00
   79   0.7843470201186140E+00
   80   0.1151403387415618E+01
   81   0.1052980850554305E+01
   82   0.1337537361835079E+01
   83   0.9266045084796526E+00
   84   0.7043311579931575E+00
   85   0.9383718328209634E+00
   86   0.1022002013384735E+01
   87   0.8557044842458792E+00
   88   0.6354526244441910E+00
   89   0.8953399148639360E+00
   90   0.7420864336112107E+00
   91   0.8418378189335031E+00
   92   0.7750999493979159E+00
   93   0.8699608106148452E+00
   94   0.7086735706595019E+00
   95   0.5653383857092070E+00
   96   0.6466777671673276E+00
   97   0.6658964936067920E+00
   98   0.4863353405556093E+00
   99   0.7232996023616081E+00
  100   0.6517894195846522E+00
  101   0.5901936897252096E+00
  102   0.5634301422940658E+00
  103   0.4802039523932299E+00
  104   0.6791073362757658E+00
  105   0.4801317418127137E+00
  106   0.4748642580019558E+00
  107   0.5449179792224282E+00
  108   0.6401394148651279E+00
  109   0.4806300874310467E+00
  110   0.5207974315609029E+00
  111   0.4093838111856603E+00
  112   0.4706346773754584E+00
  113   0.3108220294133786E+00
  114   0.2917996568635775E+00
  115   0.4104541445065862E+00
  116   0.4758176663325844E+00
  117   0.4431720043267239E+00
  118   0.3789554498938267E+00
  119   0.3300005951399082E+00
  120   0.2270631979903048E+00
  121   0.4043644090659514E+00
  122   0.3218957884069280E+00
  123   0.3286905472204901E+00
  124   0.2368197885624578E+00
  125   0.2868772013464205E+00
  126   0.2537359961647051E+00
  127   0.2829652081654407E+00
  128   0.2951205654990603E+00
  129   0.2122496630261219E+00
  130   0.2726237406734718E+00
  131   0.1886950730814031E+00
  132   0.1879954105496588E+00
  133   0.2254267482583561E+00
  134   0.1982099797701308E+00
  135   0.2404699849770335E+00
  136   0.2652407649143774E+00
  137   0.1908733409535056E+00
  138   0.1904155155999903E+00
  139   0.1995030554053020E+00
  140   0.1769285817593917E+00
  141   0.1726164024399782E+00
  142   0.1607272610568067E+00
  143   0.1453433065337214E+00
  144   0.1499222393671241E+00
  145   0.1819469880685367E+00
  146   0.1465779003956920E+00
  147   0.1253245848555177E+00
  148   0.1197946566603617E+00
  149   0.8919010195265287E-01
  150   0.1195515555297570E+00
  151   0.1060978266869590E+00
  152   0.9684358969702489E-01
  153   0.1120557817060918E+00
  154   0.7995172934775063E-01
  155   0.1132197317718169E+00
  156   0.9969598587134765E-01
  157   0.8697688694208783E-01
  158   0.1073131301531025E+00
  159   0.9622730963629766E-01
  160   0.8909595853753527E-01
  161   0.7811752049790288E-01
  162   0.7537067619691007E-01
  163   0.6632172108602707E-01
  164   0.7085909886988473E-01
  165   0.5933972969911327E-01
  166   0.7321231643114579E-01
  167   0.8318662775802876E-01
  168   0.5841036444923531E-01
  169   0.5298513423640527E-01
  170   0.5364175720648201E-01
  171   0.4793508337050456E-01
  172   0.5653492244994696E-01
  173   0.5357592916836651E-01
  174   0.3983718664638525E-01
  175   0.4250356929478516E-01
  176   0.4559332766173396E-01
  177   0.4173338526678827E-01
  178   0.2860860446097047E-01
  179   0.4683518716247503E-01
  180   0.3629270384530325E-01
  181   0.2736062000771067E-01
  182   0.2628199567612799E-01
  183   0.2798593109251724E-01
  184   0.2904285120520644E-01
  185   0.3148185424437178E-01
  186   0.2860911520887199E-01
  187   0.2393643491873132E-01
  188   0.2981415897709272E-01
  189   0.2684446263772022E-01
  190   0.2266046659082044E-01
  191   0.2267187681126059E-01
  192   0.2236136421064516E-01
  193   0.2351680840263126E-01
  194   0.1975334839342346E-01
  195   0.1780492480580020E-01
  196   0.1548187284183733E-01
  197   0.1611592342297719E-01
  198   0.1646020643011492E-01
  199   0.1258310254062633E-01
  200   0.1130408152999673E-01
  201   0.1424091772680025E-01
  202   0.1178428313735669E-01
  203   0.1189081376583745E-01
  204   0.1316297391781762E-01
  205   0.1113307833280130E-01
  206   0.8328812450923540E-02
  207   0.1156432669807828E-01
  208   0.9168580360141343E-02
  209   0.9899681469620947E-02
  210   0.8063132395416561E-02
  211   0.7280872842044261E-02
  212   0.8012011019081000E-02
  213   0.9226011638388987E-02
  214   0.5994735911691418E-02
  215   0.7812544161417523E-02
  216   0.8055034697159624E-02
  217   0.5426701747514806E-02
  218   0.6468530083032054E-02
  219   0.5646666018320534E-02
  220   0.5131978188960051E-02
  221   0.5634792791480825E-02
  222   0.5026028926917392E-02
  223   0.4616494405743965E-02
  224   0.5302595120641684E-02
  225   0.3982809411421151E-02
  226   0.4032182931204664E-02
  227   0.3890588147947294E-02
  228   0.4104164575045477E-02
  229   0.3168558372530050E-02
  230   0.3337485595908629E-02
  231   0.3730327305470960E-02
  232   0.3710704331394865E-02
  233   0.4163114570044479E-02
  234   0.2617948526296709E-02
  235   0.3027367070802534E-02
  236   0.3243863235771194E-02
  237   0.2057796453692418E-02
  238   0.2573894471822324E-02
  239   0.1555993362887365E-02
  240   0.1663927469117255E-02
  241   0.1503232573856650E-02
  242   0.1065258212577302E-02
  243   0.1830303592620819E-02
  244   0.1254023948762728E-02
  245   0.1309648332314950E-02
  246   0.2019406266042467E-02
  247   0.2143417343422049E-02
  248   0.1469432141889770E-02
  249   0.1782556290723547E-02
  250   0.7854769158125996E-03
  251   0.1139205274672872E-02
  252   0.1502414968442611E-02
  253   0.1771511737008347E-02
  254   0.1441168694708006E-02
  255   0.1089185831986139E-02
  256   0.6348381179097085E-03
  257   0.8572848030217184E-03
  258   0.4523800375278997E-03
  259   0.1073201038721328E-02
  260   0.8516365946116267E-03
  261   0.6530224323678668E-03
  262   0.7339062304180799E-03
  263   0.4065680867677557E-03
  264   0.1139652604479457E-02
  265   0.6808326641603579E-03
  266  -0.2184867652710309E-04
  267   0.7406349869327755E-03
  268   0.1048571503064866E-02
  269   0.5399193197728747E-03
  270   0.3738103847683583E-03
  271   0.9629446721434731E-03
  272   0.8156812789031909E-03
  273   0.6808341350865166E-03
  274   0.8803554811327441E-03
  275   0.5871915695464525E-03
  276   0.4236345047418655E-03
  277   0.6964932741262975E-03
  278   0.5901229636012806E-03
  279   0.8195685278207243E-03
  280   0.3376823901022341E-03
  281   0.6090598183389750E-03
  282   0.5211326588909770E-03
  283   0.1264212509494156E-03
  284   0.8227755641637691E-03
  285   0.4993698424152204E-03
  286   0.2499612449278210E-03
  287   0.7279106901924570E-03
  288   0.4630863643872440E-03
  289   0.1938598380645251E-03
  290   0.4151259468709312E-03
  291   0.6515248862482004E-03
  292   0.3758898689202317E-03
  293   0.2731342301331985E-03
  294   0.8838052786601658E-03
  295   0.3563881645839984E-03
  296   0.5729960121433897E-03
  297   0.6486806237575582E-03
  298   0.9638579262530866E-03
  299   0.2296259485108920E-03
  300   0.6615276174254392E-03
  301   0.8488241087077908E-03
  302   0.1947017008422924E-03
  303   0.3937457516234866E-03
  304   0.6119491254709675E-03
  305   0.3561285523061564E-03
  306   0.6523934418337651E-03
  307   0.5238629781811888E-03
  308   0.8610446490208701E-03
  309   0.5632870917160471E-03
  310   0.4965333693672802E-03
  311   0.4132976120055920E-03
  312   0.3354294025618154E-03
  313   0.3432730981189902E-03
  314   0.8102190330748216E-03
  315   0.1194398450076184E-03
  316   0.4823484116290577E-03
  317   0.3150603561766219E-03
  318   0.6211860056671015E-03
  319   0.3692014895640694E-03
  320   0.4107984671204712E-03
  321   0.4071289278030910E-03
  322   0.4591659726268515E-03
  323   0.1803138715190111E-03
  324   0.5906872824172349E-03
  325   0.6087733698031395E-03
  326   0.5638395861035650E-03
  327   0.2769268268065228E-03
  328   0.4036540363457630E-03
  329   0.4789343855271244E-03
  330   0.6083488088443889E-03
  331   0.6382179023682322E-03
  332   0.5716074726780096E-03
  333   0.8592979134805223E-03
  334   0.7166558424740732E-03
  335   0.5055188819845235E-03
  336   0.5484133668219870E-03
  337   0.5997904280786726E-03
  338   0.3807724456483530E-03
  339   0.5143451628759066E-03
  340   0.1116686835807124E-02
  341   0.4151209945357781E-03
  342   0.4100502946373097E-03
  343   0.3960766561307560E-03
  344   0.3791473510812715E-03
  345   0.7762583408082724E-03
  346   0.6553581157380528E-03
  347   0.5850295176919595E-03
  348   0.5048625319124811E-03
  349   0.7261529801233374E-03
  350   0.6361457134582416E-03
  351   0.6608322826958807E-03
  352   0.6930870695868452E-03
  353   0.6905355925914541E-03
  354   0.7499815012455002E-03
  355   0.9034258577027554E-03
  356   0.6977344094329929E-03
  357   0.7272368355740189E-03
  358   0.5576827603449991E-03
  359   0.6921542551648063E-03
  360   0.8598598663174251E-03
  361   0.8616658769931840E-03
  362   0.8735938401039645E-03
  363   0.8954487756751006E-03
  364   0.8348650918678091E-03
  365   0.1186687187553367E-02
  366   0.1153346388926030E-02
  367   0.1054007065825820E-02
  368   0.9760334348726668E-03
  369   0.1075455063407081E-02
  370   0.8642245093183065E-03
  371   0.1179228769132894E-02
  372   0.9594465869997432E-03
  373   0.1050665299364484E-02
  374   0.1126777853094431E-02
  375   0.1312664050394343E-02
  376   0.1132175054800486E-02
  377   0.1437424992607662E-02
  378   0.1617027575750461E-02
  379   0.1713430856957649E-02
  380   0.1618414290896649E-02
  381   0.1912298687149096E-02
  382   0.1934740565168682E-02
  383   0.2570703846776049E-02
