# nlmax, ncor, nside =         383           1         128
    0   0.2578069104677026E-03
    1   0.2046734289796280E-04
    2   0.1676067553417554E-03
    3   0.4761342110926589E-03
    4   0.2222359966238768E-03
    5   0.2975198328185507E-03
    6   0.9719026156525215E-04
    7   0.1191192032645235E-03
    8   0.5614606888264563E-04
    9   0.4244915043776208E-04
   10   0.5361071086559782E-04
   11   0.4541114896054438E-04
   12   0.3184374281527005E-04
   13   0.2426646999269179E-04
   14   0.2429264104049294E-04
   15   0.2163677057365378E-04
   16   0.1583596673747596E-04
   17   0.1857525147594278E-04
   18   0.1178459541982869E-04
   19   0.1451245838321018E-04
   20   0.1072308638282452E-04
   21   0.8824079953046554E-05
   22   0.7205346973234801E-05
   23   0.8549076356581620E-05
   24   0.8103260378971702E-05
   25   0.7907885537849001E-05
   26   0.8026249728095732E-05
   27   0.6657488094067669E-05
   28   0.9120900649204749E-05
   29   0.7377170358087364E-05
   30   0.5921129616561387E-05
   31   0.5442866371613562E-05
   32   0.8049407521196449E-05
   33   0.5132891738935289E-05
   34   0.5543101879278565E-05
   35   0.4195101281181521E-05
   36   0.4941149207893129E-05
   37   0.5812787951600773E-05
   38   0.4888014145197662E-05
   39   0.4416096839363343E-05
   40   0.6503374569745666E-05
   41   0.3799088253191342E-05
   42   0.3983877994340098E-05
   43   0.3914636747086113E-05
   44   0.3263343447001925E-05
   45   0.2789358505798551E-05
   46   0.3209587151380816E-05
   47   0.4196016757516344E-05
   48   0.2431438887763930E-05
   49   0.3560985411303192E-05
   50   0.3464133092913056E-05
   51   0.2465447534421592E-05
   52   0.2859188040775248E-05
   53   0.2116280226275346E-05
   54   0.2140054323309644E-05
   55   0.2446799511863711E-05
   56   0.3026845257804492E-05
   57   0.2663736006907406E-05
   58   0.2589296479903041E-05
   59   0.1912441660716625E-05
   60   0.2241686697574506E-05
   61   0.2076564913451569E-05
   62   0.2450532784677170E-05
   63   0.2145902897676099E-05
   64   0.1992384650305753E-05
   65   0.1773397646114742E-05
   66   0.1653799668889096E-05
   67   0.1864264347209843E-05
   68   0.1820659985387541E-05
   69   0.2005694283088437E-05
   70   0.1703957065661180E-05
   71   0.1573304818414231E-05
   72   0.1490329358266846E-05
   73   0.2104019623828657E-05
   74   0.1831462772293200E-05
   75   0.1420030501062257E-05
   76   0.1353659177606387E-05
   77   0.1590844852748698E-05
   78   0.1379477578955370E-05
   79   0.1049570321147495E-05
   80   0.1412238563498698E-05
   81   0.1402026125568640E-05
   82   0.1569659073824354E-05
   83   0.1187411441716719E-05
   84   0.1081125105378424E-05
   85   0.1239958006010546E-05
   86   0.1287978228122776E-05
   87   0.1308064858288173E-05
   88   0.1011150569437963E-05
   89   0.1173072756771860E-05
   90   0.1128026281633660E-05
   91   0.1195085531204534E-05
   92   0.1119205510952512E-05
   93   0.1079458990366922E-05
   94   0.9631565138040260E-06
   95   0.8430621740766430E-06
   96   0.8941591514419075E-06
   97   0.1017239067320080E-05
   98   0.7211978657427657E-06
   99   0.9784184630333583E-06
  100   0.9398082073738303E-06
  101   0.8668990685525578E-06
  102   0.9406213999598016E-06
  103   0.8476918773042939E-06
  104   0.9575381926405255E-06
  105   0.6690267419620943E-06
  106   0.8308945786741493E-06
  107   0.7618531274316583E-06
  108   0.9323134726824099E-06
  109   0.7492706645217552E-06
  110   0.8081590193115906E-06
  111   0.6917643908338911E-06
  112   0.6701622777803266E-06
  113   0.5772875605763305E-06
  114   0.5185462016245777E-06
  115   0.7027582414121494E-06
  116   0.7256778106553118E-06
  117   0.8181270294975761E-06
  118   0.6255810254239860E-06
  119   0.6083748099221215E-06
  120   0.5408326250150658E-06
  121   0.7416792430800015E-06
  122   0.5583738795069178E-06
  123   0.6041344434336909E-06
  124   0.4885612321137758E-06
  125   0.5343338785519850E-06
  126   0.5439266415767206E-06
  127   0.5431531365569194E-06
  128   0.4990972762205586E-06
  129   0.4628413151042269E-06
  130   0.5115335869914837E-06
  131   0.4357969276770214E-06
  132   0.4515216878630405E-06
  133   0.4735963353081448E-06
  134   0.4112966431960959E-06
  135   0.4396701826873849E-06
  136   0.4652360015435063E-06
  137   0.4144342198863974E-06
  138   0.3961937795049408E-06
  139   0.4000808939054204E-06
  140   0.3999565408525818E-06
  141   0.3806345354578051E-06
  142   0.3818895967784138E-06
  143   0.3891426631456446E-06
  144   0.3219102293992233E-06
  145   0.3822930801724697E-06
  146   0.3208078286696210E-06
  147   0.3183692928060922E-06
  148   0.2941825604883618E-06
  149   0.3032338175131976E-06
  150   0.3425511929120471E-06
  151   0.2824336112493687E-06
  152   0.2956434075468999E-06
  153   0.3223342128029373E-06
  154   0.2365293131116571E-06
  155   0.2636274823373985E-06
  156   0.2607033556953159E-06
  157   0.2496971991660326E-06
  158   0.2719916797969114E-06
  159   0.2550145507175183E-06
  160   0.2494876408811116E-06
  161   0.2332185391720171E-06
  162   0.2026876148835393E-06
  163   0.2204980682027050E-06
  164   0.2391957038839405E-06
  165   0.2000357809303155E-06
  166   0.2011221729296244E-06
  167   0.1946089140284892E-06
  168   0.2008304912180134E-06
  169   0.1755108800950479E-06
  170   0.1765385054028984E-06
  171   0.1677516120537880E-06
  172   0.2010852751578366E-06
  173   0.1839295596304724E-06
  174   0.1616462225557159E-06
  175   0.1597784841611543E-06
  176   0.1557308702546997E-06
  177   0.1461337983436439E-06
  178   0.1470822929024794E-06
  179   0.1694175989009355E-06
  180   0.1349545413461537E-06
  181   0.1189029163298554E-06
  182   0.1196626113828774E-06
  183   0.1283292876750731E-06
  184   0.1146590087743788E-06
  185   0.1303002832226969E-06
  186   0.1265813537362832E-06
  187   0.1019371809304199E-06
  188   0.1135977985261659E-06
  189   0.1131872465689901E-06
  190   0.1048636389693709E-06
  191   0.1034838431057906E-06
  192   0.1053428729740069E-06
  193   0.9809832057875094E-07
  194   0.9134968443408459E-07
  195   0.7521307409429682E-07
  196   0.8258534422074383E-07
  197   0.7953975355315935E-07
  198   0.8400837162344255E-07
  199   0.7643511337345992E-07
  200   0.8228236256243306E-07
  201   0.7529788510815340E-07
  202   0.7200018965611866E-07
  203   0.7726289636436040E-07
  204   0.6699952508840952E-07
  205   0.6751643924775016E-07
  206   0.6099316424794212E-07
  207   0.5422166865844877E-07
  208   0.5740411936178396E-07
  209   0.4843166118668342E-07
  210   0.5594996850771722E-07
  211   0.4838974753815127E-07
  212   0.5443896928080272E-07
  213   0.4809254221696713E-07
  214   0.4599891192826831E-07
  215   0.5064824471027808E-07
  216   0.4543702033375550E-07
  217   0.4111344794431001E-07
  218   0.4233612409234815E-07
  219   0.3903172596432918E-07
  220   0.4176747549521171E-07
  221   0.3971152920636435E-07
  222   0.3855203505709140E-07
  223   0.3403690979204756E-07
  224   0.3131449772071184E-07
  225   0.3080457798848561E-07
  226   0.3272958390185162E-07
  227   0.3285074766326543E-07
  228   0.2825994775528507E-07
  229   0.2490670212054881E-07
  230   0.2514532902127522E-07
  231   0.2567706580352854E-07
  232   0.2455433554179827E-07
  233   0.2653922670023163E-07
  234   0.2068442938042412E-07
  235   0.2199291284027445E-07
  236   0.2465507406102368E-07
  237   0.2052067739015756E-07
  238   0.1962714101589571E-07
  239   0.1953661585222307E-07
  240   0.1944465792989244E-07
  241   0.1699928635049658E-07
  242   0.1624583230071626E-07
  243   0.1605850464930451E-07
  244   0.1441234373983215E-07
  245   0.1624540212822184E-07
  246   0.1357236575616567E-07
  247   0.1463377816802112E-07
  248   0.1380766029065959E-07
  249   0.1100952831316738E-07
  250   0.1236059432742426E-07
  251   0.1196511459564249E-07
  252   0.1238184459030539E-07
  253   0.1147716036556954E-07
  254   0.1087383538422424E-07
  255   0.1018560792662208E-07
  256   0.9798776962251559E-08
  257   0.8511076134443981E-08
  258   0.9401788788800060E-08
  259   0.7731711192086204E-08
  260   0.9298868892189525E-08
  261   0.8298543201589815E-08
  262   0.8269941699631220E-08
  263   0.7612994055571987E-08
  264   0.7448008733607087E-08
  265   0.5470463207505278E-08
  266   0.6751211719222481E-08
  267   0.5987782454009200E-08
  268   0.5367476286984031E-08
  269   0.5192166235074226E-08
  270   0.4704780114113560E-08
  271   0.5698338136287506E-08
  272   0.5639591198881577E-08
  273   0.5029906399660230E-08
  274   0.4809200650194307E-08
  275   0.4146796666902727E-08
  276   0.3497720227733106E-08
  277   0.4456092027324740E-08
  278   0.3681323823292704E-08
  279   0.4119526053645231E-08
  280   0.3438768582423415E-08
  281   0.3304032058369197E-08
  282   0.3047458762023352E-08
  283   0.3461380528212905E-08
  284   0.2867484208942703E-08
  285   0.2501071080339378E-08
  286   0.2789292631921902E-08
  287   0.2407179766290819E-08
  288   0.2384850790307855E-08
  289   0.2644557759687905E-08
  290   0.2418120894660605E-08
  291   0.1877480689319997E-08
  292   0.1815375083264190E-08
  293   0.1859211683169965E-08
  294   0.1778309115439116E-08
  295   0.1872439759134707E-08
  296   0.1856575468084338E-08
  297   0.1908839260076297E-08
  298   0.1577281735209909E-08
  299   0.1589477912434702E-08
  300   0.1731944552033091E-08
  301   0.1438145520878450E-08
  302   0.1612563010320467E-08
  303   0.1338734109828884E-08
  304   0.1457510896501294E-08
  305   0.1266690489346042E-08
  306   0.1100118816799093E-08
  307   0.1021912515375707E-08
  308   0.1257106100255650E-08
  309   0.1285826842217863E-08
  310   0.1164622897128146E-08
  311   0.1310292228895887E-08
  312   0.8654179853652119E-09
  313   0.9530282004064511E-09
  314   0.8204322667873292E-09
  315   0.1024263393086918E-08
  316   0.8412116046802495E-09
  317   0.8842247856160856E-09
  318   0.8310701826996120E-09
  319   0.7113699799480346E-09
  320   0.7808085563218203E-09
  321   0.7597447876845640E-09
  322   0.6887551361919114E-09
  323   0.6968247978707510E-09
  324   0.6918920892869300E-09
  325   0.7016658684628851E-09
  326   0.6375296582173068E-09
  327   0.6661555837290967E-09
  328   0.6932627526777278E-09
  329   0.6203421955797336E-09
  330   0.6230707473730434E-09
  331   0.6498081631231808E-09
  332   0.6073095854949639E-09
  333   0.5436494097077773E-09
  334   0.6951437122622595E-09
  335   0.5649166243804822E-09
  336   0.6367831484472502E-09
  337   0.5249343619302815E-09
  338   0.5873161585020845E-09
  339   0.5496762575964613E-09
  340   0.5437394290899117E-09
  341   0.4433070963693749E-09
  342   0.4343338955497035E-09
  343   0.4692069078124402E-09
  344   0.5367059940987139E-09
  345   0.4464055938849645E-09
  346   0.4632955433829187E-09
  347   0.4789230165229120E-09
  348   0.5230366220778137E-09
  349   0.5004015484813983E-09
  350   0.4780735077715418E-09
  351   0.4180425881513470E-09
  352   0.5358115943341951E-09
  353   0.4282462416835680E-09
  354   0.4817948358514617E-09
  355   0.4160454236415430E-09
  356   0.5116487443890102E-09
  357   0.4016860973397872E-09
  358   0.5431830490646042E-09
  359   0.5619125792610970E-09
  360   0.5353238483951134E-09
  361   0.5092155514634941E-09
  362   0.5136868003492687E-09
  363   0.4748186480087895E-09
  364   0.4897656836806657E-09
  365   0.4609303120651928E-09
  366   0.4834406941633920E-09
  367   0.4837026541944988E-09
  368   0.4526112115696025E-09
  369   0.4674771750762409E-09
  370   0.5010265773947264E-09
  371   0.5093854934646944E-09
  372   0.5476653662924846E-09
  373   0.5189188598046687E-09
  374   0.5762525067087333E-09
  375   0.5278659973369749E-09
  376   0.5523915168525887E-09
  377   0.5922205820064630E-09
  378   0.5896885411179230E-09
  379   0.6037988208936479E-09
  380   0.6737236270690930E-09
  381   0.7564645008468504E-09
  382   0.7346924781320239E-09
  383   0.7271357949924264E-09
