0.000000000000000000e+00 -3.218294123620371039e+01
1.000000000000000000e+00 -2.950384238759884070e+01
2.000000000000000000e+00 8.799216427508100935e+01
3.000000000000000000e+00 2.246304178554465523e+02
4.000000000000000000e+00 2.409470650394474660e+02
5.000000000000000000e+00 2.369117177726883483e+02
6.000000000000000000e+00 7.622244329423419629e+01
7.000000000000000000e+00 7.392642657662504746e+01
8.000000000000000000e+00 6.247762448840726535e+01
9.000000000000000000e+00 7.068800127101113162e+01
1.000000000000000000e+01 2.658354570655415117e+01
1.100000000000000000e+01 5.485848013492112329e+01
1.200000000000000000e+01 2.155413849935880322e+01
1.300000000000000000e+01 1.795615782436404473e+01
1.400000000000000000e+01 2.603267373219580350e+01
1.500000000000000000e+01 2.638016746907378263e+01
1.600000000000000000e+01 1.983035856858243307e+01
1.700000000000000000e+01 2.932302380983067991e+01
1.800000000000000000e+01 1.357885564896554698e+01
1.900000000000000000e+01 1.252058070854258887e+01
2.000000000000000000e+01 1.038347394874699781e+01
2.100000000000000000e+01 8.021640668834008281e+00
2.200000000000000000e+01 7.861793496505216083e+00
2.300000000000000000e+01 8.009780285606074912e+00
2.400000000000000000e+01 8.394215711867444085e+00
2.500000000000000000e+01 5.522346352931975844e+00
2.600000000000000000e+01 8.966726149380829014e+00
2.700000000000000000e+01 8.392334432427899671e+00
2.800000000000000000e+01 9.089210070296935839e+00
2.900000000000000000e+01 8.160817247714527767e+00
3.000000000000000000e+01 7.399995717915193616e+00
3.100000000000000000e+01 6.004856144959711095e+00
3.200000000000000000e+01 8.417265989381702340e+00
3.300000000000000000e+01 5.463473994225672037e+00
3.400000000000000000e+01 5.351729116053936863e+00
3.500000000000000000e+01 4.286595722163420774e+00
3.600000000000000000e+01 4.520656425751838015e+00
3.700000000000000000e+01 5.853266638983579462e+00
3.800000000000000000e+01 5.624144199633131613e+00
3.900000000000000000e+01 4.332058455334940383e+00
4.000000000000000000e+01 5.851646874051422920e+00
4.100000000000000000e+01 4.234678282478237854e+00
4.200000000000000000e+01 4.894648130223364646e+00
4.300000000000000000e+01 3.890220756437701155e+00
4.400000000000000000e+01 4.134305707960598042e+00
4.500000000000000000e+01 2.871822950290422671e+00
4.600000000000000000e+01 2.650523193995927063e+00
4.700000000000000000e+01 4.241324463254356303e+00
4.800000000000000000e+01 2.214829890949126856e+00
4.900000000000000000e+01 3.297356250288640656e+00
5.000000000000000000e+01 3.934737129445767589e+00
5.100000000000000000e+01 2.224575983724239592e+00
5.200000000000000000e+01 2.872272569331347558e+00
5.300000000000000000e+01 2.076844562711748665e+00
5.400000000000000000e+01 1.941368976816552516e+00
5.500000000000000000e+01 2.706786505195223125e+00
5.600000000000000000e+01 2.888719808860515492e+00
5.700000000000000000e+01 2.654940545427706855e+00
5.800000000000000000e+01 2.690641931657719255e+00
5.900000000000000000e+01 2.017815124634962043e+00
6.000000000000000000e+01 2.226987018479504421e+00
6.100000000000000000e+01 1.932460829294999183e+00
6.200000000000000000e+01 2.604291355529392948e+00
6.300000000000000000e+01 1.933317520484844731e+00
6.400000000000000000e+01 1.491894561543176900e+00
6.500000000000000000e+01 1.896058447099866928e+00
6.600000000000000000e+01 1.854759433036835103e+00
6.700000000000000000e+01 1.846378747836920020e+00
6.800000000000000000e+01 1.692190672925714789e+00
6.900000000000000000e+01 2.240010470328931191e+00
7.000000000000000000e+01 1.475642086692588117e+00
7.100000000000000000e+01 1.784313128347278399e+00
7.200000000000000000e+01 1.319492452914361902e+00
7.300000000000000000e+01 2.205910666877534787e+00
7.400000000000000000e+01 1.760216109870739842e+00
7.500000000000000000e+01 1.366953233148058278e+00
7.600000000000000000e+01 1.365884204054251594e+00
7.700000000000000000e+01 1.596669201172755681e+00
7.800000000000000000e+01 1.207221593249298675e+00
7.900000000000000000e+01 1.027256960135336739e+00
8.000000000000000000e+01 1.523052811003833718e+00
8.100000000000000000e+01 1.398794886634801005e+00
8.200000000000000000e+01 1.716292447412151256e+00
8.300000000000000000e+01 1.158468151429107307e+00
8.400000000000000000e+01 9.643730473360895283e-01
8.500000000000000000e+01 1.300292673570978330e+00
8.600000000000000000e+01 1.377725432758489132e+00
8.700000000000000000e+01 1.182460208784156919e+00
8.800000000000000000e+01 8.950966004274935051e-01
8.900000000000000000e+01 1.306983328359625052e+00
9.000000000000000000e+01 9.893770570251366747e-01
9.100000000000000000e+01 1.155678878146457311e+00
9.200000000000000000e+01 1.086321120850902711e+00
9.300000000000000000e+01 1.239857199734594406e+00
9.400000000000000000e+01 1.020993619887609505e+00
9.500000000000000000e+01 8.394204206006405933e-01
9.600000000000000000e+01 9.195280503140502715e-01
9.700000000000000000e+01 9.584895359117834301e-01
9.800000000000000000e+01 7.234926737954927578e-01
9.900000000000000000e+01 1.091212490401433977e+00
1.000000000000000000e+02 9.783413424906458600e-01
1.010000000000000000e+02 9.160823540697379253e-01
1.020000000000000000e+02 8.533078434185573657e-01
1.030000000000000000e+02 7.699967410564708681e-01
1.040000000000000000e+02 1.018719208965009004e+00
1.050000000000000000e+02 7.046792988855821172e-01
1.060000000000000000e+02 7.633665837232739282e-01
1.070000000000000000e+02 8.569506034386921156e-01
1.080000000000000000e+02 1.017088176406740097e+00
1.090000000000000000e+02 7.974405581191740255e-01
1.100000000000000000e+02 8.493950770006334361e-01
1.110000000000000000e+02 6.690866506317035833e-01
1.120000000000000000e+02 7.865326290529248698e-01
1.130000000000000000e+02 5.339974163033527343e-01
1.140000000000000000e+02 4.640442545263639973e-01
1.150000000000000000e+02 6.976138345672056040e-01
1.160000000000000000e+02 8.283847585955251835e-01
1.170000000000000000e+02 7.937123444693572338e-01
1.180000000000000000e+02 6.894355547406206819e-01
1.190000000000000000e+02 5.924217627762025096e-01
1.200000000000000000e+02 4.122682285145523040e-01
1.210000000000000000e+02 7.484375276563113299e-01
1.220000000000000000e+02 6.164256576488290618e-01
1.230000000000000000e+02 6.190592510675078097e-01
1.240000000000000000e+02 4.283689720007145540e-01
1.250000000000000000e+02 5.382252449308776443e-01
1.260000000000000000e+02 5.172168883862857669e-01
1.270000000000000000e+02 5.429870836897522368e-01
1.280000000000000000e+02 5.609251428822056296e-01
1.290000000000000000e+02 4.438791127816933968e-01
1.300000000000000000e+02 5.397383912743080048e-01
1.310000000000000000e+02 3.944370864285557943e-01
1.320000000000000000e+02 4.053030388875973888e-01
1.330000000000000000e+02 4.709478104244769758e-01
1.340000000000000000e+02 4.014900732107460346e-01
1.350000000000000000e+02 5.012190880542312099e-01
1.360000000000000000e+02 5.533685955654791266e-01
1.370000000000000000e+02 4.051596868235871618e-01
1.380000000000000000e+02 4.175601970126732732e-01
1.390000000000000000e+02 4.333866251890615140e-01
1.400000000000000000e+02 3.965098672797486845e-01
1.410000000000000000e+02 4.038264287458865898e-01
1.420000000000000000e+02 3.774389505515634013e-01
1.430000000000000000e+02 3.572506057545274949e-01
1.440000000000000000e+02 3.439277993169597147e-01
1.450000000000000000e+02 4.332766001374073750e-01
1.460000000000000000e+02 3.255110165280550860e-01
1.470000000000000000e+02 3.135501565706105276e-01
1.480000000000000000e+02 2.971144914657431468e-01
1.490000000000000000e+02 2.366327777623871420e-01
1.500000000000000000e+02 3.253774773744306237e-01
1.510000000000000000e+02 2.732232622798450028e-01
1.520000000000000000e+02 2.813825040287488144e-01
1.530000000000000000e+02 3.131993446328365516e-01
1.540000000000000000e+02 2.202805307225787212e-01
1.550000000000000000e+02 3.023935806934245907e-01
1.560000000000000000e+02 2.778776327076363795e-01
1.570000000000000000e+02 2.520412985205516265e-01
1.580000000000000000e+02 3.001733578067296571e-01
1.590000000000000000e+02 2.591894857956016929e-01
1.600000000000000000e+02 2.660353913857303465e-01
1.610000000000000000e+02 2.335270938008761066e-01
1.620000000000000000e+02 2.012010621069014460e-01
1.630000000000000000e+02 2.072123209600623128e-01
1.640000000000000000e+02 2.228893206491797396e-01
1.650000000000000000e+02 2.052043138778257558e-01
1.660000000000000000e+02 2.265204516118939637e-01
1.670000000000000000e+02 2.477536960454173876e-01
1.680000000000000000e+02 1.957190885550028625e-01
1.690000000000000000e+02 1.767139005168092136e-01
1.700000000000000000e+02 1.726242272121671084e-01
1.710000000000000000e+02 1.595114722312975519e-01
1.720000000000000000e+02 1.727784251564894458e-01
1.730000000000000000e+02 1.758912105465310072e-01
1.740000000000000000e+02 1.494375378772478946e-01
1.750000000000000000e+02 1.588286052152436678e-01
1.760000000000000000e+02 1.554334107580433999e-01
1.770000000000000000e+02 1.430690238618060883e-01
1.780000000000000000e+02 1.278255067189889294e-01
1.790000000000000000e+02 1.804826372560972836e-01
1.800000000000000000e+02 1.437866074345332257e-01
1.810000000000000000e+02 1.015400152320552890e-01
1.820000000000000000e+02 1.040216698775116855e-01
1.830000000000000000e+02 1.040646529062346226e-01
1.840000000000000000e+02 1.258503634870106469e-01
1.850000000000000000e+02 1.404719196211944576e-01
1.860000000000000000e+02 1.260959391199358848e-01
1.870000000000000000e+02 9.882555602535091077e-02
1.880000000000000000e+02 1.266251024333539255e-01
1.890000000000000000e+02 1.271569609268252687e-01
1.900000000000000000e+02 1.092272358063215709e-01
1.910000000000000000e+02 1.047276149175093984e-01
1.920000000000000000e+02 1.129230186082902931e-01
1.930000000000000000e+02 1.025507844653827522e-01
1.940000000000000000e+02 9.382605587997053243e-02
1.950000000000000000e+02 7.213129485389301043e-02
1.960000000000000000e+02 8.115091105526571480e-02
1.970000000000000000e+02 7.840672299690222558e-02
1.980000000000000000e+02 7.776909501076963160e-02
1.990000000000000000e+02 6.776784461977675145e-02
2.000000000000000000e+02 7.310776590660070240e-02
2.010000000000000000e+02 6.891204128722562550e-02
2.020000000000000000e+02 6.757912042314619117e-02
2.030000000000000000e+02 7.054825598916139584e-02
2.040000000000000000e+02 6.754647706433464238e-02
2.050000000000000000e+02 6.489064149009768356e-02
2.060000000000000000e+02 5.462653519903230143e-02
2.070000000000000000e+02 5.689025334955269408e-02
2.080000000000000000e+02 5.433177447660342968e-02
2.090000000000000000e+02 4.810511564279097013e-02
2.100000000000000000e+02 5.408028393810789675e-02
2.110000000000000000e+02 4.759597359642506881e-02
2.120000000000000000e+02 4.894982272273549345e-02
2.130000000000000000e+02 5.526686427029176008e-02
2.140000000000000000e+02 3.998757902339527409e-02
2.150000000000000000e+02 5.005056500729706398e-02
2.160000000000000000e+02 4.783316550424417113e-02
2.170000000000000000e+02 3.802140659727404337e-02
2.180000000000000000e+02 4.485323159527186687e-02
2.190000000000000000e+02 4.079906130591479801e-02
2.200000000000000000e+02 4.037977994835546119e-02
2.210000000000000000e+02 4.355807199800654922e-02
2.220000000000000000e+02 4.087333422723885001e-02
2.230000000000000000e+02 3.426298435127782260e-02
2.240000000000000000e+02 3.235850116361101841e-02
2.250000000000000000e+02 2.855125136841860783e-02
2.260000000000000000e+02 3.491589814586406465e-02
2.270000000000000000e+02 3.383289292388752534e-02
2.280000000000000000e+02 2.451361236091488191e-02
2.290000000000000000e+02 2.509062150207412231e-02
2.300000000000000000e+02 2.600909534444430585e-02
2.310000000000000000e+02 3.043375276174376323e-02
2.320000000000000000e+02 2.832217070959461291e-02
2.330000000000000000e+02 2.640306233451184328e-02
2.340000000000000000e+02 1.844950326401422966e-02
2.350000000000000000e+02 2.009872996670608591e-02
2.360000000000000000e+02 2.202696627463013659e-02
2.370000000000000000e+02 1.941404535992813374e-02
2.380000000000000000e+02 2.113587866469988918e-02
2.390000000000000000e+02 1.849282167309162714e-02
2.400000000000000000e+02 2.183679013659369297e-02
2.410000000000000000e+02 2.023417953157901142e-02
2.420000000000000000e+02 1.570299794206122743e-02
2.430000000000000000e+02 1.686772801661010762e-02
2.440000000000000000e+02 1.246342299420454165e-02
2.450000000000000000e+02 1.674267781034650265e-02
2.460000000000000000e+02 1.530825372882170868e-02
2.470000000000000000e+02 1.646865818179423305e-02
2.480000000000000000e+02 1.437743481113802450e-02
2.490000000000000000e+02 1.271109390305519976e-02
2.500000000000000000e+02 1.010797003666906099e-02
2.510000000000000000e+02 1.213272452647560888e-02
2.520000000000000000e+02 1.284096220368615739e-02
2.530000000000000000e+02 1.110433218010904374e-02
2.540000000000000000e+02 7.237593009108337846e-03
2.550000000000000000e+02 9.519356796428899911e-03
2.560000000000000000e+02 1.027426497660590722e-02
2.570000000000000000e+02 9.501566862514236600e-03
2.580000000000000000e+02 8.782193337303803582e-03
2.590000000000000000e+02 7.340407031812278688e-03
2.600000000000000000e+02 9.630748545423777063e-03
2.610000000000000000e+02 6.115890577131515016e-03
2.620000000000000000e+02 9.587100071037654367e-03
2.630000000000000000e+02 8.915237407157276112e-03
2.640000000000000000e+02 7.730188701791838868e-03
2.650000000000000000e+02 6.032491266331499458e-03
2.660000000000000000e+02 5.895899011306495255e-03
2.670000000000000000e+02 5.849027871591060308e-03
2.680000000000000000e+02 6.327355778415945202e-03
2.690000000000000000e+02 5.730632790082397336e-03
2.700000000000000000e+02 4.991364678711428943e-03
2.710000000000000000e+02 5.314774857940199326e-03
2.720000000000000000e+02 7.203730541892417426e-03
2.730000000000000000e+02 4.149543213555447960e-03
2.740000000000000000e+02 5.517357728209913020e-03
2.750000000000000000e+02 4.133262278598353115e-03
2.760000000000000000e+02 3.053838066547166774e-03
2.770000000000000000e+02 5.110566526378371860e-03
2.780000000000000000e+02 2.409471974624553207e-03
2.790000000000000000e+02 4.208011613869853604e-03
2.800000000000000000e+02 2.829636603732799821e-03
2.810000000000000000e+02 3.326860621579308050e-03
2.820000000000000000e+02 4.498567463362475316e-03
2.830000000000000000e+02 2.996590918749456652e-03
2.840000000000000000e+02 2.823626912636440466e-03
2.850000000000000000e+02 2.382603212811911821e-03
2.860000000000000000e+02 2.783545436993235117e-03
2.870000000000000000e+02 3.029035171361015456e-03
2.880000000000000000e+02 2.234185423349262407e-03
2.890000000000000000e+02 2.807289498747964941e-03
2.900000000000000000e+02 3.100029355705346060e-03
2.910000000000000000e+02 2.382317606449396458e-03
2.920000000000000000e+02 2.844450366436231288e-03
2.930000000000000000e+02 2.590827761358875658e-03
2.940000000000000000e+02 2.163658387217474392e-03
2.950000000000000000e+02 1.931359584775838327e-03
2.960000000000000000e+02 2.069373317856328717e-03
2.970000000000000000e+02 1.773023891468847400e-03
2.980000000000000000e+02 2.039178783850236886e-03
2.990000000000000000e+02 2.619269043024028375e-03
3.000000000000000000e+02 2.007419957690722602e-03
3.010000000000000000e+02 1.156917052549605220e-03
3.020000000000000000e+02 1.821011018049716436e-03
3.030000000000000000e+02 1.385899500875518910e-03
3.040000000000000000e+02 9.624864870199711453e-04
3.050000000000000000e+02 1.799354772132943057e-03
3.060000000000000000e+02 5.416027325447419572e-04
3.070000000000000000e+02 7.408482319961575335e-04
3.080000000000000000e+02 1.388776446743091508e-03
3.090000000000000000e+02 1.683093773434992139e-03
3.100000000000000000e+02 1.361084111801387194e-03
3.110000000000000000e+02 1.455010233115406823e-03
3.120000000000000000e+02 1.404735830849688366e-03
3.130000000000000000e+02 1.248946668878979024e-03
3.140000000000000000e+02 1.297779079563498575e-03
3.150000000000000000e+02 2.318213712297035548e-04
3.160000000000000000e+02 9.405941812431927633e-04
3.170000000000000000e+02 8.201065324926323698e-04
3.180000000000000000e+02 1.045930783161096124e-03
3.190000000000000000e+02 1.159661445614504046e-03
3.200000000000000000e+02 1.159842460157574275e-03
3.210000000000000000e+02 6.628650793170894669e-04
3.220000000000000000e+02 5.866603473427599389e-04
3.230000000000000000e+02 8.529130945299069708e-04
3.240000000000000000e+02 6.717538806129832269e-04
3.250000000000000000e+02 1.218302052517340837e-03
3.260000000000000000e+02 9.763735496283046725e-04
3.270000000000000000e+02 1.053955409161173775e-03
3.280000000000000000e+02 9.393529241023592649e-04
3.290000000000000000e+02 1.239876031523130676e-03
3.300000000000000000e+02 8.603030909023845572e-04
3.310000000000000000e+02 6.638209652706477792e-04
3.320000000000000000e+02 6.390982059502608049e-04
3.330000000000000000e+02 5.078165570544444741e-04
3.340000000000000000e+02 7.509574973258549904e-04
3.350000000000000000e+02 4.410652256897644907e-04
3.360000000000000000e+02 6.256972911055701334e-04
3.370000000000000000e+02 1.003194225871072501e-03
3.380000000000000000e+02 6.437617945056971994e-04
3.390000000000000000e+02 6.460366105096237641e-04
3.400000000000000000e+02 9.639716907559716177e-04
3.410000000000000000e+02 1.028231504823981990e-03
3.420000000000000000e+02 9.735337035982290005e-04
3.430000000000000000e+02 9.280006251436477907e-04
3.440000000000000000e+02 7.431157918535034792e-04
3.450000000000000000e+02 7.726268282260141370e-04
3.460000000000000000e+02 5.577097402415826400e-04
3.470000000000000000e+02 7.074114572636862460e-04
3.480000000000000000e+02 6.041843918729255082e-04
3.490000000000000000e+02 9.732106651219725414e-04
3.500000000000000000e+02 1.011326477705273017e-03
3.510000000000000000e+02 9.881100926990731871e-04
3.520000000000000000e+02 8.479174734694708846e-04
3.530000000000000000e+02 8.299251685266468680e-04
3.540000000000000000e+02 8.137379388801804477e-04
3.550000000000000000e+02 9.648375712410332816e-04
3.560000000000000000e+02 5.339329154342928058e-04
3.570000000000000000e+02 7.805307385433207746e-04
3.580000000000000000e+02 8.442784439004986713e-04
3.590000000000000000e+02 1.290973428637151761e-03
3.600000000000000000e+02 1.038334947270699513e-03
3.610000000000000000e+02 1.188055597718862830e-03
3.620000000000000000e+02 9.161519551394781743e-04
3.630000000000000000e+02 1.033060512665062887e-03
3.640000000000000000e+02 8.689614557131442128e-04
3.650000000000000000e+02 8.588196478546323859e-04
3.660000000000000000e+02 8.458038909109336827e-04
3.670000000000000000e+02 8.195798430497388187e-04
3.680000000000000000e+02 9.283386117107038068e-04
3.690000000000000000e+02 1.373819219873837101e-03
3.700000000000000000e+02 9.106268498931714564e-04
3.710000000000000000e+02 9.000609409878929101e-04
3.720000000000000000e+02 5.923158655825611898e-04
3.730000000000000000e+02 9.928251577643043557e-04
3.740000000000000000e+02 1.370506140059943312e-03
3.750000000000000000e+02 1.345676570613312971e-03
3.760000000000000000e+02 1.554174644121240467e-03
3.770000000000000000e+02 9.533584163953478510e-04
3.780000000000000000e+02 1.452860458674230370e-03
3.790000000000000000e+02 1.138614243310407011e-03
3.800000000000000000e+02 1.757491155592093160e-03
3.810000000000000000e+02 1.197178191232514980e-03
3.820000000000000000e+02 1.487464530838855485e-03
3.830000000000000000e+02 1.526978786149026535e-03
