# nlmax, ncor, nside =         383           1         128
    0  -0.1640520432681749E-06
    1  -0.1230975255469916E-06
    2   0.1701531878155904E-03
    3   0.4859659902190390E-03
    4   0.2108498000476036E-03
    5   0.2989436322383979E-03
    6   0.1005228183145595E-03
    7   0.1189931913396324E-03
    8   0.5615949095917256E-04
    9   0.4096111014017815E-04
   10   0.5235127681099703E-04
   11   0.4470402503631824E-04
   12   0.3223307760143420E-04
   13   0.2438641980371755E-04
   14   0.2358427343039489E-04
   15   0.2156003551496016E-04
   16   0.1617405120114789E-04
   17   0.1821057078405479E-04
   18   0.1172172357280410E-04
   19   0.1470177803947466E-04
   20   0.1069517697286377E-04
   21   0.8993782207595125E-05
   22   0.7019186861197607E-05
   23   0.8707641167904354E-05
   24   0.8214517633641665E-05
   25   0.7795865920150400E-05
   26   0.8047085821547442E-05
   27   0.6758481995056848E-05
   28   0.9111201656650176E-05
   29   0.7415574548948224E-05
   30   0.5830512766628714E-05
   31   0.5492779125380331E-05
   32   0.8044083958583656E-05
   33   0.5195449228807679E-05
   34   0.5569542827913465E-05
   35   0.4138517847792224E-05
   36   0.5005000694473279E-05
   37   0.5829841702835075E-05
   38   0.4899281377794545E-05
   39   0.4384452319893458E-05
   40   0.6477923579945664E-05
   41   0.3850422772251425E-05
   42   0.3910955152781769E-05
   43   0.3873863557401664E-05
   44   0.3247017029169245E-05
   45   0.2784905940744477E-05
   46   0.3303319504675945E-05
   47   0.4217065924029149E-05
   48   0.2468508381307765E-05
   49   0.3506717280024622E-05
   50   0.3526820196799605E-05
   51   0.2465226798886153E-05
   52   0.2827010040098421E-05
   53   0.2075078159801208E-05
   54   0.2161978532342182E-05
   55   0.2458050874575063E-05
   56   0.2992311309167289E-05
   57   0.2705467434906091E-05
   58   0.2606168947543775E-05
   59   0.1925875003493075E-05
   60   0.2232843195420279E-05
   61   0.2089327974826124E-05
   62   0.2430479874460171E-05
   63   0.2165947078101603E-05
   64   0.2020124976430213E-05
   65   0.1795776644416850E-05
   66   0.1639320026513390E-05
   67   0.1835228217334677E-05
   68   0.1843951246236365E-05
   69   0.2018336769141220E-05
   70   0.1694130553653953E-05
   71   0.1588816243367634E-05
   72   0.1491452432737773E-05
   73   0.2068884904410988E-05
   74   0.1819688485326299E-05
   75   0.1416147214565183E-05
   76   0.1354523959166103E-05
   77   0.1603792234580258E-05
   78   0.1376975544943113E-05
   79   0.1038429472414006E-05
   80   0.1416493311947147E-05
   81   0.1390018804097578E-05
   82   0.1576729200115627E-05
   83   0.1198549158365464E-05
   84   0.1093182277098285E-05
   85   0.1229589476999412E-05
   86   0.1307350151539466E-05
   87   0.1303555475490040E-05
   88   0.1018003687349634E-05
   89   0.1182944998611977E-05
   90   0.1134341231244913E-05
   91   0.1208967684294425E-05
   92   0.1112090550472104E-05
   93   0.1088834999816957E-05
   94   0.9691347616012328E-06
   95   0.8394607996208275E-06
   96   0.8869067936312171E-06
   97   0.1005601269738840E-05
   98   0.7142355952310400E-06
   99   0.9825564731288162E-06
  100   0.9345715140681823E-06
  101   0.8751189918780073E-06
  102   0.9398672597641332E-06
  103   0.8459949400738425E-06
  104   0.9599936165746412E-06
  105   0.6759898371770047E-06
  106   0.8374755995509589E-06
  107   0.7567752609898344E-06
  108   0.9420952977121244E-06
  109   0.7448948769815341E-06
  110   0.8089827850128335E-06
  111   0.6988971118000442E-06
  112   0.6660933429800718E-06
  113   0.5897031535277614E-06
  114   0.5184875407130928E-06
  115   0.7032802069635608E-06
  116   0.7315014282117411E-06
  117   0.8116997406248229E-06
  118   0.6268081939487218E-06
  119   0.6055889591211749E-06
  120   0.5463487260101554E-06
  121   0.7385392773119933E-06
  122   0.5606537496504137E-06
  123   0.6054465544051408E-06
  124   0.4971416918099184E-06
  125   0.5358331354043546E-06
  126   0.5548501816948940E-06
  127   0.5416978191639257E-06
  128   0.4958528566417088E-06
  129   0.4632720172672186E-06
  130   0.5197961941881431E-06
  131   0.4378537106238302E-06
  132   0.4601654313670303E-06
  133   0.4767813108198619E-06
  134   0.4124373179210938E-06
  135   0.4448480636300790E-06
  136   0.4682840459735503E-06
  137   0.4214039686625178E-06
  138   0.4029572158876755E-06
  139   0.4015129815679296E-06
  140   0.4002819319650995E-06
  141   0.3826000096788879E-06
  142   0.3839652952120174E-06
  143   0.3865681045720932E-06
  144   0.3257950267984396E-06
  145   0.3820050729153704E-06
  146   0.3265884297075527E-06
  147   0.3237352462214690E-06
  148   0.2948022107852974E-06
  149   0.3068694987583904E-06
  150   0.3490409428033216E-06
  151   0.2829187958226218E-06
  152   0.2961035963072937E-06
  153   0.3221208443632760E-06
  154   0.2369626475266237E-06
  155   0.2676400102034577E-06
  156   0.2638841995141221E-06
  157   0.2492065753072384E-06
  158   0.2719228947707973E-06
  159   0.2555600187164094E-06
  160   0.2507449082572090E-06
  161   0.2327663599157279E-06
  162   0.2051225310247404E-06
  163   0.2240865651011276E-06
  164   0.2370518880548111E-06
  165   0.2018809160725884E-06
  166   0.1999610542557450E-06
  167   0.1953569069664226E-06
  168   0.2009981749503780E-06
  169   0.1800344198873962E-06
  170   0.1753351877936352E-06
  171   0.1678535668526693E-06
  172   0.2045931333858624E-06
  173   0.1854666885232437E-06
  174   0.1625880319303499E-06
  175   0.1622678131086682E-06
  176   0.1568200730970295E-06
  177   0.1472298767092455E-06
  178   0.1460317797790734E-06
  179   0.1705067397142637E-06
  180   0.1344329151036027E-06
  181   0.1212488672756336E-06
  182   0.1203990892525265E-06
  183   0.1306928709035442E-06
  184   0.1182189310242954E-06
  185   0.1318301329826698E-06
  186   0.1288633724675856E-06
  187   0.1031085994128031E-06
  188   0.1142051519838247E-06
  189   0.1152719029149937E-06
  190   0.1056957729637962E-06
  191   0.1047974757792723E-06
  192   0.1059307122926402E-06
  193   0.1002027282933395E-06
  194   0.9313955404239296E-07
  195   0.7584107895831509E-07
  196   0.8410084821258862E-07
  197   0.8033044582633073E-07
  198   0.8443140283090022E-07
  199   0.7856165401831698E-07
  200   0.8394424870748644E-07
  201   0.7665219966006967E-07
  202   0.7217131779681729E-07
  203   0.7822397198281791E-07
  204   0.6898025655001423E-07
  205   0.6820050901488585E-07
  206   0.6202496149232468E-07
  207   0.5566570938665081E-07
  208   0.5731937092781451E-07
  209   0.4916428093943843E-07
  210   0.5691206932984859E-07
  211   0.4849148008914953E-07
  212   0.5504092223825333E-07
  213   0.4902138668739312E-07
  214   0.4751313990371151E-07
  215   0.5238091322853386E-07
  216   0.4676187883432228E-07
  217   0.4185239456907567E-07
  218   0.4385872304692753E-07
  219   0.4007793651061449E-07
  220   0.4258953748617179E-07
  221   0.4048424977975800E-07
  222   0.3878766045988762E-07
  223   0.3495450743965141E-07
  224   0.3204563755062883E-07
  225   0.3172826664370554E-07
  226   0.3394266967547298E-07
  227   0.3384729966624980E-07
  228   0.2908788542267194E-07
  229   0.2596480493809827E-07
  230   0.2572000306629775E-07
  231   0.2679037422897558E-07
  232   0.2556760406437845E-07
  233   0.2735598120455923E-07
  234   0.2139055492405572E-07
  235   0.2265824232348955E-07
  236   0.2469611435384086E-07
  237   0.2136411228630154E-07
  238   0.2048482893967302E-07
  239   0.1980844867993055E-07
  240   0.1982791762805391E-07
  241   0.1748565038993445E-07
  242   0.1697770197960812E-07
  243   0.1679086488878362E-07
  244   0.1512412056806435E-07
  245   0.1669342741240855E-07
  246   0.1406294281743988E-07
  247   0.1551341447013098E-07
  248   0.1448654388043572E-07
  249   0.1177381975582734E-07
  250   0.1275398092550615E-07
  251   0.1269170653464835E-07
  252   0.1272287700730712E-07
  253   0.1198872097682985E-07
  254   0.1127725172863115E-07
  255   0.1095890127888917E-07
  256   0.1016536940896506E-07
  257   0.9035262255157292E-08
  258   0.9753869534445229E-08
  259   0.8290738409797353E-08
  260   0.9946465871327117E-08
  261   0.8918356032282035E-08
  262   0.8803098151997985E-08
  263   0.7910796842385011E-08
  264   0.7943377687888769E-08
  265   0.5791985599027367E-08
  266   0.7236184013600893E-08
  267   0.6078255656159507E-08
  268   0.5877102144368262E-08
  269   0.5627306601461737E-08
  270   0.5243782971548452E-08
  271   0.6247345942939573E-08
  272   0.6072579998373898E-08
  273   0.5346304072320856E-08
  274   0.5111057451961581E-08
  275   0.4391566555299783E-08
  276   0.3844692391904026E-08
  277   0.4761866621921967E-08
  278   0.4055215460783757E-08
  279   0.4586629890875496E-08
  280   0.3799923794597591E-08
  281   0.3729809187160019E-08
  282   0.3302245954702985E-08
  283   0.3892474338612636E-08
  284   0.3281910684050263E-08
  285   0.2801709794115097E-08
  286   0.3027741471133707E-08
  287   0.2731681201635222E-08
  288   0.2629032390414691E-08
  289   0.2903686883715016E-08
  290   0.2706346883172120E-08
  291   0.2089561900994064E-08
  292   0.2016670208136435E-08
  293   0.2046460050894999E-08
  294   0.2099279234018505E-08
  295   0.2172306992626131E-08
  296   0.2142658537176223E-08
  297   0.2214658853767627E-08
  298   0.1852245318685106E-08
  299   0.1837530792252635E-08
  300   0.1891011287110857E-08
  301   0.1722149430705141E-08
  302   0.1859018975327445E-08
  303   0.1568485224896343E-08
  304   0.1658743283257157E-08
  305   0.1575877239357288E-08
  306   0.1457451948715632E-08
  307   0.1242997033912866E-08
  308   0.1516018633789793E-08
  309   0.1598881718673024E-08
  310   0.1438395781978428E-08
  311   0.1641720798469054E-08
  312   0.1115616878669236E-08
  313   0.1233391111016834E-08
  314   0.1067981901836062E-08
  315   0.1244767997631657E-08
  316   0.9822497410376316E-09
  317   0.1172144520536420E-08
  318   0.1086983524506127E-08
  319   0.9141556954749936E-09
  320   0.1018065328119613E-08
  321   0.9195625054463015E-09
  322   0.8334795706511874E-09
  323   0.8532601639224527E-09
  324   0.9073950462736213E-09
  325   0.8417408955227364E-09
  326   0.8008709008859653E-09
  327   0.8155338973871225E-09
  328   0.8603743676106605E-09
  329   0.7646288040350876E-09
  330   0.7979493938845929E-09
  331   0.8175094988850882E-09
  332   0.7610996443436584E-09
  333   0.7277089313107712E-09
  334   0.8483334283661333E-09
  335   0.7215992017618709E-09
  336   0.8023128551111829E-09
  337   0.6749031048126145E-09
  338   0.7445929453666962E-09
  339   0.7051823948492826E-09
  340   0.6787962728885287E-09
  341   0.5979040994916022E-09
  342   0.5708816176327123E-09
  343   0.6116149789449435E-09
  344   0.6815673328633515E-09
  345   0.6117684893005575E-09
  346   0.5949486318914322E-09
  347   0.6574630093431862E-09
  348   0.6585037306613967E-09
  349   0.6767613994703001E-09
  350   0.6816330098775403E-09
  351   0.5719686783007580E-09
  352   0.6991023325058519E-09
  353   0.5962624214751887E-09
  354   0.6632009174872899E-09
  355   0.5861152117574126E-09
  356   0.6437615356678137E-09
  357   0.5887639793223876E-09
  358   0.6860237007826647E-09
  359   0.7423263847578861E-09
  360   0.6786806358825686E-09
  361   0.6567911350342440E-09
  362   0.6859009355053714E-09
  363   0.6140441028054167E-09
  364   0.6554167402195798E-09
  365   0.6402660277195203E-09
  366   0.6405819168858496E-09
  367   0.6173527113201948E-09
  368   0.6097612865944680E-09
  369   0.6186369347386729E-09
  370   0.6648018857670020E-09
  371   0.7019282792784479E-09
  372   0.7213774670684938E-09
  373   0.6822676288632813E-09
  374   0.7022223887704276E-09
  375   0.6655053517713786E-09
  376   0.6609801561726810E-09
  377   0.7273365476457292E-09
  378   0.7208423973865292E-09
  379   0.7419298454192517E-09
  380   0.7918505646112779E-09
  381   0.8827532592251453E-09
  382   0.8773709655088690E-09
  383   0.8269641482430914E-09
