# nlmax, ncor, nside =         383           1         128
    0  -0.2939062282933835E+02
    1  -0.3015852580463364E+02
    2   0.9423288657985781E+02
    3   0.2233028257446954E+03
    4   0.2343104450442702E+03
    5   0.2353709827344625E+03
    6   0.7720266945693926E+02
    7   0.7239775282536496E+02
    8   0.6122352068564831E+02
    9   0.7090666016691750E+02
   10   0.2624485769029359E+02
   11   0.5473912753761290E+02
   12   0.2152443882967285E+02
   13   0.1804955100509078E+02
   14   0.2592817829963512E+02
   15   0.2606684217618859E+02
   16   0.1981283394745388E+02
   17   0.2903522731756587E+02
   18   0.1357048171997768E+02
   19   0.1220933738744578E+02
   20   0.1021542734142442E+02
   21   0.7924649220352641E+01
   22   0.7974672153515042E+01
   23   0.7865021037202051E+01
   24   0.8289663525100858E+01
   25   0.5429776180321142E+01
   26   0.9006047158839685E+01
   27   0.8278349177764486E+01
   28   0.9019616875223026E+01
   29   0.8257502172642406E+01
   30   0.7327151838849743E+01
   31   0.5929389954503556E+01
   32   0.8298290855357401E+01
   33   0.5529490501976929E+01
   34   0.5371227162323236E+01
   35   0.4219621944568437E+01
   36   0.4487565143307210E+01
   37   0.5842982969713014E+01
   38   0.5567175939691170E+01
   39   0.4303865741983539E+01
   40   0.5851929261915060E+01
   41   0.4205952579985585E+01
   42   0.4832268884209887E+01
   43   0.3887719817400645E+01
   44   0.4085267398055976E+01
   45   0.2845426286140410E+01
   46   0.2654105114405283E+01
   47   0.4214455997098904E+01
   48   0.2214745530515264E+01
   49   0.3265583585619950E+01
   50   0.3948245090091626E+01
   51   0.2242644717372622E+01
   52   0.2792143334147418E+01
   53   0.2030393045108742E+01
   54   0.1970807145282289E+01
   55   0.2711187262362669E+01
   56   0.2817463418432659E+01
   57   0.2655619121656038E+01
   58   0.2680366087260198E+01
   59   0.2008400432927715E+01
   60   0.2179187075048869E+01
   61   0.1911481898817441E+01
   62   0.2564888073263702E+01
   63   0.1906706335844139E+01
   64   0.1474447826373428E+01
   65   0.1882665049367380E+01
   66   0.1811031199540923E+01
   67   0.1818784994044377E+01
   68   0.1710955489210856E+01
   69   0.2255184041208043E+01
   70   0.1459414818451831E+01
   71   0.1770104281650531E+01
   72   0.1309914825497203E+01
   73   0.2184403926896285E+01
   74   0.1717002676636338E+01
   75   0.1333228219393047E+01
   76   0.1341284347941849E+01
   77   0.1595705711614575E+01
   78   0.1209029007077941E+01
   79   0.1021605989739226E+01
   80   0.1518194288347175E+01
   81   0.1411839783310169E+01
   82   0.1717567972845572E+01
   83   0.1159334702214880E+01
   84   0.9694640320081278E+00
   85   0.1272546890547766E+01
   86   0.1363020569527046E+01
   87   0.1148782411731506E+01
   88   0.8722519080192630E+00
   89   0.1291151391596006E+01
   90   0.9874395289132085E+00
   91   0.1153639086055151E+01
   92   0.1067960980046842E+01
   93   0.1237059844857994E+01
   94   0.1015484626007223E+01
   95   0.8457248503047674E+00
   96   0.9102700585935708E+00
   97   0.9413641504109971E+00
   98   0.7147965559278040E+00
   99   0.1099297829595558E+01
  100   0.9808924414127527E+00
  101   0.9142250366269216E+00
  102   0.8354697701421077E+00
  103   0.7599966335240287E+00
  104   0.1013643509504668E+01
  105   0.7079481858485888E+00
  106   0.7641626713900687E+00
  107   0.8569638549839742E+00
  108   0.1015059327972287E+01
  109   0.7933545514425189E+00
  110   0.8399198523498623E+00
  111   0.6618586910134820E+00
  112   0.7784155832666453E+00
  113   0.5450512763003292E+00
  114   0.4531930535956120E+00
  115   0.7021930496616476E+00
  116   0.8290182417560827E+00
  117   0.7769916548558515E+00
  118   0.6830272787507399E+00
  119   0.5924345409222187E+00
  120   0.4029746595657209E+00
  121   0.7466042430855121E+00
  122   0.6187021670666216E+00
  123   0.6163337230020637E+00
  124   0.4379129393481178E+00
  125   0.5388895996994811E+00
  126   0.5212388605651816E+00
  127   0.5437374557745767E+00
  128   0.5423697481042898E+00
  129   0.4352117897907009E+00
  130   0.5416574854318538E+00
  131   0.3845849913962731E+00
  132   0.4073715640526159E+00
  133   0.4686747024962831E+00
  134   0.4008023630121235E+00
  135   0.5058411787066375E+00
  136   0.5497260642904035E+00
  137   0.4089465588808101E+00
  138   0.4216611275499086E+00
  139   0.4297433847403705E+00
  140   0.3945972407250065E+00
  141   0.4068341461859526E+00
  142   0.3817215112457767E+00
  143   0.3524816144637761E+00
  144   0.3488025009729934E+00
  145   0.4305124053505003E+00
  146   0.3285510789112087E+00
  147   0.3120900628686294E+00
  148   0.2968881273864292E+00
  149   0.2374543151452139E+00
  150   0.3301597127776190E+00
  151   0.2711743154913895E+00
  152   0.2748196321784994E+00
  153   0.3103882636423932E+00
  154   0.2195825798284917E+00
  155   0.2991018701561189E+00
  156   0.2770138699483539E+00
  157   0.2502029288399569E+00
  158   0.2974485110655237E+00
  159   0.2576958899009227E+00
  160   0.2690312638043475E+00
  161   0.2332448967985852E+00
  162   0.2008142302131878E+00
  163   0.2069163150026193E+00
  164   0.2189696170078618E+00
  165   0.2052886127415913E+00
  166   0.2249149868104922E+00
  167   0.2465568033898443E+00
  168   0.1952300982519765E+00
  169   0.1790525036961209E+00
  170   0.1726104362787603E+00
  171   0.1559035309517599E+00
  172   0.1728654920075439E+00
  173   0.1734693884304888E+00
  174   0.1489076567330051E+00
  175   0.1593328718543825E+00
  176   0.1564550919559761E+00
  177   0.1434912124459764E+00
  178   0.1277961312130275E+00
  179   0.1787063772253557E+00
  180   0.1415175428783556E+00
  181   0.1017910225590347E+00
  182   0.1009801564102247E+00
  183   0.1053932042626294E+00
  184   0.1275698688995976E+00
  185   0.1390976736201683E+00
  186   0.1273986935423517E+00
  187   0.9837294585803436E-01
  188   0.1252420937512497E+00
  189   0.1274539569020458E+00
  190   0.1093981860285194E+00
  191   0.1032690407886681E+00
  192   0.1107722210517889E+00
  193   0.1049338378491285E+00
  194   0.9458752384952895E-01
  195   0.7141567396575410E-01
  196   0.8056148523006201E-01
  197   0.7898219044618870E-01
  198   0.7762797404702138E-01
  199   0.6698769060587506E-01
  200   0.7338467512328140E-01
  201   0.6987283235320330E-01
  202   0.6690203062964828E-01
  203   0.7048872618318047E-01
  204   0.6877133036433047E-01
  205   0.6575080104432385E-01
  206   0.5371700971702642E-01
  207   0.5696990099128196E-01
  208   0.5372847696765570E-01
  209   0.4790899008118732E-01
  210   0.5335617459610031E-01
  211   0.4717101169580240E-01
  212   0.4969332845371410E-01
  213   0.5733065437766705E-01
  214   0.4067609073133904E-01
  215   0.5094718443742785E-01
  216   0.4749354613250578E-01
  217   0.3803644234401204E-01
  218   0.4587731507069226E-01
  219   0.4061246624951498E-01
  220   0.4004667588111444E-01
  221   0.4265176713806518E-01
  222   0.4066082632162227E-01
  223   0.3516011935873276E-01
  224   0.3320860444724361E-01
  225   0.2862340801737429E-01
  226   0.3464988478267628E-01
  227   0.3426790423941417E-01
  228   0.2490412008807175E-01
  229   0.2517523148894552E-01
  230   0.2615291828707000E-01
  231   0.3023869641105403E-01
  232   0.2899550936364848E-01
  233   0.2676896868758438E-01
  234   0.1865713962817317E-01
  235   0.2038247465747334E-01
  236   0.2169276787098118E-01
  237   0.2000452574728107E-01
  238   0.2163503325054539E-01
  239   0.1824927756551709E-01
  240   0.2204305439396936E-01
  241   0.2060397784059920E-01
  242   0.1607085959601617E-01
  243   0.1686695283896678E-01
  244   0.1246295691812227E-01
  245   0.1667949513216327E-01
  246   0.1547963006075082E-01
  247   0.1675818305799082E-01
  248   0.1461089959583417E-01
  249   0.1300957966684912E-01
  250   0.1001939343429092E-01
  251   0.1227679649405888E-01
  252   0.1305853512933131E-01
  253   0.1145544122313824E-01
  254   0.7604923348868531E-02
  255   0.9917788716269138E-02
  256   0.1042543950957198E-01
  257   0.9871496785096023E-02
  258   0.8849932863424614E-02
  259   0.7560602835088415E-02
  260   0.9689686486455407E-02
  261   0.6220822734894882E-02
  262   0.9635271025954295E-02
  263   0.9083107809743529E-02
  264   0.7857974025828440E-02
  265   0.6157682119123709E-02
  266   0.6086181717780970E-02
  267   0.5990902419529043E-02
  268   0.6760031934837818E-02
  269   0.5600966113790906E-02
  270   0.5132343660214811E-02
  271   0.5628655032847873E-02
  272   0.7545053722311013E-02
  273   0.4323951826060268E-02
  274   0.5507433734787626E-02
  275   0.4228649200328560E-02
  276   0.3086657194675546E-02
  277   0.5206230400897627E-02
  278   0.2580944216718895E-02
  279   0.4186399021981202E-02
  280   0.3010395150297884E-02
  281   0.3472130826831010E-02
  282   0.4597146210026881E-02
  283   0.3353899846721908E-02
  284   0.3126926067881175E-02
  285   0.2515575339295306E-02
  286   0.2904063298341919E-02
  287   0.3320860057754227E-02
  288   0.2391319518547264E-02
  289   0.3027598257203112E-02
  290   0.3307604429378164E-02
  291   0.2486286984310027E-02
  292   0.3015101209105753E-02
  293   0.2821722032819218E-02
  294   0.2336349813984118E-02
  295   0.2118894319348530E-02
  296   0.2184112519486581E-02
  297   0.2004894795311574E-02
  298   0.2148566547434116E-02
  299   0.2811336589113644E-02
  300   0.2229894834490376E-02
  301   0.1341799272939925E-02
  302   0.1916211721997074E-02
  303   0.1542566478178353E-02
  304   0.1216122954276644E-02
  305   0.2028156752154064E-02
  306   0.7636665989825264E-03
  307   0.9778579103978391E-03
  308   0.1558940088865035E-02
  309   0.1866474642821137E-02
  310   0.1559372103215773E-02
  311   0.1810443804945716E-02
  312   0.1676935093903598E-02
  313   0.1472884873388591E-02
  314   0.1524930897712107E-02
  315   0.4961601392985404E-03
  316   0.1154142256104995E-02
  317   0.1089513612998527E-02
  318   0.1273076481779545E-02
  319   0.1455234809917660E-02
  320   0.1381520689999305E-02
  321   0.9273771386709706E-03
  322   0.8521043010317753E-03
  323   0.1101202250659739E-02
  324   0.9404452348488745E-03
  325   0.1467288946563394E-02
  326   0.1236683450249493E-02
  327   0.1355826773120544E-02
  328   0.1239225550484419E-02
  329   0.1550219100726447E-02
  330   0.1203910932804197E-02
  331   0.9126540712198206E-03
  332   0.9231623763603924E-03
  333   0.8216480846312546E-03
  334   0.1139782403485695E-02
  335   0.8016549045198884E-03
  336   0.9810008655407598E-03
  337   0.1399947811802166E-02
  338   0.1039125426200577E-02
  339   0.1005397436219413E-02
  340   0.1344182344766465E-02
  341   0.1371142893913574E-02
  342   0.1377871144958825E-02
  343   0.1312894457321967E-02
  344   0.1157244849514405E-02
  345   0.1218142452539733E-02
  346   0.9846887780671221E-03
  347   0.1115981304269903E-02
  348   0.1007314945677518E-02
  349   0.1425901279908937E-02
  350   0.1491005752623425E-02
  351   0.1462708595948964E-02
  352   0.1316474849308469E-02
  353   0.1345267459215732E-02
  354   0.1285584180503660E-02
  355   0.1451097814736582E-02
  356   0.1055407388780349E-02
  357   0.1345873024623981E-02
  358   0.1425421067185767E-02
  359   0.1858896179461458E-02
  360   0.1577251294033147E-02
  361   0.1788360285049015E-02
  362   0.1535511079444746E-02
  363   0.1661531700240859E-02
  364   0.1511897784446437E-02
  365   0.1524042367700526E-02
  366   0.1500487335237194E-02
  367   0.1516258649013766E-02
  368   0.1651062820188870E-02
  369   0.2148252181335325E-02
  370   0.1627538857464271E-02
  371   0.1697611947518302E-02
  372   0.1409503661981129E-02
  373   0.1839584037313997E-02
  374   0.2185283514274210E-02
  375   0.2265280614692673E-02
  376   0.2529686935991128E-02
  377   0.1930465220460354E-02
  378   0.2482098692317160E-02
  379   0.2238893604040903E-02
  380   0.2946035476222023E-02
  381   0.2546397537026386E-02
  382   0.3016032848239059E-02
  383   0.3164079335162866E-02
