# nlmax, ncor, nside =         383           1         128
    0   0.7466117840922107E-20
    1   0.1555513368496702E-18
    2   0.1376300482974484E-03
    3   0.4751413135635365E-03
    4   0.2387660318984227E-03
    5   0.2879371933045986E-03
    6   0.9053200797577276E-04
    7   0.1169892568610963E-03
    8   0.5398708950670542E-04
    9   0.4285759971510147E-04
   10   0.5685749460359564E-04
   11   0.4617306640096027E-04
   12   0.3101403156895380E-04
   13   0.2560091092562888E-04
   14   0.2521376124980141E-04
   15   0.2188461711691307E-04
   16   0.1649177491780732E-04
   17   0.1806376140626770E-04
   18   0.1072478998420555E-04
   19   0.1453627877290702E-04
   20   0.1139047961774950E-04
   21   0.8456046719349353E-05
   22   0.7533025364105733E-05
   23   0.8209653497981361E-05
   24   0.8557091906176130E-05
   25   0.7828889972898959E-05
   26   0.8903849946218977E-05
   27   0.6460225772587902E-05
   28   0.9210651244398141E-05
   29   0.7423300961001418E-05
   30   0.6011754066806402E-05
   31   0.5484007585156986E-05
   32   0.8272254768093826E-05
   33   0.5336839569779364E-05
   34   0.5848930057302709E-05
   35   0.4373221028650859E-05
   36   0.5283269590832737E-05
   37   0.5698600704948330E-05
   38   0.5021580457309611E-05
   39   0.4568868051330242E-05
   40   0.6731868576213506E-05
   41   0.3890630467297615E-05
   42   0.3987373547328484E-05
   43   0.3838019253825874E-05
   44   0.3176239696197549E-05
   45   0.3045662501520073E-05
   46   0.3047193777000576E-05
   47   0.4290574381063674E-05
   48   0.2471950131914469E-05
   49   0.3761653788214384E-05
   50   0.3519483911850045E-05
   51   0.2689945107547979E-05
   52   0.2930965073921715E-05
   53   0.2276339379912990E-05
   54   0.2322117196235785E-05
   55   0.2522145550034218E-05
   56   0.3243971662608142E-05
   57   0.2652938236368294E-05
   58   0.2595261348648016E-05
   59   0.1983329301089468E-05
   60   0.2267526259590304E-05
   61   0.2184682353251745E-05
   62   0.2494814220411316E-05
   63   0.2274174007041254E-05
   64   0.2021259284689456E-05
   65   0.1865856168583078E-05
   66   0.1703444404568550E-05
   67   0.2032761904425317E-05
   68   0.1828055761768940E-05
   69   0.2070802121309679E-05
   70   0.1833891815274107E-05
   71   0.1657953251920383E-05
   72   0.1621119626320607E-05
   73   0.2089701493539648E-05
   74   0.1878014411005332E-05
   75   0.1578368398460694E-05
   76   0.1408911819354204E-05
   77   0.1664970734250351E-05
   78   0.1427450237305217E-05
   79   0.1090717608323643E-05
   80   0.1429568928416975E-05
   81   0.1463199646526902E-05
   82   0.1682562824416536E-05
   83   0.1241036464667313E-05
   84   0.1111183237862718E-05
   85   0.1237471154508221E-05
   86   0.1349722137860504E-05
   87   0.1364752470373653E-05
   88   0.1062825405043394E-05
   89   0.1204695362345778E-05
   90   0.1236577919237042E-05
   91   0.1215388386392334E-05
   92   0.1187086863288909E-05
   93   0.1112067503195258E-05
   94   0.9642369873198145E-06
   95   0.8459910010294101E-06
   96   0.8939790834398857E-06
   97   0.1091281783083982E-05
   98   0.7836666055671008E-06
   99   0.9926923736883189E-06
  100   0.9432604256529995E-06
  101   0.9605797061712330E-06
  102   0.9812456581360016E-06
  103   0.8403557783864635E-06
  104   0.9424801901904316E-06
  105   0.7115997607181421E-06
  106   0.8773062363403025E-06
  107   0.7986200799146276E-06
  108   0.9314245710554546E-06
  109   0.7693070188174582E-06
  110   0.8159429246933235E-06
  111   0.7212678167714930E-06
  112   0.6651218874201924E-06
  113   0.6184747010649810E-06
  114   0.5417687006503371E-06
  115   0.7169562756243502E-06
  116   0.7234551174255895E-06
  117   0.8493548973849506E-06
  118   0.6396246173848584E-06
  119   0.6185503423600056E-06
  120   0.5834072257164849E-06
  121   0.7754536762128591E-06
  122   0.6011795377433569E-06
  123   0.6336689605173034E-06
  124   0.5008706424270202E-06
  125   0.5489711424496348E-06
  126   0.5478207574829793E-06
  127   0.5592872925187107E-06
  128   0.5318876709354978E-06
  129   0.4767282788570696E-06
  130   0.5168972735132478E-06
  131   0.4480275907142187E-06
  132   0.4573985563476344E-06
  133   0.4774773784971144E-06
  134   0.4314933466117956E-06
  135   0.4585220530536950E-06
  136   0.4688296820570486E-06
  137   0.4253663738834738E-06
  138   0.4290298726027737E-06
  139   0.4079280463333546E-06
  140   0.4101208174379920E-06
  141   0.3867466008234379E-06
  142   0.3828962247867028E-06
  143   0.4118485371426516E-06
  144   0.3523867586520923E-06
  145   0.4082301295747667E-06
  146   0.3270660312465946E-06
  147   0.3335040341115426E-06
  148   0.3115351875938551E-06
  149   0.3194093778158232E-06
  150   0.3437779023061991E-06
  151   0.2942635827538034E-06
  152   0.3053008783062799E-06
  153   0.3204023491171627E-06
  154   0.2539173810221983E-06
  155   0.2718322702682379E-06
  156   0.2755359505772694E-06
  157   0.2503190176761074E-06
  158   0.2838447288847983E-06
  159   0.2538928487619422E-06
  160   0.2590583320031976E-06
  161   0.2453206330988380E-06
  162   0.2120475630772004E-06
  163   0.2463750984549253E-06
  164   0.2461452705841225E-06
  165   0.2067180945923208E-06
  166   0.2056372051614465E-06
  167   0.2016871184499196E-06
  168   0.2170511892926086E-06
  169   0.1916216065600740E-06
  170   0.1951995490962440E-06
  171   0.1722019555230952E-06
  172   0.2119269712375644E-06
  173   0.1830052831840786E-06
  174   0.1674896564056682E-06
  175   0.1665547536251610E-06
  176   0.1644443155075088E-06
  177   0.1457512661747796E-06
  178   0.1481051160012998E-06
  179   0.1732038579056325E-06
  180   0.1404600222025303E-06
  181   0.1209899727928717E-06
  182   0.1208820609062021E-06
  183   0.1367442406541368E-06
  184   0.1211170462570136E-06
  185   0.1401500083328724E-06
  186   0.1244653948147835E-06
  187   0.1067371257736363E-06
  188   0.1194701056320781E-06
  189   0.1220268734127418E-06
  190   0.1068467050183388E-06
  191   0.1095607803798545E-06
  192   0.1033261229340291E-06
  193   0.9790483580840639E-07
  194   0.9311130894286498E-07
  195   0.8105196314832188E-07
  196   0.9079254398699686E-07
  197   0.8429419584576995E-07
  198   0.8760346906595880E-07
  199   0.7871704449263189E-07
  200   0.8090295307166119E-07
  201   0.7522179824392135E-07
  202   0.7302049841082429E-07
  203   0.7781868882205365E-07
  204   0.6948192473124094E-07
  205   0.6914048365592658E-07
  206   0.6419874336583806E-07
  207   0.5798149799511072E-07
  208   0.5913028387199991E-07
  209   0.5314602053764854E-07
  210   0.5890976313944511E-07
  211   0.4956111989232012E-07
  212   0.5551554197235089E-07
  213   0.4815649106346767E-07
  214   0.4621883267661463E-07
  215   0.5192502878022494E-07
  216   0.4641375198552903E-07
  217   0.4113865664453051E-07
  218   0.4431090380520486E-07
  219   0.4037694629991984E-07
  220   0.4316591201313716E-07
  221   0.4173554578170302E-07
  222   0.4250194931850121E-07
  223   0.3646097121687548E-07
  224   0.3213033349817940E-07
  225   0.3269032962436304E-07
  226   0.3282848258233331E-07
  227   0.3386208608551697E-07
  228   0.3002866409322711E-07
  229   0.2578787083992929E-07
  230   0.2563845551468265E-07
  231   0.2767892685071239E-07
  232   0.2512947167953608E-07
  233   0.2614807576043106E-07
  234   0.2195476933191951E-07
  235   0.2298474719860340E-07
  236   0.2513053925406785E-07
  237   0.2035602645103594E-07
  238   0.1991739485671378E-07
  239   0.2055752869440041E-07
  240   0.2044206807849833E-07
  241   0.1805521069304926E-07
  242   0.1695304751704320E-07
  243   0.1690375450785361E-07
  244   0.1543370112320912E-07
  245   0.1765186905937798E-07
  246   0.1496710481003693E-07
  247   0.1521504628308690E-07
  248   0.1396559182539436E-07
  249   0.1140985494356271E-07
  250   0.1343371203759016E-07
  251   0.1267719294547161E-07
  252   0.1280505796384388E-07
  253   0.1059998277561036E-07
  254   0.1031401118232872E-07
  255   0.9725163539507217E-08
  256   0.1006928072621612E-07
  257   0.8835344411019583E-08
  258   0.9233112495338938E-08
  259   0.7883869839044761E-08
  260   0.8638822171892669E-08
  261   0.8179864416889826E-08
  262   0.8391406872746081E-08
  263   0.8103370833797164E-08
  264   0.7068229698811462E-08
  265   0.5860900455805288E-08
  266   0.6943266193868948E-08
  267   0.6556041139182081E-08
  268   0.5788226277801253E-08
  269   0.5468604493124617E-08
  270   0.5085365203185853E-08
  271   0.5595398097112510E-08
  272   0.5232515393461425E-08
  273   0.4753834288258242E-08
  274   0.4841339566783385E-08
  275   0.3988822445813840E-08
  276   0.3830301981242726E-08
  277   0.4296211760185957E-08
  278   0.3797519510959855E-08
  279   0.3836374681641004E-08
  280   0.3364709279543429E-08
  281   0.3320286265699463E-08
  282   0.3262944465337747E-08
  283   0.3227301354413090E-08
  284   0.2754208867843169E-08
  285   0.2489204947586150E-08
  286   0.2574865232328678E-08
  287   0.2506003033436434E-08
  288   0.2185954089150264E-08
  289   0.2332428851685683E-08
  290   0.2244288926020149E-08
  291   0.1844106564023410E-08
  292   0.1887479700525850E-08
  293   0.1866694701168478E-08
  294   0.1708974912918931E-08
  295   0.1742389825058672E-08
  296   0.1689437890520939E-08
  297   0.1614385629616707E-08
  298   0.1378414663773087E-08
  299   0.1393793496922958E-08
  300   0.1450036759466937E-08
  301   0.1296212651799928E-08
  302   0.1262182922026862E-08
  303   0.1094816427061680E-08
  304   0.1084143949279089E-08
  305   0.1049331897226414E-08
  306   0.9680005654559265E-09
  307   0.8430146607930423E-09
  308   0.9636813513130019E-09
  309   0.8683193070599764E-09
  310   0.8618329202038761E-09
  311   0.7754200426769519E-09
  312   0.7374055044287729E-09
  313   0.6306343631111183E-09
  314   0.5866585578647078E-09
  315   0.6811680261649121E-09
  316   0.6238395251347865E-09
  317   0.5444869413130344E-09
  318   0.5320409137013416E-09
  319   0.5281671448858464E-09
  320   0.5113754420274493E-09
  321   0.4115796335798317E-09
  322   0.4753866177867446E-09
  323   0.4173088613567503E-09
  324   0.4224244035656746E-09
  325   0.3815118295649911E-09
  326   0.3738831845929072E-09
  327   0.3353318262023583E-09
  328   0.3308255276178282E-09
  329   0.2989145056808669E-09
  330   0.2950306710755067E-09
  331   0.3014449974990470E-09
  332   0.2892104328129052E-09
  333   0.2543235957704305E-09
  334   0.2503975177463001E-09
  335   0.2394958787026012E-09
  336   0.2379444022273404E-09
  337   0.2150615552419707E-09
  338   0.2182802846934773E-09
  339   0.1904932889425522E-09
  340   0.2242465524471980E-09
  341   0.1636396086951237E-09
  342   0.1853901747068584E-09
  343   0.1731395334634230E-09
  344   0.1847597507555699E-09
  345   0.1538902702031006E-09
  346   0.1482948182262443E-09
  347   0.1408575939637937E-09
  348   0.1415575411682126E-09
  349   0.1454674954157582E-09
  350   0.1345246879970584E-09
  351   0.1338778587442395E-09
  352   0.1263624576943265E-09
  353   0.1205124594596006E-09
  354   0.1222521993865990E-09
  355   0.1179414112850886E-09
  356   0.1145218154054980E-09
  357   0.1159345130179920E-09
  358   0.1132094674276620E-09
  359   0.1068317843998905E-09
  360   0.1068504612345843E-09
  361   0.1197653111509375E-09
  362   0.1066921600475451E-09
  363   0.1113691327421192E-09
  364   0.1087356469080114E-09
  365   0.1098969688645107E-09
  366   0.1020122271859994E-09
  367   0.1052331234902397E-09
  368   0.9807217000495752E-10
  369   0.1077774382933028E-09
  370   0.1025841293403954E-09
  371   0.1031825384550406E-09
  372   0.1028924318907573E-09
  373   0.9712098927223229E-10
  374   0.1034375510167428E-09
  375   0.1063930021552337E-09
  376   0.1104943280914160E-09
  377   0.9629390301172021E-10
  378   0.1036190544701746E-09
  379   0.1024497557853763E-09
  380   0.1101972139464810E-09
  381   0.1038565346034334E-09
  382   0.1031617479943957E-09
  383   0.1057914141802440E-09
