0.000000000000000000e+00 -1.777939820580365093e-01
1.000000000000000000e+00 -2.059159205780785040e-01
2.000000000000000000e+00 1.260120454381616639e+02
3.000000000000000000e+00 5.205453641145936672e+02
4.000000000000000000e+00 2.099981748700871833e+02
5.000000000000000000e+00 2.980300242165916984e+02
6.000000000000000000e+00 9.743299890065071622e+01
7.000000000000000000e+00 1.180235123615670432e+02
8.000000000000000000e+00 5.591749326495921935e+01
9.000000000000000000e+00 4.001130421297712303e+01
1.000000000000000000e+01 5.217098671994980918e+01
1.100000000000000000e+01 4.565146918996119041e+01
1.200000000000000000e+01 3.215618973084700372e+01
1.300000000000000000e+01 2.511092893647690616e+01
1.400000000000000000e+01 2.360936421351035719e+01
1.500000000000000000e+01 2.158068581158128296e+01
1.600000000000000000e+01 1.585405529114214396e+01
1.700000000000000000e+01 1.851095009595201901e+01
1.800000000000000000e+01 1.169814362820894438e+01
1.900000000000000000e+01 1.486653787830754325e+01
2.000000000000000000e+01 1.082734625489854707e+01
2.100000000000000000e+01 8.967060817898122593e+00
2.200000000000000000e+01 7.001834597733273213e+00
2.300000000000000000e+01 8.677026648194321012e+00
2.400000000000000000e+01 8.064143790292716218e+00
2.500000000000000000e+01 7.845393845123624921e+00
2.600000000000000000e+01 8.016696653852275034e+00
2.700000000000000000e+01 6.617043628531257937e+00
2.800000000000000000e+01 9.039146486916255441e+00
2.900000000000000000e+01 7.427153786157225213e+00
3.000000000000000000e+01 5.853256086485922438e+00
3.100000000000000000e+01 5.477135342118293337e+00
3.200000000000000000e+01 7.957618100310050124e+00
3.300000000000000000e+01 5.174147218682210614e+00
3.400000000000000000e+01 5.571990642984356867e+00
3.500000000000000000e+01 4.208202875145419242e+00
3.600000000000000000e+01 4.923204524548236094e+00
3.700000000000000000e+01 5.832130462842606278e+00
3.800000000000000000e+01 4.833325146881263912e+00
3.900000000000000000e+01 4.350092630518259895e+00
4.000000000000000000e+01 6.444906895908922628e+00
4.100000000000000000e+01 3.890312275584179691e+00
4.200000000000000000e+01 3.947085849191958928e+00
4.300000000000000000e+01 3.876884025355274765e+00
4.400000000000000000e+01 3.378796778051607497e+00
4.500000000000000000e+01 2.860742246925527699e+00
4.600000000000000000e+01 3.244870030097981584e+00
4.700000000000000000e+01 4.135744485236867440e+00
4.800000000000000000e+01 2.474692360066662378e+00
4.900000000000000000e+01 3.519151164855673919e+00
5.000000000000000000e+01 3.475757745641705476e+00
5.100000000000000000e+01 2.441291951692259765e+00
5.200000000000000000e+01 2.834675371554555845e+00
5.300000000000000000e+01 2.084094109908935621e+00
5.400000000000000000e+01 2.135863877330365312e+00
5.500000000000000000e+01 2.468783091861316059e+00
5.600000000000000000e+01 2.924571884607106043e+00
5.700000000000000000e+01 2.673044048029252551e+00
5.800000000000000000e+01 2.564673059879589712e+00
5.900000000000000000e+01 1.935725777270436376e+00
6.000000000000000000e+01 2.252360216733257925e+00
6.100000000000000000e+01 2.115776698155284574e+00
6.200000000000000000e+01 2.468505011138858674e+00
6.300000000000000000e+01 2.131579096823064123e+00
6.400000000000000000e+01 2.040530494359165559e+00
6.500000000000000000e+01 1.786520872495831247e+00
6.600000000000000000e+01 1.625789033473126199e+00
6.700000000000000000e+01 1.877628998310801656e+00
6.800000000000000000e+01 1.829558168968812515e+00
6.900000000000000000e+01 2.030291335078626247e+00
7.000000000000000000e+01 1.715801598599813405e+00
7.100000000000000000e+01 1.589008782265620479e+00
7.200000000000000000e+01 1.520387505352842394e+00
7.300000000000000000e+01 2.056196022851583205e+00
7.400000000000000000e+01 1.840724273043269799e+00
7.500000000000000000e+01 1.390988355377452468e+00
7.600000000000000000e+01 1.355572437208134806e+00
7.700000000000000000e+01 1.582823452729291702e+00
7.800000000000000000e+01 1.405883501103639022e+00
7.900000000000000000e+01 1.032193562143643772e+00
8.000000000000000000e+01 1.415606550013668308e+00
8.100000000000000000e+01 1.403412656195233588e+00
8.200000000000000000e+01 1.595541192402002650e+00
8.300000000000000000e+01 1.191845398827066971e+00
8.400000000000000000e+01 1.098866733197441770e+00
8.500000000000000000e+01 1.215815854792774653e+00
8.600000000000000000e+01 1.315706870141008844e+00
8.700000000000000000e+01 1.299661982825680129e+00
8.800000000000000000e+01 1.019295504737659952e+00
8.900000000000000000e+01 1.174650700241803181e+00
9.000000000000000000e+01 1.150386595273317214e+00
9.100000000000000000e+01 1.206608256182414296e+00
9.200000000000000000e+01 1.091752240361849813e+00
9.300000000000000000e+01 1.096045432195263292e+00
9.400000000000000000e+01 9.710188789177669477e-01
9.500000000000000000e+01 8.346595181190040735e-01
9.600000000000000000e+01 8.933796986549503716e-01
9.700000000000000000e+01 1.004392226025427881e+00
9.800000000000000000e+01 7.118465468611602232e-01
9.900000000000000000e+01 9.653605791194400654e-01
1.000000000000000000e+02 9.365506228996227645e-01
1.010000000000000000e+02 8.952465505407373181e-01
1.020000000000000000e+02 9.497757165501364840e-01
1.030000000000000000e+02 8.325046712103461033e-01
1.040000000000000000e+02 9.530094002674756037e-01
1.050000000000000000e+02 6.763052014589057137e-01
1.060000000000000000e+02 8.497751841422198638e-01
1.070000000000000000e+02 7.550505238017897192e-01
1.080000000000000000e+02 9.268512265632598002e-01
1.090000000000000000e+02 7.364698889666977388e-01
1.100000000000000000e+02 8.077740534308284204e-01
1.110000000000000000e+02 6.962380497974339777e-01
1.120000000000000000e+02 6.556856202902311415e-01
1.130000000000000000e+02 6.032482004915629137e-01
1.140000000000000000e+02 5.120978780812824871e-01
1.150000000000000000e+02 7.028757888236584206e-01
1.160000000000000000e+02 7.322435060654003403e-01
1.170000000000000000e+02 8.137181449580990211e-01
1.180000000000000000e+02 6.159760448953672807e-01
1.190000000000000000e+02 6.116337328118119920e-01
1.200000000000000000e+02 5.545328787152394856e-01
1.210000000000000000e+02 7.449789907272877931e-01
1.220000000000000000e+02 5.650761828280242982e-01
1.230000000000000000e+02 6.050464758115201569e-01
1.240000000000000000e+02 4.907167384256823084e-01
1.250000000000000000e+02 5.243848872252381277e-01
1.260000000000000000e+02 5.602882570741489765e-01
1.270000000000000000e+02 5.490698027593299280e-01
1.280000000000000000e+02 4.963585715874246351e-01
1.290000000000000000e+02 4.737662903314949214e-01
1.300000000000000000e+02 5.044754379688054513e-01
1.310000000000000000e+02 4.306556194040532248e-01
1.320000000000000000e+02 4.536875880095587177e-01
1.330000000000000000e+02 4.790553689174033014e-01
1.340000000000000000e+02 4.094302952962649567e-01
1.350000000000000000e+02 4.335427817103276737e-01
1.360000000000000000e+02 4.694535421969225908e-01
1.370000000000000000e+02 4.249900139347866923e-01
1.380000000000000000e+02 4.121147115281439954e-01
1.390000000000000000e+02 4.072191824739167521e-01
1.400000000000000000e+02 4.043187063892963451e-01
1.410000000000000000e+02 3.826855726215656617e-01
1.420000000000000000e+02 3.914888627475990868e-01
1.430000000000000000e+02 3.914883368924236273e-01
1.440000000000000000e+02 3.287164297563084925e-01
1.450000000000000000e+02 3.845540991883295012e-01
1.460000000000000000e+02 3.239325130373594819e-01
1.470000000000000000e+02 3.237136200628876193e-01
1.480000000000000000e+02 2.986315323611709038e-01
1.490000000000000000e+02 2.974009378578443830e-01
1.500000000000000000e+02 3.421471102684917054e-01
1.510000000000000000e+02 2.768348053306421419e-01
1.520000000000000000e+02 2.988355720717868480e-01
1.530000000000000000e+02 3.237928520801747201e-01
1.540000000000000000e+02 2.349358857985328064e-01
1.550000000000000000e+02 2.713032890643762851e-01
1.560000000000000000e+02 2.644376650459899225e-01
1.570000000000000000e+02 2.474835030683010528e-01
1.580000000000000000e+02 2.732194232406758294e-01
1.590000000000000000e+02 2.487275867081631953e-01
1.600000000000000000e+02 2.534266125322044427e-01
1.610000000000000000e+02 2.326217196613441784e-01
1.620000000000000000e+02 2.045133815594562254e-01
1.630000000000000000e+02 2.274444083529670591e-01
1.640000000000000000e+02 2.324936051371820633e-01
1.650000000000000000e+02 2.063110771595355331e-01
1.660000000000000000e+02 2.015783845672342034e-01
1.670000000000000000e+02 1.951138715124272338e-01
1.680000000000000000e+02 2.056159984429072329e-01
1.690000000000000000e+02 1.824442406900438907e-01
1.700000000000000000e+02 1.780369443922741324e-01
1.710000000000000000e+02 1.640357986885773445e-01
1.720000000000000000e+02 2.071355263671633418e-01
1.730000000000000000e+02 1.844256330272148470e-01
1.740000000000000000e+02 1.643448785512487131e-01
1.750000000000000000e+02 1.596388555553730493e-01
1.760000000000000000e+02 1.562964144056154803e-01
1.770000000000000000e+02 1.427683469701211405e-01
1.780000000000000000e+02 1.441115174133398569e-01
1.790000000000000000e+02 1.718272661437482418e-01
1.800000000000000000e+02 1.368917663389013495e-01
1.810000000000000000e+02 1.212141947682503218e-01
1.820000000000000000e+02 1.202286128188226055e-01
1.830000000000000000e+02 1.306353761044571349e-01
1.840000000000000000e+02 1.181778625157581669e-01
1.850000000000000000e+02 1.328906842965441870e-01
1.860000000000000000e+02 1.270335398652332748e-01
1.870000000000000000e+02 1.043904835166709899e-01
1.880000000000000000e+02 1.119277968452649513e-01
1.890000000000000000e+02 1.143233032058845883e-01
1.900000000000000000e+02 1.034931926855221229e-01
1.910000000000000000e+02 1.032000989871255797e-01
1.920000000000000000e+02 1.082119167853881070e-01
1.930000000000000000e+02 9.669109870462164191e-02
1.940000000000000000e+02 9.319668354071415639e-02
1.950000000000000000e+02 7.676681591883899314e-02
1.960000000000000000e+02 8.724886212247348616e-02
1.970000000000000000e+02 8.078269131162689465e-02
1.980000000000000000e+02 8.497703634591356747e-02
1.990000000000000000e+02 8.013626613619544148e-02
2.000000000000000000e+02 8.058578618366593616e-02
2.010000000000000000e+02 7.531339027859983160e-02
2.020000000000000000e+02 7.131160232122232823e-02
2.030000000000000000e+02 7.584451349556250999e-02
2.040000000000000000e+02 6.994237108031936545e-02
2.050000000000000000e+02 6.755957907925648487e-02
2.060000000000000000e+02 6.027627005471010435e-02
2.070000000000000000e+02 5.468238855963698103e-02
2.080000000000000000e+02 5.726102678485256448e-02
2.090000000000000000e+02 5.130892402433755162e-02
2.100000000000000000e+02 5.558607025883144370e-02
2.110000000000000000e+02 5.017294736743325295e-02
2.120000000000000000e+02 5.441109184282913458e-02
2.130000000000000000e+02 4.953447812252117360e-02
2.140000000000000000e+02 4.610679275342487171e-02
2.150000000000000000e+02 5.234842257134204174e-02
2.160000000000000000e+02 4.550008923204788835e-02
2.170000000000000000e+02 4.124820842615107425e-02
2.180000000000000000e+02 4.263654079926181700e-02
2.190000000000000000e+02 3.981817522974662876e-02
2.200000000000000000e+02 4.090812341141179115e-02
2.210000000000000000e+02 3.870096556208202365e-02
2.220000000000000000e+02 4.088657775134776212e-02
2.230000000000000000e+02 3.650672773644488001e-02
2.240000000000000000e+02 3.229727675097010531e-02
2.250000000000000000e+02 3.121040746930815388e-02
2.260000000000000000e+02 3.374677436846169193e-02
2.270000000000000000e+02 3.549836316243343975e-02
2.280000000000000000e+02 2.788014819077361955e-02
2.290000000000000000e+02 2.610922075462249192e-02
2.300000000000000000e+02 2.619137235776102315e-02
2.310000000000000000e+02 2.728320374480779770e-02
2.320000000000000000e+02 2.480358763308032274e-02
2.330000000000000000e+02 2.664445827951021292e-02
2.340000000000000000e+02 2.135657919658719844e-02
2.350000000000000000e+02 2.311199015581722263e-02
2.360000000000000000e+02 2.480166295574030497e-02
2.370000000000000000e+02 2.243139817445407441e-02
2.380000000000000000e+02 2.151758030296528970e-02
2.390000000000000000e+02 1.995403257659449439e-02
2.400000000000000000e+02 2.028352665179601957e-02
2.410000000000000000e+02 1.724307474975185148e-02
2.420000000000000000e+02 1.724114625325216810e-02
2.430000000000000000e+02 1.724188677294211450e-02
2.440000000000000000e+02 1.504252840952557610e-02
2.450000000000000000e+02 1.670697836376728793e-02
2.460000000000000000e+02 1.496973823606379331e-02
2.470000000000000000e+02 1.572534672679327256e-02
2.480000000000000000e+02 1.460966202722452367e-02
2.490000000000000000e+02 1.176899689831243864e-02
2.500000000000000000e+02 1.310318957878488406e-02
2.510000000000000000e+02 1.258087678039340566e-02
2.520000000000000000e+02 1.265339917605134458e-02
2.530000000000000000e+02 1.139355874171539725e-02
2.540000000000000000e+02 1.086529848173422956e-02
2.550000000000000000e+02 1.082475603526253556e-02
2.560000000000000000e+02 9.708974421836491508e-03
2.570000000000000000e+02 8.648798388592641648e-03
2.580000000000000000e+02 9.606308366526594700e-03
2.590000000000000000e+02 8.128117015073165613e-03
2.600000000000000000e+02 9.567990938807495460e-03
2.610000000000000000e+02 7.838827318548282838e-03
2.620000000000000000e+02 8.984328907885950205e-03
2.630000000000000000e+02 8.328416896158234370e-03
2.640000000000000000e+02 8.014740056889903611e-03
2.650000000000000000e+02 6.551202655555468310e-03
2.660000000000000000e+02 8.057586104496876692e-03
2.670000000000000000e+02 6.110408727190421059e-03
2.680000000000000000e+02 6.114870055350499038e-03
2.690000000000000000e+02 4.912251434206564224e-03
2.700000000000000000e+02 5.375104524524969805e-03
2.710000000000000000e+02 5.560325626070581305e-03
2.720000000000000000e+02 5.873712086646843897e-03
2.730000000000000000e+02 5.395749161861964835e-03
2.740000000000000000e+02 5.154181913054710698e-03
2.750000000000000000e+02 4.219241122682871117e-03
2.760000000000000000e+02 3.999807291465393676e-03
2.770000000000000000e+02 4.837659965523781816e-03
2.780000000000000000e+02 4.482269479922575302e-03
2.790000000000000000e+02 4.426668700073632667e-03
2.800000000000000000e+02 3.620402052433898364e-03
2.810000000000000000e+02 3.577119292130889489e-03
2.820000000000000000e+02 3.614072685825274467e-03
2.830000000000000000e+02 4.254305851229440993e-03
2.840000000000000000e+02 3.220670814364636619e-03
2.850000000000000000e+02 2.854779770426081435e-03
2.860000000000000000e+02 2.848182021121933079e-03
2.870000000000000000e+02 2.721422942332017789e-03
2.880000000000000000e+02 2.881104320041949756e-03
2.890000000000000000e+02 2.799724809425910808e-03
2.900000000000000000e+02 2.739026494086093527e-03
2.910000000000000000e+02 2.371973396183656071e-03
2.920000000000000000e+02 2.472426020653512545e-03
2.930000000000000000e+02 2.396423828759181897e-03
2.940000000000000000e+02 2.347593916837981652e-03
2.950000000000000000e+02 2.157219154453709521e-03
2.960000000000000000e+02 2.234563786563402692e-03
2.970000000000000000e+02 2.192023278110588787e-03
2.980000000000000000e+02 1.888996387315685158e-03
2.990000000000000000e+02 1.728168053387610066e-03
3.000000000000000000e+02 1.731065440992222504e-03
3.010000000000000000e+02 1.591130983952045771e-03
3.020000000000000000e+02 1.755658062171775325e-03
3.030000000000000000e+02 1.503552655390476061e-03
3.040000000000000000e+02 1.617216147647780600e-03
3.050000000000000000e+02 1.426573514282639251e-03
3.060000000000000000e+02 1.504015698040903548e-03
3.070000000000000000e+02 1.320532390993746407e-03
3.080000000000000000e+02 1.375373561373153955e-03
3.090000000000000000e+02 1.318380732013502404e-03
3.100000000000000000e+02 1.649526857548677151e-03
3.110000000000000000e+02 1.628089550514244749e-03
3.120000000000000000e+02 1.382973458231315537e-03
3.130000000000000000e+02 1.268867093856578020e-03
3.140000000000000000e+02 1.321633957363185915e-03
3.150000000000000000e+02 1.115850524665731912e-03
3.160000000000000000e+02 1.097539590461174986e-03
3.170000000000000000e+02 1.047948811397818010e-03
3.180000000000000000e+02 1.154082208024325698e-03
3.190000000000000000e+02 1.025739794638399474e-03
3.200000000000000000e+02 1.021898313411303671e-03
3.210000000000000000e+02 8.760702705306761548e-04
3.220000000000000000e+02 1.101255085384948446e-03
3.230000000000000000e+02 1.132917253888079175e-03
3.240000000000000000e+02 9.880292536568080920e-04
3.250000000000000000e+02 9.334146631215273389e-04
3.260000000000000000e+02 7.988108987997429153e-04
3.270000000000000000e+02 1.033112648341737378e-03
3.280000000000000000e+02 9.517722426514515924e-04
3.290000000000000000e+02 7.826036346334305392e-04
3.300000000000000000e+02 8.638092351823036408e-04
3.310000000000000000e+02 8.431644707965592692e-04
3.320000000000000000e+02 7.027006285146695673e-04
3.330000000000000000e+02 7.247261351600919671e-04
3.340000000000000000e+02 8.687765135549968456e-04
3.350000000000000000e+02 7.428021622632690994e-04
3.360000000000000000e+02 8.042013950279457320e-04
3.370000000000000000e+02 6.117223000586115116e-04
3.380000000000000000e+02 9.350131285218029557e-04
3.390000000000000000e+02 9.916543448031871037e-04
3.400000000000000000e+02 7.339539757174091831e-04
3.410000000000000000e+02 6.757922521534657882e-04
3.420000000000000000e+02 7.072396694921881648e-04
3.430000000000000000e+02 7.957220432017987014e-04
3.440000000000000000e+02 6.668435776823823701e-04
3.450000000000000000e+02 6.325133224665510949e-04
3.460000000000000000e+02 7.860474357129305836e-04
3.470000000000000000e+02 7.319444312351940356e-04
3.480000000000000000e+02 7.329095702689900288e-04
3.490000000000000000e+02 7.737669748731336667e-04
3.500000000000000000e+02 7.798827953324643548e-04
3.510000000000000000e+02 5.811512502842799749e-04
3.520000000000000000e+02 7.018792144040579637e-04
3.530000000000000000e+02 6.297200314254621217e-04
3.540000000000000000e+02 8.570301288939056929e-04
3.550000000000000000e+02 6.701451213265018254e-04
3.560000000000000000e+02 7.860054727698649168e-04
3.570000000000000000e+02 7.468309303923560162e-04
3.580000000000000000e+02 7.106556239070381531e-04
3.590000000000000000e+02 7.205895997039294147e-04
3.600000000000000000e+02 6.461389504327249124e-04
3.610000000000000000e+02 6.042872335362873236e-04
3.620000000000000000e+02 6.366952467713073291e-04
3.630000000000000000e+02 7.592861361020190533e-04
3.640000000000000000e+02 6.102389585604875303e-04
3.650000000000000000e+02 6.456110438959116815e-04
3.660000000000000000e+02 6.498621976349029834e-04
3.670000000000000000e+02 6.447955486882106253e-04
3.680000000000000000e+02 7.150458442597966034e-04
3.690000000000000000e+02 5.579447373483966376e-04
3.700000000000000000e+02 6.896739600776890296e-04
3.710000000000000000e+02 5.674922391639237529e-04
3.720000000000000000e+02 7.582299043593532673e-04
3.730000000000000000e+02 6.275784074001279026e-04
3.740000000000000000e+02 7.824151137147553406e-04
3.750000000000000000e+02 6.752617858662237921e-04
3.760000000000000000e+02 8.085411826756482316e-04
3.770000000000000000e+02 7.571927157843513431e-04
3.780000000000000000e+02 7.691617667251079678e-04
3.790000000000000000e+02 7.128742738310692075e-04
3.800000000000000000e+02 7.759724021438432805e-04
3.810000000000000000e+02 8.424579227666002335e-04
3.820000000000000000e+02 8.041387758735815596e-04
3.830000000000000000e+02 8.339371928488781239e-04
