# nlmax, ncor, nside =         383           1         128
    0  -0.3255015443796460E+02
    1  -0.3073170479167272E+02
    2   0.7854338681184576E+02
    3   0.2117991460575834E+03
    4   0.2540139360315558E+03
    5   0.2338341905211298E+03
    6   0.7084929738572683E+02
    7   0.7037451939315066E+02
    8   0.6028605111614732E+02
    9   0.7018604463903355E+02
   10   0.2579427208398284E+02
   11   0.5443964572088490E+02
   12   0.2155604267724305E+02
   13   0.1724184340065849E+02
   14   0.2489922684146360E+02
   15   0.2689029543537823E+02
   16   0.2041452852233179E+02
   17   0.2841980935706907E+02
   18   0.1231342635530802E+02
   19   0.1232955006714017E+02
   20   0.1032399026426611E+02
   21   0.7796961731353408E+01
   22   0.7568966421404053E+01
   23   0.7914635318980590E+01
   24   0.7969931860916147E+01
   25   0.5202463889142826E+01
   26   0.9179237562387691E+01
   27   0.8148332595945803E+01
   28   0.8626354661818782E+01
   29   0.7875535852031613E+01
   30   0.7066184646395974E+01
   31   0.5643213249815774E+01
   32   0.8072605339345216E+01
   33   0.5070924162019877E+01
   34   0.5134555195146916E+01
   35   0.4000703991754800E+01
   36   0.4251886111868805E+01
   37   0.5602853273140711E+01
   38   0.5332386220156646E+01
   39   0.3911026936678219E+01
   40   0.5415636099643539E+01
   41   0.3934304171589488E+01
   42   0.4565515843323575E+01
   43   0.3490251845680420E+01
   44   0.3835064873104206E+01
   45   0.2673730929150248E+01
   46   0.2341707280474352E+01
   47   0.3945601603887209E+01
   48   0.2076560368244519E+01
   49   0.2909028681522952E+01
   50   0.3562789388391567E+01
   51   0.1977949772380050E+01
   52   0.2605640596591805E+01
   53   0.1817726944964247E+01
   54   0.1694189818452473E+01
   55   0.2355035670863812E+01
   56   0.2556546480101614E+01
   57   0.2339094911457624E+01
   58   0.2348165999809414E+01
   59   0.1702790957515248E+01
   60   0.1852841772490922E+01
   61   0.1649330244107688E+01
   62   0.2259398804355678E+01
   63   0.1598212788009828E+01
   64   0.1252888658780722E+01
   65   0.1600875824090053E+01
   66   0.1480854226255645E+01
   67   0.1541228716154541E+01
   68   0.1357167770364584E+01
   69   0.1827032094479458E+01
   70   0.1193037011308347E+01
   71   0.1452941110782875E+01
   72   0.1071817333939968E+01
   73   0.1745388747280910E+01
   74   0.1368026398467592E+01
   75   0.1032205608086082E+01
   76   0.1083901997624021E+01
   77   0.1229022314552755E+01
   78   0.9300073328644207E+00
   79   0.7871364719985424E+00
   80   0.1164250886131898E+01
   81   0.1039821541849615E+01
   82   0.1274780842767591E+01
   83   0.8633438693981612E+00
   84   0.6816602182193733E+00
   85   0.9593634323383150E+00
   86   0.1002764492532465E+01
   87   0.8585307082538937E+00
   88   0.6190056139539660E+00
   89   0.9071219276566460E+00
   90   0.6972619753117985E+00
   91   0.8298353356420869E+00
   92   0.7395941990217456E+00
   93   0.8407894720133711E+00
   94   0.7049841001631594E+00
   95   0.5624407071846222E+00
   96   0.6198441538550626E+00
   97   0.6460139389839641E+00
   98   0.4716058002997495E+00
   99   0.7310492122647315E+00
  100   0.6348754271846678E+00
  101   0.5824472864574407E+00
  102   0.5513801262437400E+00
  103   0.4712741595173732E+00
  104   0.6487995959077549E+00
  105   0.4475439005785147E+00
  106   0.4573069356272760E+00
  107   0.5268172710687892E+00
  108   0.6194889163678472E+00
  109   0.4772810593562061E+00
  110   0.5078346948566673E+00
  111   0.4022121109085727E+00
  112   0.4608854888918182E+00
  113   0.3089956750902162E+00
  114   0.2765057550641353E+00
  115   0.3938729255313570E+00
  116   0.4636380573431936E+00
  117   0.4317717003969561E+00
  118   0.3775387860902605E+00
  119   0.3293159007862688E+00
  120   0.2152732644788530E+00
  121   0.3882866797080451E+00
  122   0.3252045895542374E+00
  123   0.3270585273008521E+00
  124   0.2190548262688655E+00
  125   0.2736582856883613E+00
  126   0.2454466334326854E+00
  127   0.2760162065754949E+00
  128   0.2896796832055614E+00
  129   0.2070711692305817E+00
  130   0.2637255204909453E+00
  131   0.1856446698140589E+00
  132   0.1878532285179531E+00
  133   0.2217396169603021E+00
  134   0.1885125118546269E+00
  135   0.2356354849570723E+00
  136   0.2500553847771916E+00
  137   0.1814344164356364E+00
  138   0.1883357564433625E+00
  139   0.1951648652081562E+00
  140   0.1737325565734272E+00
  141   0.1731074542802519E+00
  142   0.1535073602788966E+00
  143   0.1426488913355773E+00
  144   0.1463207784164063E+00
  145   0.1760117306530882E+00
  146   0.1354414543121580E+00
  147   0.1177741750806969E+00
  148   0.1151123419031798E+00
  149   0.8942891295508348E-01
  150   0.1223456795836437E+00
  151   0.1008865861784840E+00
  152   0.9814953955720940E-01
  153   0.1107455933962507E+00
  154   0.7705007552367094E-01
  155   0.1137904049215841E+00
  156   0.9903412635310460E-01
  157   0.8559514853217109E-01
  158   0.1037706728536771E+00
  159   0.9120200255176980E-01
  160   0.8346887813528070E-01
  161   0.7382263811351297E-01
  162   0.7045581728568229E-01
  163   0.6547681660216720E-01
  164   0.7001759331116209E-01
  165   0.5841349795991513E-01
  166   0.7029115704163080E-01
  167   0.7862805658971594E-01
  168   0.5720237186836941E-01
  169   0.4935677595267485E-01
  170   0.5179865893324709E-01
  171   0.4643008943793814E-01
  172   0.5291885772593274E-01
  173   0.5053853102255457E-01
  174   0.3792306644138899E-01
  175   0.4100162389591744E-01
  176   0.4332264794018736E-01
  177   0.4044508104282307E-01
  178   0.2793885258609252E-01
  179   0.4531832333408792E-01
  180   0.3599421112775147E-01
  181   0.2468614652223866E-01
  182   0.2512539470858577E-01
  183   0.2594320808419126E-01
  184   0.2850220908691281E-01
  185   0.3085371961424888E-01
  186   0.2782259761925288E-01
  187   0.2244475964432036E-01
  188   0.2851814841089362E-01
  189   0.2649313914846319E-01
  190   0.2193858626147094E-01
  191   0.2199043219492169E-01
  192   0.2177750170125103E-01
  193   0.2248538452242543E-01
  194   0.1967971507255339E-01
  195   0.1731385565970711E-01
  196   0.1431732317687862E-01
  197   0.1466578648127859E-01
  198   0.1524539486700083E-01
  199   0.1199427850420576E-01
  200   0.1108884360463902E-01
  201   0.1367167033590810E-01
  202   0.1076509669687342E-01
  203   0.1103200251456193E-01
  204   0.1218122950735601E-01
  205   0.1025714987868576E-01
  206   0.8142381972538359E-02
  207   0.1051284173140055E-01
  208   0.9077566464792186E-02
  209   0.9423980239883667E-02
  210   0.7732814501426266E-02
  211   0.6847644599475844E-02
  212   0.7387603483419047E-02
  213   0.9173382567399191E-02
  214   0.5374416994590625E-02
  215   0.7071729384713121E-02
  216   0.7647610439458941E-02
  217   0.5111849382770539E-02
  218   0.6390418275151855E-02
  219   0.5057888408213307E-02
  220   0.4999778409971567E-02
  221   0.5592790087035393E-02
  222   0.4828811169061531E-02
  223   0.4396160834617580E-02
  224   0.5033889849316409E-02
  225   0.3688645964524340E-02
  226   0.3944735235531960E-02
  227   0.3751575321797040E-02
  228   0.3865559133004792E-02
  229   0.3007999709528253E-02
  230   0.3312589272295274E-02
  231   0.3604187932424896E-02
  232   0.3383696109538037E-02
  233   0.4004504670994113E-02
  234   0.2437261568119520E-02
  235   0.2814704403565793E-02
  236   0.3125893668426749E-02
  237   0.1888347765609644E-02
  238   0.2502637552796116E-02
  239   0.1580802786852020E-02
  240   0.1691449781169196E-02
  241   0.1501884906058071E-02
  242   0.9874800003777384E-03
  243   0.1662083194922559E-02
  244   0.1019475812774062E-02
  245   0.1108648975059245E-02
  246   0.1892028703004978E-02
  247   0.2110616029377788E-02
  248   0.1426633239354436E-02
  249   0.1648251259284028E-02
  250   0.7669565710543003E-03
  251   0.1036977434275665E-02
  252   0.1277101838241534E-02
  253   0.1749124753336273E-02
  254   0.1312486222540710E-02
  255   0.1019473878713817E-02
  256   0.5173713927436041E-03
  257   0.7928626319971266E-03
  258   0.4386142707870078E-03
  259   0.1017765454765229E-02
  260   0.8403518845401803E-03
  261   0.6905662674733248E-03
  262   0.6350739024688079E-03
  263   0.3815706738801716E-03
  264   0.1081471123329847E-02
  265   0.6530539745501218E-03
  266  -0.1205885376537319E-04
  267   0.7032490632440380E-03
  268   0.9462615440526401E-03
  269   0.5179526854158234E-03
  270   0.3351009302562380E-03
  271   0.9244875548395370E-03
  272   0.8210917466324186E-03
  273   0.6521555430695214E-03
  274   0.8259957074922553E-03
  275   0.5480373923481552E-03
  276   0.3235423949305982E-03
  277   0.6831610585485981E-03
  278   0.5822398685264574E-03
  279   0.7578055935676398E-03
  280   0.3207709109695478E-03
  281   0.5756830220123299E-03
  282   0.5427997022372510E-03
  283   0.1128342495603230E-03
  284   0.7824894259331194E-03
  285   0.5022283308735442E-03
  286   0.2433672305170997E-03
  287   0.6914236646973215E-03
  288   0.4403168218402587E-03
  289   0.1933258167836072E-03
  290   0.4044796636781811E-03
  291   0.6165954807564322E-03
  292   0.3368091397460415E-03
  293   0.2908224909426993E-03
  294   0.8557469032983156E-03
  295   0.3329983729671859E-03
  296   0.5447419803887299E-03
  297   0.6222135768382264E-03
  298   0.9521074609631919E-03
  299   0.2007024930015255E-03
  300   0.6250253560949326E-03
  301   0.8452066649589640E-03
  302   0.2034836184104383E-03
  303   0.3592129379089704E-03
  304   0.5832812009137212E-03
  305   0.3294360071218749E-03
  306   0.6333390280338080E-03
  307   0.4658872127062397E-03
  308   0.8411092338206361E-03
  309   0.5646739733222716E-03
  310   0.4654438509221204E-03
  311   0.3762893971798742E-03
  312   0.2822609742472171E-03
  313   0.3446136474076766E-03
  314   0.7694056270599048E-03
  315   0.1300199238154498E-03
  316   0.4708121903787554E-03
  317   0.3266690860454502E-03
  318   0.6068441440172379E-03
  319   0.3529030446857706E-03
  320   0.3814452423606118E-03
  321   0.3837644627815162E-03
  322   0.4617054277050447E-03
  323   0.1581382117815389E-03
  324   0.5668999980293077E-03
  325   0.5781343990903798E-03
  326   0.5390897031949393E-03
  327   0.2573619436457009E-03
  328   0.3763436680746801E-03
  329   0.4661372971636324E-03
  330   0.5877892845074784E-03
  331   0.6160901507061278E-03
  332   0.5778701841520628E-03
  333   0.8471422454760791E-03
  334   0.6899096756443901E-03
  335   0.5004539395073726E-03
  336   0.5332143275965373E-03
  337   0.6024635946150492E-03
  338   0.3828203633460814E-03
  339   0.5091192775315001E-03
  340   0.1091624182979395E-02
  341   0.3841609318534223E-03
  342   0.3771945982952996E-03
  343   0.3699942012166668E-03
  344   0.3662124515028675E-03
  345   0.7530452510371710E-03
  346   0.6151752215536599E-03
  347   0.5685541489156565E-03
  348   0.4912734733538981E-03
  349   0.7249577664076440E-03
  350   0.6246079347563549E-03
  351   0.6348906764030715E-03
  352   0.6696595598732896E-03
  353   0.6373268091612039E-03
  354   0.7207891473291900E-03
  355   0.8867919128370955E-03
  356   0.6730001506396743E-03
  357   0.7243364196706098E-03
  358   0.5482393738777958E-03
  359   0.6806379877850044E-03
  360   0.8205659771123724E-03
  361   0.8300425053885258E-03
  362   0.8514222553625134E-03
  363   0.8825110741228909E-03
  364   0.8117190179898343E-03
  365   0.1175228947062457E-02
  366   0.1105190105008404E-02
  367   0.1048874234425380E-02
  368   0.9687833574520549E-03
  369   0.1053843215720281E-02
  370   0.8414910166434225E-03
  371   0.1165055995973691E-02
  372   0.9262055877350336E-03
  373   0.1049335690412462E-02
  374   0.1099289990683372E-02
  375   0.1298649770678315E-02
  376   0.1118842263067719E-02
  377   0.1411646203357927E-02
  378   0.1582353484751754E-02
  379   0.1726427560529983E-02
  380   0.1566733069936797E-02
  381   0.1885414693764565E-02
  382   0.1895141535806498E-02
  383   0.2519092067869893E-02
