# nlmax, ncor, nside =         383           1         128
    0   0.2974294985719270E-03
    1   0.6747538377211113E-05
    2   0.1681000289103062E-03
    3   0.4655391976750772E-03
    4   0.2210638679329588E-03
    5   0.2933289913487073E-03
    6   0.9682048732589437E-04
    7   0.1179389459519689E-03
    8   0.5594436751879267E-04
    9   0.4298239664962507E-04
   10   0.5359536202735136E-04
   11   0.4533254236786005E-04
   12   0.3141963577068748E-04
   13   0.2414226425375790E-04
   14   0.2444072936386962E-04
   15   0.2149990542144439E-04
   16   0.1590663334548385E-04
   17   0.1855590413523829E-04
   18   0.1169776619752424E-04
   19   0.1431823102820926E-04
   20   0.1061327248122869E-04
   21   0.8722522005842100E-05
   22   0.7206579739471867E-05
   23   0.8506433680322051E-05
   24   0.8069513164260914E-05
   25   0.7809067755095181E-05
   26   0.8006618632775878E-05
   27   0.6619221510557618E-05
   28   0.9135653325524255E-05
   29   0.7345961673789305E-05
   30   0.5978179340316382E-05
   31   0.5404539129636011E-05
   32   0.8020910401595251E-05
   33   0.5088006829683769E-05
   34   0.5517502191831667E-05
   35   0.4155277318506648E-05
   36   0.4981329036720889E-05
   37   0.5752619867557707E-05
   38   0.4868936551537865E-05
   39   0.4400301848328872E-05
   40   0.6497319078928981E-05
   41   0.3770667263086678E-05
   42   0.3984586796645921E-05
   43   0.3926674094323126E-05
   44   0.3226420965825979E-05
   45   0.2759136826296016E-05
   46   0.3161144181082336E-05
   47   0.4184552866039255E-05
   48   0.2412308137029599E-05
   49   0.3562165747307574E-05
   50   0.3448578168787944E-05
   51   0.2454241242319309E-05
   52   0.2859065491158325E-05
   53   0.2121305061064422E-05
   54   0.2126476689276604E-05
   55   0.2424424494231695E-05
   56   0.3025972487059406E-05
   57   0.2638688376644270E-05
   58   0.2595188585154880E-05
   59   0.1918636665909881E-05
   60   0.2231148883712500E-05
   61   0.2059301796248082E-05
   62   0.2449383328574732E-05
   63   0.2143104948765791E-05
   64   0.1966702541034672E-05
   65   0.1756175050564011E-05
   66   0.1656681065458642E-05
   67   0.1870481601533220E-05
   68   0.1802060470133803E-05
   69   0.2004351196082550E-05
   70   0.1697504386654523E-05
   71   0.1562646123052871E-05
   72   0.1481882184572308E-05
   73   0.2107710981157666E-05
   74   0.1827545204680322E-05
   75   0.1425434103241369E-05
   76   0.1357634501629496E-05
   77   0.1583135068678783E-05
   78   0.1373939519704098E-05
   79   0.1048009433077790E-05
   80   0.1411278000320654E-05
   81   0.1396412391270534E-05
   82   0.1559318427442678E-05
   83   0.1184919535394395E-05
   84   0.1075553741699577E-05
   85   0.1232963758188772E-05
   86   0.1272954028020203E-05
   87   0.1303900645762763E-05
   88   0.1005696132902734E-05
   89   0.1165895181767279E-05
   90   0.1128476251455402E-05
   91   0.1190608898113254E-05
   92   0.1126637300436763E-05
   93   0.1085603298195872E-05
   94   0.9581066864453755E-06
   95   0.8383493367870500E-06
   96   0.8971448697494900E-06
   97   0.1016769013625412E-05
   98   0.7212555979758321E-06
   99   0.9718874306318668E-06
  100   0.9356072325773296E-06
  101   0.8611290110420349E-06
  102   0.9328115478464862E-06
  103   0.8441589484356261E-06
  104   0.9557735306462681E-06
  105   0.6657751075647824E-06
  106   0.8258614819383905E-06
  107   0.7667584118146854E-06
  108   0.9316308395356046E-06
  109   0.7560811217429454E-06
  110   0.8036135147651004E-06
  111   0.6894327456672163E-06
  112   0.6741568298826041E-06
  113   0.5721381212967924E-06
  114   0.5180550340114878E-06
  115   0.7062141239246337E-06
  116   0.7229053127355908E-06
  117   0.8184470385465133E-06
  118   0.6263926022759963E-06
  119   0.6095916112783933E-06
  120   0.5368537688265773E-06
  121   0.7415542378681713E-06
  122   0.5576322683580371E-06
  123   0.6058883996319584E-06
  124   0.4885260291599189E-06
  125   0.5384659672982107E-06
  126   0.5421195198127506E-06
  127   0.5430713759495272E-06
  128   0.5006519246299383E-06
  129   0.4630737740334505E-06
  130   0.5097061124863617E-06
  131   0.4359645129848449E-06
  132   0.4506716794983009E-06
  133   0.4735762774894225E-06
  134   0.4090704756143762E-06
  135   0.4399551103197579E-06
  136   0.4661374148493321E-06
  137   0.4107759234121086E-06
  138   0.3932214335117562E-06
  139   0.3989783592374135E-06
  140   0.3973107834063859E-06
  141   0.3820001534024917E-06
  142   0.3805608786159057E-06
  143   0.3888759754630576E-06
  144   0.3226328281003234E-06
  145   0.3835669427224633E-06
  146   0.3190217733704991E-06
  147   0.3176797495681136E-06
  148   0.2949432469383570E-06
  149   0.3039781896267781E-06
  150   0.3416688459204100E-06
  151   0.2837168626894517E-06
  152   0.2950522800751044E-06
  153   0.3242810718060666E-06
  154   0.2373730943756928E-06
  155   0.2612690243637602E-06
  156   0.2610580756570079E-06
  157   0.2506707715808246E-06
  158   0.2707882204894297E-06
  159   0.2559398916428872E-06
  160   0.2488972798079497E-06
  161   0.2350448287714568E-06
  162   0.2015440693301332E-06
  163   0.2191937561989604E-06
  164   0.2406825989381486E-06
  165   0.1996897623063564E-06
  166   0.2024137532348793E-06
  167   0.1951407456727967E-06
  168   0.2005047410639480E-06
  169   0.1744555408483156E-06
  170   0.1776404641791166E-06
  171   0.1686130178609787E-06
  172   0.1998580125159946E-06
  173   0.1843408115487628E-06
  174   0.1611147264263034E-06
  175   0.1598636506361351E-06
  176   0.1543391800302630E-06
  177   0.1458639235804465E-06
  178   0.1479774507875261E-06
  179   0.1696436378665985E-06
  180   0.1351049747576670E-06
  181   0.1190045509700518E-06
  182   0.1211713823705866E-06
  183   0.1289920653294737E-06
  184   0.1136429079820434E-06
  185   0.1310318874599458E-06
  186   0.1269312507873229E-06
  187   0.1026311084486883E-06
  188   0.1142898984990818E-06
  189   0.1139171497572727E-06
  190   0.1051065838407304E-06
  191   0.1041186794541332E-06
  192   0.1057470701177642E-06
  193   0.9766785456156632E-07
  194   0.9103700098246708E-07
  195   0.7524389161787741E-07
  196   0.8321584523471123E-07
  197   0.7966069013738724E-07
  198   0.8431422406364596E-07
  199   0.7605839659288734E-07
  200   0.8250761499869900E-07
  201   0.7503117634047700E-07
  202   0.7234221110090687E-07
  203   0.7799090867409972E-07
  204   0.6673532950861668E-07
  205   0.6788704110756463E-07
  206   0.6119377466471378E-07
  207   0.5424877526793818E-07
  208   0.5774111886589380E-07
  209   0.4855949775093281E-07
  210   0.5641477355510443E-07
  211   0.4867952796527590E-07
  212   0.5425485947637111E-07
  213   0.4802444951281722E-07
  214   0.4603406831599198E-07
  215   0.5047704754906840E-07
  216   0.4570886187569411E-07
  217   0.4077599799523360E-07
  218   0.4256153336424389E-07
  219   0.3927578098550432E-07
  220   0.4173995021514312E-07
  221   0.3986961346329729E-07
  222   0.3871177927306955E-07
  223   0.3422450398724652E-07
  224   0.3155424133831604E-07
  225   0.3076006533890176E-07
  226   0.3255236598432514E-07
  227   0.3285674585245347E-07
  228   0.2838067768643551E-07
  229   0.2497980642804004E-07
  230   0.2530495394140519E-07
  231   0.2589489703681200E-07
  232   0.2443684221662439E-07
  233   0.2645444360088898E-07
  234   0.2095315509953261E-07
  235   0.2223141629009757E-07
  236   0.2500282000386770E-07
  237   0.2078965560001276E-07
  238   0.1971346137863825E-07
  239   0.2003636707050852E-07
  240   0.1967364993633988E-07
  241   0.1710668698073161E-07
  242   0.1646124565002208E-07
  243   0.1627184103749305E-07
  244   0.1466192035549663E-07
  245   0.1644295687693431E-07
  246   0.1374127234096970E-07
  247   0.1465628799232851E-07
  248   0.1380583842653898E-07
  249   0.1109012722550014E-07
  250   0.1259871014129248E-07
  251   0.1214239228125210E-07
  252   0.1243899765673650E-07
  253   0.1143280584489218E-07
  254   0.1092780208880190E-07
  255   0.1016643161759641E-07
  256   0.9922423500166841E-08
  257   0.8555075712522521E-08
  258   0.9454292356731711E-08
  259   0.7808815526804258E-08
  260   0.9393740049485592E-08
  261   0.8358238983213840E-08
  262   0.8282629180936693E-08
  263   0.7774851833906362E-08
  264   0.7482422043557726E-08
  265   0.5586269290076760E-08
  266   0.6853028125083219E-08
  267   0.6098095807390224E-08
  268   0.5477206801941886E-08
  269   0.5371144320159523E-08
  270   0.4770462347821100E-08
  271   0.5767222584208906E-08
  272   0.5705566736274044E-08
  273   0.5077270038067659E-08
  274   0.4976209964185487E-08
  275   0.4242966359842045E-08
  276   0.3484193037322487E-08
  277   0.4545356079165300E-08
  278   0.3725455602432779E-08
  279   0.4153695619296550E-08
  280   0.3481552784635571E-08
  281   0.3391493371458989E-08
  282   0.3186631170886170E-08
  283   0.3563674535531446E-08
  284   0.2900906304234922E-08
  285   0.2593705375974121E-08
  286   0.2911793659471169E-08
  287   0.2511375717198836E-08
  288   0.2465578576072396E-08
  289   0.2717499755968270E-08
  290   0.2478976526089567E-08
  291   0.2029489515996138E-08
  292   0.1933765885617433E-08
  293   0.1996551097299072E-08
  294   0.1860159193097452E-08
  295   0.1998804252775219E-08
  296   0.1981385624463093E-08
  297   0.2044341441041064E-08
  298   0.1644892566601532E-08
  299   0.1678837345999898E-08
  300   0.1826097477407238E-08
  301   0.1522415328932753E-08
  302   0.1701222486154409E-08
  303   0.1448908939950356E-08
  304   0.1544565735830639E-08
  305   0.1341435592688542E-08
  306   0.1125306170374778E-08
  307   0.1129664965578447E-08
  308   0.1314081777516355E-08
  309   0.1327332994839809E-08
  310   0.1207417698258700E-08
  311   0.1354723266503011E-08
  312   0.8998183293050121E-09
  313   0.9932303668651382E-09
  314   0.8704410401923938E-09
  315   0.1069082434320644E-08
  316   0.9313804076749182E-09
  317   0.9189552738359634E-09
  318   0.8775254022321905E-09
  319   0.7724362676461277E-09
  320   0.8247676936040041E-09
  321   0.8583748646738380E-09
  322   0.7987075683600360E-09
  323   0.7653423585564221E-09
  324   0.7333156133852501E-09
  325   0.8034040752253869E-09
  326   0.7105549633449794E-09
  327   0.7462027435562165E-09
  328   0.7503861735505136E-09
  329   0.6863053786159237E-09
  330   0.6545486195993894E-09
  331   0.7197353794692391E-09
  332   0.6482479029972243E-09
  333   0.5927517554246473E-09
  334   0.7403959813790651E-09
  335   0.6103840481763159E-09
  336   0.6689628879327391E-09
  337   0.5683306118617022E-09
  338   0.6150896821148792E-09
  339   0.5951397697509195E-09
  340   0.5979529234834951E-09
  341   0.4905415791582518E-09
  342   0.4850243916922299E-09
  343   0.5327156723152435E-09
  344   0.5857967881049484E-09
  345   0.5015100379513470E-09
  346   0.5345693515823026E-09
  347   0.5350087412412854E-09
  348   0.5820316522594993E-09
  349   0.5675002490683126E-09
  350   0.5333220675921164E-09
  351   0.4671656055579258E-09
  352   0.5651156058990245E-09
  353   0.4680022478861064E-09
  354   0.5138268036015492E-09
  355   0.4487067321948128E-09
  356   0.5660262246425558E-09
  357   0.4318858056010651E-09
  358   0.5816810971219416E-09
  359   0.6083183699277067E-09
  360   0.5905940460908393E-09
  361   0.5517442129939272E-09
  362   0.5436688563118439E-09
  363   0.5403164409528437E-09
  364   0.5420863035861905E-09
  365   0.5129065324268607E-09
  366   0.5330708145283736E-09
  367   0.5615605289032482E-09
  368   0.5003158190183672E-09
  369   0.5298581780930908E-09
  370   0.5554032684375392E-09
  371   0.5608381128718143E-09
  372   0.5910797731847740E-09
  373   0.5805240623966333E-09
  374   0.6375246894597349E-09
  375   0.6047577966977395E-09
  376   0.6069809295132109E-09
  377   0.6565221314296856E-09
  378   0.6361151703594322E-09
  379   0.6655265595484548E-09
  380   0.7264002472454608E-09
  381   0.8353544846071443E-09
  382   0.7819321551593727E-09
  383   0.7942549475937909E-09
