# nlmax, ncor, nside =         383           1         128
    0  -0.3199022672785242E-04
    1  -0.2786924062910870E-04
    2   0.7952998087583986E-04
    3   0.2105399538882017E-03
    4   0.2527107126737223E-03
    5   0.2349014968027734E-03
    6   0.7064951290321755E-04
    7   0.7070868023123569E-04
    8   0.6063240553185010E-04
    9   0.7061263782073090E-04
   10   0.2568204177712053E-04
   11   0.5417171805160853E-04
   12   0.2157774111218396E-04
   13   0.1749315270542528E-04
   14   0.2506952702670571E-04
   15   0.2703737774076986E-04
   16   0.2064969536638081E-04
   17   0.2878331380980586E-04
   18   0.1250080968068284E-04
   19   0.1257199410429264E-04
   20   0.1048559747265645E-04
   21   0.7929770172053081E-05
   22   0.7717450272889245E-05
   23   0.8183230566766840E-05
   24   0.8202380034983169E-05
   25   0.5284477439673598E-05
   26   0.9361582971035765E-05
   27   0.8420705838927829E-05
   28   0.8907506016361562E-05
   29   0.8152170758683341E-05
   30   0.7364802119140611E-05
   31   0.5921476542353910E-05
   32   0.8408499065447027E-05
   33   0.5308496932940065E-05
   34   0.5388894929894235E-05
   35   0.4216039404035372E-05
   36   0.4484203536878556E-05
   37   0.5911348503674037E-05
   38   0.5667893598603499E-05
   39   0.4192013826883918E-05
   40   0.5794821343700722E-05
   41   0.4225674616671212E-05
   42   0.4874996461801332E-05
   43   0.3784842876494859E-05
   44   0.4200007538863177E-05
   45   0.2922401447364011E-05
   46   0.2571168700877116E-05
   47   0.4318345817400733E-05
   48   0.2291865586956982E-05
   49   0.3221484856437917E-05
   50   0.3937017592940568E-05
   51   0.2177104970754290E-05
   52   0.2935442561665194E-05
   53   0.2058505963269326E-05
   54   0.1914078710467887E-05
   55   0.2673769229068343E-05
   56   0.2911134290243649E-05
   57   0.2713183887739903E-05
   58   0.2707752170093607E-05
   59   0.1969434066827322E-05
   60   0.2189237480026350E-05
   61   0.1909253623786972E-05
   62   0.2661371458905970E-05
   63   0.1927113345837731E-05
   64   0.1493252164744197E-05
   65   0.1897848873306930E-05
   66   0.1795150636695466E-05
   67   0.1859289451041791E-05
   68   0.1679538413671799E-05
   69   0.2244869231044618E-05
   70   0.1473473885765137E-05
   71   0.1796310092738718E-05
   72   0.1324248220880050E-05
   73   0.2193915491516118E-05
   74   0.1738253130919093E-05
   75   0.1336457836403135E-05
   76   0.1397072756326450E-05
   77   0.1592602651983002E-05
   78   0.1198775922016590E-05
   79   0.1023921352288852E-05
   80   0.1518992509330840E-05
   81   0.1367472186259274E-05
   82   0.1711261011065603E-05
   83   0.1156174443745397E-05
   84   0.9320142066168905E-06
   85   0.1296403656532819E-05
   86   0.1369185672662264E-05
   87   0.1186386593500425E-05
   88   0.8677632388439081E-06
   89   0.1270774842074699E-05
   90   0.1000662584106384E-05
   91   0.1166741829746867E-05
   92   0.1074380234842831E-05
   93   0.1204282774239041E-05
   94   0.1017182883136276E-05
   95   0.8354304699140355E-06
   96   0.9186209725670344E-06
   97   0.9599575810267390E-06
   98   0.7213375208031534E-06
   99   0.1100608739751847E-05
  100   0.9615023061157241E-06
  101   0.9094688943037252E-06
  102   0.8621721651063532E-06
  103   0.7455655151003381E-06
  104   0.1026876934381541E-05
  105   0.7091953870793778E-06
  106   0.7376626610898036E-06
  107   0.8450685644036903E-06
  108   0.1032598879374348E-05
  109   0.7907923342514223E-06
  110   0.8385875811018232E-06
  111   0.6850238608234926E-06
  112   0.7691983979296911E-06
  113   0.5265300953753309E-06
  114   0.4787472301059577E-06
  115   0.6934156056497575E-06
  116   0.8220029593413304E-06
  117   0.7860384786185518E-06
  118   0.6942117380667117E-06
  119   0.6054552324748199E-06
  120   0.4100116661048453E-06
  121   0.7344533240932070E-06
  122   0.6055435434807789E-06
  123   0.6275328502154361E-06
  124   0.4288310559875847E-06
  125   0.5276147733122998E-06
  126   0.5007159760332719E-06
  127   0.5523647390505359E-06
  128   0.5647082198844159E-06
  129   0.4263800896423463E-06
  130   0.5381418622155757E-06
  131   0.3972491272680718E-06
  132   0.3910869600678854E-06
  133   0.4724429425006788E-06
  134   0.4034401859043824E-06
  135   0.4994359153999221E-06
  136   0.5438836968339682E-06
  137   0.4070669240217047E-06
  138   0.4187784778610300E-06
  139   0.4334316166609460E-06
  140   0.3971855502001737E-06
  141   0.4071780428479304E-06
  142   0.3676603773079667E-06
  143   0.3470078812793018E-06
  144   0.3494587981425400E-06
  145   0.4173951817046987E-06
  146   0.3356796724456060E-06
  147   0.3078088169662860E-06
  148   0.2839651491593513E-06
  149   0.2345913838595396E-06
  150   0.3235673398612328E-06
  151   0.2719997684133456E-06
  152   0.2714611929508878E-06
  153   0.3001476243466212E-06
  154   0.2241413487057686E-06
  155   0.3063636552471000E-06
  156   0.2688007071356187E-06
  157   0.2499317674228906E-06
  158   0.2989999771720872E-06
  159   0.2617739061989735E-06
  160   0.2521104404855357E-06
  161   0.2243504679057146E-06
  162   0.2159722383807506E-06
  163   0.1991796713288520E-06
  164   0.2247761481418900E-06
  165   0.1941049276932104E-06
  166   0.2219183008377176E-06
  167   0.2486996660327965E-06
  168   0.1968195511967402E-06
  169   0.1730135977161007E-06
  170   0.1769027538358236E-06
  171   0.1599247326250237E-06
  172   0.1840710434797870E-06
  173   0.1744202642436618E-06
  174   0.1474022101277180E-06
  175   0.1559277659165400E-06
  176   0.1569465928615962E-06
  177   0.1494406191705676E-06
  178   0.1208169408826596E-06
  179   0.1795118513790909E-06
  180   0.1433048950358241E-06
  181   0.9835181473030227E-07
  182   0.1035187608805545E-06
  183   0.1076411575401549E-06
  184   0.1227036478145989E-06
  185   0.1353392025989676E-06
  186   0.1251911376675505E-06
  187   0.1006729704420299E-06
  188   0.1246241540973390E-06
  189   0.1234024825133196E-06
  190   0.1065752621085631E-06
  191   0.1014782993708623E-06
  192   0.1049851517006728E-06
  193   0.1044235510574465E-06
  194   0.9407459593128926E-07
  195   0.7382794757659606E-07
  196   0.7900881966346738E-07
  197   0.7794301342528200E-07
  198   0.7825840695520472E-07
  199   0.6572016475801862E-07
  200   0.6851959996028063E-07
  201   0.6870509652992746E-07
  202   0.6536872808619291E-07
  203   0.7021340991005603E-07
  204   0.6842070374264088E-07
  205   0.6484093442577545E-07
  206   0.5371275483968166E-07
  207   0.5903079198074131E-07
  208   0.5477392932952818E-07
  209   0.4980379640705559E-07
  210   0.5382876066834134E-07
  211   0.4665827278531956E-07
  212   0.5056073248752300E-07
  213   0.5475512286429223E-07
  214   0.4000235288889776E-07
  215   0.5013815634116082E-07
  216   0.4870794346921874E-07
  217   0.3928100016202723E-07
  218   0.4463471940026003E-07
  219   0.3969131329207872E-07
  220   0.3891411901389985E-07
  221   0.4078385406191861E-07
  222   0.3738097787220124E-07
  223   0.3521363283315993E-07
  224   0.3526301285452631E-07
  225   0.3040790468330967E-07
  226   0.3418694305728112E-07
  227   0.3158958822555934E-07
  228   0.2634081168019254E-07
  229   0.2521799861287138E-07
  230   0.2618242752828794E-07
  231   0.2871314665749914E-07
  232   0.2762727878266121E-07
  233   0.2832608148324475E-07
  234   0.1948849181643489E-07
  235   0.2254503527561551E-07
  236   0.2293126625033185E-07
  237   0.2002007609380668E-07
  238   0.2066638238028189E-07
  239   0.1685636115480331E-07
  240   0.2017429530797183E-07
  241   0.1822501501414492E-07
  242   0.1400059013049402E-07
  243   0.1718410619069969E-07
  244   0.1269518939853739E-07
  245   0.1578479632815415E-07
  246   0.1664770747633271E-07
  247   0.1700842281219042E-07
  248   0.1427316990253286E-07
  249   0.1187365182026932E-07
  250   0.1061210826526619E-07
  251   0.1136011648414134E-07
  252   0.1260255221101437E-07
  253   0.1265792635326256E-07
  254   0.9019062532188309E-08
  255   0.9801727829081791E-08
  256   0.1022832580459243E-07
  257   0.9378325331342356E-08
  258   0.7755079120606111E-08
  259   0.8426903470532485E-08
  260   0.8911126953380316E-08
  261   0.6750677109589545E-08
  262   0.8966995661844716E-08
  263   0.7197982683787884E-08
  264   0.7749408802758770E-08
  265   0.6124693969440572E-08
  266   0.5615029753662163E-08
  267   0.5457938487898689E-08
  268   0.7509996024864418E-08
  269   0.5915683426238784E-08
  270   0.4771778831925744E-08
  271   0.6260588793815475E-08
  272   0.6269128365387649E-08
  273   0.4320636461969446E-08
  274   0.5648825251874909E-08
  275   0.3958293299699148E-08
  276   0.3252183074531975E-08
  277   0.4785957981625136E-08
  278   0.3755774765791951E-08
  279   0.4010089588921679E-08
  280   0.3362284631543026E-08
  281   0.3443425145108622E-08
  282   0.3826662689517658E-08
  283   0.3355753090046482E-08
  284   0.3243009124994512E-08
  285   0.2416483137303556E-08
  286   0.2291451328582952E-08
  287   0.3438050622359791E-08
  288   0.2855636798636356E-08
  289   0.2410110685238863E-08
  290   0.2130690682652540E-08
  291   0.2482986973988295E-08
  292   0.2062548505592945E-08
  293   0.2060780580304420E-08
  294   0.2121362901334363E-08
  295   0.1659122981069526E-08
  296   0.2493362261175129E-08
  297   0.2274500918214736E-08
  298   0.2813888050904065E-08
  299   0.1944027720795471E-08
  300   0.1953180667602446E-08
  301   0.2153266828092965E-08
  302   0.1652062341430332E-08
  303   0.1558285808685272E-08
  304   0.1688001886688659E-08
  305   0.1328227394158841E-08
  306   0.1527092225942942E-08
  307   0.1357156711931153E-08
  308   0.2054066049928649E-08
  309   0.1537588362964455E-08
  310   0.1513486856328457E-08
  311   0.1336400118877105E-08
  312   0.1010659392863981E-08
  313   0.1375480388255119E-08
  314   0.1567599463166780E-08
  315   0.8036785365004068E-09
  316   0.1335784251079773E-08
  317   0.9695845501787244E-09
  318   0.1187409258705618E-08
  319   0.1010295043152032E-08
  320   0.9477602190968699E-09
  321   0.9658460553805037E-09
  322   0.1064214208516136E-08
  323   0.8448682014344698E-09
  324   0.1049156367324766E-08
  325   0.1184072045921166E-08
  326   0.1032922129610614E-08
  327   0.6631874612485364E-09
  328   0.8909440439813783E-09
  329   0.9208235422605190E-09
  330   0.1116993037911842E-08
  331   0.1089483126476970E-08
  332   0.9530609695770431E-09
  333   0.1385917897779247E-08
  334   0.1144489062146226E-08
  335   0.9415897522650755E-09
  336   0.9896847148196567E-09
  337   0.9843018909728450E-09
  338   0.7545875352005138E-09
  339   0.8777095463926510E-09
  340   0.1585501002838528E-08
  341   0.8958931641322667E-09
  342   0.7462747493548947E-09
  343   0.6978326868297646E-09
  344   0.9056407124257132E-09
  345   0.1143171336652091E-08
  346   0.9161912268258787E-09
  347   0.9629723306986143E-09
  348   0.8369264513659035E-09
  349   0.1255238273036660E-08
  350   0.1062333063758370E-08
  351   0.1007761375142619E-08
  352   0.1061771457894315E-08
  353   0.1099659514944161E-08
  354   0.1151310643445502E-08
  355   0.1361614409065998E-08
  356   0.1137204456962765E-08
  357   0.1154082335512878E-08
  358   0.1005263462385614E-08
  359   0.9650974314726311E-09
  360   0.1139254914641135E-08
  361   0.1245240556717056E-08
  362   0.1368496180125926E-08
  363   0.1408928365239971E-08
  364   0.1298403639415215E-08
  365   0.1707980635608744E-08
  366   0.1622551001800474E-08
  367   0.1477405233732251E-08
  368   0.1299909133438453E-08
  369   0.1445618787997969E-08
  370   0.1270112345774155E-08
  371   0.1628070532996318E-08
  372   0.1301857543801007E-08
  373   0.1503229513801226E-08
  374   0.1498949425391076E-08
  375   0.1814981955312290E-08
  376   0.1615320630417427E-08
  377   0.1874495799262214E-08
  378   0.2216963979044555E-08
  379   0.2329694599813822E-08
  380   0.2067365017304577E-08
  381   0.2513042141893435E-08
  382   0.2502157070311911E-08
  383   0.3272183844374519E-08
