# nlmax, ncor, nside =         383           1         128
    0  -0.1890018752773084E-06
    1  -0.5462766549782642E-07
    2   0.1394393809250853E-03
    3   0.4654994344742812E-03
    4   0.2304138234443566E-03
    5   0.2937557627908477E-03
    6   0.8844906727807738E-04
    7   0.1178184438847370E-03
    8   0.5491682991641161E-04
    9   0.4312655020217715E-04
   10   0.5339291484642689E-04
   11   0.4505147958463599E-04
   12   0.3165720343967874E-04
   13   0.2409716501060020E-04
   14   0.2447291899090751E-04
   15   0.2146389868215192E-04
   16   0.1658631570185080E-04
   17   0.1852680674691627E-04
   18   0.1096923447937787E-04
   19   0.1430962804917522E-04
   20   0.1067043155785584E-04
   21   0.8719903499510177E-05
   22   0.7113407872248611E-05
   23   0.8475684327980609E-05
   24   0.7917898738565236E-05
   25   0.7810504859756062E-05
   26   0.7993223181789150E-05
   27   0.6611633936821513E-05
   28   0.9096872477375617E-05
   29   0.7328783787513187E-05
   30   0.5976901906267245E-05
   31   0.5410610462551884E-05
   32   0.7989381934957188E-05
   33   0.5102112362227356E-05
   34   0.5502727746740203E-05
   35   0.4143586071462680E-05
   36   0.5034895728450653E-05
   37   0.5743031960431344E-05
   38   0.4863281437186358E-05
   39   0.4415057585139965E-05
   40   0.6500898392978874E-05
   41   0.3758589240747187E-05
   42   0.3982618866115817E-05
   43   0.3929671832951762E-05
   44   0.3240947349706993E-05
   45   0.2754889914897300E-05
   46   0.3145867903649468E-05
   47   0.4183932373033594E-05
   48   0.2432635012818114E-05
   49   0.3560552002083548E-05
   50   0.3444353123655524E-05
   51   0.2453644749027689E-05
   52   0.2888718536511646E-05
   53   0.2118962380430658E-05
   54   0.2105472118907225E-05
   55   0.2425984810020045E-05
   56   0.3044047068855683E-05
   57   0.2647352333341122E-05
   58   0.2589804108653930E-05
   59   0.1924045250175821E-05
   60   0.2233193266335203E-05
   61   0.2060275646059480E-05
   62   0.2444213026049043E-05
   63   0.2144943791780306E-05
   64   0.1970738789988108E-05
   65   0.1756808297404188E-05
   66   0.1664202199254418E-05
   67   0.1868650706914502E-05
   68   0.1810289913081408E-05
   69   0.2008320499502951E-05
   70   0.1702534364315877E-05
   71   0.1559008388716047E-05
   72   0.1488130000684097E-05
   73   0.2108421922673996E-05
   74   0.1831042839286089E-05
   75   0.1425275461404149E-05
   76   0.1357444216979391E-05
   77   0.1581160069394483E-05
   78   0.1368884043606454E-05
   79   0.1048778951432204E-05
   80   0.1413052443256863E-05
   81   0.1398181468368307E-05
   82   0.1563012428864956E-05
   83   0.1186280766895877E-05
   84   0.1076994983853732E-05
   85   0.1234087334791195E-05
   86   0.1272826644211188E-05
   87   0.1304272798662019E-05
   88   0.1004424516271794E-05
   89   0.1165663749182778E-05
   90   0.1128954810333250E-05
   91   0.1189312038402587E-05
   92   0.1128660885722428E-05
   93   0.1085755639848991E-05
   94   0.9593713847272665E-06
   95   0.8377260536123991E-06
   96   0.8964054857096860E-06
   97   0.1019205065188060E-05
   98   0.7211621953536358E-06
   99   0.9726190214083756E-06
  100   0.9372444788396255E-06
  101   0.8623689326452959E-06
  102   0.9338666446226785E-06
  103   0.8439656529110754E-06
  104   0.9564161773993591E-06
  105   0.6648363000926204E-06
  106   0.8257432570371213E-06
  107   0.7666821219129430E-06
  108   0.9306670882373540E-06
  109   0.7557391698902989E-06
  110   0.8033743592366380E-06
  111   0.6892741449116884E-06
  112   0.6745111613907471E-06
  113   0.5715781920011175E-06
  114   0.5184647536917542E-06
  115   0.7055795277233516E-06
  116   0.7232678661911635E-06
  117   0.8186617999877195E-06
  118   0.6261992022959375E-06
  119   0.6099696028558994E-06
  120   0.5364838159948276E-06
  121   0.7407780427780978E-06
  122   0.5575203245236040E-06
  123   0.6059043387407086E-06
  124   0.4879150770928531E-06
  125   0.5373617869577266E-06
  126   0.5416865952598084E-06
  127   0.5435996933048743E-06
  128   0.5009345321497055E-06
  129   0.4633971301436609E-06
  130   0.5098864475176089E-06
  131   0.4360895630203558E-06
  132   0.4509746195231604E-06
  133   0.4741270267199780E-06
  134   0.4094820805409806E-06
  135   0.4398226657137504E-06
  136   0.4667755446362714E-06
  137   0.4108872240621991E-06
  138   0.3933855489653745E-06
  139   0.3987753349217023E-06
  140   0.3971556396482834E-06
  141   0.3818888454473660E-06
  142   0.3806189079557833E-06
  143   0.3886184154227091E-06
  144   0.3231085363588429E-06
  145   0.3833319578252567E-06
  146   0.3192951338136877E-06
  147   0.3182054239254992E-06
  148   0.2947217073400850E-06
  149   0.3043009668877908E-06
  150   0.3415277250726538E-06
  151   0.2838399212504609E-06
  152   0.2950270994952236E-06
  153   0.3242686920281503E-06
  154   0.2374350444208952E-06
  155   0.2617797242371513E-06
  156   0.2609447012545918E-06
  157   0.2504742622084337E-06
  158   0.2707758584726418E-06
  159   0.2558152970904186E-06
  160   0.2485122853875657E-06
  161   0.2352332902785822E-06
  162   0.2015960114151887E-06
  163   0.2191566749942897E-06
  164   0.2404790599059726E-06
  165   0.1994340606069546E-06
  166   0.2022971749685834E-06
  167   0.1953419079955708E-06
  168   0.2006835023928119E-06
  169   0.1745873058323098E-06
  170   0.1777195923224441E-06
  171   0.1685811056438806E-06
  172   0.2002198736369836E-06
  173   0.1843921997791004E-06
  174   0.1613101912996393E-06
  175   0.1599393967623769E-06
  176   0.1543048593647895E-06
  177   0.1460573925358078E-06
  178   0.1478956993338324E-06
  179   0.1695531678399417E-06
  180   0.1351251946459536E-06
  181   0.1192313465924593E-06
  182   0.1211351672606215E-06
  183   0.1289209418092443E-06
  184   0.1137048407016276E-06
  185   0.1311750728702910E-06
  186   0.1270468222133953E-06
  187   0.1026090636234820E-06
  188   0.1143590354297043E-06
  189   0.1140643817458399E-06
  190   0.1051006756830745E-06
  191   0.1041845408114333E-06
  192   0.1057457956877406E-06
  193   0.9767104996538563E-07
  194   0.9093023254022197E-07
  195   0.7517503370681924E-07
  196   0.8315696466160882E-07
  197   0.7951448568647305E-07
  198   0.8429800003950004E-07
  199   0.7605794371007546E-07
  200   0.8256017005382566E-07
  201   0.7502642504369256E-07
  202   0.7235303970115550E-07
  203   0.7806066715813076E-07
  204   0.6663324371010607E-07
  205   0.6799131071431565E-07
  206   0.6122990762362897E-07
  207   0.5436282025356511E-07
  208   0.5781588064872285E-07
  209   0.4853882449731947E-07
  210   0.5640728059894954E-07
  211   0.4864885414358598E-07
  212   0.5433016074653088E-07
  213   0.4807305687291033E-07
  214   0.4600373209068996E-07
  215   0.5052392431295861E-07
  216   0.4572748433882589E-07
  217   0.4076879597165170E-07
  218   0.4256919535460111E-07
  219   0.3928080706369225E-07
  220   0.4175006433147150E-07
  221   0.3995857719659732E-07
  222   0.3878878930936496E-07
  223   0.3421235357256362E-07
  224   0.3153932068358656E-07
  225   0.3077062658450308E-07
  226   0.3261493133660599E-07
  227   0.3284917222346836E-07
  228   0.2840271944104331E-07
  229   0.2498775296837519E-07
  230   0.2534730688298713E-07
  231   0.2595742864329409E-07
  232   0.2444444183131846E-07
  233   0.2652546698308500E-07
  234   0.2102988805947822E-07
  235   0.2227440403693984E-07
  236   0.2497515891670772E-07
  237   0.2080493388874972E-07
  238   0.1968897739876906E-07
  239   0.2005586741974699E-07
  240   0.1965162082370295E-07
  241   0.1711214714874452E-07
  242   0.1647106374536700E-07
  243   0.1628314884695282E-07
  244   0.1466747984935374E-07
  245   0.1645261777708627E-07
  246   0.1373651414620400E-07
  247   0.1461693657683575E-07
  248   0.1379548316285172E-07
  249   0.1107211118197861E-07
  250   0.1259464661311119E-07
  251   0.1211900525069811E-07
  252   0.1241238942685445E-07
  253   0.1140665472607548E-07
  254   0.1093210976120530E-07
  255   0.1015770054541923E-07
  256   0.9901977310581651E-08
  257   0.8568329592072116E-08
  258   0.9500418781875685E-08
  259   0.7784024995123337E-08
  260   0.9410130549882114E-08
  261   0.8362816584116992E-08
  262   0.8273260144438997E-08
  263   0.7760117085433555E-08
  264   0.7527825316534796E-08
  265   0.5562467293416455E-08
  266   0.6838847453119084E-08
  267   0.6109001431507458E-08
  268   0.5503176204683258E-08
  269   0.5394407720072048E-08
  270   0.4791113222088749E-08
  271   0.5789194745899849E-08
  272   0.5716093746094826E-08
  273   0.5075742959763135E-08
  274   0.4986359288537877E-08
  275   0.4255098440980247E-08
  276   0.3478916196577938E-08
  277   0.4545950585480023E-08
  278   0.3741138882769166E-08
  279   0.4156933607866045E-08
  280   0.3463761566330666E-08
  281   0.3406789459495258E-08
  282   0.3191043095739382E-08
  283   0.3585347532891671E-08
  284   0.2912798862083773E-08
  285   0.2594869070383255E-08
  286   0.2922231132602024E-08
  287   0.2509603298902551E-08
  288   0.2470490237338922E-08
  289   0.2718281834903355E-08
  290   0.2488587448340760E-08
  291   0.2060241841112274E-08
  292   0.1949135615238861E-08
  293   0.2006405579415149E-08
  294   0.1875361021834148E-08
  295   0.2011408504927538E-08
  296   0.2016271552045769E-08
  297   0.2066534284805820E-08
  298   0.1651597581977215E-08
  299   0.1689092826492874E-08
  300   0.1832843963490184E-08
  301   0.1525206641409308E-08
  302   0.1708245731890379E-08
  303   0.1459962227869315E-08
  304   0.1561223116414684E-08
  305   0.1354236563456278E-08
  306   0.1129883057486018E-08
  307   0.1135748011037796E-08
  308   0.1337494874263997E-08
  309   0.1334184770671825E-08
  310   0.1225307408419317E-08
  311   0.1360202816676132E-08
  312   0.9154783110245612E-09
  313   0.1008935023075700E-08
  314   0.8906029584668184E-09
  315   0.1084514777147670E-08
  316   0.9444418688667799E-09
  317   0.9399618373289917E-09
  318   0.8993670416604634E-09
  319   0.7854038270775354E-09
  320   0.8450275535432017E-09
  321   0.8806067133426864E-09
  322   0.8228139823671766E-09
  323   0.7802257906934044E-09
  324   0.7534997148344410E-09
  325   0.8153048964318975E-09
  326   0.7255809999736806E-09
  327   0.7631293779406844E-09
  328   0.7686022285842128E-09
  329   0.7015303155954675E-09
  330   0.6705838230453076E-09
  331   0.7377380115248814E-09
  332   0.6644620917186799E-09
  333   0.6090349240147624E-09
  334   0.7519389979033514E-09
  335   0.6271826091205512E-09
  336   0.6869061024571727E-09
  337   0.5747719010841644E-09
  338   0.6302361323542801E-09
  339   0.6036178009362334E-09
  340   0.6112332271459695E-09
  341   0.4998817979311120E-09
  342   0.5002410497179871E-09
  343   0.5361886575339349E-09
  344   0.5891226777550790E-09
  345   0.5114398060239808E-09
  346   0.5405843222701534E-09
  347   0.5418129452063013E-09
  348   0.5889111119028471E-09
  349   0.5769981181745016E-09
  350   0.5431373518154268E-09
  351   0.4763520988660729E-09
  352   0.5770286177106499E-09
  353   0.4784974240102300E-09
  354   0.5209898841446056E-09
  355   0.4592839656832961E-09
  356   0.5717749407999850E-09
  357   0.4418652843972395E-09
  358   0.5952975097573500E-09
  359   0.6172281449654717E-09
  360   0.6023397451671966E-09
  361   0.5605369869754545E-09
  362   0.5546246077215822E-09
  363   0.5499618863755687E-09
  364   0.5480804361857159E-09
  365   0.5227935296526410E-09
  366   0.5378279769669633E-09
  367   0.5685587090268698E-09
  368   0.5056691853011446E-09
  369   0.5360505532928482E-09
  370   0.5575334424047632E-09
  371   0.5654867197226328E-09
  372   0.5909361395240955E-09
  373   0.5837362196858720E-09
  374   0.6435892469144918E-09
  375   0.6047704960665038E-09
  376   0.6123603478845326E-09
  377   0.6589237007958238E-09
  378   0.6379464963126968E-09
  379   0.6574736165843154E-09
  380   0.7248637411460344E-09
  381   0.8323880480538219E-09
  382   0.7785170099941465E-09
  383   0.7890401818348896E-09
