0.000000000000000000e+00 -2.939062282933835135e+01
1.000000000000000000e+00 -3.015852580463364063e+01
2.000000000000000000e+00 1.053777090859445309e+02
3.000000000000000000e+00 2.416081418122678031e+02
4.000000000000000000e+00 2.333439473402200122e+02
5.000000000000000000e+00 2.348698949004731844e+02
6.000000000000000000e+00 7.648938359804412812e+01
7.000000000000000000e+00 7.150291256296921460e+01
8.000000000000000000e+00 6.092932365225955493e+01
9.000000000000000000e+00 7.039369706364034585e+01
1.000000000000000000e+01 2.602033010080826259e+01
1.100000000000000000e+01 5.458491137548672612e+01
1.200000000000000000e+01 2.140961502770701230e+01
1.300000000000000000e+01 1.794796523889563389e+01
1.400000000000000000e+01 2.588250409737107560e+01
1.500000000000000000e+01 2.603384904643291620e+01
1.600000000000000000e+01 1.976993335477980906e+01
1.700000000000000000e+01 2.900779330367498687e+01
1.800000000000000000e+01 1.355816101896590276e+01
1.900000000000000000e+01 1.219016218561677434e+01
2.000000000000000000e+01 1.019951955897641938e+01
2.100000000000000000e+01 7.915145036338165241e+00
2.200000000000000000e+01 7.958960805563892293e+00
2.300000000000000000e+01 7.854395372519705987e+00
2.400000000000000000e+01 8.275550138787323817e+00
2.500000000000000000e+01 5.418479443293988673e+00
2.600000000000000000e+01 9.001367525364136313e+00
2.700000000000000000e+01 8.272731246187348120e+00
2.800000000000000000e+01 9.009017317351926124e+00
2.900000000000000000e+01 8.247881360249150973e+00
3.000000000000000000e+01 7.319569483844713176e+00
3.100000000000000000e+01 5.919734765863855053e+00
3.200000000000000000e+01 8.291721792616549180e+00
3.300000000000000000e+01 5.522845050452560578e+00
3.400000000000000000e+01 5.368364821582819246e+00
3.500000000000000000e+01 4.216482960221210163e+00
3.600000000000000000e+01 4.482444300644297108e+00
3.700000000000000000e+01 5.837461166602695428e+00
3.800000000000000000e+01 5.563834306294822341e+00
3.900000000000000000e+01 4.299539477817362787e+00
4.000000000000000000e+01 5.849252219821432064e+00
4.100000000000000000e+01 4.202942009555338032e+00
4.200000000000000000e+01 4.829719821363840815e+00
4.300000000000000000e+01 3.882462169029475607e+00
4.400000000000000000e+01 4.080833759637294555e+00
4.500000000000000000e+01 2.843778504907806148e+00
4.600000000000000000e+01 2.652677888378339066e+00
4.700000000000000000e+01 4.212128515425571429e+00
4.800000000000000000e+01 2.212277128405549576e+00
4.900000000000000000e+01 3.263842785952443037e+00
5.000000000000000000e+01 3.946397722960384602e+00
5.100000000000000000e+01 2.240568531438298372e+00
5.200000000000000000e+01 2.790781668068747390e+00
5.300000000000000000e+01 2.029288186188077603e+00
5.400000000000000000e+01 1.968198818735584776e+00
5.500000000000000000e+01 2.709339990727331227e+00
5.600000000000000000e+01 2.816148849942182508e+00
5.700000000000000000e+01 2.652213833075214744e+00
5.800000000000000000e+01 2.678458591807364009e+00
5.900000000000000000e+01 2.007058583508428917e+00
6.000000000000000000e+01 2.178490280421701897e+00
6.100000000000000000e+01 1.910376312506217644e+00
6.200000000000000000e+01 2.564491915936867983e+00
6.300000000000000000e+01 1.905438504192361604e+00
6.400000000000000000e+01 1.473116121845623239e+00
6.500000000000000000e+01 1.881060394139326242e+00
6.600000000000000000e+01 1.810584743438658384e+00
6.700000000000000000e+01 1.817276378952025206e+00
6.800000000000000000e+01 1.709451987332711864e+00
6.900000000000000000e+01 2.254340899687608424e+00
7.000000000000000000e+01 1.458428818177130548e+00
7.100000000000000000e+01 1.769310629729736073e+00
7.200000000000000000e+01 1.309350668515424809e+00
7.300000000000000000e+01 2.184326934367431861e+00
7.400000000000000000e+01 1.716301473065784622e+00
7.500000000000000000e+01 1.333002040591836579e+00
7.600000000000000000e+01 1.340211041812165549e+00
7.700000000000000000e+01 1.595108053562607431e+00
7.800000000000000000e+01 1.207957956642766728e+00
7.900000000000000000e+01 1.020780903462936928e+00
8.000000000000000000e+01 1.517586269913838715e+00
8.100000000000000000e+01 1.410741563065277315e+00
8.200000000000000000e+01 1.717012567611085005e+00
8.300000000000000000e+01 1.158376347849446431e+00
8.400000000000000000e+01 9.692372973643729184e-01
8.500000000000000000e+01 1.271886870220197530e+00
8.600000000000000000e+01 1.362259784153491804e+00
8.700000000000000000e+01 1.147969679645286734e+00
8.800000000000000000e+01 8.714306226767045693e-01
8.900000000000000000e+01 1.291081290146811611e+00
9.000000000000000000e+01 9.868384309138424904e-01
9.100000000000000000e+01 1.153634997274294971e+00
9.200000000000000000e+01 1.067701669021001942e+00
9.300000000000000000e+01 1.236516148141886928e+00
9.400000000000000000e+01 1.014875399298957204e+00
9.500000000000000000e+01 8.450425029909507391e-01
9.600000000000000000e+01 9.098607983252713360e-01
9.700000000000000000e+01 9.413168350206971846e-01
9.800000000000000000e+01 7.145201528264467639e-01
9.900000000000000000e+01 1.099048952551194169e+00
1.000000000000000000e+02 9.802418924641811415e-01
1.010000000000000000e+02 9.138387586743358382e-01
1.020000000000000000e+02 8.349542889162631099e-01
1.030000000000000000e+02 7.596488284493310150e-01
1.040000000000000000e+02 1.013587341845748835e+00
1.050000000000000000e+02 7.078471723225523426e-01
1.060000000000000000e+02 7.636224528414023993e-01
1.070000000000000000e+02 8.568884133442837836e-01
1.080000000000000000e+02 1.014590210061703912e+00
1.090000000000000000e+02 7.930961911564897715e-01
1.100000000000000000e+02 8.396799683168281181e-01
1.110000000000000000e+02 6.615707412623534900e-01
1.120000000000000000e+02 7.780658866427764275e-01
1.130000000000000000e+02 5.449984288018060452e-01
1.140000000000000000e+02 4.527113934963858388e-01
1.150000000000000000e+02 7.016691678480965200e-01
1.160000000000000000e+02 8.287703798837766644e-01
1.170000000000000000e+02 7.766621581401962349e-01
1.180000000000000000e+02 6.830612797351786059e-01
1.190000000000000000e+02 5.921076385569958855e-01
1.200000000000000000e+02 4.028631943829950046e-01
1.210000000000000000e+02 7.463403661983135651e-01
1.220000000000000000e+02 6.185686894759693244e-01
1.230000000000000000e+02 6.162719147267635700e-01
1.240000000000000000e+02 4.376604796722157187e-01
1.250000000000000000e+02 5.387637684247800207e-01
1.260000000000000000e+02 5.212563100699958429e-01
1.270000000000000000e+02 5.436202453719155558e-01
1.280000000000000000e+02 5.423040242903222063e-01
1.290000000000000000e+02 4.351651798484802436e-01
1.300000000000000000e+02 5.413981765519638722e-01
1.310000000000000000e+02 3.844736720034409583e-01
1.320000000000000000e+02 4.072481352079986294e-01
1.330000000000000000e+02 4.685427556315520659e-01
1.340000000000000000e+02 4.005636949020686677e-01
1.350000000000000000e+02 5.057283982011997470e-01
1.360000000000000000e+02 5.496682143923138364e-01
1.370000000000000000e+02 4.088005087913714752e-01
1.380000000000000000e+02 4.214480129922072993e-01
1.390000000000000000e+02 4.297592698593389327e-01
1.400000000000000000e+02 3.945013768297927492e-01
1.410000000000000000e+02 4.067502788760914978e-01
1.420000000000000000e+02 3.816097200811185419e-01
1.430000000000000000e+02 3.523475786274596344e-01
1.440000000000000000e+02 3.485576056942625289e-01
1.450000000000000000e+02 4.303339424404615809e-01
1.460000000000000000e+02 3.284267579788405778e-01
1.470000000000000000e+02 3.119714945916248761e-01
1.480000000000000000e+02 2.967249058323384037e-01
1.490000000000000000e+02 2.373590809931793444e-01
1.500000000000000000e+02 3.301177039706889582e-01
1.510000000000000000e+02 2.711649279504935173e-01
1.520000000000000000e+02 2.747541019222684566e-01
1.530000000000000000e+02 3.104189426632021909e-01
1.540000000000000000e+02 2.193856732554616551e-01
1.550000000000000000e+02 2.989426075526752102e-01
1.560000000000000000e+02 2.767951557655295436e-01
1.570000000000000000e+02 2.501618116220463706e-01
1.580000000000000000e+02 2.972763357492003711e-01
1.590000000000000000e+02 2.576267704754379717e-01
1.600000000000000000e+02 2.688759582397882708e-01
1.610000000000000000e+02 2.331467431615860675e-01
1.620000000000000000e+02 2.007967307615901309e-01
1.630000000000000000e+02 2.068231440344902028e-01
1.640000000000000000e+02 2.188618458695659186e-01
1.650000000000000000e+02 2.051394393820445972e-01
1.660000000000000000e+02 2.248695802389747422e-01
1.670000000000000000e+02 2.464697086869579168e-01
1.680000000000000000e+02 1.950716073755490165e-01
1.690000000000000000e+02 1.789412553359325253e-01
1.700000000000000000e+02 1.725141064852137307e-01
1.710000000000000000e+02 1.558437107984572689e-01
1.720000000000000000e+02 1.728435144216148855e-01
1.730000000000000000e+02 1.734192118565537621e-01
1.740000000000000000e+02 1.487448168858761244e-01
1.750000000000000000e+02 1.592534383137346188e-01
1.760000000000000000e+02 1.564245559235821759e-01
1.770000000000000000e+02 1.434493136601679153e-01
1.780000000000000000e+02 1.277720068472808224e-01
1.790000000000000000e+02 1.785813007217438853e-01
1.800000000000000000e+02 1.414348259924653461e-01
1.810000000000000000e+02 1.016536552002702959e-01
1.820000000000000000e+02 1.009367736232878732e-01
1.830000000000000000e+02 1.053604745494385597e-01
1.840000000000000000e+02 1.275171084481193928e-01
1.850000000000000000e+02 1.390298290085622557e-01
1.860000000000000000e+02 1.272788706853566487e-01
1.870000000000000000e+02 9.829975738858606760e-02
1.880000000000000000e+02 1.251532844986356641e-01
1.890000000000000000e+02 1.274074883854871831e-01
1.900000000000000000e+02 1.092954320855983597e-01
1.910000000000000000e+02 1.031502037919478504e-01
1.920000000000000000e+02 1.107289690553956291e-01
1.930000000000000000e+02 1.048479813813237432e-01
1.940000000000000000e+02 9.455573225326729947e-02
1.950000000000000000e+02 7.132378243740995771e-02
1.960000000000000000e+02 8.046498547352790021e-02
1.970000000000000000e+02 7.889934461509025276e-02
1.980000000000000000e+02 7.760089155875679601e-02
1.990000000000000000e+02 6.694716946607036367e-02
2.000000000000000000e+02 7.331257987641219553e-02
2.010000000000000000e+02 6.976813657073484276e-02
2.020000000000000000e+02 6.682268724407924854e-02
2.030000000000000000e+02 7.041924193797695353e-02
2.040000000000000000e+02 6.867723272103130883e-02
2.050000000000000000e+02 6.568431288276314894e-02
2.060000000000000000e+02 5.365444112076893368e-02
2.070000000000000000e+02 5.693791838202322264e-02
2.080000000000000000e+02 5.369165723194205958e-02
2.090000000000000000e+02 4.782520627236235000e-02
2.100000000000000000e+02 5.323273904218796260e-02
2.110000000000000000e+02 4.711309086979832000e-02
2.120000000000000000e+02 4.962068846777537706e-02
2.130000000000000000e+02 5.726867553157578145e-02
2.140000000000000000e+02 4.064867075261390655e-02
2.150000000000000000e+02 5.090662199963485318e-02
2.160000000000000000e+02 4.746166323363932432e-02
2.170000000000000000e+02 3.797672239133111083e-02
2.180000000000000000e+02 4.583625182194289716e-02
2.190000000000000000e+02 4.056081954535716710e-02
2.200000000000000000e+02 3.997262666778385320e-02
2.210000000000000000e+02 4.268060371421102117e-02
2.220000000000000000e+02 4.062652761844660898e-02
2.230000000000000000e+02 3.509135956463798472e-02
2.240000000000000000e+02 3.316090082699794939e-02
2.250000000000000000e+02 2.860936921363373131e-02
2.260000000000000000e+02 3.458812697359893440e-02
2.270000000000000000e+02 3.424660140835849437e-02
2.280000000000000000e+02 2.485133663398763834e-02
2.290000000000000000e+02 2.510420018338183762e-02
2.300000000000000000e+02 2.609264914581192057e-02
2.310000000000000000e+02 3.017914852626302213e-02
2.320000000000000000e+02 2.894661434046692447e-02
2.330000000000000000e+02 2.672831094005816838e-02
2.340000000000000000e+02 1.859739800097734430e-02
2.350000000000000000e+02 2.028293857273225434e-02
2.360000000000000000e+02 2.163623366468670275e-02
2.370000000000000000e+02 1.991155196153254411e-02
2.380000000000000000e+02 2.156564658712102622e-02
2.390000000000000000e+02 1.823424938078024860e-02
2.400000000000000000e+02 2.200175612893323293e-02
2.410000000000000000e+02 2.052132486803122727e-02
2.420000000000000000e+02 1.599184966758367479e-02
2.430000000000000000e+02 1.679200687183569213e-02
2.440000000000000000e+02 1.238695643565216643e-02
2.450000000000000000e+02 1.661472310870362734e-02
2.460000000000000000e+02 1.538822704391687099e-02
2.470000000000000000e+02 1.668402479794370979e-02
2.480000000000000000e+02 1.451316496689004920e-02
2.490000000000000000e+02 1.293672271255376545e-02
2.500000000000000000e+02 9.944486904650783748e-03
2.510000000000000000e+02 1.220134831610591129e-02
2.520000000000000000e+02 1.294894029449298288e-02
2.530000000000000000e+02 1.139175466068361592e-02
2.540000000000000000e+02 7.535231431381654230e-03
2.550000000000000000e+02 9.839766967705419060e-03
2.560000000000000000e+02 1.034398781518735752e-02
2.570000000000000000e+02 9.776652970105548235e-03
2.580000000000000000e+02 8.751003020192138146e-03
2.590000000000000000e+02 7.472953439994094171e-03
2.600000000000000000e+02 9.605597527733746033e-03
2.610000000000000000e+02 6.132275757100675087e-03
2.620000000000000000e+02 9.532539082610265446e-03
2.630000000000000000e+02 8.992618597579115497e-03
2.640000000000000000e+02 7.762868241950482244e-03
2.650000000000000000e+02 6.072320002023921803e-03
2.660000000000000000e+02 5.995486496069468881e-03
2.670000000000000000e+02 5.892420831589220004e-03
2.680000000000000000e+02 6.649303541843907053e-03
2.690000000000000000e+02 5.512254605128787642e-03
2.700000000000000000e+02 5.037932060111280710e-03
2.710000000000000000e+02 5.532719513994213689e-03
2.720000000000000000e+02 7.440904553925032500e-03
2.730000000000000000e+02 4.219091052617337904e-03
2.740000000000000000e+02 5.403323054275000099e-03
2.750000000000000000e+02 4.122500272200868912e-03
2.760000000000000000e+02 2.984437852778309280e-03
2.770000000000000000e+02 5.086100737123425315e-03
2.780000000000000000e+02 2.459838310679182249e-03
2.790000000000000000e+02 4.075086645779394702e-03
2.800000000000000000e+02 2.888117449912054602e-03
2.810000000000000000e+02 3.354576777856900158e-03
2.820000000000000000e+02 4.476730684705599456e-03
2.830000000000000000e+02 3.218066801143977876e-03
2.840000000000000000e+02 2.996837421432188217e-03
2.850000000000000000e+02 2.388318693586340656e-03
2.860000000000000000e+02 2.774544322309850566e-03
2.870000000000000000e+02 3.190537104286081740e-03
2.880000000000000000e+02 2.257846237030624280e-03
2.890000000000000000e+02 2.880299362175985610e-03
2.900000000000000000e+02 3.161227104513759587e-03
2.910000000000000000e+02 2.338951981622864294e-03
2.920000000000000000e+02 2.865775662018111864e-03
2.930000000000000000e+02 2.663193687502452001e-03
2.940000000000000000e+02 2.184925618665433875e-03
2.950000000000000000e+02 1.964903232594328829e-03
2.960000000000000000e+02 2.020111279117730013e-03
2.970000000000000000e+02 1.838162612811640798e-03
2.980000000000000000e+02 1.983616217987054300e-03
2.990000000000000000e+02 2.643010098096133537e-03
3.000000000000000000e+02 2.057573819637416573e-03
3.010000000000000000e+02 1.164645099724934000e-03
3.020000000000000000e+02 1.730240571562088317e-03
3.030000000000000000e+02 1.356413544767218638e-03
3.040000000000000000e+02 1.033204905716930298e-03
3.050000000000000000e+02 1.828382314448575392e-03
3.060000000000000000e+02 5.630489874576497401e-04
3.070000000000000000e+02 7.760706074977147999e-04
3.080000000000000000e+02 1.357733889789615976e-03
3.090000000000000000e+02 1.655533914089753591e-03
3.100000000000000000e+02 1.344354671347999623e-03
3.110000000000000000e+02 1.588246403185921253e-03
3.120000000000000000e+02 1.459005343875423343e-03
3.130000000000000000e+02 1.253083300996965955e-03
3.140000000000000000e+02 1.296603310179739003e-03
3.150000000000000000e+02 2.642058813852592061e-04
3.160000000000000000e+02 9.186153667267315691e-04
3.170000000000000000e+02 8.494743302761660272e-04
3.180000000000000000e+02 1.031734279458156999e-03
3.190000000000000000e+02 1.203061491385220552e-03
3.200000000000000000e+02 1.125076406914113977e-03
3.210000000000000000e+02 6.680150460594120286e-04
3.220000000000000000e+02 5.945181533979793662e-04
3.230000000000000000e+02 8.294546478008925491e-04
3.240000000000000000e+02 6.580400845413831527e-04
3.250000000000000000e+02 1.184534618086277146e-03
3.260000000000000000e+02 9.613824191140985615e-04
3.270000000000000000e+02 1.065043882017117005e-03
3.280000000000000000e+02 9.392766582418580036e-04
3.290000000000000000e+02 1.246487302977489350e-03
3.300000000000000000e+02 8.963652272968888716e-04
3.310000000000000000e+02 6.002850658361061961e-04
3.320000000000000000e+02 6.138779531467238515e-04
3.330000000000000000e+02 4.929719173242221508e-04
3.340000000000000000e+02 8.015783367100791455e-04
3.350000000000000000e+02 4.635408278618060414e-04
3.360000000000000000e+02 6.302363229613378503e-04
3.370000000000000000e+02 1.044051257729749918e-03
3.380000000000000000e+02 6.832793119066709166e-04
3.390000000000000000e+02 6.403787416947842983e-04
3.400000000000000000e+02 9.718625852701273790e-04
3.410000000000000000e+02 9.928376402355519603e-04
3.420000000000000000e+02 9.798342347870040315e-04
3.430000000000000000e+02 9.136015126896483273e-04
3.440000000000000000e+02 7.717246354309454911e-04
3.450000000000000000e+02 8.050855476376213207e-04
3.460000000000000000e+02 5.497620639858410117e-04
3.470000000000000000e+02 6.762032036112028801e-04
3.480000000000000000e+02 5.644122859100968431e-04
3.490000000000000000e+02 9.714581147624773210e-04
3.500000000000000000e+02 1.022418802765216695e-03
3.510000000000000000e+02 9.864930263495115103e-04
3.520000000000000000e+02 8.175230846574572724e-04
3.530000000000000000e+02 8.428662322988718196e-04
3.540000000000000000e+02 7.753227031604195945e-04
3.550000000000000000e+02 9.313794501092467239e-04
3.560000000000000000e+02 5.221805440154556402e-04
3.570000000000000000e+02 7.997595397365511727e-04
3.580000000000000000e+02 8.646284809312094512e-04
3.590000000000000000e+02 1.282871311457379516e-03
3.600000000000000000e+02 9.879023683070813685e-04
3.610000000000000000e+02 1.181837259563416585e-03
3.620000000000000000e+02 9.171582881714254731e-04
3.630000000000000000e+02 1.026872179401695177e-03
3.640000000000000000e+02 8.642806118347399211e-04
3.650000000000000000e+02 8.571130931528893240e-04
3.660000000000000000e+02 8.205781152932620009e-04
3.670000000000000000e+02 8.197422326507254392e-04
3.680000000000000000e+02 9.272194840379894458e-04
3.690000000000000000e+02 1.404449250167625219e-03
3.700000000000000000e+02 8.691493272365711153e-04
3.710000000000000000e+02 9.038012059848070942e-04
3.720000000000000000e+02 5.931428568625626277e-04
3.730000000000000000e+02 9.980266387687416248e-04
3.740000000000000000e+02 1.320622483455145303e-03
3.750000000000000000e+02 1.362947465731236549e-03
3.760000000000000000e+02 1.583385671703670854e-03
3.770000000000000000e+02 9.488725165133450254e-04
3.780000000000000000e+02 1.446585362126817697e-03
3.790000000000000000e+02 1.138566496707981530e-03
3.800000000000000000e+02 1.738861343591671139e-03
3.810000000000000000e+02 1.210980330868473634e-03
3.820000000000000000e+02 1.507994070969723936e-03
3.830000000000000000e+02 1.491248946642795975e-03
