# nlmax, ncor, nside =         383           1         128
    0  -0.1890018713586762E-06
    1  -0.5462761571246841E-07
    2   0.1394393807991277E-03
    3   0.4654994344622479E-03
    4   0.2304138235149946E-03
    5   0.2937557627533373E-03
    6   0.8844906726320396E-04
    7   0.1178184438735506E-03
    8   0.5491682991334824E-04
    9   0.4312655020165299E-04
   10   0.5339291485262278E-04
   11   0.4505147959277696E-04
   12   0.3165720344376762E-04
   13   0.2409716501197933E-04
   14   0.2447291899562735E-04
   15   0.2146389868267875E-04
   16   0.1658631570445156E-04
   17   0.1852680674805112E-04
   18   0.1096923447862056E-04
   19   0.1430962804834759E-04
   20   0.1067043156065873E-04
   21   0.8719903500696697E-05
   22   0.7113407872410362E-05
   23   0.8475684329950314E-05
   24   0.7917898740038241E-05
   25   0.7810504859777437E-05
   26   0.7993223182215135E-05
   27   0.6611633936308205E-05
   28   0.9096872477144617E-05
   29   0.7328783787893227E-05
   30   0.5976901906724895E-05
   31   0.5410610462035015E-05
   32   0.7989381934842935E-05
   33   0.5102112361645482E-05
   34   0.5502727747065820E-05
   35   0.4143586071558547E-05
   36   0.5034895728061635E-05
   37   0.5743031960606844E-05
   38   0.4863281437742095E-05
   39   0.4415057585116873E-05
   40   0.6500898392671816E-05
   41   0.3758589240991075E-05
   42   0.3982618866047027E-05
   43   0.3929671833287087E-05
   44   0.3240947349351633E-05
   45   0.2754889915237409E-05
   46   0.3145867903986250E-05
   47   0.4183932373180830E-05
   48   0.2432635012696927E-05
   49   0.3560552002118112E-05
   50   0.3444353123921312E-05
   51   0.2453644748891439E-05
   52   0.2888718536569118E-05
   53   0.2118962380426272E-05
   54   0.2105472118918731E-05
   55   0.2425984809812316E-05
   56   0.3044047068700007E-05
   57   0.2647352333022838E-05
   58   0.2589804108688175E-05
   59   0.1924045250026930E-05
   60   0.2233193266223848E-05
   61   0.2060275646056314E-05
   62   0.2444213025883818E-05
   63   0.2144943791764716E-05
   64   0.1970738790137972E-05
   65   0.1756808297483305E-05
   66   0.1664202199166323E-05
   67   0.1868650706980368E-05
   68   0.1810289913114359E-05
   69   0.2008320499521672E-05
   70   0.1702534364217300E-05
   71   0.1559008388679040E-05
   72   0.1488130000657201E-05
   73   0.2108421922654168E-05
   74   0.1831042839194824E-05
   75   0.1425275461400036E-05
   76   0.1357444216888848E-05
   77   0.1581160069564389E-05
   78   0.1368884043661265E-05
   79   0.1048778951493131E-05
   80   0.1413052443312935E-05
   81   0.1398181468308257E-05
   82   0.1563012428873350E-05
   83   0.1186280766846415E-05
   84   0.1076994983905935E-05
   85   0.1234087334808503E-05
   86   0.1272826644207903E-05
   87   0.1304272798694563E-05
   88   0.1004424516227866E-05
   89   0.1165663749251517E-05
   90   0.1128954810367803E-05
   91   0.1189312038383717E-05
   92   0.1128660885748088E-05
   93   0.1085755639896092E-05
   94   0.9593713846864690E-06
   95   0.8377260535993859E-06
   96   0.8964054856280041E-06
   97   0.1019205065216448E-05
   98   0.7211621953057791E-06
   99   0.9726190214620710E-06
  100   0.9372444788308337E-06
  101   0.8623689326818907E-06
  102   0.9338666447023942E-06
  103   0.8439656529031756E-06
  104   0.9564161773794985E-06
  105   0.6648363000517706E-06
  106   0.8257432570618968E-06
  107   0.7666821219148602E-06
  108   0.9306670882505097E-06
  109   0.7557391699046044E-06
  110   0.8033743592794540E-06
  111   0.6892741449286409E-06
  112   0.6745111614183144E-06
  113   0.5715781919716259E-06
  114   0.5184647536636973E-06
  115   0.7055795277075787E-06
  116   0.7232678662036270E-06
  117   0.8186617999947427E-06
  118   0.6261992022369315E-06
  119   0.6099696028718353E-06
  120   0.5364838159941181E-06
  121   0.7407780428024156E-06
  122   0.5575203245244848E-06
  123   0.6059043387367794E-06
  124   0.4879150771206539E-06
  125   0.5373617869606269E-06
  126   0.5416865952700890E-06
  127   0.5435996933176847E-06
  128   0.5009345321738899E-06
  129   0.4633971301610696E-06
  130   0.5098864475202031E-06
  131   0.4360895630444121E-06
  132   0.4509746195452363E-06
  133   0.4741270267021340E-06
  134   0.4094820805595511E-06
  135   0.4398226657023327E-06
  136   0.4667755446169072E-06
  137   0.4108872240711632E-06
  138   0.3933855489776898E-06
  139   0.3987753349281408E-06
  140   0.3971556396637404E-06
  141   0.3818888454350663E-06
  142   0.3806189079417766E-06
  143   0.3886184154298216E-06
  144   0.3231085363386568E-06
  145   0.3833319578363648E-06
  146   0.3192951338418469E-06
  147   0.3182054239314737E-06
  148   0.2947217073538092E-06
  149   0.3043009668607061E-06
  150   0.3415277250845620E-06
  151   0.2838399212373217E-06
  152   0.2950270994988475E-06
  153   0.3242686920149070E-06
  154   0.2374350444273818E-06
  155   0.2617797242371924E-06
  156   0.2609447012500948E-06
  157   0.2504742622208327E-06
  158   0.2707758585020977E-06
  159   0.2558152970899611E-06
  160   0.2485122853874240E-06
  161   0.2352332902804153E-06
  162   0.2015960114108339E-06
  163   0.2191566750162913E-06
  164   0.2404790599205865E-06
  165   0.1994340606133094E-06
  166   0.2022971749692883E-06
  167   0.1953419079929254E-06
  168   0.2006835024073170E-06
  169   0.1745873058379432E-06
  170   0.1777195923322760E-06
  171   0.1685811056487612E-06
  172   0.2002198736364759E-06
  173   0.1843921997847582E-06
  174   0.1613101913094032E-06
  175   0.1599393967725519E-06
  176   0.1543048593608717E-06
  177   0.1460573925324175E-06
  178   0.1478956993386203E-06
  179   0.1695531678508557E-06
  180   0.1351251946511655E-06
  181   0.1192313466059958E-06
  182   0.1211351672578960E-06
  183   0.1289209418114157E-06
  184   0.1137048406896161E-06
  185   0.1311750728745364E-06
  186   0.1270468222109496E-06
  187   0.1026090636238900E-06
  188   0.1143590354295100E-06
  189   0.1140643817434755E-06
  190   0.1051006756860700E-06
  191   0.1041845408110850E-06
  192   0.1057457956855688E-06
  193   0.9767104996582269E-07
  194   0.9093023253583244E-07
  195   0.7517503371217228E-07
  196   0.8315696466081123E-07
  197   0.7951448568659132E-07
  198   0.8429800004941149E-07
  199   0.7605794371347037E-07
  200   0.8256017005332877E-07
  201   0.7502642504350473E-07
  202   0.7235303970284840E-07
  203   0.7806066715528706E-07
  204   0.6663324371371803E-07
  205   0.6799131071571431E-07
  206   0.6122990762494706E-07
  207   0.5436282025457361E-07
  208   0.5781588064778508E-07
  209   0.4853882449054595E-07
  210   0.5640728059777502E-07
  211   0.4864885414624344E-07
  212   0.5433016075394793E-07
  213   0.4807305686930991E-07
  214   0.4600373208727166E-07
  215   0.5052392431781772E-07
  216   0.4572748433664076E-07
  217   0.4076879597602758E-07
  218   0.4256919535388039E-07
  219   0.3928080706838609E-07
  220   0.4175006432995754E-07
  221   0.3995857719575929E-07
  222   0.3878878930833285E-07
  223   0.3421235356938714E-07
  224   0.3153932068180673E-07
  225   0.3077062658612313E-07
  226   0.3261493133959443E-07
  227   0.3284917222457892E-07
  228   0.2840271944262091E-07
  229   0.2498775297029192E-07
  230   0.2534730688533225E-07
  231   0.2595742863980199E-07
  232   0.2444444183528946E-07
  233   0.2652546698434231E-07
  234   0.2102988806123518E-07
  235   0.2227440403807846E-07
  236   0.2497515892332284E-07
  237   0.2080493388792852E-07
  238   0.1968897740120619E-07
  239   0.2005586742271457E-07
  240   0.1965162082583176E-07
  241   0.1711214714972274E-07
  242   0.1647106374543921E-07
  243   0.1628314884670993E-07
  244   0.1466747984801384E-07
  245   0.1645261777951080E-07
  246   0.1373651414835832E-07
  247   0.1461693657645257E-07
  248   0.1379548316552581E-07
  249   0.1107211118358713E-07
  250   0.1259464661359453E-07
  251   0.1211900525087186E-07
  252   0.1241238942915880E-07
  253   0.1140665472780184E-07
  254   0.1093210976155322E-07
  255   0.1015770054660518E-07
  256   0.9901977312145274E-08
  257   0.8568329592590712E-08
  258   0.9500418780747226E-08
  259   0.7784024994456934E-08
  260   0.9410130551047526E-08
  261   0.8362816586265491E-08
  262   0.8273260145595938E-08
  263   0.7760117085616620E-08
  264   0.7527825317037087E-08
  265   0.5562467294888598E-08
  266   0.6838847454935123E-08
  267   0.6109001433249381E-08
  268   0.5503176205177608E-08
  269   0.5394407719839326E-08
  270   0.4791113222126230E-08
  271   0.5789194745722607E-08
  272   0.5716093747478666E-08
  273   0.5075742961593256E-08
  274   0.4986359289610221E-08
  275   0.4255098442390239E-08
  276   0.3478916196794143E-08
  277   0.4545950586229435E-08
  278   0.3741138884309072E-08
  279   0.4156933607763872E-08
  280   0.3463761566985422E-08
  281   0.3406789459957738E-08
  282   0.3191043096242308E-08
  283   0.3585347532889024E-08
  284   0.2912798862135865E-08
  285   0.2594869070685276E-08
  286   0.2922231133007806E-08
  287   0.2509603299049194E-08
  288   0.2470490238083623E-08
  289   0.2718281836130070E-08
  290   0.2488587448812081E-08
  291   0.2060241840693204E-08
  292   0.1949135615587256E-08
  293   0.2006405580194366E-08
  294   0.1875361022105040E-08
  295   0.2011408505320614E-08
  296   0.2016271552131108E-08
  297   0.2066534284911276E-08
  298   0.1651597581995691E-08
  299   0.1689092827005911E-08
  300   0.1832843964380680E-08
  301   0.1525206642415848E-08
  302   0.1708245732586322E-08
  303   0.1459962227843851E-08
  304   0.1561223117188502E-08
  305   0.1354236563616579E-08
  306   0.1129883057657384E-08
  307   0.1135748011759415E-08
  308   0.1337494874490102E-08
  309   0.1334184771303870E-08
  310   0.1225307408667392E-08
  311   0.1360202817518400E-08
  312   0.9154783114342604E-09
  313   0.1008935023290317E-08
  314   0.8906029588524831E-09
  315   0.1084514777607397E-08
  316   0.9444418694324920E-09
  317   0.9399618375918366E-09
  318   0.8993670425456128E-09
  319   0.7854038277394387E-09
  320   0.8450275536986322E-09
  321   0.8806067138247011E-09
  322   0.8228139830657670E-09
  323   0.7802257910597461E-09
  324   0.7534997155257258E-09
  325   0.8153048968986126E-09
  326   0.7255810007846087E-09
  327   0.7631293782941618E-09
  328   0.7686022293716887E-09
  329   0.7015303157047877E-09
  330   0.6705838237621093E-09
  331   0.7377380118412217E-09
  332   0.6644620923422285E-09
  333   0.6090349244449492E-09
  334   0.7519389986250764E-09
  335   0.6271826093446709E-09
  336   0.6869061032744272E-09
  337   0.5747719018622965E-09
  338   0.6302361329905342E-09
  339   0.6036178012749142E-09
  340   0.6112332278813265E-09
  341   0.4998817984838539E-09
  342   0.5002410503274273E-09
  343   0.5361886579129028E-09
  344   0.5891226786507370E-09
  345   0.5114398064788111E-09
  346   0.5405843229872462E-09
  347   0.5418129453188508E-09
  348   0.5889111125349454E-09
  349   0.5769981184234234E-09
  350   0.5431373521680836E-09
  351   0.4763520991752134E-09
  352   0.5770286183159079E-09
  353   0.4784974244597927E-09
  354   0.5209898846663514E-09
  355   0.4592839659454528E-09
  356   0.5717749414156721E-09
  357   0.4418652848148532E-09
  358   0.5952975102982202E-09
  359   0.6172281451782755E-09
  360   0.6023397450933988E-09
  361   0.5605369875521913E-09
  362   0.5546246080332242E-09
  363   0.5499618864756774E-09
  364   0.5480804364940756E-09
  365   0.5227935300534464E-09
  366   0.5378279774231302E-09
  367   0.5685587091639568E-09
  368   0.5056691857226890E-09
  369   0.5360505537324451E-09
  370   0.5575334427272975E-09
  371   0.5654867199292361E-09
  372   0.5909361400620011E-09
  373   0.5837362202062215E-09
  374   0.6435892475046356E-09
  375   0.6047704962483578E-09
  376   0.6123603483763278E-09
  377   0.6589237013290377E-09
  378   0.6379464967788329E-09
  379   0.6574736169635844E-09
  380   0.7248637416789273E-09
  381   0.8323880487639863E-09
  382   0.7785170106211477E-09
  383   0.7890401821647544E-09
