0.000000000000000000e+00 -3.218294123620371039e+01
1.000000000000000000e+00 -2.950384238759884070e+01
2.000000000000000000e+00 8.735677937497919743e+01
3.000000000000000000e+00 2.292419111322945753e+02
4.000000000000000000e+00 2.405579062744660348e+02
5.000000000000000000e+00 2.367414708624180548e+02
6.000000000000000000e+00 7.590130687807877052e+01
7.000000000000000000e+00 7.364143689019053340e+01
8.000000000000000000e+00 6.238418872706137819e+01
9.000000000000000000e+00 7.066483743722203315e+01
1.000000000000000000e+01 2.657071452745688944e+01
1.100000000000000000e+01 5.485116199766475376e+01
1.200000000000000000e+01 2.151839621186442741e+01
1.300000000000000000e+01 1.796327029345374271e+01
1.400000000000000000e+01 2.603424811530511818e+01
1.500000000000000000e+01 2.637178274636369224e+01
1.600000000000000000e+01 1.983472310014817808e+01
1.700000000000000000e+01 2.931208437528113819e+01
1.800000000000000000e+01 1.357283914801508473e+01
1.900000000000000000e+01 1.252548593836588608e+01
2.000000000000000000e+01 1.038240458055547499e+01
2.100000000000000000e+01 8.019422297486347162e+00
2.200000000000000000e+01 7.858541551307105522e+00
2.300000000000000000e+01 8.007268630993245040e+00
2.400000000000000000e+01 8.392528169835232532e+00
2.500000000000000000e+01 5.520739870360931612e+00
2.600000000000000000e+01 8.966136711969660666e+00
2.700000000000000000e+01 8.390883807338980205e+00
2.800000000000000000e+01 9.090698935519942125e+00
2.900000000000000000e+01 8.161745841721693040e+00
3.000000000000000000e+01 7.396733544859274367e+00
3.100000000000000000e+01 6.004608897083561381e+00
3.200000000000000000e+01 8.416693922506201631e+00
3.300000000000000000e+01 5.463595991305602695e+00
3.400000000000000000e+01 5.350906490402667082e+00
3.500000000000000000e+01 4.286097611860269829e+00
3.600000000000000000e+01 4.520052831335243049e+00
3.700000000000000000e+01 5.853256334779806558e+00
3.800000000000000000e+01 5.624001040509499560e+00
3.900000000000000000e+01 4.331890655522274258e+00
4.000000000000000000e+01 5.850827687874378569e+00
4.100000000000000000e+01 4.234133129096864678e+00
4.200000000000000000e+01 4.894118993648100435e+00
4.300000000000000000e+01 3.890459690971484807e+00
4.400000000000000000e+01 4.135128005469362655e+00
4.500000000000000000e+01 2.871685907707395735e+00
4.600000000000000000e+01 2.649980806060522553e+00
4.700000000000000000e+01 4.241521863213542964e+00
4.800000000000000000e+01 2.214472766123189995e+00
4.900000000000000000e+01 3.297535619634308190e+00
5.000000000000000000e+01 3.934733307287465731e+00
5.100000000000000000e+01 2.224237647387437011e+00
5.200000000000000000e+01 2.872049626311981019e+00
5.300000000000000000e+01 2.076454087428592832e+00
5.400000000000000000e+01 1.941438176823227835e+00
5.500000000000000000e+01 2.706517354719965684e+00
5.600000000000000000e+01 2.888613855489743809e+00
5.700000000000000000e+01 2.654767380583249015e+00
5.800000000000000000e+01 2.690289362287672237e+00
5.900000000000000000e+01 2.017712887862255666e+00
6.000000000000000000e+01 2.226835259515689724e+00
6.100000000000000000e+01 1.932345466212270102e+00
6.200000000000000000e+01 2.604311705078384609e+00
6.300000000000000000e+01 1.933247937760663726e+00
6.400000000000000000e+01 1.491691663571952597e+00
6.500000000000000000e+01 1.895946595248824584e+00
6.600000000000000000e+01 1.854649294925058811e+00
6.700000000000000000e+01 1.846621073707920502e+00
6.800000000000000000e+01 1.692074023332882593e+00
6.900000000000000000e+01 2.239713859108332095e+00
7.000000000000000000e+01 1.475660166199473489e+00
7.100000000000000000e+01 1.784259353263117909e+00
7.200000000000000000e+01 1.319356664453606998e+00
7.300000000000000000e+01 2.205845091473585207e+00
7.400000000000000000e+01 1.760090116809885918e+00
7.500000000000000000e+01 1.366880227152765359e+00
7.600000000000000000e+01 1.365827832059797631e+00
7.700000000000000000e+01 1.596449190066630663e+00
7.800000000000000000e+01 1.207185918382863266e+00
7.900000000000000000e+01 1.027150280418102524e+00
8.000000000000000000e+01 1.523061299827978443e+00
8.100000000000000000e+01 1.398760656320120921e+00
8.200000000000000000e+01 1.716217106427116335e+00
8.300000000000000000e+01 1.158396056970626420e+00
8.400000000000000000e+01 9.643128361857249420e-01
8.500000000000000000e+01 1.300252713308145402e+00
8.600000000000000000e+01 1.377666944941047245e+00
8.700000000000000000e+01 1.182474554809089584e+00
8.800000000000000000e+01 8.950755334744225911e-01
8.900000000000000000e+01 1.306888124070025414e+00
9.000000000000000000e+01 9.893466821255288979e-01
9.100000000000000000e+01 1.155521803182076424e+00
9.200000000000000000e+01 1.086241374979425967e+00
9.300000000000000000e+01 1.239843333799648395e+00
9.400000000000000000e+01 1.021007221703122969e+00
9.500000000000000000e+01 8.394321323673913371e-01
9.600000000000000000e+01 9.195163588814444511e-01
9.700000000000000000e+01 9.584367677164613575e-01
9.800000000000000000e+01 7.234450837590740147e-01
9.900000000000000000e+01 1.091181260137097375e+00
1.000000000000000000e+02 9.783144579697483634e-01
1.010000000000000000e+02 9.160030851144995712e-01
1.020000000000000000e+02 8.532599365141646519e-01
1.030000000000000000e+02 7.699551316208248508e-01
1.040000000000000000e+02 1.018721255533474146e+00
1.050000000000000000e+02 7.046223180205323233e-01
1.060000000000000000e+02 7.633095212111771222e-01
1.070000000000000000e+02 8.569036744149305385e-01
1.080000000000000000e+02 1.016981244292258335e+00
1.090000000000000000e+02 7.973481621193136970e-01
1.100000000000000000e+02 8.493370254993505286e-01
1.110000000000000000e+02 6.690429895402183469e-01
1.120000000000000000e+02 7.865459744778143802e-01
1.130000000000000000e+02 5.339581112701928811e-01
1.140000000000000000e+02 4.640738177930802677e-01
1.150000000000000000e+02 6.976284019874907649e-01
1.160000000000000000e+02 8.284017128148469800e-01
1.170000000000000000e+02 7.937584433438822362e-01
1.180000000000000000e+02 6.893997345736948557e-01
1.190000000000000000e+02 5.923780565571488133e-01
1.200000000000000000e+02 4.122247901685830995e-01
1.210000000000000000e+02 7.484093439044454676e-01
1.220000000000000000e+02 6.163761640502160022e-01
1.230000000000000000e+02 6.190705233625881654e-01
1.240000000000000000e+02 4.283412283892101824e-01
1.250000000000000000e+02 5.382195170258058381e-01
1.260000000000000000e+02 5.172102468448767087e-01
1.270000000000000000e+02 5.429923006868260238e-01
1.280000000000000000e+02 5.608918842406510619e-01
1.290000000000000000e+02 4.438425194188422851e-01
1.300000000000000000e+02 5.396917076501602795e-01
1.310000000000000000e+02 3.944049426205277764e-01
1.320000000000000000e+02 4.052953388690011538e-01
1.330000000000000000e+02 4.709575498537517668e-01
1.340000000000000000e+02 4.014925993610130028e-01
1.350000000000000000e+02 5.011981312261782895e-01
1.360000000000000000e+02 5.533388166208016434e-01
1.370000000000000000e+02 4.051362041558145277e-01
1.380000000000000000e+02 4.175352039115690639e-01
1.390000000000000000e+02 4.333678110801373329e-01
1.400000000000000000e+02 3.964864664126198091e-01
1.410000000000000000e+02 4.037905572290154677e-01
1.420000000000000000e+02 3.774141105407466945e-01
1.430000000000000000e+02 3.572442587535851199e-01
1.440000000000000000e+02 3.439274516999208386e-01
1.450000000000000000e+02 4.332481834981952717e-01
1.460000000000000000e+02 3.254874370971919118e-01
1.470000000000000000e+02 3.135506601739357913e-01
1.480000000000000000e+02 2.971097700569121924e-01
1.490000000000000000e+02 2.366181055741325145e-01
1.500000000000000000e+02 3.253811259019166457e-01
1.510000000000000000e+02 2.731701124774641998e-01
1.520000000000000000e+02 2.813660156923573075e-01
1.530000000000000000e+02 3.131766785268094155e-01
1.540000000000000000e+02 2.202728884331496551e-01
1.550000000000000000e+02 3.023923164984478329e-01
1.560000000000000000e+02 2.778763144810927344e-01
1.570000000000000000e+02 2.520103433859609554e-01
1.580000000000000000e+02 3.001666561492956631e-01
1.590000000000000000e+02 2.591971793428320958e-01
1.600000000000000000e+02 2.660325699602420491e-01
1.610000000000000000e+02 2.335085590685360146e-01
1.620000000000000000e+02 2.011780346819272147e-01
1.630000000000000000e+02 2.071970868513954844e-01
1.640000000000000000e+02 2.228841634951571060e-01
1.650000000000000000e+02 2.051789497166645881e-01
1.660000000000000000e+02 2.265085908201344145e-01
1.670000000000000000e+02 2.477349452984854705e-01
1.680000000000000000e+02 1.957235451347137389e-01
1.690000000000000000e+02 1.767040379152265139e-01
1.700000000000000000e+02 1.726162015064909017e-01
1.710000000000000000e+02 1.594842955610704660e-01
1.720000000000000000e+02 1.727598634384378273e-01
1.730000000000000000e+02 1.758653828598016611e-01
1.740000000000000000e+02 1.494456158353414943e-01
1.750000000000000000e+02 1.588181566152178648e-01
1.760000000000000000e+02 1.554260670272035183e-01
1.770000000000000000e+02 1.430664899239978693e-01
1.780000000000000000e+02 1.278188193085741942e-01
1.790000000000000000e+02 1.804810282680925915e-01
1.800000000000000000e+02 1.437776301216427133e-01
1.810000000000000000e+02 1.015359079207030363e-01
1.820000000000000000e+02 1.040192490582480256e-01
1.830000000000000000e+02 1.040580117071700783e-01
1.840000000000000000e+02 1.258462377030286905e-01
1.850000000000000000e+02 1.404694131722122874e-01
1.860000000000000000e+02 1.260934163984122613e-01
1.870000000000000000e+02 9.881662513345486343e-02
1.880000000000000000e+02 1.266239514508235853e-01
1.890000000000000000e+02 1.271547122192158985e-01
1.900000000000000000e+02 1.092142321759641405e-01
1.910000000000000000e+02 1.047240211524830267e-01
1.920000000000000000e+02 1.129189150742468672e-01
1.930000000000000000e+02 1.025501028455298030e-01
1.940000000000000000e+02 9.382451584805837075e-02
1.950000000000000000e+02 7.211964364655577830e-02
1.960000000000000000e+02 8.113909713539957380e-02
1.970000000000000000e+02 7.839824812823169287e-02
1.980000000000000000e+02 7.776544272865952567e-02
1.990000000000000000e+02 6.775779193531157596e-02
2.000000000000000000e+02 7.310701182750295457e-02
2.010000000000000000e+02 6.891668067249288876e-02
2.020000000000000000e+02 6.757786286038658385e-02
2.030000000000000000e+02 7.054410556994993031e-02
2.040000000000000000e+02 6.753671305372738187e-02
2.050000000000000000e+02 6.488447366879117328e-02
2.060000000000000000e+02 5.462412706446965333e-02
2.070000000000000000e+02 5.688379212253269479e-02
2.080000000000000000e+02 5.432389574086700368e-02
2.090000000000000000e+02 4.809658517751937146e-02
2.100000000000000000e+02 5.408213299632748383e-02
2.110000000000000000e+02 4.759647196546400172e-02
2.120000000000000000e+02 4.894723962713722759e-02
2.130000000000000000e+02 5.526487615039388929e-02
2.140000000000000000e+02 3.998716702676384516e-02
2.150000000000000000e+02 5.004781551884725926e-02
2.160000000000000000e+02 4.783148568041043630e-02
2.170000000000000000e+02 3.801572656335808209e-02
2.180000000000000000e+02 4.484889405247675237e-02
2.190000000000000000e+02 4.079216947299441759e-02
2.200000000000000000e+02 4.037682889383414908e-02
2.210000000000000000e+02 4.355328934941806590e-02
2.220000000000000000e+02 4.087043549155058159e-02
2.230000000000000000e+02 3.426022904620665277e-02
2.240000000000000000e+02 3.235730149052178789e-02
2.250000000000000000e+02 2.854422433397200282e-02
2.260000000000000000e+02 3.490992747488395886e-02
2.270000000000000000e+02 3.383042662625822261e-02
2.280000000000000000e+02 2.451238937383143357e-02
2.290000000000000000e+02 2.508491800773577848e-02
2.300000000000000000e+02 2.600620213895666819e-02
2.310000000000000000e+02 3.043307339612856544e-02
2.320000000000000000e+02 2.831799541473787457e-02
2.330000000000000000e+02 2.639480472225630425e-02
2.340000000000000000e+02 1.844414375457536365e-02
2.350000000000000000e+02 2.009866777477766625e-02
2.360000000000000000e+02 2.202169051171569761e-02
2.370000000000000000e+02 1.941193918885651681e-02
2.380000000000000000e+02 2.113255245682173558e-02
2.390000000000000000e+02 1.849086760255196429e-02
2.400000000000000000e+02 2.183049897845915424e-02
2.410000000000000000e+02 2.023084592549611802e-02
2.420000000000000000e+02 1.570002899641093075e-02
2.430000000000000000e+02 1.686127606482274929e-02
2.440000000000000000e+02 1.246186041283350518e-02
2.450000000000000000e+02 1.673848353754463919e-02
2.460000000000000000e+02 1.530160506727271108e-02
2.470000000000000000e+02 1.646413245958125091e-02
2.480000000000000000e+02 1.437563535675353416e-02
2.490000000000000000e+02 1.270742685903444857e-02
2.500000000000000000e+02 1.010642050178398206e-02
2.510000000000000000e+02 1.212971489553772708e-02
2.520000000000000000e+02 1.283920651304431941e-02
2.530000000000000000e+02 1.109935700097556231e-02
2.540000000000000000e+02 7.234081163034932621e-03
2.550000000000000000e+02 9.516053820374941602e-03
2.560000000000000000e+02 1.027141371647049758e-02
2.570000000000000000e+02 9.498713080756643334e-03
2.580000000000000000e+02 8.780147291379252622e-03
2.590000000000000000e+02 7.337365881086405431e-03
2.600000000000000000e+02 9.625789119446307926e-03
2.610000000000000000e+02 6.114842866995832439e-03
2.620000000000000000e+02 9.584335936488977761e-03
2.630000000000000000e+02 8.911780185255855150e-03
2.640000000000000000e+02 7.725434734269844353e-03
2.650000000000000000e+02 6.029828730853024031e-03
2.660000000000000000e+02 5.892606264563728449e-03
2.670000000000000000e+02 5.846522869683946216e-03
2.680000000000000000e+02 6.324491763299063506e-03
2.690000000000000000e+02 5.728290819659376427e-03
2.700000000000000000e+02 4.988894069775746606e-03
2.710000000000000000e+02 5.312707997736807082e-03
2.720000000000000000e+02 7.203069625831817237e-03
2.730000000000000000e+02 4.147486221999717795e-03
2.740000000000000000e+02 5.511727793458794447e-03
2.750000000000000000e+02 4.129748133600258386e-03
2.760000000000000000e+02 3.051742743503399122e-03
2.770000000000000000e+02 5.107805146359971002e-03
2.780000000000000000e+02 2.406935034954988794e-03
2.790000000000000000e+02 4.206037224583909773e-03
2.800000000000000000e+02 2.827767048587895120e-03
2.810000000000000000e+02 3.323715683312235443e-03
2.820000000000000000e+02 4.495223829651398377e-03
2.830000000000000000e+02 2.995981149822613075e-03
2.840000000000000000e+02 2.820789323146812022e-03
2.850000000000000000e+02 2.380610056795456377e-03
2.860000000000000000e+02 2.781438617309752153e-03
2.870000000000000000e+02 3.027567641338933455e-03
2.880000000000000000e+02 2.232009422994573472e-03
2.890000000000000000e+02 2.804598735779114012e-03
2.900000000000000000e+02 3.097948081807354835e-03
2.910000000000000000e+02 2.379732112946101111e-03
2.920000000000000000e+02 2.843137090228706806e-03
2.930000000000000000e+02 2.590256968502965308e-03
2.940000000000000000e+02 2.161348097906867511e-03
2.950000000000000000e+02 1.928426595945163455e-03
2.960000000000000000e+02 2.065894633805840687e-03
2.970000000000000000e+02 1.770405099621129557e-03
2.980000000000000000e+02 2.037636428900977889e-03
2.990000000000000000e+02 2.616973532816307870e-03
3.000000000000000000e+02 2.005622350878350987e-03
3.010000000000000000e+02 1.154612287543457750e-03
3.020000000000000000e+02 1.817928781999379002e-03
3.030000000000000000e+02 1.383443952555365140e-03
3.040000000000000000e+02 9.595264712312624950e-04
3.050000000000000000e+02 1.798667788803266733e-03
3.060000000000000000e+02 5.395150217211508795e-04
3.070000000000000000e+02 7.374411912685474709e-04
3.080000000000000000e+02 1.386319330059810435e-03
3.090000000000000000e+02 1.680321266994461073e-03
3.100000000000000000e+02 1.357924761035048502e-03
3.110000000000000000e+02 1.452442837298226165e-03
3.120000000000000000e+02 1.403227897988020044e-03
3.130000000000000000e+02 1.246932795731500515e-03
3.140000000000000000e+02 1.293852432674588932e-03
3.150000000000000000e+02 2.290904653394152388e-04
3.160000000000000000e+02 9.377344678700291411e-04
3.170000000000000000e+02 8.188855124524202240e-04
3.180000000000000000e+02 1.044407722080114686e-03
3.190000000000000000e+02 1.157230267035711229e-03
3.200000000000000000e+02 1.157033917976278345e-03
3.210000000000000000e+02 6.598115989722710354e-04
3.220000000000000000e+02 5.841301214934238074e-04
3.230000000000000000e+02 8.497141621067474081e-04
3.240000000000000000e+02 6.697227353535336897e-04
3.250000000000000000e+02 1.216002946403339476e-03
3.260000000000000000e+02 9.730630508754322620e-04
3.270000000000000000e+02 1.050846783641970570e-03
3.280000000000000000e+02 9.383539276154724508e-04
3.290000000000000000e+02 1.237393034698138503e-03
3.300000000000000000e+02 8.581294331212756168e-04
3.310000000000000000e+02 6.622981946583339063e-04
3.320000000000000000e+02 6.352571224864498765e-04
3.330000000000000000e+02 5.037516382973932210e-04
3.340000000000000000e+02 7.501008156916824567e-04
3.350000000000000000e+02 4.392785110911651895e-04
3.360000000000000000e+02 6.240378206872655709e-04
3.370000000000000000e+02 1.001153342760331038e-03
3.380000000000000000e+02 6.407516189431538417e-04
3.390000000000000000e+02 6.431099311463218298e-04
3.400000000000000000e+02 9.605336539291992699e-04
3.410000000000000000e+02 1.025412626922261568e-03
3.420000000000000000e+02 9.712195078471878591e-04
3.430000000000000000e+02 9.263730673322569326e-04
3.440000000000000000e+02 7.396214276912964260e-04
3.450000000000000000e+02 7.693215311414488590e-04
3.460000000000000000e+02 5.556759208958101780e-04
3.470000000000000000e+02 7.054578454741664180e-04
3.480000000000000000e+02 6.008509216988500504e-04
3.490000000000000000e+02 9.710260829720244839e-04
3.500000000000000000e+02 1.008297150269041580e-03
3.510000000000000000e+02 9.856025436349598844e-04
3.520000000000000000e+02 8.442525256677325214e-04
3.530000000000000000e+02 8.277501785338025773e-04
3.540000000000000000e+02 8.094040910683578290e-04
3.550000000000000000e+02 9.617509382703962051e-04
3.560000000000000000e+02 5.310975325921701417e-04
3.570000000000000000e+02 7.779237612686134944e-04
3.580000000000000000e+02 8.409600702577627951e-04
3.590000000000000000e+02 1.288193640414991197e-03
3.600000000000000000e+02 1.034641282897583604e-03
3.610000000000000000e+02 1.184430665617262684e-03
3.620000000000000000e+02 9.150071963731001975e-04
3.630000000000000000e+02 1.029599660892600160e-03
3.640000000000000000e+02 8.644061825097183478e-04
3.650000000000000000e+02 8.557229586081963523e-04
3.660000000000000000e+02 8.421650391165600054e-04
3.670000000000000000e+02 8.158062696910316344e-04
3.680000000000000000e+02 9.257501447599364918e-04
3.690000000000000000e+02 1.370639946787844191e-03
3.700000000000000000e+02 9.078466230907708415e-04
3.710000000000000000e+02 8.978937898380687319e-04
3.720000000000000000e+02 5.889060667164197583e-04
3.730000000000000000e+02 9.890366407465187720e-04
3.740000000000000000e+02 1.367231319114224847e-03
3.750000000000000000e+02 1.343721540681815270e-03
3.760000000000000000e+02 1.552050272408823494e-03
3.770000000000000000e+02 9.506466767920967358e-04
3.780000000000000000e+02 1.448454216335125005e-03
3.790000000000000000e+02 1.135138098499154525e-03
3.800000000000000000e+02 1.754090667926715922e-03
3.810000000000000000e+02 1.194355250382847945e-03
3.820000000000000000e+02 1.488752585372163156e-03
3.830000000000000000e+02 1.526354883030852381e-03
