# nlmax, ncor, nside =         383           1         128
    0   0.4437342591868191E-30
    1   0.1152103028868043E-28
    2   0.1403525646768355E+03
    3   0.4918192878701634E+03
    4   0.2274293655654690E+03
    5   0.2909158162842552E+03
    6   0.9344865690496725E+02
    7   0.1215056594851077E+03
    8   0.5337980336020237E+02
    9   0.3952822552578136E+02
   10   0.5479056925793928E+02
   11   0.4724918705196221E+02
   12   0.3073351747478224E+02
   13   0.2622727353582509E+02
   14   0.2498230691969266E+02
   15   0.2277250844317041E+02
   16   0.1535531584716934E+02
   17   0.1795454924999959E+02
   18   0.1100015740634720E+02
   19   0.1461334748295121E+02
   20   0.1156760533961824E+02
   21   0.8715770084497819E+01
   22   0.7805762575002803E+01
   23   0.8188880120732072E+01
   24   0.8252500583828077E+01
   25   0.7971534270102048E+01
   26   0.8617362683450462E+01
   27   0.6393093859840962E+01
   28   0.9453250153666973E+01
   29   0.7621701897462003E+01
   30   0.5986707157597894E+01
   31   0.5566219421395626E+01
   32   0.8263164140215157E+01
   33   0.5069779482143393E+01
   34   0.5944355332560930E+01
   35   0.4456981400609112E+01
   36   0.4905957672296454E+01
   37   0.5915192267501681E+01
   38   0.4963497445544634E+01
   39   0.4402742784213172E+01
   40   0.6512120125270419E+01
   41   0.4085393648320101E+01
   42   0.3951224983977757E+01
   43   0.3864747944893222E+01
   44   0.3298667351332699E+01
   45   0.2980455578471864E+01
   46   0.3083241470590689E+01
   47   0.4216975044677793E+01
   48   0.2501344855206816E+01
   49   0.3698663423650419E+01
   50   0.3403235000811264E+01
   51   0.2675102659073559E+01
   52   0.2879738242866659E+01
   53   0.2284653566778907E+01
   54   0.2236265036642312E+01
   55   0.2530485592996375E+01
   56   0.3078394254226686E+01
   57   0.2563870960953091E+01
   58   0.2508178309744844E+01
   59   0.1925722653271827E+01
   60   0.2170711972307096E+01
   61   0.2091864041269383E+01
   62   0.2481345941622199E+01
   63   0.2181931427193696E+01
   64   0.1954785774392017E+01
   65   0.1859051896536323E+01
   66   0.1665566771393335E+01
   67   0.2013049671577516E+01
   68   0.1767887592878976E+01
   69   0.2013741558772570E+01
   70   0.1785773857979934E+01
   71   0.1612722147671916E+01
   72   0.1589983911077076E+01
   73   0.2056576117789421E+01
   74   0.1792512911905364E+01
   75   0.1503427935081248E+01
   76   0.1392281554244993E+01
   77   0.1610488755265410E+01
   78   0.1425205325071073E+01
   79   0.1079215290485238E+01
   80   0.1414888980471855E+01
   81   0.1472093414324878E+01
   82   0.1635327583755567E+01
   83   0.1210347128910506E+01
   84   0.1089267955038949E+01
   85   0.1250382728669831E+01
   86   0.1325609287513086E+01
   87   0.1346060777238604E+01
   88   0.1069145257712338E+01
   89   0.1197919982170834E+01
   90   0.1213031821098628E+01
   91   0.1184261427107146E+01
   92   0.1145248581289680E+01
   93   0.1091484453044599E+01
   94   0.9615096556707254E+00
   95   0.8527376975361536E+00
   96   0.8984812815510120E+00
   97   0.1062801226148951E+01
   98   0.7771924292502682E+00
   99   0.9788397297308855E+00
  100   0.9137999813602378E+00
  101   0.9562322334286194E+00
  102   0.9792118769654992E+00
  103   0.8592276546557653E+00
  104   0.9273472627540862E+00
  105   0.7171174608340688E+00
  106   0.8642410672920754E+00
  107   0.7676341404016749E+00
  108   0.9140346619629640E+00
  109   0.7507374471551324E+00
  110   0.8238471524335386E+00
  111   0.7233541653463773E+00
  112   0.6492438696281326E+00
  113   0.6285655360645288E+00
  114   0.5423339218852842E+00
  115   0.7141757556248556E+00
  116   0.7351813647991233E+00
  117   0.8440082213142940E+00
  118   0.6323980116927531E+00
  119   0.6268442908868412E+00
  120   0.5713063106638006E+00
  121   0.7708306987050374E+00
  122   0.5939312788831530E+00
  123   0.6140745500910925E+00
  124   0.4913093344100378E+00
  125   0.5356415720586416E+00
  126   0.5509385377016659E+00
  127   0.5598261823729647E+00
  128   0.5278239235716762E+00
  129   0.4682917285226023E+00
  130   0.5187342237273803E+00
  131   0.4441403818848602E+00
  132   0.4518529487503074E+00
  133   0.4834652868944046E+00
  134   0.4350878002449944E+00
  135   0.4464960305802426E+00
  136   0.4669119180727623E+00
  137   0.4340507004644713E+00
  138   0.4261482863827258E+00
  139   0.3973481569364137E+00
  140   0.4027580940698802E+00
  141   0.3816204751686606E+00
  142   0.3866453918984240E+00
  143   0.4062038106423072E+00
  144   0.3426557255145140E+00
  145   0.3994453066771775E+00
  146   0.3310301156971903E+00
  147   0.3338250470729588E+00
  148   0.3106338707477008E+00
  149   0.3212520281073197E+00
  150   0.3471904566630168E+00
  151   0.2967448647187045E+00
  152   0.3084226367484182E+00
  153   0.3259712202448874E+00
  154   0.2538498254865258E+00
  155   0.2696150214960645E+00
  156   0.2711419121322023E+00
  157   0.2503691099198118E+00
  158   0.2889339764622739E+00
  159   0.2490696567045112E+00
  160   0.2627820014657783E+00
  161   0.2442411687065463E+00
  162   0.2127887558150061E+00
  163   0.2453325437707653E+00
  164   0.2436872475899109E+00
  165   0.2092635468038705E+00
  166   0.2044737170426720E+00
  167   0.2051507833760199E+00
  168   0.2199120360239978E+00
  169   0.1899162534237689E+00
  170   0.1909427523044824E+00
  171   0.1693816571693724E+00
  172   0.2090575248008594E+00
  173   0.1794838034654437E+00
  174   0.1685115554289736E+00
  175   0.1687589410754349E+00
  176   0.1634961076239500E+00
  177   0.1456863518871620E+00
  178   0.1485424183712112E+00
  179   0.1716577620728207E+00
  180   0.1441126037926440E+00
  181   0.1186420063252585E+00
  182   0.1189878817488239E+00
  183   0.1350390124936428E+00
  184   0.1214944280724463E+00
  185   0.1417368699432542E+00
  186   0.1251850231558075E+00
  187   0.1078869993313516E+00
  188   0.1194005789968872E+00
  189   0.1209840484567083E+00
  190   0.1074177551577199E+00
  191   0.1094797341549132E+00
  192   0.1050915851101295E+00
  193   0.9955237574505817E-01
  194   0.9390823804037585E-01
  195   0.8159249623774041E-01
  196   0.9214741121133825E-01
  197   0.8546414556989998E-01
  198   0.8699931985723297E-01
  199   0.7826270101073345E-01
  200   0.8162214433607816E-01
  201   0.7608081196945392E-01
  202   0.7457272775780183E-01
  203   0.7860126241880612E-01
  204   0.7012933539946016E-01
  205   0.7017513033950011E-01
  206   0.6549313146459629E-01
  207   0.5720556171737382E-01
  208   0.5892782263803635E-01
  209   0.5390853571138927E-01
  210   0.5955423544392514E-01
  211   0.5003464643812039E-01
  212   0.5501983220087795E-01
  213   0.4754064093985267E-01
  214   0.4753183632729841E-01
  215   0.5193305945737509E-01
  216   0.4687888272740183E-01
  217   0.4229011064200348E-01
  218   0.4408011200308139E-01
  219   0.4049576437408040E-01
  220   0.4307944249983136E-01
  221   0.4172219027753099E-01
  222   0.4227927786926453E-01
  223   0.3703932761675058E-01
  224   0.3278950520775998E-01
  225   0.3277229130885130E-01
  226   0.3296309945264907E-01
  227   0.3439750636966869E-01
  228   0.3038363683893761E-01
  229   0.2626973947559069E-01
  230   0.2572138528856107E-01
  231   0.2811567870348380E-01
  232   0.2528575983481008E-01
  233   0.2639391455484586E-01
  234   0.2266612541129803E-01
  235   0.2398958503933019E-01
  236   0.2526303024556825E-01
  237   0.2063730232093260E-01
  238   0.1998977367890439E-01
  239   0.2082119033973494E-01
  240   0.2058227538920971E-01
  241   0.1861697669820584E-01
  242   0.1731840490008578E-01
  243   0.1691609559125066E-01
  244   0.1572128454635555E-01
  245   0.1803115849482540E-01
  246   0.1529601744038970E-01
  247   0.1548113915068980E-01
  248   0.1411389745239388E-01
  249   0.1172512204614986E-01
  250   0.1362141677000513E-01
  251   0.1286553816832108E-01
  252   0.1295256386613926E-01
  253   0.1074595722375933E-01
  254   0.1047148780392569E-01
  255   0.9788394826468724E-02
  256   0.1043405106755383E-01
  257   0.8962455088525001E-02
  258   0.9446651213498679E-02
  259   0.8230211864633918E-02
  260   0.8772592647194667E-02
  261   0.8216780929411256E-02
  262   0.8599675572116768E-02
  263   0.8283272899414421E-02
  264   0.7167028025570573E-02
  265   0.6118956314511071E-02
  266   0.7219022831860441E-02
  267   0.6669729921451010E-02
  268   0.5897172445292934E-02
  269   0.5757504101577290E-02
  270   0.5135370229518323E-02
  271   0.5737312671175271E-02
  272   0.5397511924154965E-02
  273   0.4860001748570707E-02
  274   0.4963246088363188E-02
  275   0.4149527066457460E-02
  276   0.3823806662886873E-02
  277   0.4366790555862749E-02
  278   0.3882210609052688E-02
  279   0.3851274515537976E-02
  280   0.3377391696105355E-02
  281   0.3417377621432742E-02
  282   0.3415243982387576E-02
  283   0.3334681743954836E-02
  284   0.2784346140960488E-02
  285   0.2567228641783575E-02
  286   0.2667585878246171E-02
  287   0.2566624367877470E-02
  288   0.2247958576724444E-02
  289   0.2414652311384583E-02
  290   0.2332191373121588E-02
  291   0.1870601453493850E-02
  292   0.1980928235709992E-02
  293   0.1912031047228377E-02
  294   0.1771870663164084E-02
  295   0.1853201283755849E-02
  296   0.1740827073763750E-02
  297   0.1721178064533972E-02
  298   0.1437404864065532E-02
  299   0.1442458562975331E-02
  300   0.1489267129305923E-02
  301   0.1344214913728547E-02
  302   0.1343973836574885E-02
  303   0.1133607120473563E-02
  304   0.1118373838654707E-02
  305   0.1090227935405224E-02
  306   0.9833218590337687E-03
  307   0.8679310176706671E-03
  308   0.1009088539344411E-02
  309   0.9016848322787411E-03
  310   0.9159518917527052E-03
  311   0.8132973244991242E-03
  312   0.7770786522414781E-03
  313   0.6555173397482513E-03
  314   0.6171735807586245E-03
  315   0.7101659924485869E-03
  316   0.6561505362393225E-03
  317   0.5994618797027151E-03
  318   0.5700060639349986E-03
  319   0.5668988179677980E-03
  320   0.5266709728895383E-03
  321   0.4408899913895855E-03
  322   0.5101944742344793E-03
  323   0.4398654179477465E-03
  324   0.4492290079583965E-03
  325   0.4041052570492172E-03
  326   0.4003938052095252E-03
  327   0.3654480516290743E-03
  328   0.3606377255271747E-03
  329   0.3250572949908623E-03
  330   0.3139244155680109E-03
  331   0.3430679734094802E-03
  332   0.3108391180148501E-03
  333   0.2826571439597397E-03
  334   0.2730675716558681E-03
  335   0.2620240701197638E-03
  336   0.2485978656591769E-03
  337   0.2305113761466913E-03
  338   0.2319451525209706E-03
  339   0.2159786819869869E-03
  340   0.2426989015469138E-03
  341   0.1812843977664238E-03
  342   0.1948923880644256E-03
  343   0.1935835957444426E-03
  344   0.1988474646108602E-03
  345   0.1699916942309860E-03
  346   0.1634598848790003E-03
  347   0.1571611085019428E-03
  348   0.1585201803601872E-03
  349   0.1565558563711442E-03
  350   0.1452386313620246E-03
  351   0.1502900073636021E-03
  352   0.1399056834959662E-03
  353   0.1281767676088228E-03
  354   0.1307073738357423E-03
  355   0.1296225668446133E-03
  356   0.1231504720333295E-03
  357   0.1263899025894737E-03
  358   0.1229698147597410E-03
  359   0.1102304483481205E-03
  360   0.1098201388207341E-03
  361   0.1317199985235922E-03
  362   0.1146561662308703E-03
  363   0.1192229089732904E-03
  364   0.1095524711118287E-03
  365   0.1207365435402218E-03
  366   0.1063995766311879E-03
  367   0.1112357718145590E-03
  368   0.9952182788654558E-04
  369   0.1121491162263010E-03
  370   0.1091814504015670E-03
  371   0.1071993188109428E-03
  372   0.1052033853768050E-03
  373   0.1006562182332165E-03
  374   0.1071987582745848E-03
  375   0.1090391543863513E-03
  376   0.1133546308384360E-03
  377   0.9840068756813416E-04
  378   0.1061552157103108E-03
  379   0.1059199072737422E-03
  380   0.1116513286303185E-03
  381   0.1057768138717272E-03
  382   0.1057373371268303E-03
  383   0.1076668155281652E-03
