# nlmax, ncor, nside =         383           1         128
    0  -0.1877810536999441E-06
    1  -0.1312639832412333E-06
    2   0.9938647326821140E-04
    3   0.4736011136227557E-03
    4   0.2453322403512129E-03
    5   0.2880626439209947E-03
    6   0.9243005297229195E-04
    7   0.1179989071786974E-03
    8   0.5800627132355037E-04
    9   0.4400468297466725E-04
   10   0.5506033613348717E-04
   11   0.4574563653182675E-04
   12   0.3341445316123822E-04
   13   0.2453734693330815E-04
   14   0.2491311080271549E-04
   15   0.2111849670900559E-04
   16   0.1738042679396591E-04
   17   0.1929343475572891E-04
   18   0.1124862997230880E-04
   19   0.1494175425330356E-04
   20   0.1127758232448890E-04
   21   0.8972173086407328E-05
   22   0.7258570907540474E-05
   23   0.8529983085869999E-05
   24   0.8114793947675549E-05
   25   0.7916129317681468E-05
   26   0.8339174187919587E-05
   27   0.6690149468422747E-05
   28   0.9477808293698704E-05
   29   0.7234882763678656E-05
   30   0.6360513837028557E-05
   31   0.5570387858312592E-05
   32   0.8359433320144431E-05
   33   0.5297645858943457E-05
   34   0.5500897431371782E-05
   35   0.4093178700880422E-05
   36   0.5316263882947209E-05
   37   0.5738906179796626E-05
   38   0.5028598335100871E-05
   39   0.4383357789044200E-05
   40   0.6678900318816991E-05
   41   0.3882079151914392E-05
   42   0.4017393544895927E-05
   43   0.3917018536262144E-05
   44   0.3147126984747947E-05
   45   0.2805790689705161E-05
   46   0.3167568505151687E-05
   47   0.4269766445908897E-05
   48   0.2487978900048299E-05
   49   0.3559927897327797E-05
   50   0.3654698143161454E-05
   51   0.2489872275031458E-05
   52   0.2922308196562195E-05
   53   0.2184385925362056E-05
   54   0.2148352181525211E-05
   55   0.2417134791043334E-05
   56   0.3078340094793440E-05
   57   0.2789849069427839E-05
   58   0.2663598017259396E-05
   59   0.2074839423473133E-05
   60   0.2251700349402017E-05
   61   0.2106861631651897E-05
   62   0.2497373888156522E-05
   63   0.2214316060873117E-05
   64   0.1993703358310792E-05
   65   0.1838527402396239E-05
   66   0.1701572372510873E-05
   67   0.1841521747024491E-05
   68   0.1916755243531691E-05
   69   0.2071326923172689E-05
   70   0.1768936171479114E-05
   71   0.1595767789282510E-05
   72   0.1561005504063687E-05
   73   0.2181055366369830E-05
   74   0.1873951016325808E-05
   75   0.1486702120193061E-05
   76   0.1396065677485781E-05
   77   0.1638285016864164E-05
   78   0.1439463284899553E-05
   79   0.1031563467667450E-05
   80   0.1425469983489395E-05
   81   0.1411019103922109E-05
   82   0.1649827004809282E-05
   83   0.1248848297893608E-05
   84   0.1127518068066398E-05
   85   0.1222485101741175E-05
   86   0.1312188767789220E-05
   87   0.1338904850901806E-05
   88   0.1056515933601504E-05
   89   0.1159766224248028E-05
   90   0.1196781270058089E-05
   91   0.1212788837948085E-05
   92   0.1179186828322319E-05
   93   0.1115780192240511E-05
   94   0.9985040722107405E-06
   95   0.8385705828252317E-06
   96   0.9307242355225422E-06
   97   0.1051169910738409E-05
   98   0.7414208429564114E-06
   99   0.9865178104243451E-06
  100   0.9311399582073250E-06
  101   0.8870808565977689E-06
  102   0.9666613173452709E-06
  103   0.8565763781086748E-06
  104   0.9971522169049622E-06
  105   0.6956078065105683E-06
  106   0.8570092719296713E-06
  107   0.7939816284140274E-06
  108   0.9677400765922852E-06
  109   0.7641393833824979E-06
  110   0.8264696503856747E-06
  111   0.7072657602340959E-06
  112   0.6929331805524652E-06
  113   0.5935034892789106E-06
  114   0.5640743517590896E-06
  115   0.7398829603490514E-06
  116   0.7452183671012650E-06
  117   0.8330373167881603E-06
  118   0.6388855000158065E-06
  119   0.6213126003275551E-06
  120   0.5630875285840504E-06
  121   0.7791102452979976E-06
  122   0.5612180411969213E-06
  123   0.6220133103983051E-06
  124   0.5129963148839972E-06
  125   0.5558514552254064E-06
  126   0.5655427762057610E-06
  127   0.5577055004661712E-06
  128   0.5254598846052536E-06
  129   0.4663007874200638E-06
  130   0.5349912326099432E-06
  131   0.4569253038040558E-06
  132   0.4772597845231957E-06
  133   0.4797230700090252E-06
  134   0.4251797649897788E-06
  135   0.4526745190653090E-06
  136   0.4947843059994430E-06
  137   0.4370499198228780E-06
  138   0.4031986221883796E-06
  139   0.4062897141738142E-06
  140   0.4094953554228202E-06
  141   0.3862817445972261E-06
  142   0.3967102372341597E-06
  143   0.3972296247449807E-06
  144   0.3375621497447002E-06
  145   0.4027929322711268E-06
  146   0.3420437416197155E-06
  147   0.3423934319351569E-06
  148   0.3061032796938863E-06
  149   0.3133076770394608E-06
  150   0.3517259979760453E-06
  151   0.3002086804516141E-06
  152   0.3002720633084359E-06
  153   0.3366326242224060E-06
  154   0.2479499181774435E-06
  155   0.2692605740641713E-06
  156   0.2672437085832774E-06
  157   0.2538951068572049E-06
  158   0.2886289992670320E-06
  159   0.2693046400601755E-06
  160   0.2561109255917833E-06
  161   0.2417692184816681E-06
  162   0.2164767016140404E-06
  163   0.2248917773093799E-06
  164   0.2449117063630877E-06
  165   0.2039002453901682E-06
  166   0.2070808797191984E-06
  167   0.2111369811649981E-06
  168   0.2076618807687852E-06
  169   0.1883238909351239E-06
  170   0.1827420275282345E-06
  171   0.1758575847510304E-06
  172   0.2109924683872933E-06
  173   0.1951832995731759E-06
  174   0.1708388816273967E-06
  175   0.1659304390355602E-06
  176   0.1616626826023317E-06
  177   0.1495992306222460E-06
  178   0.1505108874128251E-06
  179   0.1752693929582053E-06
  180   0.1385031506099660E-06
  181   0.1283947490859023E-06
  182   0.1256320953166823E-06
  183   0.1367558309091539E-06
  184   0.1200217753760088E-06
  185   0.1360373160567415E-06
  186   0.1300676095805232E-06
  187   0.1095116486115065E-06
  188   0.1191802341810047E-06
  189   0.1159626554043764E-06
  190   0.1084955411236942E-06
  191   0.1088320486401663E-06
  192   0.1114238328166042E-06
  193   0.1048696306384173E-06
  194   0.9225263541996537E-07
  195   0.8047592299701921E-07
  196   0.8921031475837185E-07
  197   0.8464505905999087E-07
  198   0.8837344276308021E-07
  199   0.8266031024209291E-07
  200   0.8527996535999600E-07
  201   0.7856221225594182E-07
  202   0.7654660408458513E-07
  203   0.8105716734022858E-07
  204   0.7307585877249540E-07
  205   0.7049254731036946E-07
  206   0.6417700576768107E-07
  207   0.5920716499886079E-07
  208   0.6046746239414128E-07
  209   0.4990547016391282E-07
  210   0.5979292931289558E-07
  211   0.5328343733811960E-07
  212   0.5632385749141858E-07
  213   0.4972935784484771E-07
  214   0.4953345169896102E-07
  215   0.5437894667826876E-07
  216   0.4757142055347257E-07
  217   0.4277073492480981E-07
  218   0.4519047791836909E-07
  219   0.4131919569911060E-07
  220   0.4240920429522036E-07
  221   0.4145548007516879E-07
  222   0.4087483374239386E-07
  223   0.3605109511815878E-07
  224   0.3326360218979548E-07
  225   0.3363734284416195E-07
  226   0.3348714887120520E-07
  227   0.3550049722846800E-07
  228   0.3180650164788494E-07
  229   0.2640313361326616E-07
  230   0.2637305127813687E-07
  231   0.2795947771017535E-07
  232   0.2669526320892562E-07
  233   0.2767390410050920E-07
  234   0.2299150022949353E-07
  235   0.2320445921960221E-07
  236   0.2597485194668466E-07
  237   0.2287432808690163E-07
  238   0.2026821216994258E-07
  239   0.2134862734080287E-07
  240   0.2082224223525946E-07
  241   0.1845486833500131E-07
  242   0.1780975190132053E-07
  243   0.1742677795803913E-07
  244   0.1590506215918594E-07
  245   0.1788668153549554E-07
  246   0.1465284861380443E-07
  247   0.1563353703705526E-07
  248   0.1486224683276913E-07
  249   0.1230135949897602E-07
  250   0.1409076997264960E-07
  251   0.1301797019460253E-07
  252   0.1337966708579394E-07
  253   0.1227238413996294E-07
  254   0.1217742228459504E-07
  255   0.1123272289778018E-07
  256   0.1088228604589360E-07
  257   0.9730371271048152E-08
  258   0.1051168485646072E-07
  259   0.8591203896689482E-08
  260   0.1036928617184330E-07
  261   0.8521036366101906E-08
  262   0.8969470515933846E-08
  263   0.8245243397156160E-08
  264   0.8552823255582111E-08
  265   0.6195363248397550E-08
  266   0.7231465066674847E-08
  267   0.6416524473929192E-08
  268   0.6213703883626663E-08
  269   0.5978146400927537E-08
  270   0.5374498941320326E-08
  271   0.6378866614801869E-08
  272   0.6400867244997106E-08
  273   0.5567255310982652E-08
  274   0.5540569279583535E-08
  275   0.4580199898168948E-08
  276   0.4098422811571050E-08
  277   0.5045817309508620E-08
  278   0.4348084122433471E-08
  279   0.4910093521837863E-08
  280   0.3953233072507033E-08
  281   0.4107422152957865E-08
  282   0.3670710600960784E-08
  283   0.4187412416540914E-08
  284   0.3457769957146714E-08
  285   0.3071329051687847E-08
  286   0.3404457573450370E-08
  287   0.2935403998313189E-08
  288   0.2879055253348610E-08
  289   0.3288214177285853E-08
  290   0.2821713379454126E-08
  291   0.2319635472264791E-08
  292   0.2189857387213283E-08
  293   0.2364942396085004E-08
  294   0.2223410385610172E-08
  295   0.2349551241824601E-08
  296   0.2315177482777769E-08
  297   0.2386766724655194E-08
  298   0.1866442951257030E-08
  299   0.2063360433765221E-08
  300   0.2140366819908513E-08
  301   0.1911657701390420E-08
  302   0.1952505123428128E-08
  303   0.1695703369690705E-08
  304   0.1866631333336328E-08
  305   0.1683281318240909E-08
  306   0.1519979763764850E-08
  307   0.1391925260889042E-08
  308   0.1580932317177083E-08
  309   0.1666674657213545E-08
  310   0.1532009985513063E-08
  311   0.1648562948806646E-08
  312   0.1162255113768455E-08
  313   0.1270538976032575E-08
  314   0.1105061814138706E-08
  315   0.1329769367435092E-08
  316   0.1105830722049215E-08
  317   0.1224355457687453E-08
  318   0.1083368465344809E-08
  319   0.9800332256847953E-09
  320   0.1093951268701142E-08
  321   0.1122360023433945E-08
  322   0.1002973465537838E-08
  323   0.1030356715835985E-08
  324   0.1009951497819912E-08
  325   0.1008285745080151E-08
  326   0.9605535845757892E-09
  327   0.9362071517940869E-09
  328   0.9767528876211479E-09
  329   0.9113575508098806E-09
  330   0.9136959682875495E-09
  331   0.9224824190004527E-09
  332   0.9065464529245480E-09
  333   0.7847852411235499E-09
  334   0.9497717977096447E-09
  335   0.8126986912284480E-09
  336   0.9077822847621278E-09
  337   0.7435581516990560E-09
  338   0.8694726260978208E-09
  339   0.7971008507919960E-09
  340   0.7751042664532573E-09
  341   0.6951994788681985E-09
  342   0.6760671170434928E-09
  343   0.6957262834228428E-09
  344   0.7567392190110004E-09
  345   0.6725763550134179E-09
  346   0.7503395893560640E-09
  347   0.6934123615413003E-09
  348   0.7104767078452283E-09
  349   0.7185058788716178E-09
  350   0.6959511314684364E-09
  351   0.6440683259804685E-09
  352   0.7554438754753886E-09
  353   0.6204807756412872E-09
  354   0.6645784151739841E-09
  355   0.5885354844417405E-09
  356   0.7060215187412707E-09
  357   0.5741205694861917E-09
  358   0.6673038608053482E-09
  359   0.7250869212188283E-09
  360   0.6969167492430424E-09
  361   0.6649642858498248E-09
  362   0.7089250995870690E-09
  363   0.7182711377748030E-09
  364   0.6767862595773541E-09
  365   0.6468969870201227E-09
  366   0.6737570768282063E-09
  367   0.7043026947999917E-09
  368   0.6462255897583894E-09
  369   0.6535670679635593E-09
  370   0.6591360289384007E-09
  371   0.6866832403244623E-09
  372   0.7024851858124275E-09
  373   0.7179203408898203E-09
  374   0.7107138012160451E-09
  375   0.7486922504825682E-09
  376   0.7065447991540869E-09
  377   0.8193059462144275E-09
  378   0.7551527463703222E-09
  379   0.7669169602720632E-09
  380   0.8138233334127348E-09
  381   0.9542046360864893E-09
  382   0.8834937679706392E-09
  383   0.9149769040812598E-09
