0.000000000000000000e+00 -4.201588517885087443e-02
1.000000000000000000e+00 1.663932021851426690e-01
2.000000000000000000e+00 1.330194127589497839e+02
3.000000000000000000e+00 5.047560915459899320e+02
4.000000000000000000e+00 2.250993082269940260e+02
5.000000000000000000e+00 2.921733399244952238e+02
6.000000000000000000e+00 9.274428407900430216e+01
7.000000000000000000e+00 1.214121847378918773e+02
8.000000000000000000e+00 5.325645516559806936e+01
9.000000000000000000e+00 3.946242351957661754e+01
1.000000000000000000e+01 5.475563279662907235e+01
1.100000000000000000e+01 4.722951425688313520e+01
1.200000000000000000e+01 3.074943829599535761e+01
1.300000000000000000e+01 2.621180209976823861e+01
1.400000000000000000e+01 2.499340165771256039e+01
1.500000000000000000e+01 2.275087954420147085e+01
1.600000000000000000e+01 1.536723494954746805e+01
1.700000000000000000e+01 1.794501576621277295e+01
1.800000000000000000e+01 1.100248049219313629e+01
1.900000000000000000e+01 1.460575343985752639e+01
2.000000000000000000e+01 1.156274783822093255e+01
2.100000000000000000e+01 8.703667349047668367e+00
2.200000000000000000e+01 7.803756333457707584e+00
2.300000000000000000e+01 8.178828845510441425e+00
2.400000000000000000e+01 8.241054293926987739e+00
2.500000000000000000e+01 7.964393205941054710e+00
2.600000000000000000e+01 8.608851732915292487e+00
2.700000000000000000e+01 6.384843479785551779e+00
2.800000000000000000e+01 9.442642798270551197e+00
2.900000000000000000e+01 7.614385572792305545e+00
3.000000000000000000e+01 5.976188739151391260e+00
3.100000000000000000e+01 5.558598582814359368e+00
3.200000000000000000e+01 8.255173942501821571e+00
3.300000000000000000e+01 5.060959907202919439e+00
3.400000000000000000e+01 5.934170962107341296e+00
3.500000000000000000e+01 4.450048138968104361e+00
3.600000000000000000e+01 4.896886162715837543e+00
3.700000000000000000e+01 5.908710158326950790e+00
3.800000000000000000e+01 4.954434798979528765e+00
3.900000000000000000e+01 4.395284183738704442e+00
4.000000000000000000e+01 6.502802517293374329e+00
4.100000000000000000e+01 4.079306078764342480e+00
4.200000000000000000e+01 3.943292371967119347e+00
4.300000000000000000e+01 3.858115357211533869e+00
4.400000000000000000e+01 3.291551803022033873e+00
4.500000000000000000e+01 2.974852963873513723e+00
4.600000000000000000e+01 3.077106741023860170e+00
4.700000000000000000e+01 4.212439905405930496e+00
4.800000000000000000e+01 2.495389506188961271e+00
4.900000000000000000e+01 3.693873388394814938e+00
5.000000000000000000e+01 3.398095833679111610e+00
5.100000000000000000e+01 2.670496084372886436e+00
5.200000000000000000e+01 2.875123676709413711e+00
5.300000000000000000e+01 2.280104930059436708e+00
5.400000000000000000e+01 2.231343102107791854e+00
5.500000000000000000e+01 2.526813758110688202e+00
5.600000000000000000e+01 3.074077594198250107e+00
5.700000000000000000e+01 2.560563729753435602e+00
5.800000000000000000e+01 2.504182208877517635e+00
5.900000000000000000e+01 1.922348748510940286e+00
6.000000000000000000e+01 2.166927686745887538e+00
6.100000000000000000e+01 2.088386797738099432e+00
6.200000000000000000e+01 2.477565117456395960e+00
6.300000000000000000e+01 2.178578051833031104e+00
6.400000000000000000e+01 1.951453014152386922e+00
6.500000000000000000e+01 1.856027863934457400e+00
6.600000000000000000e+01 1.661868473248964806e+00
6.700000000000000000e+01 2.009989421007440491e+00
6.800000000000000000e+01 1.764573470273847589e+00
6.900000000000000000e+01 2.010826404122375788e+00
7.000000000000000000e+01 1.782862818016671680e+00
7.100000000000000000e+01 1.610266299218829689e+00
7.200000000000000000e+01 1.587331871988188370e+00
7.300000000000000000e+01 2.054078204244260242e+00
7.400000000000000000e+01 1.789782654899528813e+00
7.500000000000000000e+01 1.501089689222197654e+00
7.600000000000000000e+01 1.389775589660476651e+00
7.700000000000000000e+01 1.608399124896367383e+00
7.800000000000000000e+01 1.422768606466455754e+00
7.900000000000000000e+01 1.076946195920859939e+00
8.000000000000000000e+01 1.412768529240958193e+00
8.100000000000000000e+01 1.470022501764961298e+00
8.200000000000000000e+01 1.633133672478272125e+00
8.300000000000000000e+01 1.208177634686348867e+00
8.400000000000000000e+01 1.087007950680703772e+00
8.500000000000000000e+01 1.248648568069151699e+00
8.600000000000000000e+01 1.323606594915163637e+00
8.700000000000000000e+01 1.344378486214425239e+00
8.800000000000000000e+01 1.067445152029758981e+00
8.900000000000000000e+01 1.196471313906072309e+00
9.000000000000000000e+01 1.211570328280873410e+00
9.100000000000000000e+01 1.182506515400328251e+00
9.200000000000000000e+01 1.143679836564071017e+00
9.300000000000000000e+01 1.089910813028970749e+00
9.400000000000000000e+01 9.601020298965630140e-01
9.500000000000000000e+01 8.514824898322934654e-01
9.600000000000000000e+01 8.971073638644622150e-01
9.700000000000000000e+01 1.061409454676303543e+00
9.800000000000000000e+01 7.759213962953083188e-01
9.900000000000000000e+01 9.774546222174484988e-01
1.000000000000000000e+02 9.125638432916745035e-01
1.010000000000000000e+02 9.550866810734109924e-01
1.020000000000000000e+02 9.781918041484268800e-01
1.030000000000000000e+02 8.582826962891710876e-01
1.040000000000000000e+02 9.263997810371480401e-01
1.050000000000000000e+02 7.161451301556240878e-01
1.060000000000000000e+02 8.632701754060089216e-01
1.070000000000000000e+02 7.666991569085770397e-01
1.080000000000000000e+02 9.131849179060415045e-01
1.090000000000000000e+02 7.498756711439730216e-01
1.100000000000000000e+02 8.230155828446985566e-01
1.110000000000000000e+02 7.224870110075128915e-01
1.120000000000000000e+02 6.485184545910498422e-01
1.130000000000000000e+02 6.278084435731055013e-01
1.140000000000000000e+02 5.416390964942880970e-01
1.150000000000000000e+02 7.133318322247932386e-01
1.160000000000000000e+02 7.344235436599877431e-01
1.170000000000000000e+02 8.432695156050489249e-01
1.180000000000000000e+02 6.317261012435263501e-01
1.190000000000000000e+02 6.261368543514831408e-01
1.200000000000000000e+02 5.706975892751381396e-01
1.210000000000000000e+02 7.701735200576861340e-01
1.220000000000000000e+02 5.933162961021040127e-01
1.230000000000000000e+02 6.134121030645856010e-01
1.240000000000000000e+02 4.907833924076032139e-01
1.250000000000000000e+02 5.350863084749515330e-01
1.260000000000000000e+02 5.503835962457970243e-01
1.270000000000000000e+02 5.592634688114185293e-01
1.280000000000000000e+02 5.272209210557978754e-01
1.290000000000000000e+02 4.677465939065191813e-01
1.300000000000000000e+02 5.181855326771777071e-01
1.310000000000000000e+02 4.435938034808081798e-01
1.320000000000000000e+02 4.513170489208158664e-01
1.330000000000000000e+02 4.830217997057665302e-01
1.340000000000000000e+02 4.345722601159035525e-01
1.350000000000000000e+02 4.460198062024645638e-01
1.360000000000000000e+02 4.664715190519474475e-01
1.370000000000000000e+02 4.335181855146034713e-01
1.380000000000000000e+02 4.256879300388131115e-01
1.390000000000000000e+02 3.969023772661174343e-01
1.400000000000000000e+02 4.023078170326888636e-01
1.410000000000000000e+02 3.811489103823622049e-01
1.420000000000000000e+02 3.862473817459291525e-01
1.430000000000000000e+02 4.057838474992624400e-01
1.440000000000000000e+02 3.422618195372776895e-01
1.450000000000000000e+02 3.990686570191625537e-01
1.460000000000000000e+02 3.306009900731962103e-01
1.470000000000000000e+02 3.333883980078912734e-01
1.480000000000000000e+02 3.102284057012220653e-01
1.490000000000000000e+02 3.208408903410324142e-01
1.500000000000000000e+02 3.468129971799130407e-01
1.510000000000000000e+02 2.963463475398911418e-01
1.520000000000000000e+02 3.080724080620035887e-01
1.530000000000000000e+02 3.255772754110168865e-01
1.540000000000000000e+02 2.534885877379420838e-01
1.550000000000000000e+02 2.692516075598415659e-01
1.560000000000000000e+02 2.707002218166776886e-01
1.570000000000000000e+02 2.499905129434621953e-01
1.580000000000000000e+02 2.885448941545621371e-01
1.590000000000000000e+02 2.486673884414842828e-01
1.600000000000000000e+02 2.624135750743316065e-01
1.610000000000000000e+02 2.438917429856104768e-01
1.620000000000000000e+02 2.124839019916542338e-01
1.630000000000000000e+02 2.449914641071628540e-01
1.640000000000000000e+02 2.433687476051932808e-01
1.650000000000000000e+02 2.089210121826313438e-01
1.660000000000000000e+02 2.041676311323991910e-01
1.670000000000000000e+02 2.048069908424866026e-01
1.680000000000000000e+02 2.195895988976389601e-01
1.690000000000000000e+02 1.895912273537944115e-01
1.700000000000000000e+02 1.906071397145535085e-01
1.710000000000000000e+02 1.690837869472272825e-01
1.720000000000000000e+02 2.087402707753157616e-01
1.730000000000000000e+02 1.791979201828345636e-01
1.740000000000000000e+02 1.682222801735040463e-01
1.750000000000000000e+02 1.684815322006174843e-01
1.760000000000000000e+02 1.632229887091025677e-01
1.770000000000000000e+02 1.453920037649454045e-01
1.780000000000000000e+02 1.482712176369297696e-01
1.790000000000000000e+02 1.713617440737083275e-01
1.800000000000000000e+02 1.438497518424299570e-01
1.810000000000000000e+02 1.183628824820752989e-01
1.820000000000000000e+02 1.187194082711321985e-01
1.830000000000000000e+02 1.347832598870579990e-01
1.840000000000000000e+02 1.212297454680102554e-01
1.850000000000000000e+02 1.414816815942130379e-01
1.860000000000000000e+02 1.249384141381299634e-01
1.870000000000000000e+02 1.076203149930278907e-01
1.880000000000000000e+02 1.191319989432497034e-01
1.890000000000000000e+02 1.207122527226802966e-01
1.900000000000000000e+02 1.071667094131213416e-01
1.910000000000000000e+02 1.092342927860635027e-01
1.920000000000000000e+02 1.048692842801763475e-01
1.930000000000000000e+02 9.930122751592589114e-02
1.940000000000000000e+02 9.369841875812383314e-02
1.950000000000000000e+02 8.134183236173705978e-02
1.960000000000000000e+02 9.191633828803029427e-02
1.970000000000000000e+02 8.523285855578688341e-02
1.980000000000000000e+02 8.675927775825702237e-02
1.990000000000000000e+02 7.802180276836782891e-02
2.000000000000000000e+02 8.138216194968503348e-02
2.010000000000000000e+02 7.585946266877670319e-02
2.020000000000000000e+02 7.429962095329530058e-02
2.030000000000000000e+02 7.833120624789091657e-02
2.040000000000000000e+02 6.988320371300174583e-02
2.050000000000000000e+02 6.994122317955997481e-02
2.060000000000000000e+02 6.525766216872024017e-02
2.070000000000000000e+02 5.695228451625379551e-02
2.080000000000000000e+02 5.869799567121556511e-02
2.090000000000000000e+02 5.367209312560968643e-02
2.100000000000000000e+02 5.931745090442336332e-02
2.110000000000000000e+02 4.980958924568481411e-02
2.120000000000000000e+02 5.480394233977356477e-02
2.130000000000000000e+02 4.732130163841032772e-02
2.140000000000000000e+02 4.733217121201916538e-02
2.150000000000000000e+02 5.173101711765375199e-02
2.160000000000000000e+02 4.667877849521189643e-02
2.170000000000000000e+02 4.207759152213279980e-02
2.180000000000000000e+02 4.386486278235435937e-02
2.190000000000000000e+02 4.025614561220589027e-02
2.200000000000000000e+02 4.285788142060052708e-02
2.210000000000000000e+02 4.151730063968936402e-02
2.220000000000000000e+02 4.208378352572859915e-02
2.230000000000000000e+02 3.682032705534772632e-02
2.240000000000000000e+02 3.261188489224775555e-02
2.250000000000000000e+02 3.258415698465146754e-02
2.260000000000000000e+02 3.276543810553937675e-02
2.270000000000000000e+02 3.418491462586535634e-02
2.280000000000000000e+02 3.017723177325290496e-02
2.290000000000000000e+02 2.607097758798657475e-02
2.300000000000000000e+02 2.552081873625650435e-02
2.310000000000000000e+02 2.791869067312759828e-02
2.320000000000000000e+02 2.509631203856898390e-02
2.330000000000000000e+02 2.619015661879895915e-02
2.340000000000000000e+02 2.248062166501452186e-02
2.350000000000000000e+02 2.380628250528742454e-02
2.360000000000000000e+02 2.507240870837307983e-02
2.370000000000000000e+02 2.043971453639738950e-02
2.380000000000000000e+02 1.980202929385796798e-02
2.390000000000000000e+02 2.062515972162218617e-02
2.400000000000000000e+02 2.039527767405981129e-02
2.410000000000000000e+02 1.842070195761937382e-02
2.420000000000000000e+02 1.713402302803175223e-02
2.430000000000000000e+02 1.673095013110348708e-02
2.440000000000000000e+02 1.554170166521706871e-02
2.450000000000000000e+02 1.784073873314471342e-02
2.460000000000000000e+02 1.510773449242205739e-02
2.470000000000000000e+02 1.530603173696858110e-02
2.480000000000000000e+02 1.393042318775846930e-02
2.490000000000000000e+02 1.153976178195007841e-02
2.500000000000000000e+02 1.344475410999701470e-02
2.510000000000000000e+02 1.268446410806647190e-02
2.520000000000000000e+02 1.278163524117962441e-02
2.530000000000000000e+02 1.058230359812753832e-02
2.540000000000000000e+02 1.031102563909033765e-02
2.550000000000000000e+02 9.627318737792581529e-03
2.560000000000000000e+02 1.027170356806566577e-02
2.570000000000000000e+02 8.795512689795665154e-03
2.580000000000000000e+02 9.289712129142323888e-03
2.590000000000000000e+02 8.065626842951992281e-03
2.600000000000000000e+02 8.605903876536199343e-03
2.610000000000000000e+02 8.066870126269920158e-03
2.620000000000000000e+02 8.442957010627765227e-03
2.630000000000000000e+02 8.129519759361871975e-03
2.640000000000000000e+02 7.021136589942343978e-03
2.650000000000000000e+02 5.973598728495246868e-03
2.660000000000000000e+02 7.071788212015565553e-03
2.670000000000000000e+02 6.521222801784486156e-03
2.680000000000000000e+02 5.755940709273466536e-03
2.690000000000000000e+02 5.610506883952143600e-03
2.700000000000000000e+02 4.989327136601510483e-03
2.710000000000000000e+02 5.597767736577481321e-03
2.720000000000000000e+02 5.254578511691592076e-03
2.730000000000000000e+02 4.718480209710655682e-03
2.740000000000000000e+02 4.833094684545137174e-03
2.750000000000000000e+02 4.014778307947892977e-03
2.760000000000000000e+02 3.677614757137902778e-03
2.770000000000000000e+02 4.226379171572672462e-03
2.780000000000000000e+02 3.747666556653583229e-03
2.790000000000000000e+02 3.724614708025980950e-03
2.800000000000000000e+02 3.247987365671865106e-03
2.810000000000000000e+02 3.292663936238302957e-03
2.820000000000000000e+02 3.291780999692421085e-03
2.830000000000000000e+02 3.208410953333801306e-03
2.840000000000000000e+02 2.662838220442001729e-03
2.850000000000000000e+02 2.443373391964448731e-03
2.860000000000000000e+02 2.547120930551696836e-03
2.870000000000000000e+02 2.437107748104920882e-03
2.880000000000000000e+02 2.125019113048443129e-03
2.890000000000000000e+02 2.290364483752224071e-03
2.900000000000000000e+02 2.211693730253897535e-03
2.910000000000000000e+02 1.747714073655481275e-03
2.920000000000000000e+02 1.863303384642097434e-03
2.930000000000000000e+02 1.795820526279137078e-03
2.940000000000000000e+02 1.665522938698954731e-03
2.950000000000000000e+02 1.736819083268034952e-03
2.960000000000000000e+02 1.632316640048994899e-03
2.970000000000000000e+02 1.607223656376453045e-03
2.980000000000000000e+02 1.326349530558910928e-03
2.990000000000000000e+02 1.331586985273711631e-03
3.000000000000000000e+02 1.383441467862661601e-03
3.010000000000000000e+02 1.241341776139957614e-03
3.020000000000000000e+02 1.239930083964705613e-03
3.030000000000000000e+02 1.027183074814002521e-03
3.040000000000000000e+02 1.011213677669789597e-03
3.050000000000000000e+02 9.907127787493236366e-04
3.060000000000000000e+02 8.819621039404969666e-04
3.070000000000000000e+02 7.636879015159045523e-04
3.080000000000000000e+02 9.070216283341101535e-04
3.090000000000000000e+02 8.039257030406054801e-04
3.100000000000000000e+02 8.178272838545067687e-04
3.110000000000000000e+02 7.226719634052797400e-04
3.120000000000000000e+02 6.856661844734893586e-04
3.130000000000000000e+02 5.619957147896763707e-04
3.140000000000000000e+02 5.205136507210074686e-04
3.150000000000000000e+02 6.168908624367329613e-04
3.160000000000000000e+02 5.549849189818964511e-04
3.170000000000000000e+02 5.117443885470935455e-04
3.180000000000000000e+02 4.723886588181263734e-04
3.190000000000000000e+02 4.754067744247879638e-04
3.200000000000000000e+02 4.332882525882260404e-04
3.210000000000000000e+02 3.543153601150395796e-04
3.220000000000000000e+02 4.256127889771256739e-04
3.230000000000000000e+02 3.515139820712278543e-04
3.240000000000000000e+02 3.641053910440420209e-04
3.250000000000000000e+02 3.186467672831318990e-04
3.260000000000000000e+02 3.080713269545373766e-04
3.270000000000000000e+02 2.734692378344325751e-04
3.280000000000000000e+02 2.729653077872564696e-04
3.290000000000000000e+02 2.356993979763024607e-04
3.300000000000000000e+02 2.280056441404783795e-04
3.310000000000000000e+02 2.638226650342352913e-04
3.320000000000000000e+02 2.271413045785832874e-04
3.330000000000000000e+02 2.031909665241304083e-04
3.340000000000000000e+02 1.904031034556174313e-04
3.350000000000000000e+02 1.845713616897493503e-04
3.360000000000000000e+02 1.618915215400995719e-04
3.370000000000000000e+02 1.445093415302324481e-04
3.380000000000000000e+02 1.556048813676856179e-04
3.390000000000000000e+02 1.388627187242701350e-04
3.400000000000000000e+02 1.655588889818131876e-04
3.410000000000000000e+02 1.085967632606034714e-04
3.420000000000000000e+02 1.209634999708969998e-04
3.430000000000000000e+02 1.177653035327594415e-04
3.440000000000000000e+02 1.215009676711684676e-04
3.450000000000000000e+02 9.304159951506049892e-05
3.460000000000000000e+02 8.624296819866581788e-05
3.470000000000000000e+02 7.645922970144412541e-05
3.480000000000000000e+02 8.570574335511248415e-05
3.490000000000000000e+02 7.718692937786819153e-05
3.500000000000000000e+02 6.653727427997698928e-05
3.510000000000000000e+02 7.335156879051107903e-05
3.520000000000000000e+02 6.456027462381658548e-05
3.530000000000000000e+02 4.761528500092194143e-05
3.540000000000000000e+02 4.952009721812385091e-05
3.550000000000000000e+02 5.482692676805590658e-05
3.560000000000000000e+02 4.588679564985685916e-05
3.570000000000000000e+02 5.082567944645300045e-05
3.580000000000000000e+02 5.053033587377909889e-05
3.590000000000000000e+02 4.159332172403992572e-05
3.600000000000000000e+02 3.884545354567753457e-05
3.610000000000000000e+02 6.127634659125589958e-05
3.620000000000000000e+02 4.512760432321567941e-05
3.630000000000000000e+02 4.997380653084390546e-05
3.640000000000000000e+02 3.714143455739175501e-05
3.650000000000000000e+02 5.621623497206772787e-05
3.660000000000000000e+02 3.544063915302182212e-05
3.670000000000000000e+02 4.139351094183465351e-05
3.680000000000000000e+02 2.919100403063235342e-05
3.690000000000000000e+02 4.421413143626032034e-05
3.700000000000000000e+02 3.906452913677208825e-05
3.710000000000000000e+02 3.859258789834498166e-05
3.720000000000000000e+02 3.808624094264675557e-05
3.730000000000000000e+02 3.044777710094664957e-05
3.740000000000000000e+02 3.793213255570128758e-05
3.750000000000000000e+02 3.842781190188102248e-05
3.760000000000000000e+02 4.149630640867325886e-05
3.770000000000000000e+02 2.542245612313953458e-05
3.780000000000000000e+02 3.520040568173344063e-05
3.790000000000000000e+02 3.167853787950596740e-05
3.800000000000000000e+02 4.563654697372031266e-05
3.810000000000000000e+02 3.740210390078939904e-05
3.820000000000000000e+02 3.925408511716057381e-05
3.830000000000000000e+02 4.522575296882894494e-05
