# nlmax, ncor, nside =         383           1         128
    0   0.1394703048951306E-26
    1   0.1146559170785004E-24
    2   0.1725600446774834E-03
    3   0.4916415834122866E-03
    4   0.2249356460605214E-03
    5   0.2954069693161280E-03
    6   0.9694675386123322E-04
    7   0.1201754176256560E-03
    8   0.5507817866282619E-04
    9   0.4126964570727709E-04
   10   0.5452818682092896E-04
   11   0.4394071571837956E-04
   12   0.3105099797629515E-04
   13   0.2441487116447519E-04
   14   0.2381507257189660E-04
   15   0.2172100187318568E-04
   16   0.1546587697839542E-04
   17   0.1788164789558856E-04
   18   0.1154199917235400E-04
   19   0.1470132811051330E-04
   20   0.1080711799372417E-04
   21   0.8492312743495961E-05
   22   0.7372134762369609E-05
   23   0.8190187516281455E-05
   24   0.8191703113289367E-05
   25   0.7912597049292355E-05
   26   0.8453635739596368E-05
   27   0.6427569892020811E-05
   28   0.9221889630586614E-05
   29   0.7476356986631377E-05
   30   0.5763358886035718E-05
   31   0.5516188471306118E-05
   32   0.8138474839088387E-05
   33   0.5193364653653551E-05
   34   0.5846622584449489E-05
   35   0.4282314827318186E-05
   36   0.5057639420041568E-05
   37   0.5857793846221957E-05
   38   0.4892116434481908E-05
   39   0.4454513452426213E-05
   40   0.6651269475792148E-05
   41   0.3985581038293402E-05
   42   0.3963108827002324E-05
   43   0.3846371923946126E-05
   44   0.3264252032770007E-05
   45   0.2912628572091624E-05
   46   0.3125745621833106E-05
   47   0.4194137165644867E-05
   48   0.2428856297888560E-05
   49   0.3659337526261404E-05
   50   0.3479617907443258E-05
   51   0.2639240037354218E-05
   52   0.2824516807522785E-05
   53   0.2216847682721598E-05
   54   0.2212667503327327E-05
   55   0.2506123413554575E-05
   56   0.3136648324798675E-05
   57   0.2611831983251540E-05
   58   0.2565169989982787E-05
   59   0.1919380333065252E-05
   60   0.2195432652244915E-05
   61   0.2105033479787891E-05
   62   0.2459783962925049E-05
   63   0.2200949919211659E-05
   64   0.1979313771427376E-05
   65   0.1829701365530845E-05
   66   0.1670587196120479E-05
   67   0.1932949411033014E-05
   68   0.1811000402425566E-05
   69   0.2038393333958370E-05
   70   0.1788685324916661E-05
   71   0.1611368937714976E-05
   72   0.1589314281941011E-05
   73   0.2043022171525580E-05
   74   0.1799006135285888E-05
   75   0.1507701779730528E-05
   76   0.1387658634575973E-05
   77   0.1637577251993539E-05
   78   0.1423400118621166E-05
   79   0.1080912363086143E-05
   80   0.1419921906747956E-05
   81   0.1436906642052430E-05
   82   0.1629249154879488E-05
   83   0.1219993248042894E-05
   84   0.1080453478290652E-05
   85   0.1238712352186188E-05
   86   0.1316964101165761E-05
   87   0.1298752076503672E-05
   88   0.1056380640145670E-05
   89   0.1171602669120051E-05
   90   0.1201072823707248E-05
   91   0.1182785935911203E-05
   92   0.1126278947901366E-05
   93   0.1089630920518369E-05
   94   0.9540259317125068E-06
   95   0.8452462936537764E-06
   96   0.8916544600627684E-06
   97   0.1044661181206365E-05
   98   0.7597353133998816E-06
   99   0.9788233602482432E-06
  100   0.9026571114886069E-06
  101   0.9142251804622021E-06
  102   0.9529559676596750E-06
  103   0.8482098272352726E-06
  104   0.9395314286975246E-06
  105   0.7103109718728227E-06
  106   0.8429184563515713E-06
  107   0.7747822146947298E-06
  108   0.9418516698415446E-06
  109   0.7600186798859301E-06
  110   0.8028572700821470E-06
  111   0.7261615443139250E-06
  112   0.6610502819290516E-06
  113   0.6168156784859401E-06
  114   0.5144178459932655E-06
  115   0.6995727445563503E-06
  116   0.7349105537119087E-06
  117   0.8226478254813015E-06
  118   0.6249498897792984E-06
  119   0.6161497035590735E-06
  120   0.5555589264767957E-06
  121   0.7485966637696270E-06
  122   0.5782443642520063E-06
  123   0.6173993708660579E-06
  124   0.4971142913433999E-06
  125   0.5343246892752037E-06
  126   0.5585346679297729E-06
  127   0.5273978495931620E-06
  128   0.5044532135424718E-06
  129   0.4626435052277562E-06
  130   0.5150046707750531E-06
  131   0.4313959496474984E-06
  132   0.4434219293138270E-06
  133   0.4826134492875260E-06
  134   0.4270890291605532E-06
  135   0.4450588789434598E-06
  136   0.4709912762281952E-06
  137   0.4268527269797716E-06
  138   0.4102665069873304E-06
  139   0.3992907721255988E-06
  140   0.3988018456225657E-06
  141   0.3786769871521364E-06
  142   0.3942528368835925E-06
  143   0.3912531876739947E-06
  144   0.3360422413558297E-06
  145   0.3906965842817536E-06
  146   0.3245733946135730E-06
  147   0.3290688131159516E-06
  148   0.3063516926724913E-06
  149   0.3173474407753095E-06
  150   0.3499987544382322E-06
  151   0.2916889125828876E-06
  152   0.2979676161745565E-06
  153   0.3306632341194370E-06
  154   0.2489409147595155E-06
  155   0.2652383269546847E-06
  156   0.2705901939860625E-06
  157   0.2527032544337563E-06
  158   0.2806562294030662E-06
  159   0.2500213856597585E-06
  160   0.2590436251525200E-06
  161   0.2430809019871722E-06
  162   0.2125874929880789E-06
  163   0.2358219941800475E-06
  164   0.2426022553428969E-06
  165   0.2041656810471486E-06
  166   0.2016566008373181E-06
  167   0.1985484106992020E-06
  168   0.2221515022180998E-06
  169   0.1830834208878776E-06
  170   0.1826955855918280E-06
  171   0.1686896636325390E-06
  172   0.2043604254173030E-06
  173   0.1813423555900132E-06
  174   0.1662467250791396E-06
  175   0.1658481201054740E-06
  176   0.1599441376840091E-06
  177   0.1427247218133567E-06
  178   0.1484339618607673E-06
  179   0.1734347209275854E-06
  180   0.1378304363415031E-06
  181   0.1176198219361944E-06
  182   0.1265278340019424E-06
  183   0.1347709195224736E-06
  184   0.1175581200592688E-06
  185   0.1404814531318407E-06
  186   0.1269413556326041E-06
  187   0.1065741005691929E-06
  188   0.1175596121162798E-06
  189   0.1204408349734939E-06
  190   0.1077034974244666E-06
  191   0.1093568411480113E-06
  192   0.1071534402815982E-06
  193   0.9739046768876665E-07
  194   0.9839878540024728E-07
  195   0.7868672350926040E-07
  196   0.8941308621124046E-07
  197   0.8127942606584006E-07
  198   0.8703598760010480E-07
  199   0.7940875375076173E-07
  200   0.8032848242844461E-07
  201   0.7221272077362577E-07
  202   0.7512602493709153E-07
  203   0.7907672405658206E-07
  204   0.7092781148320851E-07
  205   0.6715559393832439E-07
  206   0.6484227898197162E-07
  207   0.5697640140061047E-07
  208   0.5992683186442365E-07
  209   0.5375614874686848E-07
  210   0.5573455023906051E-07
  211   0.4942084373221804E-07
  212   0.5493648695788679E-07
  213   0.4948668185571577E-07
  214   0.4522598078321893E-07
  215   0.5078867544827390E-07
  216   0.4675437280954199E-07
  217   0.3997594814287100E-07
  218   0.4476798412872613E-07
  219   0.3879505463943576E-07
  220   0.4301106081063323E-07
  221   0.4096247480357327E-07
  222   0.4097320307694431E-07
  223   0.3501443910405766E-07
  224   0.3158092896134502E-07
  225   0.3136660616628219E-07
  226   0.3203966942304252E-07
  227   0.3343513116918354E-07
  228   0.2913060051431613E-07
  229   0.2539650050822810E-07
  230   0.2736418809361562E-07
  231   0.2772165279494136E-07
  232   0.2551705956111604E-07
  233   0.2509470463676851E-07
  234   0.2293079953766823E-07
  235   0.2328967032157056E-07
  236   0.2452795265426973E-07
  237   0.2126748668607150E-07
  238   0.2017188534266053E-07
  239   0.2073362930550810E-07
  240   0.1988668605421150E-07
  241   0.1828390267075355E-07
  242   0.1780796590508224E-07
  243   0.1709957793362340E-07
  244   0.1557081873808822E-07
  245   0.1828962870716767E-07
  246   0.1474011527497336E-07
  247   0.1585220139325051E-07
  248   0.1422392969143491E-07
  249   0.1190850162221964E-07
  250   0.1381487154014320E-07
  251   0.1216777846356210E-07
  252   0.1322915378298781E-07
  253   0.1113106942419252E-07
  254   0.1019743467150857E-07
  255   0.1035103758958467E-07
  256   0.9851107581849003E-08
  257   0.8805049090949027E-08
  258   0.9392035791632193E-08
  259   0.8639876215599746E-08
  260   0.9267920457218424E-08
  261   0.8570657802372135E-08
  262   0.8430563654421236E-08
  263   0.8592048412656119E-08
  264   0.7065676271814819E-08
  265   0.6407040604637780E-08
  266   0.7348379297276671E-08
  267   0.6697952254580280E-08
  268   0.5679801717215614E-08
  269   0.5826492225548956E-08
  270   0.4681316234517613E-08
  271   0.5931396767735262E-08
  272   0.5759027748719315E-08
  273   0.4729580569518504E-08
  274   0.5063472801039135E-08
  275   0.4049177992408615E-08
  276   0.3911314584007640E-08
  277   0.4402103651294073E-08
  278   0.3991873285927496E-08
  279   0.3990639719161282E-08
  280   0.3402672733998273E-08
  281   0.3535993377531847E-08
  282   0.3310441995101884E-08
  283   0.3332906137983588E-08
  284   0.2964231805508550E-08
  285   0.2531516940524050E-08
  286   0.2783995381380188E-08
  287   0.2681584132964647E-08
  288   0.2398443201629693E-08
  289   0.2487982074719551E-08
  290   0.2426846046542739E-08
  291   0.2006199869858250E-08
  292   0.1998719696510132E-08
  293   0.2005590869931127E-08
  294   0.1912422232729577E-08
  295   0.1906466575644961E-08
  296   0.1810822680202553E-08
  297   0.1710971627587833E-08
  298   0.1474403848602022E-08
  299   0.1537849309189668E-08
  300   0.1638435652296641E-08
  301   0.1404596459840647E-08
  302   0.1369875008961274E-08
  303   0.1158571509576415E-08
  304   0.1267040797921635E-08
  305   0.1168905423280582E-08
  306   0.1125839385270091E-08
  307   0.9626249747185039E-09
  308   0.1114782387845832E-08
  309   0.9998375987719759E-09
  310   0.9931673492907275E-09
  311   0.8766623931900891E-09
  312   0.8772893577101065E-09
  313   0.7482320696824921E-09
  314   0.6905992200431617E-09
  315   0.7973847363251125E-09
  316   0.6583972207279534E-09
  317   0.6150376976542978E-09
  318   0.6289020237679774E-09
  319   0.6332120286185991E-09
  320   0.6050687585662936E-09
  321   0.4977405456793926E-09
  322   0.5358577277024302E-09
  323   0.4975451291235874E-09
  324   0.5277508580316177E-09
  325   0.5109149478148671E-09
  326   0.4226915652124470E-09
  327   0.4300196236011800E-09
  328   0.4178223958690846E-09
  329   0.3831927081183953E-09
  330   0.3730586793298248E-09
  331   0.3628431096142969E-09
  332   0.3609509829488890E-09
  333   0.3308224490566746E-09
  334   0.3263262728330830E-09
  335   0.3030910148019058E-09
  336   0.3324979977755158E-09
  337   0.2716402031162382E-09
  338   0.2976729515265742E-09
  339   0.2416467539146424E-09
  340   0.3066915064090864E-09
  341   0.2317928333642571E-09
  342   0.2501329516174905E-09
  343   0.2474006378286906E-09
  344   0.2615557614732991E-09
  345   0.2209074078745719E-09
  346   0.2187011707940188E-09
  347   0.2152634402753185E-09
  348   0.2119704010816780E-09
  349   0.2166910871970182E-09
  350   0.1903937211134151E-09
  351   0.1901232359714932E-09
  352   0.1886960638111150E-09
  353   0.1814319515489189E-09
  354   0.1737101208651356E-09
  355   0.1835635534364709E-09
  356   0.1728629667693818E-09
  357   0.1726669831670004E-09
  358   0.1687759579952646E-09
  359   0.1662902995411507E-09
  360   0.1641588945123518E-09
  361   0.1830935323425088E-09
  362   0.1638508378543350E-09
  363   0.1689117417535090E-09
  364   0.1643456761687743E-09
  365   0.1654848043054148E-09
  366   0.1557332734722924E-09
  367   0.1613211571685059E-09
  368   0.1516751351201157E-09
  369   0.1601540621377523E-09
  370   0.1526557351816177E-09
  371   0.1597954867599906E-09
  372   0.1597902687228364E-09
  373   0.1456781484306925E-09
  374   0.1580142837937509E-09
  375   0.1604206566909349E-09
  376   0.1671982360569868E-09
  377   0.1469406145355568E-09
  378   0.1544212417023656E-09
  379   0.1489429609926244E-09
  380   0.1610727360326371E-09
  381   0.1528660329366019E-09
  382   0.1531537018891748E-09
  383   0.1543109112799316E-09
