# nlmax, ncor, nside =         383           1         128
    0  -0.1200625489333464E+02
    1  -0.1318705524043247E+02
    2   0.7330797562265522E+02
    3   0.2401206081249985E+03
    4   0.2436738114533828E+03
    5   0.2246096794373889E+03
    6   0.7659171469488973E+02
    7   0.7450261452656291E+02
    8   0.6295610162875240E+02
    9   0.7388065755374387E+02
   10   0.2577300276397647E+02
   11   0.5619947103464287E+02
   12   0.2196518956398301E+02
   13   0.1881045919739210E+02
   14   0.2616183699751909E+02
   15   0.2531766096485520E+02
   16   0.2068400927491543E+02
   17   0.2942643770720672E+02
   18   0.1368921776124960E+02
   19   0.1275799608961393E+02
   20   0.1068076091018846E+02
   21   0.8205582187635834E+01
   22   0.8295704692518971E+01
   23   0.7668211756677369E+01
   24   0.8363492681690373E+01
   25   0.5624954062933755E+01
   26   0.9260620785660736E+01
   27   0.8444637361418739E+01
   28   0.9275602806330776E+01
   29   0.8248419734760908E+01
   30   0.7551797882262376E+01
   31   0.6175722100939822E+01
   32   0.8474341577685639E+01
   33   0.5494757222484787E+01
   34   0.5254576380264753E+01
   35   0.4218204641298665E+01
   36   0.4633929783480602E+01
   37   0.5890695137242838E+01
   38   0.5820558244338236E+01
   39   0.4435942984833705E+01
   40   0.5848405125896917E+01
   41   0.4333932274727793E+01
   42   0.4867003815361929E+01
   43   0.3851871772242567E+01
   44   0.4106429907212586E+01
   45   0.2905550855948117E+01
   46   0.2583768356308349E+01
   47   0.4322423282432688E+01
   48   0.2087997688947021E+01
   49   0.3232060550780848E+01
   50   0.4053756262916760E+01
   51   0.2220324707710537E+01
   52   0.2881001531346929E+01
   53   0.2174416851685012E+01
   54   0.1884105409456566E+01
   55   0.2677703192197868E+01
   56   0.2947517299488559E+01
   57   0.2729197780338146E+01
   58   0.2697301294360108E+01
   59   0.2000643379304411E+01
   60   0.2285375720756942E+01
   61   0.1962264553385536E+01
   62   0.2578344269751225E+01
   63   0.1937004742913123E+01
   64   0.1498543696524909E+01
   65   0.1974555258384372E+01
   66   0.1867541627706497E+01
   67   0.1825985851831490E+01
   68   0.1769961795862033E+01
   69   0.2320895109374068E+01
   70   0.1514618868065069E+01
   71   0.1798703352487443E+01
   72   0.1374960505372915E+01
   73   0.2303734281626158E+01
   74   0.1787589750083165E+01
   75   0.1400700663327835E+01
   76   0.1359773485470636E+01
   77   0.1642932078410558E+01
   78   0.1273151567905018E+01
   79   0.1031567284067213E+01
   80   0.1491778206584948E+01
   81   0.1409874438682591E+01
   82   0.1794984165436294E+01
   83   0.1226015765929418E+01
   84   0.9857136706835028E+00
   85   0.1280455922442302E+01
   86   0.1395695342347891E+01
   87   0.1182993919314796E+01
   88   0.9093671074256167E+00
   89   0.1270605202758033E+01
   90   0.1048626867870066E+01
   91   0.1174516275769010E+01
   92   0.1115363663240508E+01
   93   0.1274566239755093E+01
   94   0.1022861282927458E+01
   95   0.8437208245525325E+00
   96   0.9537437543588987E+00
   97   0.9892156644165004E+00
   98   0.7391955254214140E+00
   99   0.1076559018830032E+01
  100   0.9991968996250007E+00
  101   0.9199151965740238E+00
  102   0.8665469307477778E+00
  103   0.7736514892905524E+00
  104   0.1068960406762938E+01
  105   0.7488965759204114E+00
  106   0.7978384032680730E+00
  107   0.8890762955710416E+00
  108   0.1039893194601795E+01
  109   0.7964921294321330E+00
  110   0.8741030626247399E+00
  111   0.6792603820685890E+00
  112   0.7983562260690538E+00
  113   0.5405364625875066E+00
  114   0.4904176258840076E+00
  115   0.7200029268267413E+00
  116   0.8543175241658891E+00
  117   0.8091738224691035E+00
  118   0.6876783630046067E+00
  119   0.5916559785444763E+00
  120   0.4307602764945159E+00
  121   0.7774254336326288E+00
  122   0.6047017195771330E+00
  123   0.6187676421245794E+00
  124   0.4617611520257430E+00
  125   0.5617018636744280E+00
  126   0.5329644467315621E+00
  127   0.5536759924425612E+00
  128   0.5668183230807258E+00
  129   0.4502749169342926E+00
  130   0.5556591274852978E+00
  131   0.4009358993468729E+00
  132   0.4100250686766459E+00
  133   0.4754901945443978E+00
  134   0.4204241036599335E+00
  135   0.5154928189709322E+00
  136   0.5823617353475928E+00
  137   0.4272311211069466E+00
  138   0.4205620376254474E+00
  139   0.4397377416744144E+00
  140   0.4018947153667142E+00
  141   0.3985451875973257E+00
  142   0.3893298272401516E+00
  143   0.3654585635884908E+00
  144   0.3524514425545500E+00
  145   0.4484336609988762E+00
  146   0.3517021507970441E+00
  147   0.3334961273341484E+00
  148   0.3076824979472450E+00
  149   0.2365769658194496E+00
  150   0.3159928791451493E+00
  151   0.2840375295902603E+00
  152   0.2757659816519586E+00
  153   0.3156892613125827E+00
  154   0.2268917768568770E+00
  155   0.3004968331081379E+00
  156   0.2761470677710988E+00
  157   0.2562020152036529E+00
  158   0.3094417464429587E+00
  159   0.2720032346478062E+00
  160   0.2793606962127946E+00
  161   0.2420732180246200E+00
  162   0.2134497620774487E+00
  163   0.2086660093968598E+00
  164   0.2244650561283393E+00
  165   0.2085613667629405E+00
  166   0.2364886649129074E+00
  167   0.2591043657510383E+00
  168   0.1996502985540811E+00
  169   0.1881897176606041E+00
  170   0.1808216063081836E+00
  171   0.1660431785835111E+00
  172   0.1820467875870231E+00
  173   0.1830598749956376E+00
  174   0.1548145137035314E+00
  175   0.1626646588951031E+00
  176   0.1621110686695539E+00
  177   0.1446108698313233E+00
  178   0.1293019196657575E+00
  179   0.1822844584265662E+00
  180   0.1445194725584701E+00
  181   0.1111534764981071E+00
  182   0.1065988272758306E+00
  183   0.1101200605330083E+00
  184   0.1290251207028126E+00
  185   0.1429296960756189E+00
  186   0.1295486311045654E+00
  187   0.1038563395144763E+00
  188   0.1288187558065458E+00
  189   0.1294701165306588E+00
  190   0.1110100124318271E+00
  191   0.1060606538641591E+00
  192   0.1168365858111726E+00
  193   0.1079697190348797E+00
  194   0.9384718784481172E-01
  195   0.7682328635028091E-01
  196   0.8749750387606348E-01
  197   0.8444472172345141E-01
  198   0.8188015010208494E-01
  199   0.7130317939237107E-01
  200   0.7414535079660367E-01
  201   0.7244590180093391E-01
  202   0.7104681834358717E-01
  203   0.7452756578481423E-01
  204   0.7313978674812982E-01
  205   0.6908725616886546E-01
  206   0.5565875075119797E-01
  207   0.6227035719086149E-01
  208   0.5558508184062028E-01
  209   0.4863225390807946E-01
  210   0.5662558906748705E-01
  211   0.5142685051567486E-01
  212   0.5175422149366726E-01
  213   0.5567205149658061E-01
  214   0.4356164878520474E-01
  215   0.5339340514238988E-01
  216   0.4939909149379196E-01
  217   0.4041344549950066E-01
  218   0.4507512033524119E-01
  219   0.4256375609003205E-01
  220   0.4108293993196943E-01
  221   0.4475900973441782E-01
  222   0.4232073915715329E-01
  223   0.3544802211913867E-01
  224   0.3405821983994839E-01
  225   0.3098071424863080E-01
  226   0.3548271660568081E-01
  227   0.3483920491110604E-01
  228   0.2682110301301144E-01
  229   0.2634725856667974E-01
  230   0.2636289006365022E-01
  231   0.3199062684159781E-01
  232   0.3130164493455889E-01
  233   0.2663408735821371E-01
  234   0.2044004191990534E-01
  235   0.2180840701701536E-01
  236   0.2276843905049009E-01
  237   0.2163475262077363E-01
  238   0.2145143866224408E-01
  239   0.1855104551271158E-01
  240   0.2209790824275704E-01
  241   0.2073083467157610E-01
  242   0.1693888029660984E-01
  243   0.1787749720812115E-01
  244   0.1338464395372863E-01
  245   0.1824443645528107E-01
  246   0.1589127043689031E-01
  247   0.1686039752472868E-01
  248   0.1485705034459928E-01
  249   0.1393032917904569E-01
  250   0.1155751107668279E-01
  251   0.1321289776103618E-01
  252   0.1454712231714139E-01
  253   0.1185578513640029E-01
  254   0.8418665301576644E-02
  255   0.1029311380013287E-01
  256   0.1130111101288822E-01
  257   0.1019095897288258E-01
  258   0.8970545891502812E-02
  259   0.8192507233825586E-02
  260   0.1011614214456535E-01
  261   0.6063003882383011E-02
  262   0.1010396548877435E-01
  263   0.9444446087509939E-02
  264   0.8370049103642030E-02
  265   0.6632507024777357E-02
  266   0.6202813303206045E-02
  267   0.6250675035888165E-02
  268   0.7286438608196999E-02
  269   0.6040356529768975E-02
  270   0.5499890216332015E-02
  271   0.5595542800953368E-02
  272   0.7598788657888988E-02
  273   0.4644857552160542E-02
  274   0.6034748184176542E-02
  275   0.4388719244310002E-02
  276   0.3508365194534013E-02
  277   0.5317921442948126E-02
  278   0.2484854344240672E-02
  279   0.4660666569701155E-02
  280   0.3474361539871851E-02
  281   0.3840091319001926E-02
  282   0.4847143242431240E-02
  283   0.3518574719852896E-02
  284   0.3225812590647525E-02
  285   0.2798906372134813E-02
  286   0.3064852321380207E-02
  287   0.3235043367118384E-02
  288   0.2472544550750744E-02
  289   0.3110472092055394E-02
  290   0.3346906540454941E-02
  291   0.2591172320532131E-02
  292   0.3368950546770499E-02
  293   0.3045348016226190E-02
  294   0.2433394750168238E-02
  295   0.2297172038284723E-02
  296   0.2425953898926358E-02
  297   0.2290770224792849E-02
  298   0.2096362083034431E-02
  299   0.2960469658572051E-02
  300   0.2357560855646257E-02
  301   0.1397443524360109E-02
  302   0.2015171540500516E-02
  303   0.1798105622798640E-02
  304   0.1317164506153323E-02
  305   0.2110750921757554E-02
  306   0.8296666867658176E-03
  307   0.1110367041193272E-02
  308   0.1500045025471242E-02
  309   0.1958336853148279E-02
  310   0.1788396278282034E-02
  311   0.1820878356611377E-02
  312   0.1814693522718513E-02
  313   0.1347155221095908E-02
  314   0.1467784388196336E-02
  315   0.5472658562652999E-03
  316   0.1133245024349083E-02
  317   0.1039355401082687E-02
  318   0.1464299316168205E-02
  319   0.1529563659650734E-02
  320   0.1485494604656024E-02
  321   0.9239238214183154E-03
  322   0.9978215085955644E-03
  323   0.1046719762863080E-02
  324   0.1046892841544966E-02
  325   0.1518948995576308E-02
  326   0.1326992543522976E-02
  327   0.1416634028447411E-02
  328   0.1254091746270752E-02
  329   0.1484148543954372E-02
  330   0.1086588472208688E-02
  331   0.9298308749826345E-03
  332   0.1025308282044807E-02
  333   0.8011767347495258E-03
  334   0.1092930228196176E-02
  335   0.8955207880255445E-03
  336   0.9997682806093533E-03
  337   0.1380725460925492E-02
  338   0.1007348396029312E-02
  339   0.9875723169675832E-03
  340   0.1353598682498985E-02
  341   0.1459889032675465E-02
  342   0.1417542967125124E-02
  343   0.1337126023280122E-02
  344   0.1115622593749171E-02
  345   0.1288195431740358E-02
  346   0.1110078311472501E-02
  347   0.1142150894815369E-02
  348   0.1146035103554627E-02
  349   0.1409018445345495E-02
  350   0.1508537311781855E-02
  351   0.1465421653208676E-02
  352   0.1298604417461047E-02
  353   0.1395733498621959E-02
  354   0.1367821094178712E-02
  355   0.1457801859458721E-02
  356   0.1068088040245663E-02
  357   0.1319851030714775E-02
  358   0.1435621711476112E-02
  359   0.1837046770743728E-02
  360   0.1582793347847763E-02
  361   0.1826429747278438E-02
  362   0.1615935144435865E-02
  363   0.1696258057229297E-02
  364   0.1541524411923151E-02
  365   0.1565423891470796E-02
  366   0.1551520433045350E-02
  367   0.1539500216612824E-02
  368   0.1624010378966076E-02
  369   0.2146737793400050E-02
  370   0.1610908875329713E-02
  371   0.1745755794982658E-02
  372   0.1443687313186927E-02
  373   0.1853369469167067E-02
  374   0.2282889491269362E-02
  375   0.2325694358093384E-02
  376   0.2584852826708318E-02
  377   0.1961748740366805E-02
  378   0.2514444215458930E-02
  379   0.2270947751813385E-02
  380   0.2992855527973196E-02
  381   0.2601330786786074E-02
  382   0.3028731365472924E-02
  383   0.3228203698332239E-02
