# nlmax, ncor, nside =         383           1         128
    0   0.2458226046925066E-18
    1   0.2744387969785527E-18
    2   0.1658199359020434E-03
    3   0.5060575349170121E-03
    4   0.2225278238578451E-03
    5   0.2927783254551150E-03
    6   0.9597040577419066E-04
    7   0.1172854800497095E-03
    8   0.5499575553598246E-04
    9   0.3952871696197964E-04
   10   0.5215867090185604E-04
   11   0.4275030809506148E-04
   12   0.3179943890964025E-04
   13   0.2417031260636032E-04
   14   0.2289254577595587E-04
   15   0.2139479272809535E-04
   16   0.1609889631477801E-04
   17   0.1766455760932384E-04
   18   0.1118162707146688E-04
   19   0.1520338970967884E-04
   20   0.1080740226380299E-04
   21   0.8799149098882038E-05
   22   0.7205282360019869E-05
   23   0.8703331735325155E-05
   24   0.8597176844692169E-05
   25   0.7822732261755466E-05
   26   0.8316244652165637E-05
   27   0.6683784825952631E-05
   28   0.9458777139381716E-05
   29   0.7648051969000608E-05
   30   0.5653268702687343E-05
   31   0.5665644137930488E-05
   32   0.8010277185990301E-05
   33   0.5152483732111135E-05
   34   0.5894493436341616E-05
   35   0.4271791672305301E-05
   36   0.5228994551356559E-05
   37   0.6035274362262692E-05
   38   0.4874026027865788E-05
   39   0.4395235770300124E-05
   40   0.6758361262481302E-05
   41   0.4264780777539770E-05
   42   0.4079114539096108E-05
   43   0.3854287681309168E-05
   44   0.3349855968090505E-05
   45   0.2893419087343068E-05
   46   0.3332026924367850E-05
   47   0.4191012209579966E-05
   48   0.2512832444125479E-05
   49   0.3627131481859792E-05
   50   0.3600643450379152E-05
   51   0.2638718943718844E-05
   52   0.2810821252453816E-05
   53   0.2174081995378512E-05
   54   0.2182608964281392E-05
   55   0.2514565968190881E-05
   56   0.3205728442406314E-05
   57   0.2678504621516755E-05
   58   0.2613026419707531E-05
   59   0.1946226252730799E-05
   60   0.2212926012740689E-05
   61   0.2138513667713079E-05
   62   0.2453441742213131E-05
   63   0.2210023616153689E-05
   64   0.2000764693562988E-05
   65   0.1861517931741567E-05
   66   0.1715279964987874E-05
   67   0.1857968007480941E-05
   68   0.1908646189411699E-05
   69   0.2090372787264292E-05
   70   0.1858033485350471E-05
   71   0.1608781476647658E-05
   72   0.1652645939167616E-05
   73   0.2059238087745396E-05
   74   0.1827798393222533E-05
   75   0.1477534657281503E-05
   76   0.1416778863406366E-05
   77   0.1663933049201762E-05
   78   0.1471145109263667E-05
   79   0.1109266064548401E-05
   80   0.1443247951238435E-05
   81   0.1443670511667795E-05
   82   0.1665004655712358E-05
   83   0.1279738152214904E-05
   84   0.1104507688782667E-05
   85   0.1241743382031884E-05
   86   0.1344784619066035E-05
   87   0.1270631573033343E-05
   88   0.1097594557015812E-05
   89   0.1173038545522887E-05
   90   0.1220762761733619E-05
   91   0.1203539483249757E-05
   92   0.1133175049817662E-05
   93   0.1110900771721120E-05
   94   0.9911358788932981E-06
   95   0.8623643972092631E-06
   96   0.9130348472636944E-06
   97   0.1048948955238051E-05
   98   0.7566193340993025E-06
   99   0.1011507897493404E-05
  100   0.9130643176203548E-06
  101   0.9047189844226415E-06
  102   0.9830591632408156E-06
  103   0.8454546043810855E-06
  104   0.9650719265894283E-06
  105   0.7397123854382096E-06
  106   0.8672279320316480E-06
  107   0.7860651096829459E-06
  108   0.9920143950451316E-06
  109   0.7830769143932318E-06
  110   0.8020521743271147E-06
  111   0.7573837932974508E-06
  112   0.6759577418237682E-06
  113   0.6569026236574735E-06
  114   0.5159173655300372E-06
  115   0.7112398227792887E-06
  116   0.7684832113007754E-06
  117   0.8154125674576946E-06
  118   0.6216187015850789E-06
  119   0.6238232278022319E-06
  120   0.5767372115986505E-06
  121   0.7329812369353989E-06
  122   0.5987133375744969E-06
  123   0.6395371281976064E-06
  124   0.5178503501475130E-06
  125   0.5420956447010529E-06
  126   0.5729546128951989E-06
  127   0.5300502444584068E-06
  128   0.5015253145631797E-06
  129   0.4771455508670111E-06
  130   0.5342251126302260E-06
  131   0.4408589566787888E-06
  132   0.4505676364589420E-06
  133   0.5013499876386503E-06
  134   0.4412455385912635E-06
  135   0.4520961226067606E-06
  136   0.4808568201324977E-06
  137   0.4495516352098863E-06
  138   0.4330848867645897E-06
  139   0.4172473371208644E-06
  140   0.4153346394853103E-06
  141   0.3883650202367638E-06
  142   0.4080598212180054E-06
  143   0.4003756859725421E-06
  144   0.3401104236387656E-06
  145   0.3942687927422120E-06
  146   0.3390599102524187E-06
  147   0.3475133247944794E-06
  148   0.3153660609737205E-06
  149   0.3232402730240419E-06
  150   0.3646598848887314E-06
  151   0.2949982724878891E-06
  152   0.2998928448840594E-06
  153   0.3250923635356984E-06
  154   0.2568372080610620E-06
  155   0.2733860682523374E-06
  156   0.2767492415782999E-06
  157   0.2479361850225606E-06
  158   0.2911581779063912E-06
  159   0.2546673719141497E-06
  160   0.2682826762405435E-06
  161   0.2474020646393425E-06
  162   0.2214778310889140E-06
  163   0.2430824252556142E-06
  164   0.2469431617402666E-06
  165   0.2116330061530625E-06
  166   0.2071101594620483E-06
  167   0.2082886258382221E-06
  168   0.2326684695791743E-06
  169   0.1913606385771601E-06
  170   0.1884357756136450E-06
  171   0.1716705495159758E-06
  172   0.2150169854416317E-06
  173   0.1870048507905731E-06
  174   0.1718985724818747E-06
  175   0.1739856591679215E-06
  176   0.1632034105173624E-06
  177   0.1458187101178870E-06
  178   0.1495708366683209E-06
  179   0.1773116319356709E-06
  180   0.1394296413514325E-06
  181   0.1248843729830355E-06
  182   0.1303269481519303E-06
  183   0.1404864019625178E-06
  184   0.1228541149874020E-06
  185   0.1438334189121289E-06
  186   0.1314508986114849E-06
  187   0.1105695582634889E-06
  188   0.1188989918365418E-06
  189   0.1216487131052870E-06
  190   0.1101448661739213E-06
  191   0.1167394875532897E-06
  192   0.1077154687346752E-06
  193   0.1043334485633297E-06
  194   0.9851660785932046E-07
  195   0.8088882500118683E-07
  196   0.9602647798841335E-07
  197   0.8443019780638547E-07
  198   0.9076827358418095E-07
  199   0.8290138898125158E-07
  200   0.8487299378506338E-07
  201   0.7762832601553494E-07
  202   0.7613301997931351E-07
  203   0.8495634471555836E-07
  204   0.7420487167662531E-07
  205   0.7211392690918239E-07
  206   0.6824452538206019E-07
  207   0.5915143354248800E-07
  208   0.6197563109764336E-07
  209   0.5467646903373735E-07
  210   0.5815810682400324E-07
  211   0.5034962172658305E-07
  212   0.5734540692358064E-07
  213   0.5054064666899045E-07
  214   0.4753627657371581E-07
  215   0.5202072094689912E-07
  216   0.4927940141574728E-07
  217   0.4117179190759682E-07
  218   0.4775501099695373E-07
  219   0.4170063937140923E-07
  220   0.4403955354469983E-07
  221   0.4254395083664711E-07
  222   0.4276055890453514E-07
  223   0.3695342700471310E-07
  224   0.3346269120934966E-07
  225   0.3298308985851104E-07
  226   0.3361026015329501E-07
  227   0.3547520303274802E-07
  228   0.3052546007763222E-07
  229   0.2623054819574255E-07
  230   0.2785148924575700E-07
  231   0.2849218048460860E-07
  232   0.2672463599422580E-07
  233   0.2696554419615412E-07
  234   0.2447465760300812E-07
  235   0.2413075557338479E-07
  236   0.2566015086076732E-07
  237   0.2219893437044542E-07
  238   0.2106988073233264E-07
  239   0.2123579179457842E-07
  240   0.2078590082837536E-07
  241   0.1911277822492524E-07
  242   0.1855729840928188E-07
  243   0.1809806829342934E-07
  244   0.1608227886299176E-07
  245   0.1885876999184914E-07
  246   0.1558230713174481E-07
  247   0.1656363341268073E-07
  248   0.1464429641200625E-07
  249   0.1249260402556891E-07
  250   0.1459600475640508E-07
  251   0.1293871467203283E-07
  252   0.1353764790694309E-07
  253   0.1132729072630486E-07
  254   0.1062670039870150E-07
  255   0.1082547702764345E-07
  256   0.1062960527489573E-07
  257   0.9557795029781900E-08
  258   0.9648294867255362E-08
  259   0.9195173264413356E-08
  260   0.9700805658862825E-08
  261   0.9196095259008382E-08
  262   0.9183640737960413E-08
  263   0.8757372888177625E-08
  264   0.7690691880769952E-08
  265   0.6978740128470101E-08
  266   0.7897306064269615E-08
  267   0.7246030597188247E-08
  268   0.6186231873609493E-08
  269   0.6164289875943107E-08
  270   0.5484742059872597E-08
  271   0.6555868070854031E-08
  272   0.6089231595770313E-08
  273   0.5362692053087354E-08
  274   0.5378729160812752E-08
  275   0.4659691930704137E-08
  276   0.4381028508889642E-08
  277   0.4842647329633549E-08
  278   0.4286728318548423E-08
  279   0.4507988789753797E-08
  280   0.3903528337635212E-08
  281   0.4035753524383418E-08
  282   0.3687121111875464E-08
  283   0.3950339630242003E-08
  284   0.3381908593759513E-08
  285   0.2897730282179795E-08
  286   0.3143366628113888E-08
  287   0.3214615138740151E-08
  288   0.2688699716809797E-08
  289   0.2871248336805498E-08
  290   0.2792268658649912E-08
  291   0.2341292777929631E-08
  292   0.2438331356855662E-08
  293   0.2396484484203828E-08
  294   0.2236128891917850E-08
  295   0.2199899547552713E-08
  296   0.2158550493847846E-08
  297   0.2084249668532372E-08
  298   0.1787807640412645E-08
  299   0.1834725281531060E-08
  300   0.1967459268961094E-08
  301   0.1745541518358633E-08
  302   0.1660147034429789E-08
  303   0.1450628663587443E-08
  304   0.1582499377378174E-08
  305   0.1494653801021476E-08
  306   0.1416811486874928E-08
  307   0.1257306120621653E-08
  308   0.1430524007864384E-08
  309   0.1301980777843667E-08
  310   0.1317251327562161E-08
  311   0.1187318776074826E-08
  312   0.1158068742605434E-08
  313   0.1023837413463348E-08
  314   0.9524565393519021E-09
  315   0.1063940822195333E-08
  316   0.9446170381023733E-09
  317   0.8863176955653830E-09
  318   0.8764039692478697E-09
  319   0.9076782692700891E-09
  320   0.8961340053121514E-09
  321   0.7618130340540856E-09
  322   0.8221991687012955E-09
  323   0.7580823749836373E-09
  324   0.7842918788079654E-09
  325   0.7722886227663740E-09
  326   0.6751538435262698E-09
  327   0.6951220169595435E-09
  328   0.6915028472246570E-09
  329   0.6424593973174051E-09
  330   0.6072210721690815E-09
  331   0.6154570910432713E-09
  332   0.6298720401762832E-09
  333   0.5900112593470053E-09
  334   0.5838473940689468E-09
  335   0.5642584326732757E-09
  336   0.5797555865085529E-09
  337   0.4990912341463080E-09
  338   0.5575999787723290E-09
  339   0.4658334857883084E-09
  340   0.5910137162634045E-09
  341   0.4280604062355608E-09
  342   0.4969850715502592E-09
  343   0.5156365418926840E-09
  344   0.4994091660933878E-09
  345   0.4719399391962335E-09
  346   0.4617813686725981E-09
  347   0.4641860048387435E-09
  348   0.4624125282331074E-09
  349   0.4784560388943799E-09
  350   0.4376106966352255E-09
  351   0.4268470469740185E-09
  352   0.4231433913476193E-09
  353   0.4021856163377421E-09
  354   0.4070182884168764E-09
  355   0.4092731423116205E-09
  356   0.4139570172972982E-09
  357   0.3975250380136931E-09
  358   0.4004147859807527E-09
  359   0.3877613558492640E-09
  360   0.3905576781518007E-09
  361   0.4134854864174159E-09
  362   0.3970055888073136E-09
  363   0.4074287077893172E-09
  364   0.3875613328889572E-09
  365   0.3950864128723128E-09
  366   0.3856864982865572E-09
  367   0.3775265894908262E-09
  368   0.3664580171621135E-09
  369   0.3778066270232156E-09
  370   0.3700813087864936E-09
  371   0.3970468783734366E-09
  372   0.3868710185885254E-09
  373   0.3605386837867419E-09
  374   0.3985684473509043E-09
  375   0.3923538530392812E-09
  376   0.4032031967888258E-09
  377   0.3689267300621964E-09
  378   0.3758769890670884E-09
  379   0.3519174442887373E-09
  380   0.3850321365588861E-09
  381   0.3588749121068918E-09
  382   0.3768863336342336E-09
  383   0.3614347868376186E-09
