# nlmax, ncor, nside =         383           1         128
    0   0.2533006457456975E+02
    1   0.4731029852773472E+02
    2   0.1374580173242703E+03
    3   0.4779306484532679E+03
    4   0.2324326637136309E+03
    5   0.2951243952847370E+03
    6   0.9546792562841711E+02
    7   0.1190816733843452E+03
    8   0.5500610354687925E+02
    9   0.4184157256221711E+02
   10   0.5357319480811453E+02
   11   0.4628339902806397E+02
   12   0.3124696844761996E+02
   13   0.2506423273643047E+02
   14   0.2463306085659023E+02
   15   0.2187486000876990E+02
   16   0.1544733588727863E+02
   17   0.1832047327183473E+02
   18   0.1118112751166150E+02
   19   0.1456722178264265E+02
   20   0.1093992927993681E+02
   21   0.8799407858298499E+01
   22   0.7446349116726830E+01
   23   0.8380628406294312E+01
   24   0.8069654610763104E+01
   25   0.7899354697744057E+01
   26   0.8305480712518110E+01
   27   0.6520855881513532E+01
   28   0.9282317643693059E+01
   29   0.7349060236758149E+01
   30   0.5795002543446476E+01
   31   0.5514882784987456E+01
   32   0.8030290472678800E+01
   33   0.5136454015737622E+01
   34   0.5560018812553507E+01
   35   0.4307527228533726E+01
   36   0.4901289053709427E+01
   37   0.5741340780464378E+01
   38   0.4798729202886594E+01
   39   0.4492284980858492E+01
   40   0.6504190371491386E+01
   41   0.3848914339982152E+01
   42   0.4011567277496197E+01
   43   0.3900595945724919E+01
   44   0.3337346811910056E+01
   45   0.2807847617397663E+01
   46   0.3130291616134130E+01
   47   0.4161413521551719E+01
   48   0.2437159912010375E+01
   49   0.3614495887727564E+01
   50   0.3351492124803419E+01
   51   0.2458153488414964E+01
   52   0.2886897499438843E+01
   53   0.2151592055420679E+01
   54   0.2131542225235801E+01
   55   0.2483206420616999E+01
   56   0.3029019756064226E+01
   57   0.2626510208979258E+01
   58   0.2565076279024864E+01
   59   0.1924277213094340E+01
   60   0.2263063991630502E+01
   61   0.2095635705943189E+01
   62   0.2505505928828007E+01
   63   0.2119456969083874E+01
   64   0.1966868216981974E+01
   65   0.1740882809569473E+01
   66   0.1662374137606724E+01
   67   0.1877456236625200E+01
   68   0.1801016387190213E+01
   69   0.2001966831698851E+01
   70   0.1725256539802833E+01
   71   0.1561984037098467E+01
   72   0.1513536419787320E+01
   73   0.2125891552707075E+01
   74   0.1859853912492516E+01
   75   0.1429800131961803E+01
   76   0.1336549520317275E+01
   77   0.1560784647214210E+01
   78   0.1362669019988537E+01
   79   0.1052008581193179E+01
   80   0.1416948793258808E+01
   81   0.1425934373519536E+01
   82   0.1573220259383836E+01
   83   0.1194053272182471E+01
   84   0.1065357385267849E+01
   85   0.1241964076463633E+01
   86   0.1288557927176984E+01
   87   0.1322593147044594E+01
   88   0.1034488755552617E+01
   89   0.1161223132228849E+01
   90   0.1145985083459722E+01
   91   0.1187767225991733E+01
   92   0.1130585474310561E+01
   93   0.1086929892683843E+01
   94   0.9661349747562764E+00
   95   0.8420683052809796E+00
   96   0.8936205341577341E+00
   97   0.1039723716470786E+01
   98   0.7234133158227349E+00
   99   0.9748447979311103E+00
  100   0.9390548316898468E+00
  101   0.8679587935629007E+00
  102   0.9376055575856181E+00
  103   0.8429121107209698E+00
  104   0.9642268229532323E+00
  105   0.6673562910323136E+00
  106   0.8277526716283736E+00
  107   0.7777795345130734E+00
  108   0.9357565648076638E+00
  109   0.7451815887169406E+00
  110   0.8013868400837802E+00
  111   0.6949027707730946E+00
  112   0.6590241832787347E+00
  113   0.5869246659138594E+00
  114   0.5255049967731960E+00
  115   0.7004669256660327E+00
  116   0.7210934299983598E+00
  117   0.8186263753684633E+00
  118   0.6187597118503080E+00
  119   0.6121006781719767E+00
  120   0.5429275256224159E+00
  121   0.7486010746399571E+00
  122   0.5616812698276535E+00
  123   0.6106623081124927E+00
  124   0.4860058239258355E+00
  125   0.5288917260923764E+00
  126   0.5334448207687740E+00
  127   0.5558181008910621E+00
  128   0.5035825050998626E+00
  129   0.4643053247323417E+00
  130   0.5079672312217948E+00
  131   0.4321590956628184E+00
  132   0.4520408565668304E+00
  133   0.4736719046557939E+00
  134   0.4129392988868200E+00
  135   0.4417789326053616E+00
  136   0.4699903428859283E+00
  137   0.4145772145400343E+00
  138   0.4019236119257455E+00
  139   0.4050745164243298E+00
  140   0.4000923473018626E+00
  141   0.3822945766382112E+00
  142   0.3855941210504830E+00
  143   0.3878873560355112E+00
  144   0.3214357062973334E+00
  145   0.3912534448622200E+00
  146   0.3210179024374802E+00
  147   0.3201028702986735E+00
  148   0.3021836541866527E+00
  149   0.3033555488088622E+00
  150   0.3318366315687248E+00
  151   0.2807263178545895E+00
  152   0.2977503933552585E+00
  153   0.3206442683296508E+00
  154   0.2446321843905132E+00
  155   0.2673012973295957E+00
  156   0.2629721774136867E+00
  157   0.2431183914874084E+00
  158   0.2739111723144626E+00
  159   0.2533627316584861E+00
  160   0.2496356107950688E+00
  161   0.2353930390893009E+00
  162   0.2084179963652700E+00
  163   0.2264346899798410E+00
  164   0.2439806781600251E+00
  165   0.1995920716517993E+00
  166   0.2048885133951120E+00
  167   0.1940770726164794E+00
  168   0.2029537595212858E+00
  169   0.1765249903362442E+00
  170   0.1797585824125033E+00
  171   0.1680082563890547E+00
  172   0.2060432083818469E+00
  173   0.1815863099645463E+00
  174   0.1642167362529769E+00
  175   0.1597246208516433E+00
  176   0.1565877413531058E+00
  177   0.1444272577549917E+00
  178   0.1485556589566522E+00
  179   0.1662845967974945E+00
  180   0.1398710049310389E+00
  181   0.1192174370600785E+00
  182   0.1199519688555993E+00
  183   0.1274626322826955E+00
  184   0.1134107849903634E+00
  185   0.1321335469402903E+00
  186   0.1265013180322175E+00
  187   0.1032425477177277E+00
  188   0.1137791673662162E+00
  189   0.1161164489974812E+00
  190   0.1050437155541551E+00
  191   0.1045357235438943E+00
  192   0.1058478606376473E+00
  193   0.9554372711246284E-01
  194   0.9086799386716971E-01
  195   0.7548656642881690E-01
  196   0.8427504778928885E-01
  197   0.8151328508311395E-01
  198   0.8538027155903416E-01
  199   0.7579599518672364E-01
  200   0.8104422851586113E-01
  201   0.7460991541181727E-01
  202   0.7156656297921560E-01
  203   0.7754051317850674E-01
  204   0.7011119588737258E-01
  205   0.6465093765357000E-01
  206   0.6167654898449948E-01
  207   0.5600361847365964E-01
  208   0.6092960403866465E-01
  209   0.4952684892615611E-01
  210   0.5745193302370377E-01
  211   0.4995822527774674E-01
  212   0.5545869583436092E-01
  213   0.5020352731662270E-01
  214   0.4611072264734306E-01
  215   0.5145521845425838E-01
  216   0.4474109163793116E-01
  217   0.4046595914871165E-01
  218   0.4119497429853003E-01
  219   0.3892375739679566E-01
  220   0.4023009659496768E-01
  221   0.3850315865156329E-01
  222   0.3974056995260544E-01
  223   0.3418761997081665E-01
  224   0.3388857404161616E-01
  225   0.3100859189749750E-01
  226   0.3162013508203976E-01
  227   0.3314480264468567E-01
  228   0.2870851112956319E-01
  229   0.2601712140925039E-01
  230   0.2748147007952939E-01
  231   0.2802818498089399E-01
  232   0.2541582026559719E-01
  233   0.2723865346340937E-01
  234   0.2157159930989816E-01
  235   0.2293016529530079E-01
  236   0.2521652301010979E-01
  237   0.2060611489506370E-01
  238   0.2059522096950916E-01
  239   0.2046487948283848E-01
  240   0.2013330475164554E-01
  241   0.1765862309516497E-01
  242   0.1693926551293712E-01
  243   0.1605733495378481E-01
  244   0.1455297196316918E-01
  245   0.1776223403504740E-01
  246   0.1433194081166811E-01
  247   0.1502037118746458E-01
  248   0.1341436358457704E-01
  249   0.1118435257229577E-01
  250   0.1256930133434542E-01
  251   0.1263546221467771E-01
  252   0.1270574558185977E-01
  253   0.1140507247162226E-01
  254   0.1110765929056989E-01
  255   0.1031838214657188E-01
  256   0.9765746863596325E-02
  257   0.9195197837860936E-02
  258   0.1005920047020370E-01
  259   0.8018404370350729E-02
  260   0.9330817874503072E-02
  261   0.8058498476095521E-02
  262   0.8270029562677417E-02
  263   0.8073378249882746E-02
  264   0.7824188253274578E-02
  265   0.5817049854977108E-02
  266   0.7081706999203519E-02
  267   0.6435085917309680E-02
  268   0.5888196272526458E-02
  269   0.5388724906453368E-02
  270   0.4935363060218134E-02
  271   0.5972040998583172E-02
  272   0.5437679782812177E-02
  273   0.4690001744463879E-02
  274   0.4680369499103443E-02
  275   0.4632371642614097E-02
  276   0.3954978268762233E-02
  277   0.4658833758151015E-02
  278   0.4260813761399029E-02
  279   0.4463490303156514E-02
  280   0.3410139840448634E-02
  281   0.3523786171751586E-02
  282   0.3408019493827574E-02
  283   0.3775409174353650E-02
  284   0.3268878661856545E-02
  285   0.2927355910258667E-02
  286   0.3046808489274688E-02
  287   0.3019166207565316E-02
  288   0.2846741563067190E-02
  289   0.2883479565302383E-02
  290   0.2714169443930603E-02
  291   0.2091900455531315E-02
  292   0.2542668093309441E-02
  293   0.1952291053028021E-02
  294   0.2236322742519559E-02
  295   0.2010060615015186E-02
  296   0.2273552791983602E-02
  297   0.2141439749353935E-02
  298   0.1819537120273385E-02
  299   0.1787365260991547E-02
  300   0.1829023303390687E-02
  301   0.1511119967099794E-02
  302   0.1870244869454196E-02
  303   0.1370226291108223E-02
  304   0.1572446705353392E-02
  305   0.1432971040688680E-02
  306   0.1386053675406673E-02
  307   0.1148601766554513E-02
  308   0.1361346764945259E-02
  309   0.1303152625048154E-02
  310   0.1325983127508756E-02
  311   0.1219019204914684E-02
  312   0.1191035847498023E-02
  313   0.1052998371604830E-02
  314   0.1004904867849932E-02
  315   0.1021416374413109E-02
  316   0.1009302166989523E-02
  317   0.8661059519409764E-03
  318   0.8280879783478245E-03
  319   0.9045115653762426E-03
  320   0.9243791092490294E-03
  321   0.9094277518046923E-03
  322   0.8721891346685773E-03
  323   0.8508844696296647E-03
  324   0.7611066135497224E-03
  325   0.7792245359924399E-03
  326   0.8055789206474762E-03
  327   0.9395761107294232E-03
  328   0.8844904004509102E-03
  329   0.7363813228628835E-03
  330   0.6356695232554721E-03
  331   0.7454099991337226E-03
  332   0.7407672522943831E-03
  333   0.6384382780018905E-03
  334   0.6785037906203994E-03
  335   0.7343196733224644E-03
  336   0.6236833704499900E-03
  337   0.6539150540578187E-03
  338   0.6150701961977756E-03
  339   0.7183449016157362E-03
  340   0.6475172676599361E-03
  341   0.5936787076377958E-03
  342   0.6341816653729071E-03
  343   0.6367598200716917E-03
  344   0.6127093812710871E-03
  345   0.5849174138171931E-03
  346   0.7437051331972977E-03
  347   0.4991129501513702E-03
  348   0.6440278273779632E-03
  349   0.6281019365542428E-03
  350   0.5939333053902318E-03
  351   0.6503751826450466E-03
  352   0.5808339814773744E-03
  353   0.7664680163353421E-03
  354   0.7000068665849180E-03
  355   0.7282775273670383E-03
  356   0.6773900027893520E-03
  357   0.6393972838313611E-03
  358   0.6154977947651491E-03
  359   0.7242439547364421E-03
  360   0.7062901513333608E-03
  361   0.7088868821187172E-03
  362   0.7612639093286661E-03
  363   0.6955700006102822E-03
  364   0.7619453866699877E-03
  365   0.6504692528017941E-03
  366   0.7136112063934053E-03
  367   0.7858088746050124E-03
  368   0.6525296714134238E-03
  369   0.7383472362962468E-03
  370   0.6953775300232584E-03
  371   0.7462897723874776E-03
  372   0.6754289180739698E-03
  373   0.7234304130160490E-03
  374   0.7220513512169457E-03
  375   0.7679752214287197E-03
  376   0.6923972331040820E-03
  377   0.7857426351446269E-03
  378   0.7399665880298799E-03
  379   0.7464504495206629E-03
  380   0.7573318150551102E-03
  381   0.8384730422169272E-03
  382   0.8578878308182682E-03
  383   0.8996302170120206E-03
