# nlmax, ncor, nside =         383           1         128
    0  -0.1587763642411155E+00
    1  -0.7536463103116708E-01
    2   0.1576340086295959E+03
    3   0.4858653780988503E+03
    4   0.2186357827337547E+03
    5   0.2977861334920700E+03
    6   0.9362845249650320E+02
    7   0.1181764105767562E+03
    8   0.5551858760939741E+02
    9   0.4084248189295825E+02
   10   0.5200546302389640E+02
   11   0.4440245234715261E+02
   12   0.3228972633448417E+02
   13   0.2412098205448723E+02
   14   0.2352640552677285E+02
   15   0.2128063426084361E+02
   16   0.1648012232680117E+02
   17   0.1803214260279912E+02
   18   0.1108091007857154E+02
   19   0.1448831613512757E+02
   20   0.1057980957016629E+02
   21   0.8814856264358292E+01
   22   0.6792768161850914E+01
   23   0.8536872441800224E+01
   24   0.8005509944335692E+01
   25   0.7583592559629631E+01
   26   0.7792542641348589E+01
   27   0.6537474405728103E+01
   28   0.8817645348515295E+01
   29   0.7155228253699701E+01
   30   0.5599470455874687E+01
   31   0.5255024152771693E+01
   32   0.7685389299949623E+01
   33   0.4938442235934823E+01
   34   0.5261365553041610E+01
   35   0.3917409238276751E+01
   36   0.4731322248433996E+01
   37   0.5505292119206176E+01
   38   0.4610484169653520E+01
   39   0.4088806965961996E+01
   40   0.6032588972325632E+01
   41   0.3605497772704752E+01
   42   0.3635960959657550E+01
   43   0.3587810434623900E+01
   44   0.3004563039300271E+01
   45   0.2560038027132899E+01
   46   0.3013108815511524E+01
   47   0.3839668760795260E+01
   48   0.2265829018217052E+01
   49   0.3168454962185925E+01
   50   0.3166276121592468E+01
   51   0.2204307300070612E+01
   52   0.2521728906887705E+01
   53   0.1837814559471192E+01
   54   0.1886421099918629E+01
   55   0.2157003331439092E+01
   56   0.2623062528750497E+01
   57   0.2347266961754447E+01
   58   0.2240863185927567E+01
   59   0.1652987662841145E+01
   60   0.1912933202264695E+01
   61   0.1788943308678371E+01
   62   0.2053195453620565E+01
   63   0.1822599689229092E+01
   64   0.1690197214408859E+01
   65   0.1496547581138874E+01
   66   0.1362258043879659E+01
   67   0.1516007817958287E+01
   68   0.1514704474335106E+01
   69   0.1634653649310539E+01
   70   0.1379232799597299E+01
   71   0.1276020882669861E+01
   72   0.1202023299766702E+01
   73   0.1642675655843966E+01
   74   0.1442181283182324E+01
   75   0.1108205591273460E+01
   76   0.1050708615499219E+01
   77   0.1235322869978207E+01
   78   0.1061591428942577E+01
   79   0.7936493647693217E+00
   80   0.1066211675757949E+01
   81   0.1045661822375178E+01
   82   0.1183872633218942E+01
   83   0.8924247094511597E+00
   84   0.8070017662603346E+00
   85   0.9029115415341522E+00
   86   0.9505902768136696E+00
   87   0.9419966047631332E+00
   88   0.7322016322322142E+00
   89   0.8417257032897849E+00
   90   0.8031990989607822E+00
   91   0.8479188920286589E+00
   92   0.7770260787630343E+00
   93   0.7506280230005022E+00
   94   0.6657523588134744E+00
   95   0.5664803355293346E+00
   96   0.5954816302722272E+00
   97   0.6707669422444908E+00
   98   0.4710085704231788E+00
   99   0.6440435161187876E+00
  100   0.6075038813180118E+00
  101   0.5643780180279923E+00
  102   0.6053613992074882E+00
  103   0.5385754652034964E+00
  104   0.6055209331922122E+00
  105   0.4197803114545315E+00
  106   0.5157383595889650E+00
  107   0.4586509683738835E+00
  108   0.5684738990747703E+00
  109   0.4475686126770486E+00
  110   0.4838812113567174E+00
  111   0.4094112004663438E+00
  112   0.3916733637215891E+00
  113   0.3395624960363268E+00
  114   0.2956635130846679E+00
  115   0.3982467159034713E+00
  116   0.4130669452576200E+00
  117   0.4500388972103944E+00
  118   0.3464338659302534E+00
  119   0.3287156430723909E+00
  120   0.2934802792980267E+00
  121   0.3915607057096175E+00
  122   0.2943005649234541E+00
  123   0.3160355950169751E+00
  124   0.2560216722813878E+00
  125   0.2726707059927104E+00
  126   0.2816002124091995E+00
  127   0.2715999177041353E+00
  128   0.2454718077165438E+00
  129   0.2303697559699662E+00
  130   0.2538079391398692E+00
  131   0.2118960967200728E+00
  132   0.2195726478111172E+00
  133   0.2239731807354047E+00
  134   0.1917043857299729E+00
  135   0.2027393044145938E+00
  136   0.2119899423228446E+00
  137   0.1863757530786623E+00
  138   0.1766990916008121E+00
  139   0.1746841493456156E+00
  140   0.1735702236145420E+00
  141   0.1646949466762159E+00
  142   0.1608434724690293E+00
  143   0.1606201502551339E+00
  144   0.1324779405247752E+00
  145   0.1529603075028138E+00
  146   0.1304426441233431E+00
  147   0.1284644336973209E+00
  148   0.1145133876491419E+00
  149   0.1175794779884298E+00
  150   0.1338795812869823E+00
  151   0.1059286928961337E+00
  152   0.1106026621778163E+00
  153   0.1176824650139831E+00
  154   0.8522749597535895E-01
  155   0.9667774340257584E-01
  156   0.9319802527380050E-01
  157   0.8726984342275912E-01
  158   0.9437493744607262E-01
  159   0.8777382868184302E-01
  160   0.8314146304820114E-01
  161   0.7712972574693910E-01
  162   0.6667272860175244E-01
  163   0.7142970630655132E-01
  164   0.7552030170691015E-01
  165   0.6267152422300215E-01
  166   0.6125888504945487E-01
  167   0.6030506347574827E-01
  168   0.5852116554445774E-01
  169   0.5298461601713200E-01
  170   0.5056751837570506E-01
  171   0.4801536271391016E-01
  172   0.5772756086260689E-01
  173   0.5372541744632542E-01
  174   0.4463436068593396E-01
  175   0.4360153281130930E-01
  176   0.4168861136275104E-01
  177   0.3994618334782085E-01
  178   0.3834464686683503E-01
  179   0.4469910697635560E-01
  180   0.3401083454389919E-01
  181   0.3145758198848847E-01
  182   0.2970986146810362E-01
  183   0.3190300603673912E-01
  184   0.2804497455136090E-01
  185   0.2995363646997062E-01
  186   0.3008547933082706E-01
  187   0.2286880985727791E-01
  188   0.2555332118625309E-01
  189   0.2509249289005888E-01
  190   0.2359958565672182E-01
  191   0.2203262527091099E-01
  192   0.2263095003601279E-01
  193   0.2118382582212219E-01
  194   0.1889293025802086E-01
  195   0.1525814808226422E-01
  196   0.1584020953074239E-01
  197   0.1573467081527635E-01
  198   0.1621290932621922E-01
  199   0.1532549479860867E-01
  200   0.1593320552702648E-01
  201   0.1472495651221628E-01
  202   0.1331343758228665E-01
  203   0.1368149764295945E-01
  204   0.1190657957237307E-01
  205   0.1192561805579329E-01
  206   0.1065151737918879E-01
  207   0.9452409298430497E-02
  208   0.9424524545931012E-02
  209   0.7782900870740406E-02
  210   0.9332586369716789E-02
  211   0.7881025143862130E-02
  212   0.8843283620458386E-02
  213   0.7722135606598846E-02
  214   0.7725906413320383E-02
  215   0.8145237580149844E-02
  216   0.7318418642789370E-02
  217   0.6804587088677261E-02
  218   0.6412466284790974E-02
  219   0.5763143751422839E-02
  220   0.6122768926451250E-02
  221   0.5887247302819532E-02
  222   0.4928935051352057E-02
  223   0.4791417681718424E-02
  224   0.4277849056471661E-02
  225   0.4367918753948152E-02
  226   0.4585946617666647E-02
  227   0.4285707671436878E-02
  228   0.3481541840765989E-02
  229   0.3380776221205917E-02
  230   0.3024196317979344E-02
  231   0.3314139927688697E-02
  232   0.3087203547240569E-02
  233   0.3539872053478832E-02
  234   0.2313313882592483E-02
  235   0.2579769981513769E-02
  236   0.2645916837779594E-02
  237   0.2493734265480718E-02
  238   0.2263708720712243E-02
  239   0.2126054893583640E-02
  240   0.2044997511818525E-02
  241   0.1768349100743305E-02
  242   0.1733176558794347E-02
  243   0.1912336008013660E-02
  244   0.1574363332015216E-02
  245   0.1610446759068851E-02
  246   0.1424322120765376E-02
  247   0.1640260396020388E-02
  248   0.1602616167970194E-02
  249   0.1258720787172152E-02
  250   0.1217672609795661E-02
  251   0.1341129068175850E-02
  252   0.1224148214565846E-02
  253   0.1430491619496488E-02
  254   0.1225726588237608E-02
  255   0.1239768095463556E-02
  256   0.1047796367134146E-02
  257   0.9514968880558472E-03
  258   0.1017948459009710E-02
  259   0.8506804941916246E-03
  260   0.1097476902744310E-02
  261   0.9630024016395455E-03
  262   0.9825477351750322E-03
  263   0.6431107521215895E-03
  264   0.9732380458829515E-03
  265   0.4730860562328632E-03
  266   0.7492700837052335E-03
  267   0.4970150285640296E-03
  268   0.6415540372416983E-03
  269   0.5746295890193820E-03
  270   0.5482627830922793E-03
  271   0.6034728482541274E-03
  272   0.6888823518309550E-03
  273   0.6340560344466617E-03
  274   0.5681884604377685E-03
  275   0.5903803315105427E-03
  276   0.4547596726128811E-03
  277   0.5536402661576179E-03
  278   0.4617586744536384E-03
  279   0.6302256079532831E-03
  280   0.5215159272437542E-03
  281   0.4912508900908330E-03
  282   0.4784345813539925E-03
  283   0.4911236508283734E-03
  284   0.4762331320879998E-03
  285   0.3683825793805995E-03
  286   0.4973052062431371E-03
  287   0.3488010905135508E-03
  288   0.4583489725861201E-03
  289   0.3910125703857070E-03
  290   0.3824130909659829E-03
  291   0.3503872898548144E-03
  292   0.2943996256043468E-03
  293   0.3781639592692621E-03
  294   0.3285885110226316E-03
  295   0.4894295497678836E-03
  296   0.4258340190862464E-03
  297   0.4326225192372579E-03
  298   0.3327480543985906E-03
  299   0.3530558300907649E-03
  300   0.3797426905358670E-03
  301   0.3628555813801615E-03
  302   0.3799214699194420E-03
  303   0.3812450084528241E-03
  304   0.3689094832087236E-03
  305   0.3993747334871678E-03
  306   0.3784693899308023E-03
  307   0.3585949691833901E-03
  308   0.4010273301107703E-03
  309   0.4681523976612922E-03
  310   0.3664608397582758E-03
  311   0.5043487028225102E-03
  312   0.3417129500180582E-03
  313   0.4227888423005144E-03
  314   0.3240816188816442E-03
  315   0.4305674881422417E-03
  316   0.3355873847362689E-03
  317   0.4697804825439800E-03
  318   0.3986407834332129E-03
  319   0.3359693518075746E-03
  320   0.3606477354496096E-03
  321   0.3798950818271751E-03
  322   0.2882271457252950E-03
  323   0.3529439548865809E-03
  324   0.3480973471098325E-03
  325   0.3525734349172638E-03
  326   0.3507795685093462E-03
  327   0.3727917580715612E-03
  328   0.3325754800380387E-03
  329   0.3745151708204053E-03
  330   0.3485480062312973E-03
  331   0.3315836390254123E-03
  332   0.3390603241382184E-03
  333   0.3133132901803892E-03
  334   0.3782187603881826E-03
  335   0.3630447730963438E-03
  336   0.4133327311965640E-03
  337   0.3683704094356310E-03
  338   0.4088534597103399E-03
  339   0.3569372959058015E-03
  340   0.3396621249173171E-03
  341   0.3378564925574923E-03
  342   0.2890233706735190E-03
  343   0.3761216082662222E-03
  344   0.3307682209259533E-03
  345   0.3380025500974160E-03
  346   0.2958147336452888E-03
  347   0.3541829425327825E-03
  348   0.3029359612813365E-03
  349   0.3688467454088240E-03
  350   0.3096292073932472E-03
  351   0.3150259280182144E-03
  352   0.3542314049179984E-03
  353   0.3162767622410245E-03
  354   0.3482579056617169E-03
  355   0.3029513610150053E-03
  356   0.3260453168555388E-03
  357   0.3203384697320205E-03
  358   0.4175611836768484E-03
  359   0.4391293331003354E-03
  360   0.3802653170230236E-03
  361   0.3696220938747274E-03
  362   0.4063627404458647E-03
  363   0.3363965848078992E-03
  364   0.3941584689923505E-03
  365   0.3726496501795795E-03
  366   0.3929043751011718E-03
  367   0.3434395453502381E-03
  368   0.3632071571705309E-03
  369   0.3462301428457590E-03
  370   0.3886185365612957E-03
  371   0.3733260936630844E-03
  372   0.4173705198627017E-03
  373   0.3842047209194344E-03
  374   0.4435784142538812E-03
  375   0.4057323790697120E-03
  376   0.4223046251056184E-03
  377   0.4650681887776939E-03
  378   0.4404581218196771E-03
  379   0.4761581006474495E-03
  380   0.5496733801512686E-03
  381   0.5307203992336931E-03
  382   0.5887507339807346E-03
  383   0.5948776600548170E-03
