0.000000000000000000e+00 -2.939062282933835135e+01
1.000000000000000000e+00 -3.015852580463364063e+01
2.000000000000000000e+00 1.010550844369126651e+02
3.000000000000000000e+00 2.588500676521342712e+02
4.000000000000000000e+00 2.329211947085207157e+02
5.000000000000000000e+00 2.337186673268896016e+02
6.000000000000000000e+00 7.631915041278620038e+01
7.000000000000000000e+00 7.020753638968113819e+01
8.000000000000000000e+00 6.092259939607177444e+01
9.000000000000000000e+00 7.013488389682966329e+01
1.000000000000000000e+01 2.601660605937224702e+01
1.100000000000000000e+01 5.447528279967639264e+01
1.200000000000000000e+01 2.136747356246893759e+01
1.300000000000000000e+01 1.792958136270622660e+01
1.400000000000000000e+01 2.587829308109804671e+01
1.500000000000000000e+01 2.601020964445751105e+01
1.600000000000000000e+01 1.976988962663998350e+01
1.700000000000000000e+01 2.898808931362954411e+01
1.800000000000000000e+01 1.354959227266634514e+01
1.900000000000000000e+01 1.219160114448928844e+01
2.000000000000000000e+01 1.019573439002358128e+01
2.100000000000000000e+01 7.909548002221028717e+00
2.200000000000000000e+01 7.954184287908494078e+00
2.300000000000000000e+01 7.848125393317715748e+00
2.400000000000000000e+01 8.271972921379640908e+00
2.500000000000000000e+01 5.414242202796315517e+00
2.600000000000000000e+01 8.999270129594510337e+00
2.700000000000000000e+01 8.268871590449066389e+00
2.800000000000000000e+01 9.009564503301231042e+00
2.900000000000000000e+01 8.247068491291436487e+00
3.000000000000000000e+01 7.314736312873323598e+00
3.100000000000000000e+01 5.917937372886734160e+00
3.200000000000000000e+01 8.289628538831967930e+00
3.300000000000000000e+01 5.521653719343465383e+00
3.400000000000000000e+01 5.366141113394946593e+00
3.500000000000000000e+01 4.215305653711137523e+00
3.600000000000000000e+01 4.480534081120690182e+00
3.700000000000000000e+01 5.836670432872577585e+00
3.800000000000000000e+01 5.562692544179631327e+00
3.900000000000000000e+01 4.298338198792756693e+00
4.000000000000000000e+01 5.847467411535992809e+00
4.100000000000000000e+01 4.201208756331385352e+00
4.200000000000000000e+01 4.828505581162877647e+00
4.300000000000000000e+01 3.881682006580398969e+00
4.400000000000000000e+01 4.081000884991063060e+00
4.500000000000000000e+01 2.843151720150533635e+00
4.600000000000000000e+01 2.651519881115222077e+00
4.700000000000000000e+01 4.211912969357482162e+00
4.800000000000000000e+01 2.211244803191347419e+00
4.900000000000000000e+01 3.263715066012286226e+00
5.000000000000000000e+01 3.945787727611493878e+00
5.100000000000000000e+01 2.239854453111011612e+00
5.200000000000000000e+01 2.790098754017213523e+00
5.300000000000000000e+01 2.028695768468071314e+00
5.400000000000000000e+01 1.967770658389875083e+00
5.500000000000000000e+01 2.708641280115832828e+00
5.600000000000000000e+01 2.815636182377531771e+00
5.700000000000000000e+01 2.651514346528238697e+00
5.800000000000000000e+01 2.677761850035055513e+00
5.900000000000000000e+01 2.006427583516835700e+00
6.000000000000000000e+01 2.178053575079948345e+00
6.100000000000000000e+01 1.909905953938702439e+00
6.200000000000000000e+01 2.564242468603132430e+00
6.300000000000000000e+01 1.905095525904636933e+00
6.400000000000000000e+01 1.472620840089966965e+00
6.500000000000000000e+01 1.880680428472470744e+00
6.600000000000000000e+01 1.810246105740025424e+00
6.700000000000000000e+01 1.817243866681342856e+00
6.800000000000000000e+01 1.709101335392368526e+00
6.900000000000000000e+01 2.253757411572656189e+00
7.000000000000000000e+01 1.458241135849722259e+00
7.100000000000000000e+01 1.769077104202614548e+00
7.200000000000000000e+01 1.309072577830423745e+00
7.300000000000000000e+01 2.184112626286230707e+00
7.400000000000000000e+01 1.715990048744026275e+00
7.500000000000000000e+01 1.332774386825367863e+00
7.600000000000000000e+01 1.339959314300897208e+00
7.700000000000000000e+01 1.594676881317450778e+00
7.800000000000000000e+01 1.207749040830675691e+00
7.900000000000000000e+01 1.020523051459437669e+00
8.000000000000000000e+01 1.517507840109164396e+00
8.100000000000000000e+01 1.410586831540764807e+00
8.200000000000000000e+01 1.716795327096271251e+00
8.300000000000000000e+01 1.158118319433933729e+00
8.400000000000000000e+01 9.690696842223649465e-01
8.500000000000000000e+01 1.271662069802185879e+00
8.600000000000000000e+01 1.362099627898292864e+00
8.700000000000000000e+01 1.147844600425065753e+00
8.800000000000000000e+01 8.712919635319814615e-01
8.900000000000000000e+01 1.290898819847347889e+00
9.000000000000000000e+01 9.866629207496405707e-01
9.100000000000000000e+01 1.153376665843437454e+00
9.200000000000000000e+01 1.067542623336230845e+00
9.300000000000000000e+01 1.236367007825954323e+00
9.400000000000000000e+01 1.014850234082870450e+00
9.500000000000000000e+01 8.449391720904969594e-01
9.600000000000000000e+01 9.097674833484528101e-01
9.700000000000000000e+01 9.411962708385456233e-01
9.800000000000000000e+01 7.143546875957760278e-01
9.900000000000000000e+01 1.098957255822932799e+00
1.000000000000000000e+02 9.801142041884204348e-01
1.010000000000000000e+02 9.136877042381241765e-01
1.020000000000000000e+02 8.348289025627245730e-01
1.030000000000000000e+02 7.595609379661081295e-01
1.040000000000000000e+02 1.013513453295863176e+00
1.050000000000000000e+02 7.077234147812954124e-01
1.060000000000000000e+02 7.635203542412944966e-01
1.070000000000000000e+02 8.567555726603650612e-01
1.080000000000000000e+02 1.014438965957423111e+00
1.090000000000000000e+02 7.929400443307477175e-01
1.100000000000000000e+02 8.395714764622277393e-01
1.110000000000000000e+02 6.614738942412872191e-01
1.120000000000000000e+02 7.779989953861685681e-01
1.130000000000000000e+02 5.449197395310809711e-01
1.140000000000000000e+02 4.526754341006335447e-01
1.150000000000000000e+02 7.016505129347083702e-01
1.160000000000000000e+02 8.287380307449597749e-01
1.170000000000000000e+02 7.766684542751586262e-01
1.180000000000000000e+02 6.829834260837818194e-01
1.190000000000000000e+02 5.920378523794109782e-01
1.200000000000000000e+02 4.027701696733349546e-01
1.210000000000000000e+02 7.462865982474502502e-01
1.220000000000000000e+02 6.184694865606618075e-01
1.230000000000000000e+02 6.162599722908775890e-01
1.240000000000000000e+02 4.375884160869928374e-01
1.250000000000000000e+02 5.387344561724541903e-01
1.260000000000000000e+02 5.212117560251363635e-01
1.270000000000000000e+02 5.436010281247131148e-01
1.280000000000000000e+02 5.422348728302434084e-01
1.290000000000000000e+02 4.351051346034061629e-01
1.300000000000000000e+02 5.413044074256319060e-01
1.310000000000000000e+02 3.844038222057546972e-01
1.320000000000000000e+02 4.072000864060629777e-01
1.330000000000000000e+02 4.685143427216897360e-01
1.340000000000000000e+02 4.005322641392483063e-01
1.350000000000000000e+02 5.056746342114567527e-01
1.360000000000000000e+02 5.496068814405200564e-01
1.370000000000000000e+02 4.087530583941548223e-01
1.380000000000000000e+02 4.213909762348861943e-01
1.390000000000000000e+02 4.297138374411461625e-01
1.400000000000000000e+02 3.944535107482937120e-01
1.410000000000000000e+02 4.066913822791553557e-01
1.420000000000000000e+02 3.815516063266785052e-01
1.430000000000000000e+02 3.523194406635253295e-01
1.440000000000000000e+02 3.485288380568442590e-01
1.450000000000000000e+02 4.302886531460783925e-01
1.460000000000000000e+02 3.283712175304953074e-01
1.470000000000000000e+02 3.119553579471491256e-01
1.480000000000000000e+02 2.966828180389654568e-01
1.490000000000000000e+02 2.373290953437915407e-01
1.500000000000000000e+02 3.300894092947312397e-01
1.510000000000000000e+02 2.710926624383410699e-01
1.520000000000000000e+02 2.747116824180522165e-01
1.530000000000000000e+02 3.103694860323872318e-01
1.540000000000000000e+02 2.193509126914200968e-01
1.550000000000000000e+02 2.989127348030139464e-01
1.560000000000000000e+02 2.767746248594414316e-01
1.570000000000000000e+02 2.501025253909578971e-01
1.580000000000000000e+02 2.972506971366231654e-01
1.590000000000000000e+02 2.576094597788120555e-01
1.600000000000000000e+02 2.688522192945050904e-01
1.610000000000000000e+02 2.331090562270048128e-01
1.620000000000000000e+02 2.007512037290568874e-01
1.630000000000000000e+02 2.067867098562730099e-01
1.640000000000000000e+02 2.188363406982258008e-01
1.650000000000000000e+02 2.050945349928902095e-01
1.660000000000000000e+02 2.248387718254623024e-01
1.670000000000000000e+02 2.464341387245933823e-01
1.680000000000000000e+02 1.950571703640982257e-01
1.690000000000000000e+02 1.789133476492699160e-01
1.700000000000000000e+02 1.724912752197986787e-01
1.710000000000000000e+02 1.558002286533456959e-01
1.720000000000000000e+02 1.728117448892746988e-01
1.730000000000000000e+02 1.733805140246642840e-01
1.740000000000000000e+02 1.487390753987551939e-01
1.750000000000000000e+02 1.592263285103732162e-01
1.760000000000000000e+02 1.563991234326777835e-01
1.770000000000000000e+02 1.434324861602644940e-01
1.780000000000000000e+02 1.277484595828409231e-01
1.790000000000000000e+02 1.785669903827919458e-01
1.800000000000000000e+02 1.414078698808017009e-01
1.810000000000000000e+02 1.016378553433646970e-01
1.820000000000000000e+02 1.009195197706303088e-01
1.830000000000000000e+02 1.053401627190998224e-01
1.840000000000000000e+02 1.275014978527438392e-01
1.850000000000000000e+02 1.390147128898496232e-01
1.860000000000000000e+02 1.272635317085990814e-01
1.870000000000000000e+02 9.827984834806377523e-02
1.880000000000000000e+02 1.251370608033673393e-01
1.890000000000000000e+02 1.273945903779107880e-01
1.900000000000000000e+02 1.092713225572690267e-01
1.910000000000000000e+02 1.031329497925215222e-01
1.920000000000000000e+02 1.107153927012621414e-01
1.930000000000000000e+02 1.048351794093878714e-01
1.940000000000000000e+02 9.454380115436501753e-02
1.950000000000000000e+02 7.130057072780313088e-02
1.960000000000000000e+02 8.044351379579538219e-02
1.970000000000000000e+02 7.888027307508510555e-02
1.980000000000000000e+02 7.758908037917408573e-02
1.990000000000000000e+02 6.692519043702109538e-02
2.000000000000000000e+02 7.330459759557615695e-02
2.010000000000000000e+02 6.976177797766025535e-02
2.020000000000000000e+02 6.681634950465580036e-02
2.030000000000000000e+02 7.040325114931339501e-02
2.040000000000000000e+02 6.866120704896121196e-02
2.050000000000000000e+02 6.566733031829788403e-02
2.060000000000000000e+02 5.364474819677708672e-02
2.070000000000000000e+02 5.692059021589303963e-02
2.080000000000000000e+02 5.367529870394849995e-02
2.090000000000000000e+02 4.780885786604362891e-02
2.100000000000000000e+02 5.322629770682291150e-02
2.110000000000000000e+02 4.710622458383187383e-02
2.120000000000000000e+02 4.961025459538495608e-02
2.130000000000000000e+02 5.725891838960046193e-02
2.140000000000000000e+02 4.064074127658270225e-02
2.150000000000000000e+02 5.089653224207356386e-02
2.160000000000000000e+02 4.745321774244364021e-02
2.170000000000000000e+02 3.796295510567365694e-02
2.180000000000000000e+02 4.582542086982011736e-02
2.190000000000000000e+02 4.054550298479717846e-02
2.200000000000000000e+02 3.996326116675726070e-02
2.210000000000000000e+02 4.266742702747913785e-02
2.220000000000000000e+02 4.061593080196090888e-02
2.230000000000000000e+02 3.508184928169576916e-02
2.240000000000000000e+02 3.315233914631060541e-02
2.250000000000000000e+02 2.859391939942538402e-02
2.260000000000000000e+02 3.457373755380393349e-02
2.270000000000000000e+02 3.423688711872673041e-02
2.280000000000000000e+02 2.484272866482968925e-02
2.290000000000000000e+02 2.509038939349890474e-02
2.300000000000000000e+02 2.608414168622331941e-02
2.310000000000000000e+02 3.017030669632474182e-02
2.320000000000000000e+02 2.893509546496940768e-02
2.330000000000000000e+02 2.671234797491144758e-02
2.340000000000000000e+02 1.858716085071576360e-02
2.350000000000000000e+02 2.027683632305078698e-02
2.360000000000000000e+02 2.162440966296807696e-02
2.370000000000000000e+02 1.990343207404465450e-02
2.380000000000000000e+02 2.155629646699582999e-02
2.390000000000000000e+02 1.822685001218915871e-02
2.400000000000000000e+02 2.198915458380920271e-02
2.410000000000000000e+02 2.051231610554400328e-02
2.420000000000000000e+02 1.598211107042815313e-02
2.430000000000000000e+02 1.677919881627684337e-02
2.440000000000000000e+02 1.237795107608735158e-02
2.450000000000000000e+02 1.660363186367816782e-02
2.460000000000000000e+02 1.537419181616332502e-02
2.470000000000000000e+02 1.667306005061315946e-02
2.480000000000000000e+02 1.450498428289427946e-02
2.490000000000000000e+02 1.292706227869138032e-02
2.500000000000000000e+02 9.936671027159185710e-03
2.510000000000000000e+02 1.219248895546210312e-02
2.520000000000000000e+02 1.294236479090001349e-02
2.530000000000000000e+02 1.138009369839206378e-02
2.540000000000000000e+02 7.526186370373486902e-03
2.550000000000000000e+02 9.831374653160402863e-03
2.560000000000000000e+02 1.033446679612987085e-02
2.570000000000000000e+02 9.768924734774205032e-03
2.580000000000000000e+02 8.742530460835461897e-03
2.590000000000000000e+02 7.464190581401081680e-03
2.600000000000000000e+02 9.595269842858364720e-03
2.610000000000000000e+02 6.126066412611016858e-03
2.620000000000000000e+02 9.523906211420803125e-03
2.630000000000000000e+02 8.983406075048458103e-03
2.640000000000000000e+02 7.751928242659913808e-03
2.650000000000000000e+02 6.064465224065270464e-03
2.660000000000000000e+02 5.985874496261790745e-03
2.670000000000000000e+02 5.885485012490148868e-03
2.680000000000000000e+02 6.640229925965956785e-03
2.690000000000000000e+02 5.505702706268327147e-03
2.700000000000000000e+02 5.029596723270464247e-03
2.710000000000000000e+02 5.526543605462787626e-03
2.720000000000000000e+02 7.435265968023532790e-03
2.730000000000000000e+02 4.212353436289859553e-03
2.740000000000000000e+02 5.392978921729838816e-03
2.750000000000000000e+02 4.113930155134650803e-03
2.760000000000000000e+02 2.977570039062699819e-03
2.770000000000000000e+02 5.078865724952860011e-03
2.780000000000000000e+02 2.452069578674658835e-03
2.790000000000000000e+02 4.069254449443416959e-03
2.800000000000000000e+02 2.881137485772687894e-03
2.810000000000000000e+02 3.347167817168815972e-03
2.820000000000000000e+02 4.468607986837741172e-03
2.830000000000000000e+02 3.213096837453437247e-03
2.840000000000000000e+02 2.989549619644346883e-03
2.850000000000000000e+02 2.381606432927808707e-03
2.860000000000000000e+02 2.768703527935631806e-03
2.870000000000000000e+02 3.184174842450052546e-03
2.880000000000000000e+02 2.252186702041756531e-03
2.890000000000000000e+02 2.871729378398036377e-03
2.900000000000000000e+02 3.156014769706733634e-03
2.910000000000000000e+02 2.330888637409549331e-03
2.920000000000000000e+02 2.860752097433007669e-03
2.930000000000000000e+02 2.657631242697374059e-03
2.940000000000000000e+02 2.178117243979466218e-03
2.950000000000000000e+02 1.957622320792725724e-03
2.960000000000000000e+02 2.011922725745578840e-03
2.970000000000000000e+02 1.832088997449366104e-03
2.980000000000000000e+02 1.978424054311680048e-03
2.990000000000000000e+02 2.636785772190125641e-03
3.000000000000000000e+02 2.052130460351819265e-03
3.010000000000000000e+02 1.158596393684526620e-03
3.020000000000000000e+02 1.723354771396939022e-03
3.030000000000000000e+02 1.349600701700947192e-03
3.040000000000000000e+02 1.026302485310022841e-03
3.050000000000000000e+02 1.823791468452288633e-03
3.060000000000000000e+02 5.567797280416016993e-04
3.070000000000000000e+02 7.680061592110310831e-04
3.080000000000000000e+02 1.351139322510038539e-03
3.090000000000000000e+02 1.647596359849753814e-03
3.100000000000000000e+02 1.337478917873970857e-03
3.110000000000000000e+02 1.581349173441586086e-03
3.120000000000000000e+02 1.453835096292543710e-03
3.130000000000000000e+02 1.247026405929306482e-03
3.140000000000000000e+02 1.289131350780813251e-03
3.150000000000000000e+02 2.572552202107202261e-04
3.160000000000000000e+02 9.120127560066819752e-04
3.170000000000000000e+02 8.438175308714329290e-04
3.180000000000000000e+02 1.026311513590756532e-03
3.190000000000000000e+02 1.196386308775681910e-03
3.200000000000000000e+02 1.118808503802157543e-03
3.210000000000000000e+02 6.613065757682356745e-04
3.220000000000000000e+02 5.880331514369212297e-04
3.230000000000000000e+02 8.222184970239956306e-04
3.240000000000000000e+02 6.527702226633399140e-04
3.250000000000000000e+02 1.177665304929289983e-03
3.260000000000000000e+02 9.546096352359391890e-04
3.270000000000000000e+02 1.058206745372427746e-03
3.280000000000000000e+02 9.343411430879749449e-04
3.290000000000000000e+02 1.240688088097138733e-03
3.300000000000000000e+02 8.908444957535146397e-04
3.310000000000000000e+02 5.953376810888948460e-04
3.320000000000000000e+02 6.069503283301913577e-04
3.330000000000000000e+02 4.850544547552100593e-04
3.340000000000000000e+02 7.977245751345763379e-04
3.350000000000000000e+02 4.585279608908093807e-04
3.360000000000000000e+02 6.251670791825422908e-04
3.370000000000000000e+02 1.037993347457117840e-03
3.380000000000000000e+02 6.773774181972833921e-04
3.390000000000000000e+02 6.328053206294512222e-04
3.400000000000000000e+02 9.662198375074190337e-04
3.410000000000000000e+02 9.860799794763344065e-04
3.420000000000000000e+02 9.745612637445799772e-04
3.430000000000000000e+02 9.085796592803900085e-04
3.440000000000000000e+02 7.650671134165604572e-04
3.450000000000000000e+02 7.985636390645335691e-04
3.460000000000000000e+02 5.442702277072833860e-04
3.470000000000000000e+02 6.715166725913645877e-04
3.480000000000000000e+02 5.577435093992431404e-04
3.490000000000000000e+02 9.661300315437436857e-04
3.500000000000000000e+02 1.015752691571427703e-03
3.510000000000000000e+02 9.803663767394019211e-04
3.520000000000000000e+02 8.101325438448755750e-04
3.530000000000000000e+02 8.372126089722448572e-04
3.540000000000000000e+02 7.670947634456651504e-04
3.550000000000000000e+02 9.256879554637055659e-04
3.560000000000000000e+02 5.160916698360071796e-04
3.570000000000000000e+02 7.944791955696566682e-04
3.580000000000000000e+02 8.584418406212191615e-04
3.590000000000000000e+02 1.277125242559561460e-03
3.600000000000000000e+02 9.809914814365068309e-04
3.610000000000000000e+02 1.175237691070037767e-03
3.620000000000000000e+02 9.129532709968992766e-04
3.630000000000000000e+02 1.020016912089833023e-03
3.640000000000000000e+02 8.566228484081197169e-04
3.650000000000000000e+02 8.504609559776015902e-04
3.660000000000000000e+02 8.136012731890151974e-04
3.670000000000000000e+02 8.122880575487202237e-04
3.680000000000000000e+02 9.214846433856941970e-04
3.690000000000000000e+02 1.397673859407608330e-03
3.700000000000000000e+02 8.635474966481361276e-04
3.710000000000000000e+02 8.980160629853217811e-04
3.720000000000000000e+02 5.868965745194918218e-04
3.730000000000000000e+02 9.905512994599964018e-04
3.740000000000000000e+02 1.314117680318076242e-03
3.750000000000000000e+02 1.357912679157675375e-03
3.760000000000000000e+02 1.578238981178639241e-03
3.770000000000000000e+02 9.432540347638601174e-04
3.780000000000000000e+02 1.438612240259221292e-03
3.790000000000000000e+02 1.131424349793015097e-03
3.800000000000000000e+02 1.731667304409446320e-03
3.810000000000000000e+02 1.205042485803037257e-03
3.820000000000000000e+02 1.505091630012952682e-03
3.830000000000000000e+02 1.488022530370661537e-03
