# nlmax, ncor, nside =         383           1         128
    0  -0.1522510567503119E+02
    1  -0.1334207101715960E+02
    2   0.9576292790392573E+02
    3   0.2314497342231942E+03
    4   0.2412134324392246E+03
    5   0.2272729943612827E+03
    6   0.7561675008982228E+02
    7   0.7347961842610712E+02
    8   0.6232216054298576E+02
    9   0.7237977346925085E+02
   10   0.2673315287515350E+02
   11   0.5652037777129864E+02
   12   0.2159464207432769E+02
   13   0.1788911893292070E+02
   14   0.2632329944247675E+02
   15   0.2607864621103101E+02
   16   0.1980508395907115E+02
   17   0.2943051065870331E+02
   18   0.1359880072201923E+02
   19   0.1243761403410064E+02
   20   0.1039548966770104E+02
   21   0.8217619296302971E+01
   22   0.7999095983030936E+01
   23   0.7941814952210038E+01
   24   0.8321962213787952E+01
   25   0.5634502838816902E+01
   26   0.9089626054288912E+01
   27   0.8405617278352674E+01
   28   0.9090722093919663E+01
   29   0.8186312677653302E+01
   30   0.7393054692175757E+01
   31   0.5984256836729112E+01
   32   0.8411266458328326E+01
   33   0.5490750000358756E+01
   34   0.5424713964998671E+01
   35   0.4286710912432125E+01
   36   0.4549740238867031E+01
   37   0.5878384914771865E+01
   38   0.5639967916674982E+01
   39   0.4291369132916432E+01
   40   0.5881473224164914E+01
   41   0.4266728612194573E+01
   42   0.4862446140592885E+01
   43   0.3879811949598281E+01
   44   0.4121310306328768E+01
   45   0.2866660071833262E+01
   46   0.2636899549333881E+01
   47   0.4242897342567762E+01
   48   0.2204675617618312E+01
   49   0.3301879795842099E+01
   50   0.3922200617327468E+01
   51   0.2216364876686337E+01
   52   0.2871918291012727E+01
   53   0.2084503219565921E+01
   54   0.1932254141355481E+01
   55   0.2701567571290394E+01
   56   0.2888492742711915E+01
   57   0.2636572107164925E+01
   58   0.2685366474185959E+01
   59   0.2024863493492440E+01
   60   0.2233593689346574E+01
   61   0.1933874725319278E+01
   62   0.2602250155320284E+01
   63   0.1935430445672173E+01
   64   0.1495343264987479E+01
   65   0.1894679756797244E+01
   66   0.1856715137792505E+01
   67   0.1842329968680588E+01
   68   0.1693883214468706E+01
   69   0.2240131552316977E+01
   70   0.1468168553897349E+01
   71   0.1790228901361470E+01
   72   0.1329747568194106E+01
   73   0.2211931870740475E+01
   74   0.1761280575643396E+01
   75   0.1367143538698495E+01
   76   0.1364152659131676E+01
   77   0.1595861006398542E+01
   78   0.1213082206551952E+01
   79   0.1030221184054136E+01
   80   0.1521719135130910E+01
   81   0.1404053568207145E+01
   82   0.1711608792882696E+01
   83   0.1157893221066394E+01
   84   0.9651329602239247E+00
   85   0.1306904679844475E+01
   86   0.1381451319449174E+01
   87   0.1180150782965584E+01
   88   0.8969871949261072E+00
   89   0.1306401590162829E+01
   90   0.9919080288886777E+00
   91   0.1156100391823882E+01
   92   0.1079721900222480E+01
   93   0.1236219315786984E+01
   94   0.1024824022906194E+01
   95   0.8368058839393200E+00
   96   0.9223377870280862E+00
   97   0.9612341148646670E+00
   98   0.7228791844621714E+00
   99   0.1088304885986431E+01
  100   0.9818334644697257E+00
  101   0.9155829549021723E+00
  102   0.8528571183269551E+00
  103   0.7702396358576939E+00
  104   0.1022575661191592E+01
  105   0.7027981377581649E+00
  106   0.7623585653714184E+00
  107   0.8573617723225411E+00
  108   0.1011687824423135E+01
  109   0.7950306524567055E+00
  110   0.8541038749426133E+00
  111   0.6697967800433144E+00
  112   0.7864578265781614E+00
  113   0.5327600609478429E+00
  114   0.4635594746894385E+00
  115   0.6994335249062472E+00
  116   0.8338811613205931E+00
  117   0.7902747768728030E+00
  118   0.6882307818230214E+00
  119   0.5922367786979587E+00
  120   0.4117178487252013E+00
  121   0.7476712063625554E+00
  122   0.6163829237026963E+00
  123   0.6184530709595667E+00
  124   0.4293514886350130E+00
  125   0.5373559025774272E+00
  126   0.5179499228231167E+00
  127   0.5429794029358721E+00
  128   0.5600339352187859E+00
  129   0.4444824019046539E+00
  130   0.5396586157134146E+00
  131   0.3945277307018017E+00
  132   0.4056302714134046E+00
  133   0.4703530394202670E+00
  134   0.4020168854355614E+00
  135   0.5031758656111546E+00
  136   0.5536978828416559E+00
  137   0.4078050112740090E+00
  138   0.4192425634019331E+00
  139   0.4318491566980870E+00
  140   0.3978707837833074E+00
  141   0.4031381613764535E+00
  142   0.3787143729821602E+00
  143   0.3590125944848532E+00
  144   0.3421289658991420E+00
  145   0.4327093620379804E+00
  146   0.3245911499717515E+00
  147   0.3147409749438321E+00
  148   0.2982731111926797E+00
  149   0.2369373062222188E+00
  150   0.3230182209292054E+00
  151   0.2724104609789081E+00
  152   0.2824323244213479E+00
  153   0.3130543374853472E+00
  154   0.2196119657537110E+00
  155   0.3035461161990699E+00
  156   0.2777645526176702E+00
  157   0.2525302077346867E+00
  158   0.3008060968703417E+00
  159   0.2591722832582595E+00
  160   0.2666011620599978E+00
  161   0.2332427876942692E+00
  162   0.2008054070935849E+00
  163   0.2077549188360917E+00
  164   0.2227941223421896E+00
  165   0.2061388499488054E+00
  166   0.2272227598313162E+00
  167   0.2473168677594635E+00
  168   0.1951994182581548E+00
  169   0.1760029373833569E+00
  170   0.1738479431616021E+00
  171   0.1601735331041618E+00
  172   0.1736407434428308E+00
  173   0.1763005549624936E+00
  174   0.1495307289412378E+00
  175   0.1587031514578355E+00
  176   0.1553816118987179E+00
  177   0.1427413154980375E+00
  178   0.1287001459759594E+00
  179   0.1806343958484349E+00
  180   0.1440220801319073E+00
  181   0.1017826376256772E+00
  182   0.1036622838524601E+00
  183   0.1042063696608997E+00
  184   0.1260853909488107E+00
  185   0.1404069713458088E+00
  186   0.1263369965099681E+00
  187   0.9899556151254885E-01
  188   0.1266740980534464E+00
  189   0.1278323984912439E+00
  190   0.1097219402536282E+00
  191   0.1050374515225011E+00
  192   0.1126482292739780E+00
  193   0.1031999903721680E+00
  194   0.9400071871382221E-01
  195   0.7265274966381219E-01
  196   0.8127978190965623E-01
  197   0.7839377437876183E-01
  198   0.7756001128281187E-01
  199   0.6817365962336008E-01
  200   0.7289059738147607E-01
  201   0.6874062435479511E-01
  202   0.6735633185207091E-01
  203   0.7046454199534125E-01
  204   0.6830913078544520E-01
  205   0.6537505255645060E-01
  206   0.5475140768438491E-01
  207   0.5675445618593544E-01
  208   0.5466901221558085E-01
  209   0.4777979066674121E-01
  210   0.5419470853491859E-01
  211   0.4745869999500141E-01
  212   0.4874488436980451E-01
  213   0.5537152094586928E-01
  214   0.4009457645438985E-01
  215   0.5046450294964666E-01
  216   0.4759562683522756E-01
  217   0.3793860483253297E-01
  218   0.4493448525897725E-01
  219   0.4072553312843263E-01
  220   0.4039627855029904E-01
  221   0.4373883866711181E-01
  222   0.4107946758808423E-01
  223   0.3416579925795860E-01
  224   0.3233405853738047E-01
  225   0.2847161446871815E-01
  226   0.3495333242489518E-01
  227   0.3367958727264930E-01
  228   0.2443949862685557E-01
  229   0.2535124454351190E-01
  230   0.2597199524035887E-01
  231   0.3047157915320797E-01
  232   0.2838976158039896E-01
  233   0.2650534569356344E-01
  234   0.1835482837222413E-01
  235   0.2011574026283647E-01
  236   0.2183536393990415E-01
  237   0.1946884711304764E-01
  238   0.2116213346240403E-01
  239   0.1860342147178684E-01
  240   0.2183680817767975E-01
  241   0.2027218624597249E-01
  242   0.1587045162037792E-01
  243   0.1683513966522099E-01
  244   0.1244267725085524E-01
  245   0.1659566393360379E-01
  246   0.1535097663655172E-01
  247   0.1639403470434697E-01
  248   0.1432252515483923E-01
  249   0.1271550672970756E-01
  250   0.1017373334946325E-01
  251   0.1221865600593242E-01
  252   0.1284002882775592E-01
  253   0.1124843758718841E-01
  254   0.7342371111971002E-02
  255   0.9615405156742640E-02
  256   0.1037522702030369E-01
  257   0.9530379042079762E-02
  258   0.8840950035224115E-02
  259   0.7374059765893892E-02
  260   0.9808857984663355E-02
  261   0.6146349872599766E-02
  262   0.9617698961691956E-02
  263   0.8968502584992377E-02
  264   0.7742980027075075E-02
  265   0.6089342207887039E-02
  266   0.5868342752456845E-02
  267   0.5970177675731381E-02
  268   0.6436880995288385E-02
  269   0.5757120757852785E-02
  270   0.5124931391316812E-02
  271   0.5416824893703875E-02
  272   0.7359918182996250E-02
  273   0.4267801476129429E-02
  274   0.5633356720874005E-02
  275   0.4246184646918338E-02
  276   0.3108816414230164E-02
  277   0.5187491451909720E-02
  278   0.2482926567656973E-02
  279   0.4344187052797321E-02
  280   0.2901614638189054E-02
  281   0.3428822230493234E-02
  282   0.4626510057670952E-02
  283   0.3123962700270710E-02
  284   0.2865469085809536E-02
  285   0.2571184463895648E-02
  286   0.2870495781927163E-02
  287   0.3157595615124242E-02
  288   0.2401258844769272E-02
  289   0.2922578248436336E-02
  290   0.3220845084355439E-02
  291   0.2426032195419203E-02
  292   0.3061182279603558E-02
  293   0.2723028291286345E-02
  294   0.2300997111619185E-02
  295   0.2100718593894213E-02
  296   0.2196459489734182E-02
  297   0.1958498017656185E-02
  298   0.2158084825100659E-02
  299   0.2752832261759874E-02
  300   0.2194832574451300E-02
  301   0.1284388400684788E-02
  302   0.1971513923368640E-02
  303   0.1515261655623323E-02
  304   0.1131134070044393E-02
  305   0.1978459472794236E-02
  306   0.7482447046798790E-03
  307   0.9072280566889690E-03
  308   0.1556849754530021E-02
  309   0.1840593637446430E-02
  310   0.1575149827144962E-02
  311   0.1700625091509089E-02
  312   0.1580894906080155E-02
  313   0.1455327577553067E-02
  314   0.1487946469097112E-02
  315   0.4291442377741261E-03
  316   0.1201830399771953E-02
  317   0.1023329048876698E-02
  318   0.1248215291833998E-02
  319   0.1383565270460796E-02
  320   0.1413151063126006E-02
  321   0.8938344948851151E-03
  322   0.8149121711003016E-03
  323   0.1101402280277941E-02
  324   0.9571287171425413E-03
  325   0.1480393518469680E-02
  326   0.1229121010105166E-02
  327   0.1282681296637528E-02
  328   0.1186494945027594E-02
  329   0.1494027126156511E-02
  330   0.1140972997200396E-02
  331   0.9762414431943034E-03
  332   0.9335526295236873E-03
  333   0.7830150177263462E-03
  334   0.1090559405075547E-02
  335   0.8106711209809880E-03
  336   0.9355262968301636E-03
  337   0.1329327653629836E-02
  338   0.9752951996270520E-03
  339   0.9847025646842478E-03
  340   0.1300288914218184E-02
  341   0.1397599512443254E-02
  342   0.1329685742050418E-02
  343   0.1308486829055044E-02
  344   0.1108079818447655E-02
  345   0.1200944742703658E-02
  346   0.1003151515561712E-02
  347   0.1140585636696639E-02
  348   0.1073388125433228E-02
  349   0.1411620675687786E-02
  350   0.1475532818458497E-02
  351   0.1414262082355622E-02
  352   0.1342373564788668E-02
  353   0.1326878402616721E-02
  354   0.1338355350613107E-02
  355   0.1469499912012881E-02
  356   0.1031189213053965E-02
  357   0.1323261487596095E-02
  358   0.1357695111910015E-02
  359   0.1845667283746369E-02
  360   0.1602130429534915E-02
  361   0.1762146754526100E-02
  362   0.1559459765072255E-02
  363   0.1665455816453679E-02
  364   0.1509715785327423E-02
  365   0.1526339582712741E-02
  366   0.1514995444221651E-02
  367   0.1486574313735778E-02
  368   0.1631507076730696E-02
  369   0.2087756486012157E-02
  370   0.1645168729976040E-02
  371   0.1713445644701141E-02
  372   0.1392123648971282E-02
  373   0.1833892352427834E-02
  374   0.2243941468165318E-02
  375   0.2252752742646420E-02
  376   0.2503780191121567E-02
  377   0.1927997510717400E-02
  378   0.2474951417792349E-02
  379   0.2233561240928394E-02
  380   0.2941985594013166E-02
  381   0.2508568523091273E-02
  382   0.2985630568701823E-02
  383   0.3191231856584673E-02
