# nlmax, ncor, nside =         383           1         128
    0   0.1098687137063729E+00
    1   0.2540296243633718E+00
    2   0.1516343804487269E+03
    3   0.5172214405508055E+03
    4   0.2179497288173292E+03
    5   0.2906121365335316E+03
    6   0.1020630660987168E+03
    7   0.1184712673931720E+03
    8   0.5498176992755039E+02
    9   0.3735740154317900E+02
   10   0.5176804469582504E+02
   11   0.4465253317653772E+02
   12   0.3181489106508077E+02
   13   0.2500008339920452E+02
   14   0.2299860587133434E+02
   15   0.2201239532389978E+02
   16   0.1516847855751963E+02
   17   0.1761797128511329E+02
   18   0.1161145755247986E+02
   19   0.1537465814834219E+02
   20   0.1111234788539938E+02
   21   0.9089221199979459E+01
   22   0.7469914470715973E+01
   23   0.8941130101066381E+01
   24   0.8633445380415736E+01
   25   0.7920146525722836E+01
   26   0.8279390121023448E+01
   27   0.6698164432964772E+01
   28   0.9642828697414448E+01
   29   0.7880094403787108E+01
   30   0.5692147919590795E+01
   31   0.5809857505873952E+01
   32   0.8061826986725697E+01
   33   0.5009121619475758E+01
   34   0.5978498297940155E+01
   35   0.4361361828055881E+01
   36   0.5010905718849322E+01
   37   0.6212334806000618E+01
   38   0.4893871039149837E+01
   39   0.4329964177444402E+01
   40   0.6667860146980344E+01
   41   0.4409138796789263E+01
   42   0.4135025383940806E+01
   43   0.3925158579302013E+01
   44   0.3487440911031759E+01
   45   0.2915274247339760E+01
   46   0.3395354650823599E+01
   47   0.4167961114300957E+01
   48   0.2573026074960110E+01
   49   0.3621501679503906E+01
   50   0.3591503477926359E+01
   51   0.2662270369995122E+01
   52   0.2829469260027721E+01
   53   0.2227943074888560E+01
   54   0.2175866915015952E+01
   55   0.2571719446953012E+01
   56   0.3146711248265644E+01
   57   0.2629023341203714E+01
   58   0.2598686039949554E+01
   59   0.1945047912869843E+01
   60   0.2177020477156296E+01
   61   0.2112336571666718E+01
   62   0.2474501409270573E+01
   63   0.2174347469230839E+01
   64   0.1981236166324442E+01
   65   0.1888729881480970E+01
   66   0.1722363693843024E+01
   67   0.1879920197895383E+01
   68   0.1907361573735912E+01
   69   0.2076584638406698E+01
   70   0.1858638630461936E+01
   71   0.1608498511678838E+01
   72   0.1658462299760814E+01
   73   0.2047891102533386E+01
   74   0.1792899430558530E+01
   75   0.1457844033104337E+01
   76   0.1424200413542563E+01
   77   0.1648094447451478E+01
   78   0.1483128552970240E+01
   79   0.1115009557795506E+01
   80   0.1458165499361593E+01
   81   0.1461874451156016E+01
   82   0.1651982544020848E+01
   83   0.1278035015633792E+01
   84   0.1109861880857096E+01
   85   0.1266985603759481E+01
   86   0.1349067050478500E+01
   87   0.1274157513442288E+01
   88   0.1117166524017088E+01
   89   0.1184183774805289E+01
   90   0.1226608339142482E+01
   91   0.1199123725358481E+01
   92   0.1123572984575564E+01
   93   0.1112611919013972E+01
   94   0.1006735687894800E+01
   95   0.8809232627417872E+00
   96   0.9257403464991927E+00
   97   0.1047254017433336E+01
   98   0.7673397352322137E+00
   99   0.1010627636899646E+01
  100   0.9029657470624477E+00
  101   0.9150761982223873E+00
  102   0.9847326981604655E+00
  103   0.8664204078639068E+00
  104   0.9705717123351999E+00
  105   0.7555076963188724E+00
  106   0.8706775981900634E+00
  107   0.7752602090369626E+00
  108   0.9889031811358234E+00
  109   0.7780215896265321E+00
  110   0.8144086061465786E+00
  111   0.7678306319620660E+00
  112   0.6727577839541080E+00
  113   0.6722309984461234E+00
  114   0.5213680264214363E+00
  115   0.7199576001831186E+00
  116   0.7778834601942873E+00
  117   0.8207031548286671E+00
  118   0.6256529903885579E+00
  119   0.6391487152032292E+00
  120   0.5721706685663753E+00
  121   0.7365904158138190E+00
  122   0.5999921158817912E+00
  123   0.6348645275115049E+00
  124   0.5189214064890998E+00
  125   0.5431424931384119E+00
  126   0.5819010046927771E+00
  127   0.5346261622789983E+00
  128   0.5048317738927949E+00
  129   0.4776251650717519E+00
  130   0.5398859364894815E+00
  131   0.4456455959000358E+00
  132   0.4493927226896243E+00
  133   0.5118714862495056E+00
  134   0.4476637791696406E+00
  135   0.4511721300449970E+00
  136   0.4859633940653124E+00
  137   0.4599216395653128E+00
  138   0.4350819565271691E+00
  139   0.4150349155345665E+00
  140   0.4138033636022069E+00
  141   0.3862982996458676E+00
  142   0.4153498384997952E+00
  143   0.3993303843628753E+00
  144   0.3393916151812839E+00
  145   0.3909082465568459E+00
  146   0.3467635603284234E+00
  147   0.3514118225174447E+00
  148   0.3203541511533887E+00
  149   0.3291645440595695E+00
  150   0.3709837925761258E+00
  151   0.3015421723912240E+00
  152   0.3057832423058408E+00
  153   0.3328335251052255E+00
  154   0.2588810287438922E+00
  155   0.2742658654122369E+00
  156   0.2772390516128838E+00
  157   0.2524610229513736E+00
  158   0.2972767610909265E+00
  159   0.2539299119281819E+00
  160   0.2744630693748671E+00
  161   0.2478956694460589E+00
  162   0.2241305117447118E+00
  163   0.2441913915087103E+00
  164   0.2471167721890282E+00
  165   0.2145423495466285E+00
  166   0.2083860242832344E+00
  167   0.2117072146346922E+00
  168   0.2373365988781751E+00
  169   0.1924481977568949E+00
  170   0.1866836965942856E+00
  171   0.1722904713037167E+00
  172   0.2149069639186441E+00
  173   0.1858797239547442E+00
  174   0.1734157462258253E+00
  175   0.1765261750522170E+00
  176   0.1626953262675718E+00
  177   0.1464412804274208E+00
  178   0.1512598719934714E+00
  179   0.1772457082356668E+00
  180   0.1435676722123480E+00
  181   0.1244594024416034E+00
  182   0.1306558289225788E+00
  183   0.1412383513887031E+00
  184   0.1246602901348870E+00
  185   0.1464530291865405E+00
  186   0.1329410728277736E+00
  187   0.1124849018114963E+00
  188   0.1198009341532027E+00
  189   0.1225807827913883E+00
  190   0.1106865541713186E+00
  191   0.1176122413368701E+00
  192   0.1092788337361513E+00
  193   0.1056413478918558E+00
  194   0.1005607094909177E+00
  195   0.8149113427978559E-01
  196   0.9755890483570184E-01
  197   0.8559376612558685E-01
  198   0.9075848212568564E-01
  199   0.8313126760347046E-01
  200   0.8531927959609059E-01
  201   0.7841685391646273E-01
  202   0.7751992481116622E-01
  203   0.8635787183283088E-01
  204   0.7528385811783310E-01
  205   0.7300220369039284E-01
  206   0.6922801035457503E-01
  207   0.5886431496363007E-01
  208   0.6238595109665512E-01
  209   0.5533883260424925E-01
  210   0.5880601501544833E-01
  211   0.5054724102161972E-01
  212   0.5723723972252901E-01
  213   0.5036489781547335E-01
  214   0.4852940128094764E-01
  215   0.5237959131363309E-01
  216   0.4970899450118622E-01
  217   0.4189863578938867E-01
  218   0.4798140522882112E-01
  219   0.4179339634070307E-01
  220   0.4422708108182984E-01
  221   0.4283775038289821E-01
  222   0.4254486468731832E-01
  223   0.3731612324695470E-01
  224   0.3414527008096357E-01
  225   0.3312949064036682E-01
  226   0.3397840217513485E-01
  227   0.3573885860351256E-01
  228   0.3106132515401450E-01
  229   0.2662625992523526E-01
  230   0.2832857990437804E-01
  231   0.2896335950405158E-01
  232   0.2692247115449243E-01
  233   0.2691932462382950E-01
  234   0.2522347953335165E-01
  235   0.2499762480444062E-01
  236   0.2573797997332924E-01
  237   0.2256123808791400E-01
  238   0.2116562942279182E-01
  239   0.2150768745296672E-01
  240   0.2081514688545288E-01
  241   0.1967505308847900E-01
  242   0.1891815261612851E-01
  243   0.1821164785402042E-01
  244   0.1625294426379295E-01
  245   0.1929762933048084E-01
  246   0.1576543471351157E-01
  247   0.1693035324921956E-01
  248   0.1487482228197849E-01
  249   0.1282468500140974E-01
  250   0.1476067671787817E-01
  251   0.1311658823820210E-01
  252   0.1371093862657092E-01
  253   0.1153748696752023E-01
  254   0.1067322665777945E-01
  255   0.1099966052624575E-01
  256   0.1078854303851257E-01
  257   0.9628071668089166E-02
  258   0.9755210212509378E-02
  259   0.9557114327756100E-02
  260   0.9839739109659761E-02
  261   0.9319001576376702E-02
  262   0.9256012728179800E-02
  263   0.8932352204155473E-02
  264   0.7704341702934588E-02
  265   0.7212420085179936E-02
  266   0.8094718959836556E-02
  267   0.7301564074823771E-02
  268   0.6206229724109066E-02
  269   0.6406383345919101E-02
  270   0.5397758812964238E-02
  271   0.6686911620065317E-02
  272   0.6223066266303793E-02
  273   0.5369740987800122E-02
  274   0.5466808123094304E-02
  275   0.4678400627746546E-02
  276   0.4355665836869723E-02
  277   0.4856699077464604E-02
  278   0.4352857179673018E-02
  279   0.4464367560328994E-02
  280   0.3875179209310213E-02
  281   0.4024791182962882E-02
  282   0.3769923456678185E-02
  283   0.3922059751240646E-02
  284   0.3413066205092737E-02
  285   0.2887768129424717E-02
  286   0.3214109339470631E-02
  287   0.3179858694813657E-02
  288   0.2708779517820719E-02
  289   0.2888308015797411E-02
  290   0.2833364489232064E-02
  291   0.2313098325452229E-02
  292   0.2467185623176362E-02
  293   0.2392824620838112E-02
  294   0.2300519251235882E-02
  295   0.2263240963775648E-02
  296   0.2191815096945893E-02
  297   0.2113827842234205E-02
  298   0.1799396178391566E-02
  299   0.1856835813998496E-02
  300   0.2001731269787356E-02
  301   0.1743693191694102E-02
  302   0.1694721535065245E-02
  303   0.1428968631320564E-02
  304   0.1595823565703712E-02
  305   0.1484380973274985E-02
  306   0.1419117630544388E-02
  307   0.1243572580000321E-02
  308   0.1454593139767785E-02
  309   0.1298143514843875E-02
  310   0.1340903801622027E-02
  311   0.1182890649070645E-02
  312   0.1184317696965238E-02
  313   0.1012826369009943E-02
  314   0.9589834577088483E-03
  315   0.1059688189607215E-02
  316   0.9395372071358572E-03
  317   0.8858048691634557E-03
  318   0.8920968577161170E-03
  319   0.9098743459895827E-03
  320   0.8862551679101473E-03
  321   0.7524994494877841E-03
  322   0.8218899169071783E-03
  323   0.7468324787062353E-03
  324   0.7912801775794392E-03
  325   0.7736181437962285E-03
  326   0.6627328241704288E-03
  327   0.7059623171023519E-03
  328   0.6905873551478550E-03
  329   0.6453047547255250E-03
  330   0.6038724764849741E-03
  331   0.6215661823537466E-03
  332   0.6303898914032755E-03
  333   0.5915129560206285E-03
  334   0.5817571435208643E-03
  335   0.5556464932263511E-03
  336   0.5754980794062003E-03
  337   0.4978401457379402E-03
  338   0.5469474664962701E-03
  339   0.4645784553816508E-03
  340   0.5868523325190663E-03
  341   0.4290727062833308E-03
  342   0.4851693403276065E-03
  343   0.5171673995263448E-03
  344   0.4907499152643067E-03
  345   0.4672742020347664E-03
  346   0.4591899735510781E-03
  347   0.4639361449462539E-03
  348   0.4525397937709042E-03
  349   0.4720554720204062E-03
  350   0.4247115902151758E-03
  351   0.4279150404974094E-03
  352   0.4168684104227369E-03
  353   0.3988969766554597E-03
  354   0.3933832307186037E-03
  355   0.4088701978785990E-03
  356   0.3999824606350384E-03
  357   0.3968597338281096E-03
  358   0.3905917091110235E-03
  359   0.3818978091894665E-03
  360   0.3796175542963645E-03
  361   0.4152736802410024E-03
  362   0.3934387380602839E-03
  363   0.4021993665619213E-03
  364   0.3808882443360316E-03
  365   0.3929903938050143E-03
  366   0.3789682594758813E-03
  367   0.3764509093198970E-03
  368   0.3568499675980268E-03
  369   0.3734418906399414E-03
  370   0.3665617706625433E-03
  371   0.3907494732829487E-03
  372   0.3807771459827922E-03
  373   0.3553009922091029E-03
  374   0.3935050850887404E-03
  375   0.3876762445608435E-03
  376   0.3975526788617965E-03
  377   0.3644390781827662E-03
  378   0.3718077288182433E-03
  379   0.3495177300927940E-03
  380   0.3779216708037031E-03
  381   0.3544503882351057E-03
  382   0.3728116810543788E-03
  383   0.3562171058205839E-03
