# nlmax, ncor, nside =         383           1         128
    0   0.1779867417404908E-28
    1   0.3766136477369758E-29
    2   0.1100736386790892E+03
    3   0.5179546755837293E+03
    4   0.2302684632052427E+03
    5   0.2863049349096633E+03
    6   0.9967387887146418E+02
    7   0.1261071754827089E+03
    8   0.5417129464698731E+02
    9   0.3589312378457619E+02
   10   0.5230174098228569E+02
   11   0.4973641030520799E+02
   12   0.3375810920695226E+02
   13   0.2834005150414239E+02
   14   0.2532756948414484E+02
   15   0.2425108784709479E+02
   16   0.1580109714778163E+02
   17   0.1891507397442053E+02
   18   0.1194916031750101E+02
   19   0.1636928117852545E+02
   20   0.1338312789301514E+02
   21   0.1066826594349798E+02
   22   0.8960652622116131E+01
   23   0.9558342644079039E+01
   24   0.9057045151623990E+01
   25   0.8924220826937775E+01
   26   0.8893017650023051E+01
   27   0.7143348380060869E+01
   28   0.1075262589896019E+02
   29   0.8514785360272848E+01
   30   0.7177181557120669E+01
   31   0.6291175482577673E+01
   32   0.8339666289851246E+01
   33   0.4863971110278316E+01
   34   0.6795287249365529E+01
   35   0.5040276277006783E+01
   36   0.5261599938405788E+01
   37   0.6788736479534933E+01
   38   0.5502450291709257E+01
   39   0.4423747044602058E+01
   40   0.6940103791050351E+01
   41   0.5238089378774184E+01
   42   0.4750330404962699E+01
   43   0.4340816403988180E+01
   44   0.3577795512844117E+01
   45   0.3312546236013309E+01
   46   0.3907877579170778E+01
   47   0.4616152889045873E+01
   48   0.2775282796092124E+01
   49   0.3781679927839734E+01
   50   0.3924788504173310E+01
   51   0.2968814101935914E+01
   52   0.3156113175822389E+01
   53   0.2579130291305380E+01
   54   0.2349913268313266E+01
   55   0.2643306468756331E+01
   56   0.3186044559611944E+01
   57   0.2843121539081049E+01
   58   0.2761180121021674E+01
   59   0.2173411138801832E+01
   60   0.2239252924986054E+01
   61   0.2172071803690422E+01
   62   0.2738017676803424E+01
   63   0.2253371277311545E+01
   64   0.2137898993911369E+01
   65   0.2171184579332534E+01
   66   0.1931568838263159E+01
   67   0.2072517332631564E+01
   68   0.2092443096591400E+01
   69   0.2269201840948589E+01
   70   0.1840230576013390E+01
   71   0.1724535539395615E+01
   72   0.1700026816332526E+01
   73   0.2229539364102681E+01
   74   0.1841403655279901E+01
   75   0.1674777467340329E+01
   76   0.1633060897750110E+01
   77   0.1801419361032273E+01
   78   0.1630187400338209E+01
   79   0.1217441377495274E+01
   80   0.1574337241907918E+01
   81   0.1611352338718286E+01
   82   0.1682248037686817E+01
   83   0.1323347818118642E+01
   84   0.1230611304662777E+01
   85   0.1436854956947615E+01
   86   0.1425224257958251E+01
   87   0.1331608706741328E+01
   88   0.1240749118413413E+01
   89   0.1266905502670455E+01
   90   0.1383675844922108E+01
   91   0.1234870441391803E+01
   92   0.1181682043779136E+01
   93   0.1226934143765980E+01
   94   0.1101515632042960E+01
   95   0.9848005108836896E+00
   96   0.1094761883432732E+01
   97   0.1193327180163225E+01
   98   0.8970906773905799E+00
   99   0.1059366057203791E+01
  100   0.9345548350135504E+00
  101   0.9954372854542484E+00
  102   0.1029371092769533E+01
  103   0.1037837690442097E+01
  104   0.1081864632056811E+01
  105   0.8242721342429038E+00
  106   0.9079487514695400E+00
  107   0.8399696979298520E+00
  108   0.1021230166304816E+01
  109   0.8308863546587898E+00
  110   0.9096113674057967E+00
  111   0.8230255911228849E+00
  112   0.7153446946808901E+00
  113   0.6973881668120944E+00
  114   0.6014645844087692E+00
  115   0.8110019128507089E+00
  116   0.8581567601244983E+00
  117   0.8997884512274475E+00
  118   0.6875814333733832E+00
  119   0.7121412166144190E+00
  120   0.5960418124135470E+00
  121   0.8420549348759074E+00
  122   0.6094522794577258E+00
  123   0.6727200633883633E+00
  124   0.5497650370237802E+00
  125   0.5716198515317946E+00
  126   0.6495871572956581E+00
  127   0.5808806558718571E+00
  128   0.5555688732661169E+00
  129   0.5049396688245790E+00
  130   0.5971916613026441E+00
  131   0.4740654560772959E+00
  132   0.4902477895077615E+00
  133   0.5514060199835064E+00
  134   0.4964467456885071E+00
  135   0.4624045351851228E+00
  136   0.5465074866421464E+00
  137   0.5017541773808835E+00
  138   0.4324264720615793E+00
  139   0.4338608493550269E+00
  140   0.4321846077837500E+00
  141   0.4086520206425993E+00
  142   0.4496636560842038E+00
  143   0.4148800839738969E+00
  144   0.3593471350056530E+00
  145   0.4171132922797048E+00
  146   0.3818391554173514E+00
  147   0.3829883519116907E+00
  148   0.3295434105973501E+00
  149   0.3517359631433719E+00
  150   0.3879863485887067E+00
  151   0.3384859564222334E+00
  152   0.3349255073338501E+00
  153   0.3870607219365696E+00
  154   0.2754170092476939E+00
  155   0.2909127414137432E+00
  156   0.2915384186386036E+00
  157   0.2776252514254161E+00
  158   0.3242552577412000E+00
  159   0.2727146991551755E+00
  160   0.2989485072595842E+00
  161   0.2702458996633889E+00
  162   0.2526552892322741E+00
  163   0.2585098715100568E+00
  164   0.2683049682370246E+00
  165   0.2318652433304080E+00
  166   0.2245264906618260E+00
  167   0.2362333774778574E+00
  168   0.2500334880871756E+00
  169   0.2033967165569916E+00
  170   0.1924862957393600E+00
  171   0.1853074108909393E+00
  172   0.2226488471919245E+00
  173   0.1995354086714377E+00
  174   0.1937058786059981E+00
  175   0.1895370866953453E+00
  176   0.1776024882602479E+00
  177   0.1597081392761462E+00
  178   0.1641400374483244E+00
  179   0.1903600622169225E+00
  180   0.1537179688294925E+00
  181   0.1331530715277343E+00
  182   0.1395632000367457E+00
  183   0.1468823274165138E+00
  184   0.1286314523624074E+00
  185   0.1597795348178858E+00
  186   0.1427942441975012E+00
  187   0.1230321595924088E+00
  188   0.1317063909313025E+00
  189   0.1289485204772286E+00
  190   0.1184167714105160E+00
  191   0.1203655696509903E+00
  192   0.1255475890920154E+00
  193   0.1123403849580554E+00
  194   0.1069423359758080E+00
  195   0.9113048652806877E-01
  196   0.1023053741208852E+00
  197   0.9308057338341434E-01
  198   0.9520529172131223E-01
  199   0.9105354021618450E-01
  200   0.8736294319191892E-01
  201   0.8007119136124415E-01
  202   0.8413445442967329E-01
  203   0.8654821569620742E-01
  204   0.8016129369797124E-01
  205   0.7512077665534632E-01
  206   0.7198266641702131E-01
  207   0.6669180818697093E-01
  208   0.6694321563307697E-01
  209   0.5931874722708005E-01
  210   0.6268089794221227E-01
  211   0.5834974222631687E-01
  212   0.5876413330051765E-01
  213   0.5364491598690317E-01
  214   0.5203843929933464E-01
  215   0.5640780490898127E-01
  216   0.5217666057694956E-01
  217   0.4580437576600679E-01
  218   0.4898797426705547E-01
  219   0.4318652174535162E-01
  220   0.4513422502771796E-01
  221   0.4484055383054226E-01
  222   0.4418016908860917E-01
  223   0.3915798638401384E-01
  224   0.3543636964763513E-01
  225   0.3553329736102757E-01
  226   0.3415574606133912E-01
  227   0.3704899232034140E-01
  228   0.3302531105822694E-01
  229   0.2834928223596258E-01
  230   0.3105301820601361E-01
  231   0.3050626448765041E-01
  232   0.2916932454982259E-01
  233   0.2781289195364901E-01
  234   0.2713253681903821E-01
  235   0.2645330190313621E-01
  236   0.2678414162472257E-01
  237   0.2430180614948817E-01
  238   0.2203159537411331E-01
  239   0.2301849306740090E-01
  240   0.2161700291653834E-01
  241   0.2054027534090203E-01
  242   0.2029943851052160E-01
  243   0.1890124856533339E-01
  244   0.1729234490028135E-01
  245   0.2108666252450733E-01
  246   0.1647347887451876E-01
  247   0.1751108419887333E-01
  248   0.1597838206877682E-01
  249   0.1407704877754495E-01
  250   0.1623085426381362E-01
  251   0.1365264572137253E-01
  252   0.1476784793900614E-01
  253   0.1226036045125584E-01
  254   0.1152561252104271E-01
  255   0.1139132030227005E-01
  256   0.1130497523494453E-01
  257   0.9865543797195410E-02
  258   0.1051468075931140E-01
  259   0.1010910512168860E-01
  260   0.1028221688323680E-01
  261   0.9110066742463317E-02
  262   0.9488303802140096E-02
  263   0.9719910896183721E-02
  264   0.8218872293960932E-02
  265   0.7466289985117340E-02
  266   0.8167710084282529E-02
  267   0.7403874345206711E-02
  268   0.6704589005557740E-02
  269   0.6613996506790247E-02
  270   0.5478208428598964E-02
  271   0.6705744334689154E-02
  272   0.6668503083113921E-02
  273   0.5142087726771438E-02
  274   0.5771079888591455E-02
  275   0.4729356627089031E-02
  276   0.4487889489476345E-02
  277   0.4963079163494225E-02
  278   0.4530859691475628E-02
  279   0.4572507593352943E-02
  280   0.3757784299184761E-02
  281   0.4225117783489844E-02
  282   0.3893492278227485E-02
  283   0.4083953205238110E-02
  284   0.3385145554357814E-02
  285   0.2894635125322253E-02
  286   0.3391064065937100E-02
  287   0.3085878380229180E-02
  288   0.2829665039864492E-02
  289   0.2879253329033430E-02
  290   0.2838046100276023E-02
  291   0.2282996178803981E-02
  292   0.2423631844262267E-02
  293   0.2281820916520885E-02
  294   0.2249635765791968E-02
  295   0.2242543888500578E-02
  296   0.2125855631461978E-02
  297   0.2150435762608689E-02
  298   0.1691650857748754E-02
  299   0.1812635858434202E-02
  300   0.1936192351141865E-02
  301   0.1653610087653405E-02
  302   0.1691099313117083E-02
  303   0.1373829501060939E-02
  304   0.1508409287125309E-02
  305   0.1435114304264695E-02
  306   0.1337142201189680E-02
  307   0.1142417784917888E-02
  308   0.1286738191244380E-02
  309   0.1198577227997156E-02
  310   0.1226566165605541E-02
  311   0.1060646870276173E-02
  312   0.1035363046747278E-02
  313   0.9181226787475656E-03
  314   0.8381039507266375E-03
  315   0.9469792954719997E-03
  316   0.7987259462701403E-03
  317   0.7862095197118591E-03
  318   0.7841444054381551E-03
  319   0.7644545738283719E-03
  320   0.7485335058109370E-03
  321   0.5892540031018655E-03
  322   0.6871025786159279E-03
  323   0.6265857830399119E-03
  324   0.6809338705418436E-03
  325   0.6293648254562577E-03
  326   0.5440275132048770E-03
  327   0.5448062003042135E-03
  328   0.5013004585841676E-03
  329   0.4945419675458833E-03
  330   0.4485654882695721E-03
  331   0.4766496430398259E-03
  332   0.4368108181572305E-03
  333   0.4239392420918837E-03
  334   0.3988885389445313E-03
  335   0.3883121825748355E-03
  336   0.4082926704807678E-03
  337   0.3682648709464703E-03
  338   0.3885483533414153E-03
  339   0.3255491675243108E-03
  340   0.4056626943557987E-03
  341   0.3091961024807543E-03
  342   0.3223940277914719E-03
  343   0.3408739280292017E-03
  344   0.3284639326186637E-03
  345   0.2881602745170429E-03
  346   0.2990277181719486E-03
  347   0.2804245965820330E-03
  348   0.2716237937436375E-03
  349   0.2826096132710649E-03
  350   0.2362485782328656E-03
  351   0.2686007838773450E-03
  352   0.2596847775273986E-03
  353   0.2366422796878351E-03
  354   0.2185015442137995E-03
  355   0.2375849219646414E-03
  356   0.2245368560836826E-03
  357   0.2240521002958637E-03
  358   0.2236171573218314E-03
  359   0.2085760449346968E-03
  360   0.2078914148603406E-03
  361   0.2376904380755267E-03
  362   0.2127657369074419E-03
  363   0.2332676740853676E-03
  364   0.2124503562808122E-03
  365   0.2285363728437437E-03
  366   0.1944263051503556E-03
  367   0.2049739365400199E-03
  368   0.1953781525825663E-03
  369   0.2069646391354964E-03
  370   0.1983763720507862E-03
  371   0.2080296715099001E-03
  372   0.2011441789391237E-03
  373   0.1898484006534234E-03
  374   0.2044460945680464E-03
  375   0.2089716792321315E-03
  376   0.2122216691333865E-03
  377   0.1904725380812553E-03
  378   0.1950069819477002E-03
  379   0.1870207123210932E-03
  380   0.2047510092022174E-03
  381   0.1937836068244788E-03
  382   0.1940806043366211E-03
  383   0.1887999120498416E-03
