# nlmax, ncor, nside =         383           1         128
    0  -0.2106556137565139E-04
    1  -0.2990149038075503E-04
    2   0.1004474583985720E-03
    3   0.2153727028638887E-03
    4   0.2301823456144026E-03
    5   0.2338419547969277E-03
    6   0.8037915892207510E-04
    7   0.7016606521497793E-04
    8   0.6095510844491255E-04
    9   0.7125860726833768E-04
   10   0.2564001926146042E-04
   11   0.5409315088894363E-04
   12   0.2135787363487257E-04
   13   0.1780690400902420E-04
   14   0.2533865354539561E-04
   15   0.2669812100694200E-04
   16   0.2002141712731469E-04
   17   0.2869591328514551E-04
   18   0.1328942727020272E-04
   19   0.1230946194761544E-04
   20   0.1021860869146367E-04
   21   0.7876849787109142E-05
   22   0.8259575250632361E-05
   23   0.8117055834354723E-05
   24   0.8185358695732088E-05
   25   0.5209978757122738E-05
   26   0.9246734472064821E-05
   27   0.8433152180053495E-05
   28   0.8930596806820251E-05
   29   0.8202540322456543E-05
   30   0.7361987535598809E-05
   31   0.5865537374702678E-05
   32   0.8403928616775247E-05
   33   0.5425720996103664E-05
   34   0.5412450037938785E-05
   35   0.4221178543461620E-05
   36   0.4403105006899801E-05
   37   0.5923563448911932E-05
   38   0.5621310498566051E-05
   39   0.4171896044559634E-05
   40   0.5842850159731403E-05
   41   0.4197412406774734E-05
   42   0.4830637272405699E-05
   43   0.3842411057420981E-05
   44   0.4151040763992404E-05
   45   0.2890967394156151E-05
   46   0.2598792193133064E-05
   47   0.4276849597276254E-05
   48   0.2284816867634429E-05
   49   0.3221249279915249E-05
   50   0.3980728591312226E-05
   51   0.2217670092747535E-05
   52   0.2845600569577647E-05
   53   0.2000540610743054E-05
   54   0.1968700743359829E-05
   55   0.2711382204400877E-05
   56   0.2850043480983811E-05
   57   0.2727099557728172E-05
   58   0.2697652749812787E-05
   59   0.1954250010964807E-05
   60   0.2152269556510992E-05
   61   0.1913068802732163E-05
   62   0.2639901423485703E-05
   63   0.1918937871278312E-05
   64   0.1483911811756699E-05
   65   0.1890134499362314E-05
   66   0.1750271109777321E-05
   67   0.1824776492617699E-05
   68   0.1709480945205100E-05
   69   0.2278164274502779E-05
   70   0.1463382060102672E-05
   71   0.1791422328889254E-05
   72   0.1319862495847065E-05
   73   0.2183540735640301E-05
   74   0.1696931908807614E-05
   75   0.1305521731104862E-05
   76   0.1369121833359202E-05
   77   0.1601816520095300E-05
   78   0.1211020637287752E-05
   79   0.1012961352901419E-05
   80   0.1531825060009558E-05
   81   0.1405940470909093E-05
   82   0.1717398149035953E-05
   83   0.1167699931450716E-05
   84   0.9426257071834757E-06
   85   0.1270929195404126E-05
   86   0.1370321542360020E-05
   87   0.1156205194108527E-05
   88   0.8608124900332201E-06
   89   0.1268224933031687E-05
   90   0.1004544146809091E-05
   91   0.1168707594304564E-05
   92   0.1068664916762425E-05
   93   0.1202302668455249E-05
   94   0.1021188751606442E-05
   95   0.8389052291917411E-06
   96   0.9134412451733472E-06
   97   0.9452302873018486E-06
   98   0.7213425113646533E-06
   99   0.1114287105890210E-05
  100   0.9748522641889826E-06
  101   0.9096961917693050E-06
  102   0.8431173916486247E-06
  103   0.7406328191362185E-06
  104   0.1023595275332977E-05
  105   0.7214316440526931E-06
  106   0.7391703303819386E-06
  107   0.8442588385856404E-06
  108   0.1026942778898465E-05
  109   0.7887129464014351E-06
  110   0.8350269460285401E-06
  111   0.6789143789283488E-06
  112   0.7659577165427437E-06
  113   0.5375890806752775E-06
  114   0.4665599697903849E-06
  115   0.7027050685798237E-06
  116   0.8275142393214377E-06
  117   0.7705087642812126E-06
  118   0.6896941700430524E-06
  119   0.6091953909812517E-06
  120   0.4024704485630060E-06
  121   0.7340677709171234E-06
  122   0.6128547330232115E-06
  123   0.6304755774957501E-06
  124   0.4387116970991882E-06
  125   0.5282932741001179E-06
  126   0.5084434018712678E-06
  127   0.5541993176060755E-06
  128   0.5525247165418538E-06
  129   0.4230711852768550E-06
  130   0.5425899841395593E-06
  131   0.3879249525078405E-06
  132   0.3953052068562819E-06
  133   0.4713051532543845E-06
  134   0.4036828159431875E-06
  135   0.5059139378460754E-06
  136   0.5435388429095949E-06
  137   0.4145910616255704E-06
  138   0.4260214998811476E-06
  139   0.4317894305564148E-06
  140   0.3986995095565128E-06
  141   0.4121937514528082E-06
  142   0.3759128311257388E-06
  143   0.3439759325850352E-06
  144   0.3557164081779481E-06
  145   0.4172556526741894E-06
  146   0.3396415697017278E-06
  147   0.3080600394523432E-06
  148   0.2853113030784095E-06
  149   0.2386521287612591E-06
  150   0.3285370306012477E-06
  151   0.2711112556537895E-06
  152   0.2659718699377611E-06
  153   0.2990592156124201E-06
  154   0.2228513432480227E-06
  155   0.3068380746393148E-06
  156   0.2693693120289540E-06
  157   0.2484721659751266E-06
  158   0.2983779711639946E-06
  159   0.2620754376102267E-06
  160   0.2573432545491851E-06
  161   0.2262463191131254E-06
  162   0.2164515711533587E-06
  163   0.2015136241079897E-06
  164   0.2220905078949625E-06
  165   0.1951274549911378E-06
  166   0.2216044727061182E-06
  167   0.2489883927220291E-06
  168   0.1982173914211448E-06
  169   0.1772217527360664E-06
  170   0.1763602890215625E-06
  171   0.1564825012436582E-06
  172   0.1851447260722147E-06
  173   0.1733740320169584E-06
  174   0.1485894627614660E-06
  175   0.1567724170917791E-06
  176   0.1587710234967996E-06
  177   0.1516813273131748E-06
  178   0.1221651453584177E-06
  179   0.1789626541415943E-06
  180   0.1417796242690537E-06
  181   0.9925668953267367E-07
  182   0.1012163316895174E-06
  183   0.1097965567882062E-06
  184   0.1251880025070548E-06
  185   0.1346132507407096E-06
  186   0.1268996389507637E-06
  187   0.1010481725084279E-06
  188   0.1255400229055167E-06
  189   0.1250365624475841E-06
  190   0.1069470527206631E-06
  191   0.1009042812917735E-06
  192   0.1029970728189075E-06
  193   0.1079094973107478E-06
  194   0.9585961682703328E-07
  195   0.7328818837389647E-07
  196   0.7863367387034027E-07
  197   0.7870879825684996E-07
  198   0.7793618470384372E-07
  199   0.6570493526135220E-07
  200   0.6906853641816503E-07
  201   0.6997560375827256E-07
  202   0.6467854905846253E-07
  203   0.7079900373331158E-07
  204   0.7049564599994736E-07
  205   0.6563069395920829E-07
  206   0.5384199568527654E-07
  207   0.5940190377440679E-07
  208   0.5485536808205026E-07
  209   0.5001345649067671E-07
  210   0.5386322785288778E-07
  211   0.4588849910275002E-07
  212   0.5120866499963971E-07
  213   0.5660498706989134E-07
  214   0.4072798801042325E-07
  215   0.5230750810508474E-07
  216   0.4942768044698970E-07
  217   0.3922816285325035E-07
  218   0.4648574236888057E-07
  219   0.3935422873812312E-07
  220   0.3884708516542180E-07
  221   0.4045164349950930E-07
  222   0.3800859189375023E-07
  223   0.3643337062126300E-07
  224   0.3564900433792201E-07
  225   0.3054623381342486E-07
  226   0.3442036581271362E-07
  227   0.3217688162775928E-07
  228   0.2710189255496826E-07
  229   0.2554667686542386E-07
  230   0.2659593862714062E-07
  231   0.2896096331703280E-07
  232   0.2873599499826079E-07
  233   0.2903920211544145E-07
  234   0.1991166030104870E-07
  235   0.2314003406157040E-07
  236   0.2277526267232241E-07
  237   0.2060817245386552E-07
  238   0.2155283994831443E-07
  239   0.1670059025756589E-07
  240   0.2053481307327092E-07
  241   0.1863675935555093E-07
  242   0.1437372829847092E-07
  243   0.1757070800482099E-07
  244   0.1293595593933466E-07
  245   0.1591560633565533E-07
  246   0.1669008389483992E-07
  247   0.1719825370551760E-07
  248   0.1481895949126927E-07
  249   0.1207705673263051E-07
  250   0.1055655811963972E-07
  251   0.1164190471609403E-07
  252   0.1279492112480703E-07
  253   0.1307910356074326E-07
  254   0.9353190318019465E-08
  255   0.1008795860199919E-07
  256   0.1037529688030345E-07
  257   0.9728688126155579E-08
  258   0.7737183412551566E-08
  259   0.8721840194175678E-08
  260   0.9170825447953159E-08
  261   0.7054561700139463E-08
  262   0.9025322246454923E-08
  263   0.7335238099482162E-08
  264   0.7678058132145156E-08
  265   0.6204233688371016E-08
  266   0.5856276386480294E-08
  267   0.5612865855818557E-08
  268   0.7723547739360046E-08
  269   0.5634607925362386E-08
  270   0.4809293944786562E-08
  271   0.6552110014769919E-08
  272   0.6664503907638959E-08
  273   0.4404789164841420E-08
  274   0.5693619567208511E-08
  275   0.4179395325014857E-08
  276   0.3435361424099434E-08
  277   0.4824178776257443E-08
  278   0.3828995129164857E-08
  279   0.4020237370899705E-08
  280   0.3350554952577737E-08
  281   0.3596519148636155E-08
  282   0.3925634795968031E-08
  283   0.3555324003634451E-08
  284   0.3492791455652798E-08
  285   0.2478638399657662E-08
  286   0.2354159304053663E-08
  287   0.3627018513920216E-08
  288   0.2975472679881878E-08
  289   0.2587115187750718E-08
  290   0.2246726777138851E-08
  291   0.2549110296985349E-08
  292   0.2197536660290785E-08
  293   0.2168233084166509E-08
  294   0.2213277663605468E-08
  295   0.1718913482067645E-08
  296   0.2603971283297517E-08
  297   0.2331784214633022E-08
  298   0.2848746522177289E-08
  299   0.1962424217962281E-08
  300   0.2038178434721388E-08
  301   0.2187285225586096E-08
  302   0.1671178527715740E-08
  303   0.1709524591367752E-08
  304   0.1754724321416879E-08
  305   0.1395431462560135E-08
  306   0.1631606395299951E-08
  307   0.1444258265695051E-08
  308   0.2054729787553814E-08
  309   0.1559929335723920E-08
  310   0.1611002155189573E-08
  311   0.1476344594642920E-08
  312   0.1084172596775475E-08
  313   0.1543171199650444E-08
  314   0.1576611602355126E-08
  315   0.9178926318720871E-09
  316   0.1408094535683149E-08
  317   0.1034928618352619E-08
  318   0.1262891270285147E-08
  319   0.1084971210577936E-08
  320   0.9890912275663555E-09
  321   0.1065752676552841E-08
  322   0.1204769407279989E-08
  323   0.8741712262993805E-09
  324   0.1101323841728944E-08
  325   0.1260639015680791E-08
  326   0.1050606623936963E-08
  327   0.6783159028365422E-09
  328   0.9483859318506013E-09
  329   0.1017210665553077E-08
  330   0.1183021758692693E-08
  331   0.1122219482274834E-08
  332   0.9502339873047169E-09
  333   0.1450041962339615E-08
  334   0.1194463110504411E-08
  335   0.9980996599885727E-09
  336   0.1047267890452318E-08
  337   0.1066481635342409E-08
  338   0.7751779994136571E-09
  339   0.8702559548108545E-09
  340   0.1615160276719923E-08
  341   0.9092502118728298E-09
  342   0.7913762316389316E-09
  343   0.7225294679078405E-09
  344   0.9415503499997229E-09
  345   0.1186203744856279E-08
  346   0.9583654100701977E-09
  347   0.1006810153304602E-08
  348   0.8552386820310150E-09
  349   0.1308939296808940E-08
  350   0.1082240705019198E-08
  351   0.1019196663320038E-08
  352   0.1070347582054132E-08
  353   0.1167616845184362E-08
  354   0.1248407201566504E-08
  355   0.1416227318968753E-08
  356   0.1181640488739779E-08
  357   0.1162629121912168E-08
  358   0.1058994158588723E-08
  359   0.1011034602055533E-08
  360   0.1165156532698274E-08
  361   0.1287888283166392E-08
  362   0.1421584717353656E-08
  363   0.1458297795027365E-08
  364   0.1390112648722573E-08
  365   0.1745173910820205E-08
  366   0.1622482327228059E-08
  367   0.1503547929882903E-08
  368   0.1327859841184173E-08
  369   0.1506125800905654E-08
  370   0.1306876308428975E-08
  371   0.1652653612182257E-08
  372   0.1358886373400759E-08
  373   0.1579586421385152E-08
  374   0.1515021027848737E-08
  375   0.1817347478565135E-08
  376   0.1672851636745835E-08
  377   0.1931345511013683E-08
  378   0.2256771131174865E-08
  379   0.2361462527398684E-08
  380   0.2098679071124845E-08
  381   0.2542301339629115E-08
  382   0.2572424161311156E-08
  383   0.3284563847507094E-08
