# nlmax, ncor, nside =         383           1         128
    0  -0.1240109081880505E+02
    1  -0.1145158629930135E+02
    2   0.9264792357642762E+02
    3   0.2343921626348927E+03
    4   0.2349041478694330E+03
    5   0.2255998088756880E+03
    6   0.7696826920378967E+02
    7   0.7175321578728699E+02
    8   0.6121399641129963E+02
    9   0.7251035013827850E+02
   10   0.2631657509794978E+02
   11   0.5637564428340339E+02
   12   0.2158136330654292E+02
   13   0.1794844955192490E+02
   14   0.2620267540024883E+02
   15   0.2577471202564032E+02
   16   0.1975656844305854E+02
   17   0.2915043687719283E+02
   18   0.1359741782373488E+02
   19   0.1213620964146921E+02
   20   0.1021119975582943E+02
   21   0.8113684956643647E+01
   22   0.8104585444969452E+01
   23   0.7798905004970913E+01
   24   0.8217438015200965E+01
   25   0.5537425223392898E+01
   26   0.9122697377098676E+01
   27   0.8301140969799956E+01
   28   0.9016810437075996E+01
   29   0.8270762768560042E+01
   30   0.7321058620239260E+01
   31   0.5902099286495354E+01
   32   0.8295883515607114E+01
   33   0.5554443194354822E+01
   34   0.5441746548951002E+01
   35   0.4217247445313207E+01
   36   0.4511993733430871E+01
   37   0.5867071521093738E+01
   38   0.5581995979420928E+01
   39   0.4260639250332984E+01
   40   0.5881775370558821E+01
   41   0.4237013898592606E+01
   42   0.4800883438629104E+01
   43   0.3873789587643474E+01
   44   0.4069523025256482E+01
   45   0.2842562404044241E+01
   46   0.2641024745879688E+01
   47   0.4215330258001056E+01
   48   0.2204409947330162E+01
   49   0.3269101029022413E+01
   50   0.3936398643829617E+01
   51   0.2232995591957114E+01
   52   0.2790126276253658E+01
   53   0.2038211164694530E+01
   54   0.1960465340108583E+01
   55   0.2703792078113973E+01
   56   0.2815334455096074E+01
   57   0.2635453415249722E+01
   58   0.2676373895155853E+01
   59   0.2016533212534306E+01
   60   0.2186232480177597E+01
   61   0.1912503732291523E+01
   62   0.2563735867296402E+01
   63   0.1907847478164738E+01
   64   0.1475979385997087E+01
   65   0.1880280924611577E+01
   66   0.1812885121549843E+01
   67   0.1815032945078980E+01
   68   0.1710426515353712E+01
   69   0.2255356490811120E+01
   70   0.1452250890670194E+01
   71   0.1774653072023277E+01
   72   0.1319381043226360E+01
   73   0.2190716715310080E+01
   74   0.1718717433338774E+01
   75   0.1332979295182348E+01
   76   0.1339728098930704E+01
   77   0.1595188814024585E+01
   78   0.1213687124843429E+01
   79   0.1024222141461750E+01
   80   0.1516002098283788E+01
   81   0.1415633957826621E+01
   82   0.1712836685436024E+01
   83   0.1158546478954301E+01
   84   0.9704217550616996E+00
   85   0.1278054568777100E+01
   86   0.1365085177866985E+01
   87   0.1145255342951701E+01
   88   0.8735283149377109E+00
   89   0.1291271954860819E+01
   90   0.9893536664980043E+00
   91   0.1154177822620418E+01
   92   0.1062464958868327E+01
   93   0.1233536451693950E+01
   94   0.1018512313840759E+01
   95   0.8426576425857140E+00
   96   0.9127569559823132E+00
   97   0.9432300072283804E+00
   98   0.7138988625751681E+00
   99   0.1096208957428989E+01
  100   0.9830523974409819E+00
  101   0.9142037027353656E+00
  102   0.8353438253465046E+00
  103   0.7603310786420050E+00
  104   0.1017576274271995E+01
  105   0.7062163607421075E+00
  106   0.7626124531049328E+00
  107   0.8572479071965229E+00
  108   0.1010131758647922E+01
  109   0.7912840967624966E+00
  110   0.8437823309813752E+00
  111   0.6628418974982844E+00
  112   0.7778505007004934E+00
  113   0.5436904160981864E+00
  114   0.4521566025340201E+00
  115   0.7037372069155052E+00
  116   0.8339694459603024E+00
  117   0.7737881989329739E+00
  118   0.6819935668568620E+00
  119   0.5919850714451056E+00
  120   0.4023891508913093E+00
  121   0.7454348662402606E+00
  122   0.6183776697785031E+00
  123   0.6157883170510481E+00
  124   0.4387431647744829E+00
  125   0.5381544227458058E+00
  126   0.5220748359093667E+00
  127   0.5437504190250865E+00
  128   0.5409853378409253E+00
  129   0.4356871572777513E+00
  130   0.5415230111888656E+00
  131   0.3847942272352892E+00
  132   0.4073352846739194E+00
  133   0.4681846515876510E+00
  134   0.4012153629819724E+00
  135   0.5071827318613431E+00
  136   0.5497964523801537E+00
  137   0.4110363276594032E+00
  138   0.4228638017598093E+00
  139   0.4286165220679731E+00
  140   0.3955274379037776E+00
  141   0.4065786633067801E+00
  142   0.3829360763646432E+00
  143   0.3538201546190610E+00
  144   0.3471386060239171E+00
  145   0.4296261338943540E+00
  146   0.3276979241785476E+00
  147   0.3131645505656907E+00
  148   0.2978142200828702E+00
  149   0.2377925413183324E+00
  150   0.3280856935138730E+00
  151   0.2704942023580159E+00
  152   0.2758773249672356E+00
  153   0.3104520846377270E+00
  154   0.2188021946413382E+00
  155   0.2998210242156465E+00
  156   0.2767301711290910E+00
  157   0.2505869372590560E+00
  158   0.2976823120052150E+00
  159   0.2576604651082929E+00
  160   0.2695787721547046E+00
  161   0.2330551755818528E+00
  162   0.2004379623401300E+00
  163   0.2072328214868868E+00
  164   0.2188878763043047E+00
  165   0.2060247712229144E+00
  166   0.2255290604576445E+00
  167   0.2461707768135488E+00
  168   0.1946289829621133E+00
  169   0.1784196056084369E+00
  170   0.1737360234000148E+00
  171   0.1564872412100755E+00
  172   0.1735822315293322E+00
  173   0.1738387700958359E+00
  174   0.1488831623014473E+00
  175   0.1591972386325171E+00
  176   0.1562803641378557E+00
  177   0.1432142047309454E+00
  178   0.1285485003979133E+00
  179   0.1788590009171493E+00
  180   0.1414961452059206E+00
  181   0.1019523765566535E+00
  182   0.1006030861880192E+00
  183   0.1054656447030727E+00
  184   0.1277822226560024E+00
  185   0.1390915685708185E+00
  186   0.1275637634533032E+00
  187   0.9855292316586228E-01
  188   0.1251460732353420E+00
  189   0.1279288214488711E+00
  190   0.1097641554979364E+00
  191   0.1033820335503094E+00
  192   0.1106173344591148E+00
  193   0.1053401622910571E+00
  194   0.9472356799556436E-01
  195   0.7182955188163109E-01
  196   0.8067212806619606E-01
  197   0.7893231295160563E-01
  198   0.7745072958622767E-01
  199   0.6736321096737030E-01
  200   0.7316964190299735E-01
  201   0.6967863566177079E-01
  202   0.6664886297468331E-01
  203   0.7036664429642736E-01
  204   0.6936148967451639E-01
  205   0.6616071883509755E-01
  206   0.5373587922695067E-01
  207   0.5682597555440816E-01
  208   0.5389774844909245E-01
  209   0.4754514306124691E-01
  210   0.5338638348968450E-01
  211   0.4701299697013861E-01
  212   0.4948528550261633E-01
  213   0.5736670188839610E-01
  214   0.4073496281678124E-01
  215   0.5126652523952169E-01
  216   0.4728783016416749E-01
  217   0.3795797035856607E-01
  218   0.4592577581540425E-01
  219   0.4049457919299715E-01
  220   0.4000182755499282E-01
  221   0.4280121934908010E-01
  222   0.4078718042625440E-01
  223   0.3504775476951405E-01
  224   0.3312495023692863E-01
  225   0.2856433006575421E-01
  226   0.3461128471592834E-01
  227   0.3410846114290733E-01
  228   0.2482524246423556E-01
  229   0.2534220959961297E-01
  230   0.2606471898436014E-01
  231   0.3023493965639223E-01
  232   0.2901553025169124E-01
  233   0.2682656094099745E-01
  234   0.1852565257463046E-01
  235   0.2031376177605904E-01
  236   0.2149639623581101E-01
  237   0.1998596464203506E-01
  238   0.2161663320968210E-01
  239   0.1835137261520492E-01
  240   0.2200188316517582E-01
  241   0.2059291810611985E-01
  242   0.1617878592390687E-01
  243   0.1681308769369128E-01
  244   0.1238956919455370E-01
  245   0.1651984653006566E-01
  246   0.1543878830708123E-01
  247   0.1668713371810915E-01
  248   0.1448914165088577E-01
  249   0.1298606477705067E-01
  250   0.1003952912018480E-01
  251   0.1228627767117885E-01
  252   0.1297931476138481E-01
  253   0.1152329669115859E-01
  254   0.7638863013017638E-02
  255   0.9971583183904786E-02
  256   0.1045541210448042E-01
  257   0.9804072977143474E-02
  258   0.8825176813852420E-02
  259   0.7524829500922481E-02
  260   0.9788451221595995E-02
  261   0.6175658239482185E-02
  262   0.9604920435169584E-02
  263   0.9064456112604757E-02
  264   0.7803118974159862E-02
  265   0.6152705841681150E-02
  266   0.5985548905760196E-02
  267   0.6020372516842953E-02
  268   0.6781217111024251E-02
  269   0.5574416486315736E-02
  270   0.5177370848049423E-02
  271   0.5648040340030691E-02
  272   0.7607917296299060E-02
  273   0.4361193374447236E-02
  274   0.5518854469331091E-02
  275   0.4224010303750414E-02
  276   0.3052291306595178E-02
  277   0.5171575643666382E-02
  278   0.2549173356861445E-02
  279   0.4226962031930792E-02
  280   0.2986053135020872E-02
  281   0.3455089847051451E-02
  282   0.4624326816812463E-02
  283   0.3362404584590750E-02
  284   0.3072674281625776E-02
  285   0.2570484869748757E-02
  286   0.2886047098110189E-02
  287   0.3318960629947409E-02
  288   0.2423893783491893E-02
  289   0.3013477908080819E-02
  290   0.3308216863393942E-02
  291   0.2412765336901435E-02
  292   0.3082318746498669E-02
  293   0.2809245339089772E-02
  294   0.2335584345443731E-02
  295   0.2136925171775050E-02
  296   0.2159091807892310E-02
  297   0.2038740237906123E-02
  298   0.2129332684897400E-02
  299   0.2786750265991123E-02
  300   0.2237630954240066E-02
  301   0.1318043529007218E-02
  302   0.1900886268092261E-02
  303   0.1498254022117118E-02
  304   0.1224057188880079E-02
  305   0.2014808891530162E-02
  306   0.7868054514671985E-03
  307   0.9531603400355082E-03
  308   0.1547244386970625E-02
  309   0.1835868926505613E-02
  310   0.1564949873153865E-02
  311   0.1827955091466216E-02
  312   0.1646683861981246E-02
  313   0.1477426869121501E-02
  314   0.1497274668446846E-02
  315   0.4836086668729700E-03
  316   0.1185819224887863E-02
  317   0.1065926612559831E-02
  318   0.1255293174848571E-02
  319   0.1437306555016282E-02
  320   0.1386068888754644E-02
  321   0.9100106068350433E-03
  322   0.8341127461607978E-03
  323   0.1098036606883124E-02
  324   0.9485884321397964E-03
  325   0.1456120320518617E-02
  326   0.1219945604595929E-02
  327   0.1310344005349906E-02
  328   0.1202561122063267E-02
  329   0.1508455366266842E-02
  330   0.1192262482068718E-02
  331   0.9178530948208141E-03
  332   0.9221657367357583E-03
  333   0.7875522373350374E-03
  334   0.1148929148959421E-02
  335   0.8337557809673102E-03
  336   0.9528687377779177E-03
  337   0.1388150186251380E-02
  338   0.1026631924988114E-02
  339   0.9851983978182710E-03
  340   0.1315600023761937E-02
  341   0.1370266618354155E-02
  342   0.1348875921854592E-02
  343   0.1295429997941022E-02
  344   0.1146852447382385E-02
  345   0.1230851877124656E-02
  346   0.9979611407926192E-03
  347   0.1120519686355514E-02
  348   0.1036993750044540E-02
  349   0.1417195944184657E-02
  350   0.1489910921955773E-02
  351   0.1424434730678187E-02
  352   0.1322265283789287E-02
  353   0.1345302180956437E-02
  354   0.1302610101612034E-02
  355   0.1445031013962497E-02
  356   0.1031090393357303E-02
  357   0.1347658877689464E-02
  358   0.1389369174339850E-02
  359   0.1840669621235289E-02
  360   0.1571861235092092E-02
  361   0.1769729947753040E-02
  362   0.1561004545051412E-02
  363   0.1661593428186045E-02
  364   0.1510417558592339E-02
  365   0.1535694086883754E-02
  366   0.1495524850146437E-02
  367   0.1492235194355304E-02
  368   0.1639977802344275E-02
  369   0.2127428567766813E-02
  370   0.1613563770963188E-02
  371   0.1717166366049912E-02
  372   0.1399477106551708E-02
  373   0.1845010543335683E-02
  374   0.2194430013802998E-02
  375   0.2273737795177824E-02
  376   0.2536235112699479E-02
  377   0.1927920636830852E-02
  378   0.2467472637401980E-02
  379   0.2236180907347753E-02
  380   0.2933517763754820E-02
  381   0.2532638518312955E-02
  382   0.3013165578798728E-02
  383   0.3157615995399584E-02
