# nlmax, ncor, nside =         383           1         128
    0  -0.1635221952485687E-06
    1  -0.1114698131447151E-06
    2   0.1573927283978625E-03
    3   0.4850189812745103E-03
    4   0.2187851681906831E-03
    5   0.2987360625344148E-03
    6   0.9344450477492957E-04
    7   0.1185901144232104E-03
    8   0.5572420785414882E-04
    9   0.4103816107655145E-04
   10   0.5234163955218903E-04
   11   0.4480137627822506E-04
   12   0.3251414990853035E-04
   13   0.2448462323261312E-04
   14   0.2376360301564638E-04
   15   0.2155788151890862E-04
   16   0.1667578775093275E-04
   17   0.1826833279324265E-04
   18   0.1125143269722968E-04
   19   0.1471018193659005E-04
   20   0.1081569476825106E-04
   21   0.9009021408726262E-05
   22   0.6956921191994789E-05
   23   0.8731671547613309E-05
   24   0.8176965596424429E-05
   25   0.7798012922579309E-05
   26   0.8049838054842178E-05
   27   0.6757515416968908E-05
   28   0.9089227876264716E-05
   29   0.7416114102742359E-05
   30   0.5847888225622375E-05
   31   0.5492099330462346E-05
   32   0.8026208207784974E-05
   33   0.5180369999061150E-05
   34   0.5558784515067785E-05
   35   0.4141994310786825E-05
   36   0.5006825611407462E-05
   37   0.5830766708162860E-05
   38   0.4908982784367233E-05
   39   0.4378520573683233E-05
   40   0.6463551745991320E-05
   41   0.3855685761626701E-05
   42   0.3915054606481576E-05
   43   0.3882104545949090E-05
   44   0.3267648358244256E-05
   45   0.2795043668008977E-05
   46   0.3306434439091499E-05
   47   0.4217864757250140E-05
   48   0.2487912201190916E-05
   49   0.3513500053484239E-05
   50   0.3527777174390687E-05
   51   0.2462590565415552E-05
   52   0.2847942604170833E-05
   53   0.2078896025138375E-05
   54   0.2144318947710919E-05
   55   0.2456184016002955E-05
   56   0.2998400835531062E-05
   57   0.2699492331206573E-05
   58   0.2595041010077504E-05
   59   0.1922139138544186E-05
   60   0.2230580389750802E-05
   61   0.2098647167118513E-05
   62   0.2422548460299408E-05
   63   0.2166736877742051E-05
   64   0.2019195728393575E-05
   65   0.1799214230188095E-05
   66   0.1642669787999741E-05
   67   0.1839420119404358E-05
   68   0.1849083790827509E-05
   69   0.2016653854021539E-05
   70   0.1701149628794781E-05
   71   0.1588213150401160E-05
   72   0.1496143793430440E-05
   73   0.2068473833546599E-05
   74   0.1823037461738400E-05
   75   0.1415028088222956E-05
   76   0.1356338380687530E-05
   77   0.1602092953090925E-05
   78   0.1376333333985158E-05
   79   0.1037692512335189E-05
   80   0.1417351770327054E-05
   81   0.1389965922399049E-05
   82   0.1578783219807620E-05
   83   0.1199600278568426E-05
   84   0.1096324216525200E-05
   85   0.1231179699645724E-05
   86   0.1308690477212545E-05
   87   0.1304868805673356E-05
   88   0.1018156411673142E-05
   89   0.1185160500793526E-05
   90   0.1136332559602056E-05
   91   0.1207581644523312E-05
   92   0.1114108098842504E-05
   93   0.1086927102470393E-05
   94   0.9687318155954172E-06
   95   0.8375429241522638E-06
   96   0.8860924347318534E-06
   97   0.1006789661983241E-05
   98   0.7140159136361540E-06
   99   0.9825905688547979E-06
  100   0.9370904708190866E-06
  101   0.8762849027987725E-06
  102   0.9416857910020170E-06
  103   0.8465637510044560E-06
  104   0.9599217888743906E-06
  105   0.6762879103193337E-06
  106   0.8374227761607478E-06
  107   0.7557691282709286E-06
  108   0.9411618545449661E-06
  109   0.7433677021053663E-06
  110   0.8097266514746792E-06
  111   0.6984804980719291E-06
  112   0.6663486587055695E-06
  113   0.5890326827420478E-06
  114   0.5186725646844285E-06
  115   0.7031199184802699E-06
  116   0.7323248903734816E-06
  117   0.8124724834088724E-06
  118   0.6258522766070504E-06
  119   0.6050671433767231E-06
  120   0.5466337617733428E-06
  121   0.7382579961632587E-06
  122   0.5615441781341690E-06
  123   0.6055538634966354E-06
  124   0.4953250208085721E-06
  125   0.5347832680428729E-06
  126   0.5541219528835543E-06
  127   0.5431414224833241E-06
  128   0.4969802609581427E-06
  129   0.4648503085413078E-06
  130   0.5199224683221665E-06
  131   0.4391481884441719E-06
  132   0.4597823789438562E-06
  133   0.4772188277192392E-06
  134   0.4130716990111703E-06
  135   0.4440666556231080E-06
  136   0.4690666333201318E-06
  137   0.4215077128424436E-06
  138   0.4030022701979627E-06
  139   0.4021092922947683E-06
  140   0.4004484865301847E-06
  141   0.3831486511976451E-06
  142   0.3836053831039094E-06
  143   0.3871115272470192E-06
  144   0.3259712071920452E-06
  145   0.3812423845839618E-06
  146   0.3272704974756887E-06
  147   0.3242069713088625E-06
  148   0.2948005268974594E-06
  149   0.3062630871687376E-06
  150   0.3493181763433539E-06
  151   0.2830991223116828E-06
  152   0.2967774351428339E-06
  153   0.3213886948898340E-06
  154   0.2371254926736554E-06
  155   0.2689247746220220E-06
  156   0.2636859264245678E-06
  157   0.2488094364674355E-06
  158   0.2725552913366794E-06
  159   0.2548449647590659E-06
  160   0.2504880233820206E-06
  161   0.2333869709006078E-06
  162   0.2056912478174424E-06
  163   0.2242910639683888E-06
  164   0.2376353338264184E-06
  165   0.2022718584296513E-06
  166   0.2003970512992338E-06
  167   0.1961313442492871E-06
  168   0.2009590588764133E-06
  169   0.1800324276056707E-06
  170   0.1754041465879913E-06
  171   0.1681643501746177E-06
  172   0.2052288135311909E-06
  173   0.1859742997400975E-06
  174   0.1628058350423326E-06
  175   0.1627758557907158E-06
  176   0.1572817728839244E-06
  177   0.1477813629174375E-06
  178   0.1459226012658531E-06
  179   0.1713189237646791E-06
  180   0.1342709250519380E-06
  181   0.1217597380972821E-06
  182   0.1204089119909087E-06
  183   0.1306959527389622E-06
  184   0.1179515095199856E-06
  185   0.1320187316739477E-06
  186   0.1289514369931852E-06
  187   0.1031569921194473E-06
  188   0.1142433718180737E-06
  189   0.1154782972515451E-06
  190   0.1057467105119047E-06
  191   0.1051579872663435E-06
  192   0.1061409095855167E-06
  193   0.1003427581523604E-06
  194   0.9289216702302379E-07
  195   0.7605012511608367E-07
  196   0.8401423765785824E-07
  197   0.8034950495386318E-07
  198   0.8452728582900838E-07
  199   0.7857772553430008E-07
  200   0.8408387386377425E-07
  201   0.7688108881537844E-07
  202   0.7207773318766558E-07
  203   0.7814094690424507E-07
  204   0.6905916419561347E-07
  205   0.6826874713803511E-07
  206   0.6223330853049221E-07
  207   0.5578454783278248E-07
  208   0.5730429265981058E-07
  209   0.4921101143973050E-07
  210   0.5697596592409727E-07
  211   0.4862392854750519E-07
  212   0.5504948412902656E-07
  213   0.4914167890594364E-07
  214   0.4743043013712004E-07
  215   0.5248821431343114E-07
  216   0.4689183616921226E-07
  217   0.4202992864194331E-07
  218   0.4395607614420570E-07
  219   0.4003875464291380E-07
  220   0.4254465679228498E-07
  221   0.4069182528416291E-07
  222   0.3890062301534728E-07
  223   0.3495993088673486E-07
  224   0.3220730780584101E-07
  225   0.3186577525040656E-07
  226   0.3401233987315342E-07
  227   0.3387309551252008E-07
  228   0.2909597580532078E-07
  229   0.2603975684531130E-07
  230   0.2581721634560915E-07
  231   0.2677985466195633E-07
  232   0.2561609530810057E-07
  233   0.2745263238166337E-07
  234   0.2145034138900591E-07
  235   0.2264959065635842E-07
  236   0.2474610253092354E-07
  237   0.2143918135715679E-07
  238   0.2051425125263063E-07
  239   0.1984340894571411E-07
  240   0.1980142037675154E-07
  241   0.1752444985069701E-07
  242   0.1697036025960708E-07
  243   0.1687123051793336E-07
  244   0.1516680238929617E-07
  245   0.1671309999025347E-07
  246   0.1407802876960294E-07
  247   0.1556794170432629E-07
  248   0.1452129053846093E-07
  249   0.1178276694827805E-07
  250   0.1279912896417424E-07
  251   0.1269224589541762E-07
  252   0.1268118971447531E-07
  253   0.1198916500105469E-07
  254   0.1130540640793024E-07
  255   0.1089239771297656E-07
  256   0.1014970187265145E-07
  257   0.9106334510522688E-08
  258   0.9840757257162413E-08
  259   0.8250685554746899E-08
  260   0.9958295077647008E-08
  261   0.8936656093600653E-08
  262   0.8839016005815936E-08
  263   0.7918318501863548E-08
  264   0.8029360105415217E-08
  265   0.5788877802256778E-08
  266   0.7258229582392758E-08
  267   0.6131671120702237E-08
  268   0.5883629850159484E-08
  269   0.5624244710934509E-08
  270   0.5279853592681924E-08
  271   0.6282109209164994E-08
  272   0.6093813103801067E-08
  273   0.5349219503054036E-08
  274   0.5127010690621749E-08
  275   0.4388528949427063E-08
  276   0.3862914307750593E-08
  277   0.4769084679161732E-08
  278   0.4074434763126075E-08
  279   0.4611931464451779E-08
  280   0.3816435553614993E-08
  281   0.3748421056795472E-08
  282   0.3283751190367282E-08
  283   0.3892918524380695E-08
  284   0.3294285611540163E-08
  285   0.2781500204308652E-08
  286   0.3059210460399327E-08
  287   0.2728177207633375E-08
  288   0.2654062393931206E-08
  289   0.2926648112848351E-08
  290   0.2717836594344807E-08
  291   0.2088640210132599E-08
  292   0.2022780695838506E-08
  293   0.2048528539129750E-08
  294   0.2104597685933103E-08
  295   0.2166247453284881E-08
  296   0.2160341452157232E-08
  297   0.2214855391784502E-08
  298   0.1861274104406982E-08
  299   0.1837311887637015E-08
  300   0.1916931942850788E-08
  301   0.1729490466747823E-08
  302   0.1876120593816598E-08
  303   0.1597544483206461E-08
  304   0.1670832492405810E-08
  305   0.1580586900616992E-08
  306   0.1462120916158487E-08
  307   0.1256660514721282E-08
  308   0.1556451127857042E-08
  309   0.1618892411728198E-08
  310   0.1447061974165270E-08
  311   0.1675788428694194E-08
  312   0.1146931988458668E-08
  313   0.1263826223646564E-08
  314   0.1103330894650161E-08
  315   0.1283489108329240E-08
  316   0.9987256698384751E-09
  317   0.1186046353463808E-08
  318   0.1108469088386028E-08
  319   0.9410796716844783E-09
  320   0.1046075415095089E-08
  321   0.9541103982985013E-09
  322   0.8566443076240738E-09
  323   0.8715522536231568E-09
  324   0.9307624076429774E-09
  325   0.8682712865844477E-09
  326   0.8303468769385829E-09
  327   0.8440629892737250E-09
  328   0.8982239470428428E-09
  329   0.7799134492572620E-09
  330   0.8347996963889641E-09
  331   0.8280651174522984E-09
  332   0.7884876837557396E-09
  333   0.7484332105860328E-09
  334   0.8749814017224980E-09
  335   0.7362310015826860E-09
  336   0.8437288028294974E-09
  337   0.6911644433317527E-09
  338   0.7749516136325285E-09
  339   0.7274236554105395E-09
  340   0.7099665127676935E-09
  341   0.6258272627165359E-09
  342   0.5966236326089365E-09
  343   0.6336940949265648E-09
  344   0.7052088749944764E-09
  345   0.6336324626030929E-09
  346   0.6127999643835047E-09
  347   0.6754571816366744E-09
  348   0.6692092873280362E-09
  349   0.6840279164899137E-09
  350   0.6957279613043199E-09
  351   0.5937818011116763E-09
  352   0.7093384147802471E-09
  353   0.6041450884873812E-09
  354   0.6653564738511226E-09
  355   0.6014153339642758E-09
  356   0.6516505231304855E-09
  357   0.6146471130993985E-09
  358   0.7108596963739401E-09
  359   0.7781649407063819E-09
  360   0.6978407831017187E-09
  361   0.6806054461936511E-09
  362   0.7102319886947891E-09
  363   0.6360127438414085E-09
  364   0.6699117753789628E-09
  365   0.6548505805508367E-09
  366   0.6522027161858946E-09
  367   0.6197218601243927E-09
  368   0.6145443319039670E-09
  369   0.6243939531546503E-09
  370   0.6684993367393379E-09
  371   0.7121912544644251E-09
  372   0.7183731864449847E-09
  373   0.6955106491447006E-09
  374   0.7132717028180357E-09
  375   0.6734071820582205E-09
  376   0.6659509657511576E-09
  377   0.7442758429248125E-09
  378   0.7322999560656410E-09
  379   0.7451744294570435E-09
  380   0.7986648560401482E-09
  381   0.8858595539329323E-09
  382   0.8801398652292729E-09
  383   0.8362534581647612E-09
