# nlmax, ncor, nside =         383           1         128
    0   0.7572634141670712E-08
    1   0.4947821459068952E-08
    2   0.1486040037629344E+03
    3   0.4939272569840595E+03
    4   0.2343901338504456E+03
    5   0.2957476916910655E+03
    6   0.8847854659198158E+02
    7   0.1209998264885242E+03
    8   0.5453227777571494E+02
    9   0.4065017308408159E+02
   10   0.5359236745902628E+02
   11   0.4411443411364095E+02
   12   0.3158130556776587E+02
   13   0.2459559556248353E+02
   14   0.2412712702094684E+02
   15   0.2179898658585768E+02
   16   0.1585086668829484E+02
   17   0.1792894350424427E+02
   18   0.1075618038810766E+02
   19   0.1456231674202856E+02
   20   0.1097272632634266E+02
   21   0.8521643710812290E+01
   22   0.7227996501789610E+01
   23   0.8053326014991901E+01
   24   0.7978706141672069E+01
   25   0.7711977744754456E+01
   26   0.8133654470959867E+01
   27   0.6307611137782867E+01
   28   0.9007925643933923E+01
   29   0.7171417722729963E+01
   30   0.5675482496459802E+01
   31   0.5241825769635927E+01
   32   0.7672626524713397E+01
   33   0.4846176375745133E+01
   34   0.5609660937568634E+01
   35   0.4136451396886089E+01
   36   0.4755656724657421E+01
   37   0.5551725291868451E+01
   38   0.4607388755921873E+01
   39   0.4154663434292696E+01
   40   0.6181263088116632E+01
   41   0.3789151807215242E+01
   42   0.3690896362255493E+01
   43   0.3567717201785404E+01
   44   0.2989238787983401E+01
   45   0.2679743240218958E+01
   46   0.2893513725563121E+01
   47   0.3835014664753033E+01
   48   0.2199700652396524E+01
   49   0.3295467137930722E+01
   50   0.3105006359027148E+01
   51   0.2351647701091002E+01
   52   0.2538709106309544E+01
   53   0.1968115786331960E+01
   54   0.1924348174768360E+01
   55   0.2174629377563219E+01
   56   0.2742952612932733E+01
   57   0.2252073385203240E+01
   58   0.2197363624033615E+01
   59   0.1637703054016793E+01
   60   0.1871203532350580E+01
   61   0.1794800962443629E+01
   62   0.2084377960393148E+01
   63   0.1851106906049667E+01
   64   0.1651762230634187E+01
   65   0.1528790194943012E+01
   66   0.1398808660464907E+01
   67   0.1593027762766398E+01
   68   0.1482476170263347E+01
   69   0.1663090293482319E+01
   70   0.1444871977908809E+01
   71   0.1286397144270801E+01
   72   0.1266317674053705E+01
   73   0.1629130359477543E+01
   74   0.1420438713375809E+01
   75   0.1184774570180527E+01
   76   0.1093327880825156E+01
   77   0.1269993916347839E+01
   78   0.1096592257818354E+01
   79   0.8262585165672427E+00
   80   0.1072736864409890E+01
   81   0.1093696983852607E+01
   82   0.1222664084344991E+01
   83   0.9087068671433994E+00
   84   0.8078690889861417E+00
   85   0.9095027090867120E+00
   86   0.9596593574472173E+00
   87   0.9432894307008818E+00
   88   0.7625029863033794E+00
   89   0.8429244918463260E+00
   90   0.8505457991455443E+00
   91   0.8275333212760787E+00
   92   0.7918425264206218E+00
   93   0.7499679279412329E+00
   94   0.6547936214654280E+00
   95   0.5715534729739069E+00
   96   0.6036593035988006E+00
   97   0.6992780381091248E+00
   98   0.5034525306681525E+00
   99   0.6440314748926402E+00
  100   0.5913743523774770E+00
  101   0.5955024654326672E+00
  102   0.6193561234269809E+00
  103   0.5359429970365781E+00
  104   0.5869406358259317E+00
  105   0.4410722479546817E+00
  106   0.5234078705554530E+00
  107   0.4714569896222428E+00
  108   0.5639726467191485E+00
  109   0.4550446879791679E+00
  110   0.4775327911643969E+00
  111   0.4274999048495803E+00
  112   0.3844380216722617E+00
  113   0.3563641696278427E+00
  114   0.2986747980877389E+00
  115   0.3980081329099803E+00
  116   0.4121031154339714E+00
  117   0.4591923889149404E+00
  118   0.3407616376837412E+00
  119   0.3345099447562737E+00
  120   0.3038016526638431E+00
  121   0.4005035426464985E+00
  122   0.3080863947899228E+00
  123   0.3241475447308784E+00
  124   0.2539348801996976E+00
  125   0.2712367348028867E+00
  126   0.2792269603809903E+00
  127   0.2697767593825033E+00
  128   0.2533988429055285E+00
  129   0.2279801337111944E+00
  130   0.2500462465019392E+00
  131   0.2076856297628223E+00
  132   0.2101927120709384E+00
  133   0.2251280403693173E+00
  134   0.1979465421938687E+00
  135   0.2020689927408107E+00
  136   0.2120202408432126E+00
  137   0.1899775834833669E+00
  138   0.1845896193509770E+00
  139   0.1752452059942126E+00
  140   0.1736918002749612E+00
  141   0.1622003460311570E+00
  142   0.1641441843551678E+00
  143   0.1662650271225978E+00
  144   0.1376597804998087E+00
  145   0.1588015039260060E+00
  146   0.1300542324176086E+00
  147   0.1314266000175738E+00
  148   0.1203038478618069E+00
  149   0.1219462792731433E+00
  150   0.1321723221244296E+00
  151   0.1089804539361565E+00
  152   0.1110696654048508E+00
  153   0.1178924302144562E+00
  154   0.8980076178110566E-01
  155   0.9537503427128795E-01
  156   0.9486186245639447E-01
  157   0.8548200293836078E-01
  158   0.9714731133625355E-01
  159   0.8391104226575759E-01
  160   0.8626024933099630E-01
  161   0.8013060405427025E-01
  162   0.6919145124989426E-01
  163   0.7697312037947809E-01
  164   0.7689313890678083E-01
  165   0.6414944246104716E-01
  166   0.6182380297812128E-01
  167   0.6101599693773229E-01
  168   0.6567152449649963E-01
  169   0.5423474053967753E-01
  170   0.5363860640025849E-01
  171   0.4818599425938187E-01
  172   0.5810774134338757E-01
  173   0.5014227582876152E-01
  174   0.4542530291174281E-01
  175   0.4470078154816887E-01
  176   0.4247058207741244E-01
  177   0.3716402263601100E-01
  178   0.3793362227150972E-01
  179   0.4379404571848724E-01
  180   0.3440330627230861E-01
  181   0.2913841297906907E-01
  182   0.2959557518811715E-01
  183   0.3172258830268287E-01
  184   0.2752597534124513E-01
  185   0.3189677955951970E-01
  186   0.2836553820680896E-01
  187   0.2380181936743532E-01
  188   0.2599209017648304E-01
  189   0.2594032057021199E-01
  190   0.2269593726090858E-01
  191   0.2300481908271911E-01
  192   0.2145175669174083E-01
  193   0.1974115505765381E-01
  194   0.1872645821025644E-01
  195   0.1541420479890516E-01
  196   0.1731351811300126E-01
  197   0.1550220989036968E-01
  198   0.1611557273420491E-01
  199   0.1436347503272887E-01
  200   0.1444077312864641E-01
  201   0.1299102776671025E-01
  202   0.1270156012028768E-01
  203   0.1344622963261861E-01
  204   0.1167460233229736E-01
  205   0.1122149723686603E-01
  206   0.1047455749544429E-01
  207   0.9066130309607106E-02
  208   0.9238863532516312E-02
  209   0.8104749168539632E-02
  210   0.8630800890443680E-02
  211   0.7265231483803558E-02
  212   0.7978836485593273E-02
  213   0.6851562736885194E-02
  214   0.6389188541541891E-02
  215   0.6968763953791767E-02
  216   0.6330099332978098E-02
  217   0.5319535294806496E-02
  218   0.5772685284255687E-02
  219   0.5047354115835323E-02
  220   0.5348874062090677E-02
  221   0.5077379532282935E-02
  222   0.5007942272747585E-02
  223   0.4191085594022776E-02
  224   0.3666779586887815E-02
  225   0.3624281825772964E-02
  226   0.3582538777434245E-02
  227   0.3670274372631374E-02
  228   0.3156535839619702E-02
  229   0.2672890816194524E-02
  230   0.2692091721726302E-02
  231   0.2771943444287635E-02
  232   0.2489290462549337E-02
  233   0.2496740943185540E-02
  234   0.2129079521627673E-02
  235   0.2151128583651503E-02
  236   0.2274717566318958E-02
  237   0.1842975133529465E-02
  238   0.1735422442933035E-02
  239   0.1750344226093756E-02
  240   0.1695768419989872E-02
  241   0.1495269945027537E-02
  242   0.1394979783555359E-02
  243   0.1352436264655734E-02
  244   0.1186500922784145E-02
  245   0.1351646999814402E-02
  246   0.1101066626169671E-02
  247   0.1119325440197086E-02
  248   0.9977501840000445E-03
  249   0.7991097633090645E-03
  250   0.9283390768238055E-03
  251   0.8300717863759129E-03
  252   0.8426474609506437E-03
  253   0.6789590546780387E-03
  254   0.6384408901839165E-03
  255   0.5936693274292713E-03
  256   0.5900111377615027E-03
  257   0.5109423126995441E-03
  258   0.5311219293908388E-03
  259   0.4557637153217165E-03
  260   0.4804705272536250E-03
  261   0.4418662470286835E-03
  262   0.4449660285660520E-03
  263   0.4195279689601186E-03
  264   0.3502972655200393E-03
  265   0.3006067934123213E-03
  266   0.3449719922263306E-03
  267   0.3083809411501783E-03
  268   0.2618292748564040E-03
  269   0.2494757283631315E-03
  270   0.2156492107578403E-03
  271   0.2453136437343683E-03
  272   0.2268415819292120E-03
  273   0.1935249087754115E-03
  274   0.1955338284741787E-03
  275   0.1567247630070306E-03
  276   0.1465470047006739E-03
  277   0.1616464719916902E-03
  278   0.1402972792415031E-03
  279   0.1391019030238198E-03
  280   0.1156130407704699E-03
  281   0.1159625505204124E-03
  282   0.1069670027923220E-03
  283   0.1063681154404229E-03
  284   0.8681769052482369E-04
  285   0.7585461025853328E-04
  286   0.8027650679325592E-04
  287   0.7434618641121427E-04
  288   0.6497137218600439E-04
  289   0.6695660939640312E-04
  290   0.6281678170355799E-04
  291   0.4936954365681678E-04
  292   0.5150632431700486E-04
  293   0.4823895731759672E-04
  294   0.4414351652034911E-04
  295   0.4240270196326457E-04
  296   0.4112588009525124E-04
  297   0.3841326852190535E-04
  298   0.3144113123138818E-04
  299   0.3196307623199181E-04
  300   0.3321950558538061E-04
  301   0.2821835025826349E-04
  302   0.2784873478612138E-04
  303   0.2239672086342687E-04
  304   0.2295210906693310E-04
  305   0.2125958417122323E-04
  306   0.1992357739306447E-04
  307   0.1639246580371947E-04
  308   0.1913376750341226E-04
  309   0.1593337060936526E-04
  310   0.1599354100129174E-04
  311   0.1355566875745402E-04
  312   0.1364815018283095E-04
  313   0.1101140150393318E-04
  314   0.1022032768539962E-04
  315   0.1109825567240734E-04
  316   0.1024516064042821E-04
  317   0.8691068462910893E-05
  318   0.8669471445547876E-05
  319   0.8170545271358557E-05
  320   0.8035407488158837E-05
  321   0.6026403747978542E-05
  322   0.7055946656190200E-05
  323   0.5804366543120841E-05
  324   0.6312315444901233E-05
  325   0.5625843012610612E-05
  326   0.5555090809493533E-05
  327   0.4376481819939207E-05
  328   0.5184776108131851E-05
  329   0.4286882749990816E-05
  330   0.4185671018636551E-05
  331   0.3504857043524800E-05
  332   0.4296106192521308E-05
  333   0.3361085995722125E-05
  334   0.3642238095945063E-05
  335   0.2816835581178494E-05
  336   0.3659619095223290E-05
  337   0.2588513754164955E-05
  338   0.3148075953090301E-05
  339   0.2329257679676100E-05
  340   0.3343480556342157E-05
  341   0.1992370937934463E-05
  342   0.2749841948729469E-05
  343   0.1972577169774015E-05
  344   0.2749841603484060E-05
  345   0.1808590838078427E-05
  346   0.2425928243185885E-05
  347   0.1683477979354253E-05
  348   0.2479833014445208E-05
  349   0.1702094524207342E-05
  350   0.2448178929218790E-05
  351   0.1567011507541757E-05
  352   0.2451938454109790E-05
  353   0.1421292539869075E-05
  354   0.2307891874517263E-05
  355   0.1312313802063844E-05
  356   0.2366729384493436E-05
  357   0.1275730138986672E-05
  358   0.2274005162589886E-05
  359   0.1226036881076675E-05
  360   0.2319309951256483E-05
  361   0.1243430937241573E-05
  362   0.2306171419742088E-05
  363   0.1220344059112499E-05
  364   0.2411913258565657E-05
  365   0.1179017231195933E-05
  366   0.2453329541505390E-05
  367   0.1183420033660958E-05
  368   0.2449749774316147E-05
  369   0.1218865094181428E-05
  370   0.2506304566238718E-05
  371   0.1215159547549249E-05
  372   0.2519514251474652E-05
  373   0.1254294377578289E-05
  374   0.2778970601792908E-05
  375   0.1283002836915734E-05
  376   0.2861987411664845E-05
  377   0.1528875676265054E-05
  378   0.3083952691498963E-05
  379   0.1565452947461801E-05
  380   0.3492665381223945E-05
  381   0.1972889323307051E-05
  382   0.3818206646429498E-05
  383   0.2308999802001638E-05
