0.000000000000000000e+00 1.117342599236907041e+00
1.000000000000000000e+00 1.403614819120982959e+00
2.000000000000000000e+00 9.180469422474297403e+01
3.000000000000000000e+00 5.446059523326030103e+02
4.000000000000000000e+00 2.266349158834903221e+02
5.000000000000000000e+00 2.880989233639120357e+02
6.000000000000000000e+00 9.879959839916682540e+01
7.000000000000000000e+00 1.257205597016260299e+02
8.000000000000000000e+00 5.404517180842943702e+01
9.000000000000000000e+00 3.587432014613706599e+01
1.000000000000000000e+01 5.227998961202915496e+01
1.100000000000000000e+01 4.978105241849459617e+01
1.200000000000000000e+01 3.381290637295553836e+01
1.300000000000000000e+01 2.836971563028517451e+01
1.400000000000000000e+01 2.535986680826344752e+01
1.500000000000000000e+01 2.426472510422414430e+01
1.600000000000000000e+01 1.575320655623216659e+01
1.700000000000000000e+01 1.889880361649554530e+01
1.800000000000000000e+01 1.193494481413267394e+01
1.900000000000000000e+01 1.633901892206303330e+01
2.000000000000000000e+01 1.339746018427618068e+01
2.100000000000000000e+01 1.067758480691313672e+01
2.200000000000000000e+01 8.970532946461505119e+00
2.300000000000000000e+01 9.575675700245607658e+00
2.400000000000000000e+01 9.084312403134346070e+00
2.500000000000000000e+01 8.934946234034303103e+00
2.600000000000000000e+01 8.892681089905464020e+00
2.700000000000000000e+01 7.140009214477339050e+00
2.800000000000000000e+01 1.075141864171762229e+01
2.900000000000000000e+01 8.510136459761987737e+00
3.000000000000000000e+01 7.185814871394644143e+00
3.100000000000000000e+01 6.283867438127988869e+00
3.200000000000000000e+01 8.342458238645193092e+00
3.300000000000000000e+01 4.855753341676845913e+00
3.400000000000000000e+01 6.794036924739906169e+00
3.500000000000000000e+01 5.040695324399208310e+00
3.600000000000000000e+01 5.253278532595639483e+00
3.700000000000000000e+01 6.786075959079130193e+00
3.800000000000000000e+01 5.508273571091809373e+00
3.900000000000000000e+01 4.411641120207309363e+00
4.000000000000000000e+01 6.928328808477859369e+00
4.100000000000000000e+01 5.235218032517394704e+00
4.200000000000000000e+01 4.741249958606976733e+00
4.300000000000000000e+01 4.343003052068112879e+00
4.400000000000000000e+01 3.571724768651810766e+00
4.500000000000000000e+01 3.313122775757662009e+00
4.600000000000000000e+01 3.904202968474061564e+00
4.700000000000000000e+01 4.614693631370458959e+00
4.800000000000000000e+01 2.769335700506561970e+00
4.900000000000000000e+01 3.782337202724880498e+00
5.000000000000000000e+01 3.921894356606686394e+00
5.100000000000000000e+01 2.965652862553947333e+00
5.200000000000000000e+01 3.154393817997463323e+00
5.300000000000000000e+01 2.579262025346157117e+00
5.400000000000000000e+01 2.345479746618577277e+00
5.500000000000000000e+01 2.642705320525374990e+00
5.600000000000000000e+01 3.177248450190146567e+00
5.700000000000000000e+01 2.839412825136850671e+00
5.800000000000000000e+01 2.757839564189696446e+00
5.900000000000000000e+01 2.171149159816584184e+00
6.000000000000000000e+01 2.235736420281603465e+00
6.100000000000000000e+01 2.170465096150494766e+00
6.200000000000000000e+01 2.735837214548478613e+00
6.300000000000000000e+01 2.251582983957406636e+00
6.400000000000000000e+01 2.135500700622716241e+00
6.500000000000000000e+01 2.167916092173630460e+00
6.600000000000000000e+01 1.926986817330356150e+00
6.700000000000000000e+01 2.072869413706523556e+00
6.800000000000000000e+01 2.088948843581242443e+00
6.900000000000000000e+01 2.265141534588521743e+00
7.000000000000000000e+01 1.836804209218969586e+00
7.100000000000000000e+01 1.722850466935657687e+00
7.200000000000000000e+01 1.697665038748741972e+00
7.300000000000000000e+01 2.225957534645667479e+00
7.400000000000000000e+01 1.838110390103083525e+00
7.500000000000000000e+01 1.674640861917226609e+00
7.600000000000000000e+01 1.632126469871529872e+00
7.700000000000000000e+01 1.803064301301344763e+00
7.800000000000000000e+01 1.626981682596706280e+00
7.900000000000000000e+01 1.216733867170673777e+00
8.000000000000000000e+01 1.572916224700500853e+00
8.100000000000000000e+01 1.611055502815040619e+00
8.200000000000000000e+01 1.680668370691601687e+00
8.300000000000000000e+01 1.322197436623221201e+00
8.400000000000000000e+01 1.230273826491680156e+00
8.500000000000000000e+01 1.434925603254590065e+00
8.600000000000000000e+01 1.422873249667539364e+00
8.700000000000000000e+01 1.330219201657156347e+00
8.800000000000000000e+01 1.239902481228254860e+00
8.900000000000000000e+01 1.265650019015739147e+00
9.000000000000000000e+01 1.383935332448776423e+00
9.100000000000000000e+01 1.233439322172186658e+00
9.200000000000000000e+01 1.180097289979539887e+00
9.300000000000000000e+01 1.225178302261128227e+00
9.400000000000000000e+01 1.100694975805318832e+00
9.500000000000000000e+01 9.841817189698304214e-01
9.600000000000000000e+01 1.094870464832433665e+00
9.700000000000000000e+01 1.192479169628553715e+00
9.800000000000000000e+01 8.964675960844746827e-01
9.900000000000000000e+01 1.057643535091422837e+00
1.000000000000000000e+02 9.336255642439139635e-01
1.010000000000000000e+02 9.939840620748887634e-01
1.020000000000000000e+02 1.027143586727756075e+00
1.030000000000000000e+02 1.036271063675663351e+00
1.040000000000000000e+02 1.080691618139877574e+00
1.050000000000000000e+02 8.233593321520680242e-01
1.060000000000000000e+02 9.077790418375830672e-01
1.070000000000000000e+02 8.395324583926015993e-01
1.080000000000000000e+02 1.020959169824822599e+00
1.090000000000000000e+02 8.300675372707632116e-01
1.100000000000000000e+02 9.079388372366926641e-01
1.110000000000000000e+02 8.217228004645383832e-01
1.120000000000000000e+02 7.146101050622751805e-01
1.130000000000000000e+02 6.966327268087022517e-01
1.140000000000000000e+02 6.013276260449487154e-01
1.150000000000000000e+02 8.103038054851059435e-01
1.160000000000000000e+02 8.570433052365380444e-01
1.170000000000000000e+02 8.996443681025709793e-01
1.180000000000000000e+02 6.870477218915455042e-01
1.190000000000000000e+02 7.109424143747909985e-01
1.200000000000000000e+02 5.953153144325805668e-01
1.210000000000000000e+02 8.422729871268108681e-01
1.220000000000000000e+02 6.087470194382297306e-01
1.230000000000000000e+02 6.723712159928018073e-01
1.240000000000000000e+02 5.490679037594232703e-01
1.250000000000000000e+02 5.709918444755824884e-01
1.260000000000000000e+02 6.488009610358111967e-01
1.270000000000000000e+02 5.802752074760241241e-01
1.280000000000000000e+02 5.545605291414331672e-01
1.290000000000000000e+02 5.044282442235801245e-01
1.300000000000000000e+02 5.962079835941068717e-01
1.310000000000000000e+02 4.734005440393235231e-01
1.320000000000000000e+02 4.890880789102386439e-01
1.330000000000000000e+02 5.511803794959819758e-01
1.340000000000000000e+02 4.958509604651655245e-01
1.350000000000000000e+02 4.617667938947617734e-01
1.360000000000000000e+02 5.460531675174083999e-01
1.370000000000000000e+02 5.013431045282531473e-01
1.380000000000000000e+02 4.317013998723778223e-01
1.390000000000000000e+02 4.336279041743335005e-01
1.400000000000000000e+02 4.316700843986296388e-01
1.410000000000000000e+02 4.084699823841407840e-01
1.420000000000000000e+02 4.490214026758644339e-01
1.430000000000000000e+02 4.146048923151076093e-01
1.440000000000000000e+02 3.588659627129686114e-01
1.450000000000000000e+02 4.165352097119294217e-01
1.460000000000000000e+02 3.814869626500928534e-01
1.470000000000000000e+02 3.824767415334083265e-01
1.480000000000000000e+02 3.293094875844905234e-01
1.490000000000000000e+02 3.514302715751899675e-01
1.500000000000000000e+02 3.877967104821811173e-01
1.510000000000000000e+02 3.382426344169720545e-01
1.520000000000000000e+02 3.343812999186803192e-01
1.530000000000000000e+02 3.866495598333348216e-01
1.540000000000000000e+02 2.749864552324661204e-01
1.550000000000000000e+02 2.906323497715289084e-01
1.560000000000000000e+02 2.912292573924016859e-01
1.570000000000000000e+02 2.772468710285185822e-01
1.580000000000000000e+02 3.238941043859719926e-01
1.590000000000000000e+02 2.724186576749769162e-01
1.600000000000000000e+02 2.983710156404831837e-01
1.610000000000000000e+02 2.698152899286676010e-01
1.620000000000000000e+02 2.525326358085161482e-01
1.630000000000000000e+02 2.582952189826077660e-01
1.640000000000000000e+02 2.679914783102883558e-01
1.650000000000000000e+02 2.316750883468698397e-01
1.660000000000000000e+02 2.240848144097973282e-01
1.670000000000000000e+02 2.359851292719808424e-01
1.680000000000000000e+02 2.495114069210585817e-01
1.690000000000000000e+02 2.030229459070717057e-01
1.700000000000000000e+02 1.921058818080498831e-01
1.710000000000000000e+02 1.849483766674673013e-01
1.720000000000000000e+02 2.222931510869980420e-01
1.730000000000000000e+02 1.991826310268980937e-01
1.740000000000000000e+02 1.934519765172173500e-01
1.750000000000000000e+02 1.892559152893210639e-01
1.760000000000000000e+02 1.774451490937426212e-01
1.770000000000000000e+02 1.593643740426917699e-01
1.780000000000000000e+02 1.636413665268898476e-01
1.790000000000000000e+02 1.900932569646252013e-01
1.800000000000000000e+02 1.536196838216717653e-01
1.810000000000000000e+02 1.328610270152283390e-01
1.820000000000000000e+02 1.392699277082115328e-01
1.830000000000000000e+02 1.466265151794682309e-01
1.840000000000000000e+02 1.282526071455619143e-01
1.850000000000000000e+02 1.594151408291260563e-01
1.860000000000000000e+02 1.424863762251653287e-01
1.870000000000000000e+02 1.226973255958463682e-01
1.880000000000000000e+02 1.313200472467147273e-01
1.890000000000000000e+02 1.285355128556876503e-01
1.900000000000000000e+02 1.180405759395759674e-01
1.910000000000000000e+02 1.200434692314385349e-01
1.920000000000000000e+02 1.252049805251811698e-01
1.930000000000000000e+02 1.121951579204553545e-01
1.940000000000000000e+02 1.067782143755775931e-01
1.950000000000000000e+02 9.085726185611697758e-02
1.960000000000000000e+02 1.020391538023707051e-01
1.970000000000000000e+02 9.289459871846973693e-02
1.980000000000000000e+02 9.494899549568615316e-02
1.990000000000000000e+02 9.079212458090825388e-02
2.000000000000000000e+02 8.704245971860008479e-02
2.010000000000000000e+02 7.981718100194681864e-02
2.020000000000000000e+02 8.375604089370169980e-02
2.030000000000000000e+02 8.644705702776843415e-02
2.040000000000000000e+02 7.994471191815101518e-02
2.050000000000000000e+02 7.490700700570999959e-02
2.060000000000000000e+02 7.181734884641073624e-02
2.070000000000000000e+02 6.628839601842603790e-02
2.080000000000000000e+02 6.669472324266892405e-02
2.090000000000000000e+02 5.908159641780837135e-02
2.100000000000000000e+02 6.249319861731840453e-02
2.110000000000000000e+02 5.807837559329003668e-02
2.120000000000000000e+02 5.855962395643209834e-02
2.130000000000000000e+02 5.334614598645744804e-02
2.140000000000000000e+02 5.173670469398927024e-02
2.150000000000000000e+02 5.614178191074815916e-02
2.160000000000000000e+02 5.191696336282672353e-02
2.170000000000000000e+02 4.561857229610022380e-02
2.180000000000000000e+02 4.873339514035231190e-02
2.190000000000000000e+02 4.297313199135661954e-02
2.200000000000000000e+02 4.484573441802915117e-02
2.210000000000000000e+02 4.461168590193339417e-02
2.220000000000000000e+02 4.395625106954721001e-02
2.230000000000000000e+02 3.893359913508483150e-02
2.240000000000000000e+02 3.524706513126420193e-02
2.250000000000000000e+02 3.530173105664776573e-02
2.260000000000000000e+02 3.395275287778470180e-02
2.270000000000000000e+02 3.683248398177468158e-02
2.280000000000000000e+02 3.284631707621462476e-02
2.290000000000000000e+02 2.817264118482890739e-02
2.300000000000000000e+02 3.080217240236217055e-02
2.310000000000000000e+02 3.030387011808181874e-02
2.320000000000000000e+02 2.890609273945814531e-02
2.330000000000000000e+02 2.761674649645435783e-02
2.340000000000000000e+02 2.692931008226128603e-02
2.350000000000000000e+02 2.625826020489752111e-02
2.360000000000000000e+02 2.657354543299589311e-02
2.370000000000000000e+02 2.409348002528457003e-02
2.380000000000000000e+02 2.181349929060279885e-02
2.390000000000000000e+02 2.284101246115498307e-02
2.400000000000000000e+02 2.137952786283410164e-02
2.410000000000000000e+02 2.035727606477771498e-02
2.420000000000000000e+02 2.008876525187072368e-02
2.430000000000000000e+02 1.866574023115752032e-02
2.440000000000000000e+02 1.712795264375003082e-02
2.450000000000000000e+02 2.088101454909232352e-02
2.460000000000000000e+02 1.628743779875661130e-02
2.470000000000000000e+02 1.737047302044283925e-02
2.480000000000000000e+02 1.578052457804190664e-02
2.490000000000000000e+02 1.389632742030260347e-02
2.500000000000000000e+02 1.604513148977862458e-02
2.510000000000000000e+02 1.348125431968125697e-02
2.520000000000000000e+02 1.454906932875524306e-02
2.530000000000000000e+02 1.209860624794378663e-02
2.540000000000000000e+02 1.137328840439039146e-02
2.550000000000000000e+02 1.122611517193637318e-02
2.560000000000000000e+02 1.114346527770914905e-02
2.570000000000000000e+02 9.711732416193242026e-03
2.580000000000000000e+02 1.034338812617254487e-02
2.590000000000000000e+02 9.958123353904993133e-03
2.600000000000000000e+02 1.011586137422935787e-02
2.610000000000000000e+02 8.952493511405746479e-03
2.620000000000000000e+02 9.350260429293023867e-03
2.630000000000000000e+02 9.584108541129751288e-03
2.640000000000000000e+02 8.088394878782659975e-03
2.650000000000000000e+02 7.326922856965232753e-03
2.660000000000000000e+02 8.034292008691634387e-03
2.670000000000000000e+02 7.249535441147333600e-03
2.680000000000000000e+02 6.577374097274284528e-03
2.690000000000000000e+02 6.471976695663942195e-03
2.700000000000000000e+02 5.345545027850988166e-03
2.710000000000000000e+02 6.562967348457204343e-03
2.720000000000000000e+02 6.529045986277347800e-03
2.730000000000000000e+02 5.023252668608831246e-03
2.740000000000000000e+02 5.644893532440129098e-03
2.750000000000000000e+02 4.595581236381245799e-03
2.760000000000000000e+02 4.343580129161210036e-03
2.770000000000000000e+02 4.814249997175302012e-03
2.780000000000000000e+02 4.394725741597607475e-03
2.790000000000000000e+02 4.441447751616741345e-03
2.800000000000000000e+02 3.615391115007886378e-03
2.810000000000000000e+02 4.086845077552154343e-03
2.820000000000000000e+02 3.764407347117548677e-03
2.830000000000000000e+02 3.964135368134656147e-03
2.840000000000000000e+02 3.273735658904714917e-03
2.850000000000000000e+02 2.768739165738938728e-03
2.860000000000000000e+02 3.277183532867393792e-03
2.870000000000000000e+02 2.972356675838405422e-03
2.880000000000000000e+02 2.700230588515928776e-03
2.890000000000000000e+02 2.764755533018925689e-03
2.900000000000000000e+02 2.721065015621999296e-03
2.910000000000000000e+02 2.164428907794549092e-03
2.920000000000000000e+02 2.313970782872088600e-03
2.930000000000000000e+02 2.165703187105557335e-03
2.940000000000000000e+02 2.152401251618803885e-03
2.950000000000000000e+02 2.127008111080167744e-03
2.960000000000000000e+02 2.017154053981009935e-03
2.970000000000000000e+02 2.038764993825313912e-03
2.980000000000000000e+02 1.582062784674668088e-03
2.990000000000000000e+02 1.704128315088265224e-03
3.000000000000000000e+02 1.832943077283226982e-03
3.010000000000000000e+02 1.557245810238550151e-03
3.020000000000000000e+02 1.577698177049466225e-03
3.030000000000000000e+02 1.274722182561652262e-03
3.040000000000000000e+02 1.401923145220178996e-03
3.050000000000000000e+02 1.335817570585016729e-03
3.060000000000000000e+02 1.230765127293117871e-03
3.070000000000000000e+02 1.039247160692197483e-03
3.080000000000000000e+02 1.183240250324086229e-03
3.090000000000000000e+02 1.102816467344293859e-03
3.100000000000000000e+02 1.119546871983456270e-03
3.110000000000000000e+02 9.653707351166380349e-04
3.120000000000000000e+02 9.390677763507016343e-04
3.130000000000000000e+02 8.260042348741349809e-04
3.140000000000000000e+02 7.367743134751094129e-04
3.150000000000000000e+02 8.501827135848141759e-04
3.160000000000000000e+02 6.915286725397519268e-04
3.170000000000000000e+02 6.997002068155867231e-04
3.180000000000000000e+02 6.822558928966751014e-04
3.190000000000000000e+02 6.750522921280893924e-04
3.200000000000000000e+02 6.510628185286440562e-04
3.210000000000000000e+02 5.053447712235237558e-04
3.220000000000000000e+02 5.986826357278730252e-04
3.230000000000000000e+02 5.357624034496521158e-04
3.240000000000000000e+02 5.955628018577827565e-04
3.250000000000000000e+02 5.423415595496760199e-04
3.260000000000000000e+02 4.485501476751311092e-04
3.270000000000000000e+02 4.525405746868864311e-04
3.280000000000000000e+02 4.121527320256490753e-04
3.290000000000000000e+02 4.054196350541595570e-04
3.300000000000000000e+02 3.640032439712065230e-04
3.310000000000000000e+02 3.978262532632420253e-04
3.320000000000000000e+02 3.496626154654248141e-04
3.330000000000000000e+02 3.456846167725837089e-04
3.340000000000000000e+02 3.152818665154389298e-04
3.350000000000000000e+02 3.104387931976954171e-04
3.360000000000000000e+02 3.207387243369675669e-04
3.370000000000000000e+02 2.809660198668154476e-04
3.380000000000000000e+02 3.112169518406121983e-04
3.390000000000000000e+02 2.485562876234650130e-04
3.400000000000000000e+02 3.298291392062955955e-04
3.410000000000000000e+02 2.360330831658327222e-04
3.420000000000000000e+02 2.441907989252523753e-04
3.430000000000000000e+02 2.665319288686871261e-04
3.440000000000000000e+02 2.472638450948433418e-04
3.450000000000000000e+02 2.126415959422183020e-04
3.460000000000000000e+02 2.195529980470159372e-04
3.470000000000000000e+02 2.014066137162066547e-04
3.480000000000000000e+02 1.973153476341029452e-04
3.490000000000000000e+02 2.036930550447792979e-04
3.500000000000000000e+02 1.582535285129038692e-04
3.510000000000000000e+02 1.939672950285037921e-04
3.520000000000000000e+02 1.831780065408797223e-04
3.530000000000000000e+02 1.576865008161768401e-04
3.540000000000000000e+02 1.373792061664381428e-04
3.550000000000000000e+02 1.639825690569136950e-04
3.560000000000000000e+02 1.459582463269040384e-04
3.570000000000000000e+02 1.514474153688068431e-04
3.580000000000000000e+02 1.503651330619055029e-04
3.590000000000000000e+02 1.397034667120114319e-04
3.600000000000000000e+02 1.381998411804491716e-04
3.610000000000000000e+02 1.679104949910555328e-04
3.620000000000000000e+02 1.449303329039362527e-04
3.630000000000000000e+02 1.657020690545872371e-04
3.640000000000000000e+02 1.417971625320584071e-04
3.650000000000000000e+02 1.652688169917160233e-04
3.660000000000000000e+02 1.244450939403907771e-04
3.670000000000000000e+02 1.360152378095877141e-04
3.680000000000000000e+02 1.226607276582531456e-04
3.690000000000000000e+02 1.397107853558537840e-04
3.700000000000000000e+02 1.289641116297648331e-04
3.710000000000000000e+02 1.403322332136118175e-04
3.720000000000000000e+02 1.340294588852080986e-04
3.730000000000000000e+02 1.217632765423093627e-04
3.740000000000000000e+02 1.354824652602541529e-04
3.750000000000000000e+02 1.404775488119132225e-04
3.760000000000000000e+02 1.410208039574886913e-04
3.770000000000000000e+02 1.222019954573096861e-04
3.780000000000000000e+02 1.246662764836508903e-04
3.790000000000000000e+02 1.144052766201987927e-04
3.800000000000000000e+02 1.389435178118629554e-04
3.810000000000000000e+02 1.279846543302824344e-04
3.820000000000000000e+02 1.313061175922268151e-04
3.830000000000000000e+02 1.287111613863550937e-04
