0.000000000000000000e+00 -1.763377845450113945e-01
1.000000000000000000e+00 -2.027079824304887090e-01
2.000000000000000000e+00 1.223732923252257763e+02
3.000000000000000000e+00 5.005580009801120127e+02
4.000000000000000000e+00 2.201319425942695034e+02
5.000000000000000000e+00 2.921901162858965790e+02
6.000000000000000000e+00 9.279646397351925202e+01
7.000000000000000000e+00 1.168270691618604218e+02
8.000000000000000000e+00 5.523121865591420487e+01
9.000000000000000000e+00 4.164913117225235339e+01
1.000000000000000000e+01 5.319294799768884019e+01
1.100000000000000000e+01 4.663764130731964030e+01
1.200000000000000000e+01 3.108465312554542948e+01
1.300000000000000000e+01 2.502224070514880339e+01
1.400000000000000000e+01 2.449401983747360489e+01
1.500000000000000000e+01 2.179479209181071653e+01
1.600000000000000000e+01 1.573571672395199350e+01
1.700000000000000000e+01 1.878272250616020145e+01
1.800000000000000000e+01 1.122133790925104613e+01
1.900000000000000000e+01 1.441382145459138009e+01
2.000000000000000000e+01 1.091902743715760238e+01
2.100000000000000000e+01 8.682592291741475066e+00
2.200000000000000000e+01 7.228097620348621355e+00
2.300000000000000000e+01 8.411388614851317058e+00
2.400000000000000000e+01 8.026596566788807507e+00
2.500000000000000000e+01 7.934579513448989374e+00
2.600000000000000000e+01 7.960672396335202627e+00
2.700000000000000000e+01 6.472612302315551958e+00
2.800000000000000000e+01 9.137536899251180955e+00
2.900000000000000000e+01 7.397657174190944929e+00
3.000000000000000000e+01 5.957420788086786878e+00
3.100000000000000000e+01 5.425015172524794593e+00
3.200000000000000000e+01 7.977767951038993388e+00
3.300000000000000000e+01 5.067359475208649933e+00
3.400000000000000000e+01 5.522794017418415358e+00
3.500000000000000000e+01 4.250549308297570938e+00
3.600000000000000000e+01 4.854021584473923845e+00
3.700000000000000000e+01 5.778534190825206807e+00
3.800000000000000000e+01 4.772346837746102466e+00
3.900000000000000000e+01 4.370579367186843811e+00
4.000000000000000000e+01 6.469988263011727803e+00
4.100000000000000000e+01 3.848205819044896892e+00
4.200000000000000000e+01 4.012119019393366237e+00
4.300000000000000000e+01 3.894400900324033188e+00
4.400000000000000000e+01 3.389812073261050607e+00
4.500000000000000000e+01 2.859561642788242875e+00
4.600000000000000000e+01 3.120230158232918161e+00
4.700000000000000000e+01 4.106860156505115711e+00
4.800000000000000000e+01 2.432069192822301051e+00
4.900000000000000000e+01 3.572258260063863489e+00
5.000000000000000000e+01 3.376072530703096319e+00
5.100000000000000000e+01 2.430947330659319672e+00
5.200000000000000000e+01 2.885792706438820687e+00
5.300000000000000000e+01 2.138584649789635250e+00
5.400000000000000000e+01 2.099634770447308174e+00
5.500000000000000000e+01 2.450771688849465502e+00
5.600000000000000000e+01 2.971181727682386864e+00
5.700000000000000000e+01 2.625045972986987053e+00
5.800000000000000000e+01 2.559724431662264266e+00
5.900000000000000000e+01 1.934084182832837229e+00
6.000000000000000000e+01 2.252616296160617981e+00
6.100000000000000000e+01 2.107524092936687854e+00
6.200000000000000000e+01 2.487307554993734904e+00
6.300000000000000000e+01 2.108951922880253349e+00
6.400000000000000000e+01 2.010030501068738040e+00
6.500000000000000000e+01 1.756865903522502048e+00
6.600000000000000000e+01 1.636708444106121707e+00
6.700000000000000000e+01 1.894968910114924299e+00
6.800000000000000000e+01 1.799031725226632128e+00
6.900000000000000000e+01 2.020860901774931051e+00
7.000000000000000000e+01 1.731321865903961976e+00
7.100000000000000000e+01 1.564182480153038179e+00
7.200000000000000000e+01 1.515860654144162600e+00
7.300000000000000000e+01 2.110812402240452190e+00
7.400000000000000000e+01 1.864953181185831088e+00
7.500000000000000000e+01 1.396167170177168959e+00
7.600000000000000000e+01 1.350538392390447040e+00
7.700000000000000000e+01 1.550348670478647328e+00
7.800000000000000000e+01 1.400228822303231535e+00
7.900000000000000000e+01 1.047968134763563208e+00
8.000000000000000000e+01 1.410134970438117863e+00
8.100000000000000000e+01 1.425164899670742669e+00
8.200000000000000000e+01 1.582972580257558048e+00
8.300000000000000000e+01 1.181431165013644424e+00
8.400000000000000000e+01 1.077490859536978318e+00
8.500000000000000000e+01 1.221249869553384437e+00
8.600000000000000000e+01 1.291188041741248460e+00
8.700000000000000000e+01 1.316908821858521872e+00
8.800000000000000000e+01 1.005954514250438692e+00
8.900000000000000000e+01 1.160853062822090775e+00
9.000000000000000000e+01 1.151209524877489399e+00
9.100000000000000000e+01 1.196051482280339862e+00
9.200000000000000000e+01 1.108158874325956944e+00
9.300000000000000000e+01 1.079203996112027886e+00
9.400000000000000000e+01 9.621239938406954684e-01
9.500000000000000000e+01 8.400850104486493608e-01
9.600000000000000000e+01 9.006554318169701645e-01
9.700000000000000000e+01 1.025257821228349631e+00
9.800000000000000000e+01 7.253401634125720143e-01
9.900000000000000000e+01 9.651770780302912911e-01
1.000000000000000000e+02 9.462012135500366128e-01
1.010000000000000000e+02 8.816816357971865026e-01
1.020000000000000000e+02 9.527237568974150639e-01
1.030000000000000000e+02 8.370344092012249604e-01
1.040000000000000000e+02 9.541856247814516356e-01
1.050000000000000000e+02 6.638019159319538121e-01
1.060000000000000000e+02 8.401758612125794778e-01
1.070000000000000000e+02 7.663587019995155014e-01
1.080000000000000000e+02 9.164837649476631487e-01
1.090000000000000000e+02 7.415673114889864692e-01
1.100000000000000000e+02 8.056218698403062595e-01
1.110000000000000000e+02 6.923948949748773840e-01
1.120000000000000000e+02 6.639675022547566474e-01
1.130000000000000000e+02 5.859609881503605733e-01
1.140000000000000000e+02 5.142042292316648666e-01
1.150000000000000000e+02 7.053349411953209191e-01
1.160000000000000000e+02 7.250277410673168221e-01
1.170000000000000000e+02 8.190734158848995694e-01
1.180000000000000000e+02 6.196882892715809277e-01
1.190000000000000000e+02 6.152206883563877682e-01
1.200000000000000000e+02 5.507044910268620308e-01
1.210000000000000000e+02 7.501226359062472815e-01
1.220000000000000000e+02 5.611452319470729977e-01
1.230000000000000000e+02 5.996347972669102688e-01
1.240000000000000000e+02 4.805199631800598503e-01
1.250000000000000000e+02 5.239151745195821386e-01
1.260000000000000000e+02 5.421653443477307821e-01
1.270000000000000000e+02 5.502188354479251586e-01
1.280000000000000000e+02 5.046803070251845158e-01
1.290000000000000000e+02 4.756459183999502960e-01
1.300000000000000000e+02 4.970624386355044777e-01
1.310000000000000000e+02 4.303796349205729621e-01
1.320000000000000000e+02 4.507273921945804673e-01
1.330000000000000000e+02 4.777185005519024030e-01
1.340000000000000000e+02 4.087145506410526652e-01
1.350000000000000000e+02 4.255344310083410408e-01
1.360000000000000000e+02 4.692858373847008102e-01
1.370000000000000000e+02 4.136966695642983471e-01
1.380000000000000000e+02 4.031502880217788798e-01
1.390000000000000000e+02 4.067533240552425045e-01
1.400000000000000000e+02 4.021826981263420531e-01
1.410000000000000000e+02 3.799849406293330234e-01
1.420000000000000000e+02 3.876287605715524887e-01
1.430000000000000000e+02 3.922578113676287725e-01
1.440000000000000000e+02 3.250997596333710660e-01
1.450000000000000000e+02 3.876553343696760301e-01
1.460000000000000000e+02 3.215208272667582912e-01
1.470000000000000000e+02 3.190364254620798312e-01
1.480000000000000000e+02 2.978466945169722102e-01
1.490000000000000000e+02 2.944275805757413655e-01
1.500000000000000000e+02 3.342425330363415492e-01
1.510000000000000000e+02 2.779519027230560879e-01
1.520000000000000000e+02 2.996743922497641099e-01
1.530000000000000000e+02 3.268665783634308597e-01
1.540000000000000000e+02 2.367916632580997494e-01
1.550000000000000000e+02 2.686224445718051190e-01
1.560000000000000000e+02 2.614787831334092760e-01
1.570000000000000000e+02 2.451940362978380361e-01
1.580000000000000000e+02 2.777282362677448435e-01
1.590000000000000000e+02 2.480176248020026508e-01
1.600000000000000000e+02 2.500487900006010955e-01
1.610000000000000000e+02 2.352196657076912056e-01
1.620000000000000000e+02 2.029255513269545008e-01
1.630000000000000000e+02 2.267194511806770729e-01
1.640000000000000000e+02 2.351120969693631935e-01
1.650000000000000000e+02 2.039062083219856658e-01
1.660000000000000000e+02 2.018199815471859726e-01
1.670000000000000000e+02 1.923197325441283745e-01
1.680000000000000000e+02 2.066893840941815552e-01
1.690000000000000000e+02 1.778191248885828690e-01
1.700000000000000000e+02 1.807986357064318428e-01
1.710000000000000000e+02 1.657605575571664824e-01
1.720000000000000000e+02 2.042361143726880990e-01
1.730000000000000000e+02 1.820653928758465268e-01
1.740000000000000000e+02 1.611856718053575332e-01
1.750000000000000000e+02 1.587231752838152987e-01
1.760000000000000000e+02 1.537019210577942330e-01
1.770000000000000000e+02 1.408013065748054127e-01
1.780000000000000000e+02 1.445951634606744141e-01
1.790000000000000000e+02 1.694852650561856910e-01
1.800000000000000000e+02 1.386141340026917634e-01
1.810000000000000000e+02 1.189228785638971747e-01
1.820000000000000000e+02 1.199308970616189685e-01
1.830000000000000000e+02 1.298010017571552543e-01
1.840000000000000000e+02 1.146794055315539934e-01
1.850000000000000000e+02 1.325308981674004072e-01
1.860000000000000000e+02 1.244908237097241410e-01
1.870000000000000000e+02 1.031829436084898965e-01
1.880000000000000000e+02 1.108936708439200447e-01
1.890000000000000000e+02 1.139941469926889911e-01
1.900000000000000000e+02 1.024012959089926900e-01
1.910000000000000000e+02 1.026766893764019806e-01
1.920000000000000000e+02 1.067977672316993004e-01
1.930000000000000000e+02 9.572388341100018794e-02
1.940000000000000000e+02 9.149046277283894024e-02
1.950000000000000000e+02 7.642431935367507978e-02
1.960000000000000000e+02 8.666874461992674084e-02
1.970000000000000000e+02 8.126543151539937504e-02
1.980000000000000000e+02 8.509403738498746983e-02
1.990000000000000000e+02 7.785246016212514497e-02
2.000000000000000000e+02 7.956044364151415582e-02
2.010000000000000000e+02 7.255998593242773964e-02
2.020000000000000000e+02 7.211549688869035857e-02
2.030000000000000000e+02 7.600399172250914270e-02
2.040000000000000000e+02 6.776722615807072303e-02
2.050000000000000000e+02 6.766445423300021522e-02
2.060000000000000000e+02 5.973233976258077171e-02
2.070000000000000000e+02 5.478864982911401532e-02
2.080000000000000000e+02 5.767171618437242492e-02
2.090000000000000000e+02 5.092584303768849657e-02
2.100000000000000000e+02 5.523473944685351744e-02
2.110000000000000000e+02 5.120715698242012115e-02
2.120000000000000000e+02 5.342231747035894318e-02
2.130000000000000000e+02 4.954980483296217431e-02
2.140000000000000000e+02 4.493850955649428269e-02
2.150000000000000000e+02 5.169452109540185331e-02
2.160000000000000000e+02 4.489314504600255135e-02
2.170000000000000000e+02 4.155745190541805523e-02
2.180000000000000000e+02 4.175797088852332972e-02
2.190000000000000000e+02 3.945915427901402345e-02
2.200000000000000000e+02 4.000645276707381209e-02
2.210000000000000000e+02 3.810973114372050857e-02
2.220000000000000000e+02 4.023109586866040893e-02
2.230000000000000000e+02 3.597505553994709976e-02
2.240000000000000000e+02 3.121232407151701069e-02
2.250000000000000000e+02 3.057187151134892894e-02
2.260000000000000000e+02 3.273223918895965673e-02
2.270000000000000000e+02 3.455144617986594113e-02
2.280000000000000000e+02 2.713373306438863000e-02
2.290000000000000000e+02 2.545898823222757235e-02
2.300000000000000000e+02 2.579727788555807172e-02
2.310000000000000000e+02 2.687374146434166888e-02
2.320000000000000000e+02 2.489902555781660712e-02
2.330000000000000000e+02 2.655740204257842421e-02
2.340000000000000000e+02 2.156154363801327314e-02
2.350000000000000000e+02 2.269977169022855193e-02
2.360000000000000000e+02 2.495363094149695773e-02
2.370000000000000000e+02 2.212579215370993890e-02
2.380000000000000000e+02 2.127144075257651062e-02
2.390000000000000000e+02 1.998145916207624134e-02
2.400000000000000000e+02 2.011561008228785266e-02
2.410000000000000000e+02 1.724008482163563380e-02
2.420000000000000000e+02 1.720379599721749003e-02
2.430000000000000000e+02 1.668598938472921900e-02
2.440000000000000000e+02 1.496701083399092948e-02
2.450000000000000000e+02 1.709036725498778303e-02
2.460000000000000000e+02 1.488453300987576181e-02
2.470000000000000000e+02 1.515507231163120208e-02
2.480000000000000000e+02 1.432830299198577760e-02
2.490000000000000000e+02 1.146427736868225848e-02
2.500000000000000000e+02 1.303019838347311936e-02
2.510000000000000000e+02 1.225879990129463346e-02
2.520000000000000000e+02 1.213362389961590918e-02
2.530000000000000000e+02 1.134562418254526049e-02
2.540000000000000000e+02 1.115280481799241219e-02
2.550000000000000000e+02 1.034389325837699845e-02
2.560000000000000000e+02 9.646025128974014540e-03
2.570000000000000000e+02 8.683405414073169792e-03
2.580000000000000000e+02 9.441471969899762826e-03
2.590000000000000000e+02 7.916590666631011936e-03
2.600000000000000000e+02 9.193773035374832106e-03
2.610000000000000000e+02 7.769788708337182007e-03
2.620000000000000000e+02 8.613137584369091188e-03
2.630000000000000000e+02 8.323643295009116455e-03
2.640000000000000000e+02 7.652972769155025334e-03
2.650000000000000000e+02 6.521747390797530235e-03
2.660000000000000000e+02 7.453256132594906526e-03
2.670000000000000000e+02 6.425825783255944071e-03
2.680000000000000000e+02 5.862128663707959556e-03
2.690000000000000000e+02 4.966058856592289045e-03
2.700000000000000000e+02 5.144134003510588381e-03
2.710000000000000000e+02 5.402969869078654182e-03
2.720000000000000000e+02 5.561751259391394843e-03
2.730000000000000000e+02 5.199676330496166322e-03
2.740000000000000000e+02 5.031501613265216243e-03
2.750000000000000000e+02 4.129625816221169261e-03
2.760000000000000000e+02 3.977808338969471627e-03
2.770000000000000000e+02 4.717862961807136289e-03
2.780000000000000000e+02 4.308071119287429016e-03
2.790000000000000000e+02 4.471855838486952020e-03
2.800000000000000000e+02 3.604611830207900009e-03
2.810000000000000000e+02 3.467036934466643985e-03
2.820000000000000000e+02 3.701779855516765163e-03
2.830000000000000000e+02 4.028523130225503991e-03
2.840000000000000000e+02 3.055767417686319591e-03
2.850000000000000000e+02 2.768664616743766842e-03
2.860000000000000000e+02 2.775914184379243629e-03
2.870000000000000000e+02 2.652728799802917068e-03
2.880000000000000000e+02 2.843671819064602473e-03
2.890000000000000000e+02 2.525868487730736130e-03
2.900000000000000000e+02 2.623183757638168200e-03
2.910000000000000000e+02 2.202640195179920903e-03
2.920000000000000000e+02 2.296568785812354557e-03
2.930000000000000000e+02 2.231692663572524583e-03
2.940000000000000000e+02 2.187002473438229115e-03
2.950000000000000000e+02 2.005946381522109249e-03
2.960000000000000000e+02 2.178809387169644736e-03
2.970000000000000000e+02 2.121196117034974699e-03
2.980000000000000000e+02 1.895386896112733702e-03
2.990000000000000000e+02 1.593519208625155184e-03
3.000000000000000000e+02 1.823510311482391287e-03
3.010000000000000000e+02 1.462922878026021211e-03
3.020000000000000000e+02 1.740753578735161622e-03
3.030000000000000000e+02 1.440638560122539441e-03
3.040000000000000000e+02 1.643645265681487229e-03
3.050000000000000000e+02 1.321706933363217193e-03
3.060000000000000000e+02 1.513838777583736105e-03
3.070000000000000000e+02 1.346515784199404150e-03
3.080000000000000000e+02 1.231629985139412681e-03
3.090000000000000000e+02 1.289717772951681730e-03
3.100000000000000000e+02 1.603843240198834759e-03
3.110000000000000000e+02 1.465446936049791954e-03
3.120000000000000000e+02 1.242407313222487287e-03
3.130000000000000000e+02 1.217971608657400289e-03
3.140000000000000000e+02 1.204395224012674110e-03
3.150000000000000000e+02 1.103714691144636528e-03
3.160000000000000000e+02 1.155273784830051706e-03
3.170000000000000000e+02 1.036047212607659786e-03
3.180000000000000000e+02 1.144310855230257652e-03
3.190000000000000000e+02 9.967495435469616791e-04
3.200000000000000000e+02 1.081473283383253174e-03
3.210000000000000000e+02 8.836063402714564073e-04
3.220000000000000000e+02 1.131628653989859854e-03
3.230000000000000000e+02 1.138214793508762410e-03
3.240000000000000000e+02 1.043453814983025252e-03
3.250000000000000000e+02 9.557613147778753820e-04
3.260000000000000000e+02 8.462643916527771591e-04
3.270000000000000000e+02 1.086933965082801648e-03
3.280000000000000000e+02 9.649521768392569287e-04
3.290000000000000000e+02 8.354188112933680875e-04
3.300000000000000000e+02 9.208253938308913001e-04
3.310000000000000000e+02 8.921247065272691970e-04
3.320000000000000000e+02 7.837833957549837161e-04
3.330000000000000000e+02 7.910198558023665916e-04
3.340000000000000000e+02 9.192523343117912091e-04
3.350000000000000000e+02 7.719370134644439616e-04
3.360000000000000000e+02 8.648406784234237421e-04
3.370000000000000000e+02 6.303665535308019662e-04
3.380000000000000000e+02 9.142389731946867814e-04
3.390000000000000000e+02 8.583748765776619835e-04
3.400000000000000000e+02 7.441763449672287581e-04
3.410000000000000000e+02 6.418658239186371276e-04
3.420000000000000000e+02 6.979541607842796409e-04
3.430000000000000000e+02 8.161574601890000513e-04
3.440000000000000000e+02 7.708814771948438145e-04
3.450000000000000000e+02 7.287081374107215849e-04
3.460000000000000000e+02 8.487745024958518424e-04
3.470000000000000000e+02 7.500672706214828915e-04
3.480000000000000000e+02 7.374199031507546040e-04
3.490000000000000000e+02 7.348749774424059291e-04
3.500000000000000000e+02 7.111886773822937791e-04
3.510000000000000000e+02 6.418250335929048811e-04
3.520000000000000000e+02 7.210811377967957193e-04
3.530000000000000000e+02 7.509739314546324401e-04
3.540000000000000000e+02 9.598322399467256643e-04
3.550000000000000000e+02 7.315326554183587075e-04
3.560000000000000000e+02 7.925940897945086151e-04
3.570000000000000000e+02 8.050931852365281541e-04
3.580000000000000000e+02 7.235921370078800914e-04
3.590000000000000000e+02 6.784992227206580479e-04
3.600000000000000000e+02 6.773995156261191372e-04
3.610000000000000000e+02 5.749910958192233894e-04
3.620000000000000000e+02 6.690588067075356688e-04
3.630000000000000000e+02 7.645895164353833703e-04
3.640000000000000000e+02 6.001540079326048637e-04
3.650000000000000000e+02 6.735529972721819407e-04
3.660000000000000000e+02 6.382026006706934549e-04
3.670000000000000000e+02 6.585533392980549112e-04
3.680000000000000000e+02 6.571055237654556532e-04
3.690000000000000000e+02 5.776500808563373324e-04
3.700000000000000000e+02 7.156216382401417789e-04
3.710000000000000000e+02 5.728712321459395948e-04
3.720000000000000000e+02 7.222197092790362928e-04
3.730000000000000000e+02 6.366330139507456708e-04
3.740000000000000000e+02 7.614798941541144842e-04
3.750000000000000000e+02 6.932906076713931829e-04
3.760000000000000000e+02 8.157437465591223149e-04
3.770000000000000000e+02 7.467020068559243780e-04
3.780000000000000000e+02 7.822132536556518486e-04
3.790000000000000000e+02 7.085485305689069851e-04
3.800000000000000000e+02 7.968676546350511765e-04
3.810000000000000000e+02 8.017866760221598792e-04
3.820000000000000000e+02 8.425950198908886517e-04
3.830000000000000000e+02 7.872669815953578466e-04
