# nlmax, ncor, nside =         383           1         128
    0  -0.3166086403418116E-04
    1  -0.2767521504016476E-04
    2   0.8358811824709819E-04
    3   0.2114246139721996E-03
    4   0.2543211950819039E-03
    5   0.2370093444727178E-03
    6   0.7189825056979078E-04
    7   0.7135123714702482E-04
    8   0.6203272442673560E-04
    9   0.7088993781921602E-04
   10   0.2556797945345043E-04
   11   0.5462298649402952E-04
   12   0.2242274200647970E-04
   13   0.1756799218332732E-04
   14   0.2521741394147553E-04
   15   0.2733185300795991E-04
   16   0.2060056760264890E-04
   17   0.2911641370074353E-04
   18   0.1258763165315767E-04
   19   0.1248935033826774E-04
   20   0.1049200671331801E-04
   21   0.7987387050248365E-05
   22   0.7789198416301269E-05
   23   0.8241846520359916E-05
   24   0.8308287611785464E-05
   25   0.5349187358535247E-05
   26   0.9340871019177197E-05
   27   0.8520859837667944E-05
   28   0.8985155153828415E-05
   29   0.8168503015368142E-05
   30   0.7456007372214377E-05
   31   0.5987698605337431E-05
   32   0.8443965071081204E-05
   33   0.5319810736006433E-05
   34   0.5412221157987778E-05
   35   0.4282456764778902E-05
   36   0.4449777462573710E-05
   37   0.5940963105448425E-05
   38   0.5657980701318856E-05
   39   0.4202332298979523E-05
   40   0.5853782107034123E-05
   41   0.4238648707379974E-05
   42   0.4889616481060113E-05
   43   0.3846270101860695E-05
   44   0.4217348239282875E-05
   45   0.2946366629069993E-05
   46   0.2569981014037374E-05
   47   0.4316573312901891E-05
   48   0.2309005996005680E-05
   49   0.3242010919262270E-05
   50   0.3949551512982328E-05
   51   0.2200102891336233E-05
   52   0.2952854067516741E-05
   53   0.2042393175840028E-05
   54   0.1920548356741493E-05
   55   0.2705645517872716E-05
   56   0.2933031962962008E-05
   57   0.2747991198152174E-05
   58   0.2702708016569342E-05
   59   0.1970448052852053E-05
   60   0.2206169604854204E-05
   61   0.1924544764621075E-05
   62   0.2687606393024204E-05
   63   0.1943787345377525E-05
   64   0.1503231712834175E-05
   65   0.1902553185447373E-05
   66   0.1802637217082740E-05
   67   0.1864710100371729E-05
   68   0.1691402144338015E-05
   69   0.2265276649012068E-05
   70   0.1476681097529106E-05
   71   0.1818434526214975E-05
   72   0.1331078930153608E-05
   73   0.2209933790871837E-05
   74   0.1747791834443294E-05
   75   0.1341569887813933E-05
   76   0.1404314451503632E-05
   77   0.1602535949177329E-05
   78   0.1211647636636024E-05
   79   0.1017935296755674E-05
   80   0.1535097293616464E-05
   81   0.1389641202773209E-05
   82   0.1715056017453015E-05
   83   0.1165906860450402E-05
   84   0.9431174662895868E-06
   85   0.1301539906598944E-05
   86   0.1389330571399328E-05
   87   0.1194809525178344E-05
   88   0.8850653626678659E-06
   89   0.1286480199528692E-05
   90   0.1009049014227366E-05
   91   0.1172266374931352E-05
   92   0.1090698110450370E-05
   93   0.1206808769397727E-05
   94   0.1027211934019276E-05
   95   0.8337101524695145E-06
   96   0.9254379067401989E-06
   97   0.9670032064889923E-06
   98   0.7320945491077146E-06
   99   0.1104449798040768E-05
  100   0.9712107572427169E-06
  101   0.9112345306950964E-06
  102   0.8644264371980321E-06
  103   0.7537196339509201E-06
  104   0.1030457145160600E-05
  105   0.7159385168585146E-06
  106   0.7380271983095253E-06
  107   0.8452592122263357E-06
  108   0.1031771927588993E-05
  109   0.7926309822878972E-06
  110   0.8426013002458092E-06
  111   0.6865090923572064E-06
  112   0.7756467951138591E-06
  113   0.5247498079322588E-06
  114   0.4774421896574747E-06
  115   0.7006343250961262E-06
  116   0.8254129449079885E-06
  117   0.7875313702463854E-06
  118   0.6970847257255301E-06
  119   0.6100479350737206E-06
  120   0.4127694174624294E-06
  121   0.7360384487217721E-06
  122   0.6105402694265900E-06
  123   0.6324900163080358E-06
  124   0.4286018828887419E-06
  125   0.5282685453617171E-06
  126   0.5042645338264785E-06
  127   0.5542651137144601E-06
  128   0.5713202283275374E-06
  129   0.4312439447805406E-06
  130   0.5423642960514765E-06
  131   0.3987137131607792E-06
  132   0.3927633857586069E-06
  133   0.4732924114087510E-06
  134   0.4040171637978751E-06
  135   0.5015006119278618E-06
  136   0.5489102258552215E-06
  137   0.4113389124631581E-06
  138   0.4232475699981717E-06
  139   0.4346423744614334E-06
  140   0.4000020555430980E-06
  141   0.4088876303033410E-06
  142   0.3730721838000263E-06
  143   0.3494885045592699E-06
  144   0.3501956513645647E-06
  145   0.4186634032312996E-06
  146   0.3383433189615313E-06
  147   0.3091718145561909E-06
  148   0.2870467138195043E-06
  149   0.2366654072717872E-06
  150   0.3245868046518227E-06
  151   0.2739513804888311E-06
  152   0.2734232158941545E-06
  153   0.3017710169136016E-06
  154   0.2245944635309558E-06
  155   0.3111272223194410E-06
  156   0.2713609241520559E-06
  157   0.2511631538566402E-06
  158   0.3019525621506884E-06
  159   0.2632023003250612E-06
  160   0.2547795406742341E-06
  161   0.2265659596843748E-06
  162   0.2171062454724329E-06
  163   0.2025227821391889E-06
  164   0.2253758332049767E-06
  165   0.1951598942949347E-06
  166   0.2232014454015262E-06
  167   0.2503465589099390E-06
  168   0.1988648185905236E-06
  169   0.1742873118512910E-06
  170   0.1766375425356950E-06
  171   0.1608228906555060E-06
  172   0.1853689266921592E-06
  173   0.1758056014155970E-06
  174   0.1491246616909566E-06
  175   0.1569243233290632E-06
  176   0.1584345190534680E-06
  177   0.1511835351720171E-06
  178   0.1221105969844007E-06
  179   0.1815783422774475E-06
  180   0.1446381984378138E-06
  181   0.9925730470396555E-07
  182   0.1044617835550633E-06
  183   0.1083775100149337E-06
  184   0.1234441847910502E-06
  185   0.1363618991705384E-06
  186   0.1259521463448797E-06
  187   0.1014415043510295E-06
  188   0.1270541213973917E-06
  189   0.1248936880517616E-06
  190   0.1070547396730317E-06
  191   0.1032208885563811E-06
  192   0.1051211582169110E-06
  193   0.1053536907129827E-06
  194   0.9510420218455773E-07
  195   0.7458646614411802E-07
  196   0.7920215183913869E-07
  197   0.7814912072109009E-07
  198   0.7827809795409994E-07
  199   0.6655003129713876E-07
  200   0.6859444564616939E-07
  201   0.6888923962728880E-07
  202   0.6539755376439499E-07
  203   0.7103749694123921E-07
  204   0.6921165876895255E-07
  205   0.6518363741516353E-07
  206   0.5466444780110055E-07
  207   0.5926540185500900E-07
  208   0.5552654364294679E-07
  209   0.5042837597863147E-07
  210   0.5436887306811491E-07
  211   0.4646995048979886E-07
  212   0.5106195593368228E-07
  213   0.5494596366275783E-07
  214   0.4036524875010432E-07
  215   0.5090267489896409E-07
  216   0.4926996595653694E-07
  217   0.3928427644799426E-07
  218   0.4518186921236703E-07
  219   0.4000248697259293E-07
  220   0.3938420097694532E-07
  221   0.4142892947935442E-07
  222   0.3799574311013462E-07
  223   0.3557220384636241E-07
  224   0.3530693597399690E-07
  225   0.3045341846624036E-07
  226   0.3442988591170648E-07
  227   0.3186666691554410E-07
  228   0.2669157894741539E-07
  229   0.2551585950379989E-07
  230   0.2658983335994046E-07
  231   0.2896301801518704E-07
  232   0.2810873031627925E-07
  233   0.2875570467710351E-07
  234   0.1944381381460914E-07
  235   0.2267681845040203E-07
  236   0.2314855765696362E-07
  237   0.2009134473060421E-07
  238   0.2091271057974252E-07
  239   0.1694804321666425E-07
  240   0.2036646612275261E-07
  241   0.1846827355105996E-07
  242   0.1414798356847747E-07
  243   0.1741632944343888E-07
  244   0.1284399608227998E-07
  245   0.1583834489238626E-07
  246   0.1673108492047333E-07
  247   0.1707050147924907E-07
  248   0.1445643023328617E-07
  249   0.1202163781438860E-07
  250   0.1071117477319988E-07
  251   0.1149767533050490E-07
  252   0.1254773736475667E-07
  253   0.1278599017001456E-07
  254   0.9179574851147380E-08
  255   0.9803289655000587E-08
  256   0.1019505273486807E-07
  257   0.9429130461443929E-08
  258   0.7843455384135830E-08
  259   0.8533133884971256E-08
  260   0.9094500214205847E-08
  261   0.6950952563133608E-08
  262   0.8973379718614211E-08
  263   0.7211505432690611E-08
  264   0.7795894307092733E-08
  265   0.6271610920707535E-08
  266   0.5729926164994642E-08
  267   0.5530530721779208E-08
  268   0.7598583644490307E-08
  269   0.5862489471537845E-08
  270   0.4859153870463893E-08
  271   0.6383642282196025E-08
  272   0.6376078134607189E-08
  273   0.4375833028892203E-08
  274   0.5732474050061090E-08
  275   0.4036556190470687E-08
  276   0.3349084594199700E-08
  277   0.4818748859825922E-08
  278   0.3818121730204291E-08
  279   0.4125735286550887E-08
  280   0.3404661034945043E-08
  281   0.3527103875268690E-08
  282   0.3919009123556805E-08
  283   0.3408893320398640E-08
  284   0.3337950199986865E-08
  285   0.2442740696928175E-08
  286   0.2318505087147792E-08
  287   0.3526112435190133E-08
  288   0.2907954240018545E-08
  289   0.2461866919797765E-08
  290   0.2169718791860723E-08
  291   0.2517472181060109E-08
  292   0.2114995030621589E-08
  293   0.2088186966344445E-08
  294   0.2168705812976015E-08
  295   0.1633458384209691E-08
  296   0.2542214130441439E-08
  297   0.2301569666885386E-08
  298   0.2887769930489199E-08
  299   0.2006513408999288E-08
  300   0.1984980722621788E-08
  301   0.2187925503389443E-08
  302   0.1691287090396594E-08
  303   0.1624855368289680E-08
  304   0.1688497582992089E-08
  305   0.1345479249184659E-08
  306   0.1548644552731735E-08
  307   0.1399296585031932E-08
  308   0.2057529848393219E-08
  309   0.1563079135713387E-08
  310   0.1568576258334517E-08
  311   0.1373102158955521E-08
  312   0.1059465933739530E-08
  313   0.1426414363944642E-08
  314   0.1588824881927448E-08
  315   0.8109134408512099E-09
  316   0.1383698354730619E-08
  317   0.9987502890950325E-09
  318   0.1193967530545244E-08
  319   0.1018167665024797E-08
  320   0.9730975359974720E-09
  321   0.9899080486781841E-09
  322   0.1104106748887923E-08
  323   0.8564400209989253E-09
  324   0.1096364513656154E-08
  325   0.1251070968064961E-08
  326   0.1080113134633922E-08
  327   0.6553431340915641E-09
  328   0.9322634418520626E-09
  329   0.9716537235402574E-09
  330   0.1143220850446467E-08
  331   0.1158327010864823E-08
  332   0.9615800368572795E-09
  333   0.1407523767144081E-08
  334   0.1156649889855716E-08
  335   0.9941862985358642E-09
  336   0.1035082118033977E-08
  337   0.1034680785515181E-08
  338   0.7763844307859186E-09
  339   0.8947354734138882E-09
  340   0.1609612716940460E-08
  341   0.9036050346619274E-09
  342   0.8031510305094145E-09
  343   0.7454294438401214E-09
  344   0.9286888087605322E-09
  345   0.1179897667463747E-08
  346   0.9241997104674360E-09
  347   0.9972853293244450E-09
  348   0.8385710589581822E-09
  349   0.1281093949860196E-08
  350   0.1079449888746349E-08
  351   0.1011182937905031E-08
  352   0.1085250479856096E-08
  353   0.1146571392857834E-08
  354   0.1209885168964017E-08
  355   0.1391076196306053E-08
  356   0.1151237983609633E-08
  357   0.1187111888486291E-08
  358   0.1019083359758663E-08
  359   0.9900199488931859E-09
  360   0.1180505410422555E-08
  361   0.1260953365846568E-08
  362   0.1381140445359318E-08
  363   0.1456860726958833E-08
  364   0.1355340343426402E-08
  365   0.1717038119940322E-08
  366   0.1635406019609360E-08
  367   0.1480795311468940E-08
  368   0.1292709298380048E-08
  369   0.1483910632108124E-08
  370   0.1319115814985992E-08
  371   0.1686174090428359E-08
  372   0.1336390152686614E-08
  373   0.1522994211139047E-08
  374   0.1532113071568623E-08
  375   0.1825568998622107E-08
  376   0.1619710437143378E-08
  377   0.1893651270872691E-08
  378   0.2255331993413038E-08
  379   0.2367381029645246E-08
  380   0.2093299253792810E-08
  381   0.2551569908358381E-08
  382   0.2558642641726630E-08
  383   0.3308114775649919E-08
