# nlmax, ncor, nside =         383           1         128
    0   0.7428191707185472E-08
    1   0.3764028047065236E-08
    2   0.1657784031887394E+03
    3   0.5057982462443992E+03
    4   0.2223385309400913E+03
    5   0.2924027325940484E+03
    6   0.9579841388996297E+02
    7   0.1170053952384399E+03
    8   0.5482688729562251E+02
    9   0.3937706104506762E+02
   10   0.5191402568840468E+02
   11   0.4250989815165364E+02
   12   0.3158823242016030E+02
   13   0.2398312124848816E+02
   14   0.2268792212074727E+02
   15   0.2117664941381996E+02
   16   0.1591283952921672E+02
   17   0.1743509643040359E+02
   18   0.1101934666614168E+02
   19   0.1495860793823641E+02
   20   0.1061530288656039E+02
   21   0.8627176589744789E+01
   22   0.7051196313916125E+01
   23   0.8500412433308007E+01
   24   0.8379679849053097E+01
   25   0.7608523785697428E+01
   26   0.8070456528636964E+01
   27   0.6471307392626120E+01
   28   0.9136182863775904E+01
   29   0.7369020625086921E+01
   30   0.5432931838627622E+01
   31   0.5430551049601463E+01
   32   0.7656832058466097E+01
   33   0.4911262726384982E+01
   34   0.5602204152681476E+01
   35   0.4047894594936337E+01
   36   0.4939677019320364E+01
   37   0.5683370564428204E+01
   38   0.4574869128670390E+01
   39   0.4111852945528682E+01
   40   0.6300974599326324E+01
   41   0.3962297000735750E+01
   42   0.3776151490049209E+01
   43   0.3554970130741575E+01
   44   0.3078098315067913E+01
   45   0.2648517164374772E+01
   46   0.3037939231311776E+01
   47   0.3805909989292419E+01
   48   0.2272545778344658E+01
   49   0.3266650014411078E+01
   50   0.3228908627261915E+01
   51   0.2356047074336166E+01
   52   0.2498551129389881E+01
   53   0.1923830802926592E+01
   54   0.1922529990433275E+01
   55   0.2204494548545613E+01
   56   0.2796953922034049E+01
   57   0.2325647754823947E+01
   58   0.2257617001276627E+01
   59   0.1673041358200148E+01
   60   0.1892549794271779E+01
   61   0.1819422469548843E+01
   62   0.2076345092294327E+01
   63   0.1860282392976859E+01
   64   0.1674926624700774E+01
   65   0.1549750094873157E+01
   66   0.1419989331331817E+01
   67   0.1529318001194485E+01
   68   0.1561913643005209E+01
   69   0.1700589262877215E+01
   70   0.1502570595673928E+01
   71   0.1293125194869319E+01
   72   0.1320193341689080E+01
   73   0.1634814028713991E+01
   74   0.1441932233138955E+01
   75   0.1158161619331835E+01
   76   0.1103346893314223E+01
   77   0.1287328462334981E+01
   78   0.1130648585568774E+01
   79   0.8467648926752862E+00
   80   0.1094188600343820E+01
   81   0.1086982039107838E+01
   82   0.1244878263818683E+01
   83   0.9500589851190383E+00
   84   0.8140895227421768E+00
   85   0.9086371992529210E+00
   86   0.9768465895347461E+00
   87   0.9161268950157002E+00
   88   0.7854702394124137E+00
   89   0.8330622573227036E+00
   90   0.8603165809648465E+00
   91   0.8416035908612158E+00
   92   0.7862012332199350E+00
   93   0.7646471109071795E+00
   94   0.6767649695275137E+00
   95   0.5840675701077682E+00
   96   0.6133163277653474E+00
   97   0.6988170020102785E+00
   98   0.4998608657466285E+00
   99   0.6626198455139135E+00
  100   0.5930620242838166E+00
  101   0.5825736183098286E+00
  102   0.6275633184778230E+00
  103   0.5349615725401203E+00
  104   0.6052255666307556E+00
  105   0.4597617455070978E+00
  106   0.5341844269161395E+00
  107   0.4797582681256362E+00
  108   0.5999356584368644E+00
  109   0.4691592218903086E+00
  110   0.4760198338763444E+00
  111   0.4452743314080376E+00
  112   0.3936452510599439E+00
  113   0.3788477754154703E+00
  114   0.2946736266643713E+00
  115   0.4022404448136764E+00
  116   0.4303127986486156E+00
  117   0.4520666895393610E+00
  118   0.3411254019460384E+00
  119   0.3389223578888658E+00
  120   0.3101290848533219E+00
  121   0.3900989865159837E+00
  122   0.3153265549076181E+00
  123   0.3333107681357769E+00
  124   0.2670719947942190E+00
  125   0.2765771182924319E+00
  126   0.2891775393235510E+00
  127   0.2646498932228794E+00
  128   0.2476789676581907E+00
  129   0.2330585236969479E+00
  130   0.2580696469588157E+00
  131   0.2105805690361996E+00
  132   0.2128027788457658E+00
  133   0.2341178151273832E+00
  134   0.2037231044599984E+00
  135   0.2063232730069154E+00
  136   0.2169044905243131E+00
  137   0.2004326254967571E+00
  138   0.1908361326492478E+00
  139   0.1816641911371787E+00
  140   0.1786874542659495E+00
  141   0.1650911237372873E+00
  142   0.1713701551179780E+00
  143   0.1660974199456663E+00
  144   0.1393822190548210E+00
  145   0.1595814953560706E+00
  146   0.1355330833910125E+00
  147   0.1371759074251953E+00
  148   0.1229258330163001E+00
  149   0.1243885939338173E+00
  150   0.1385512251666112E+00
  151   0.1106381744812341E+00
  152   0.1110157111559840E+00
  153   0.1187806585867607E+00
  154   0.9264057877771045E-01
  155   0.9729731523708497E-01
  156   0.9719438405366060E-01
  157   0.8590012964424995E-01
  158   0.9955072907574276E-01
  159   0.8587994393221969E-01
  160   0.8923650494768758E-01
  161   0.8117621047231084E-01
  162   0.7166259769138572E-01
  163   0.7757598159090472E-01
  164   0.7770645396282200E-01
  165   0.6566845697312072E-01
  166   0.6335956062508528E-01
  167   0.6281702100532206E-01
  168   0.6917838189045530E-01
  169   0.5607467941031717E-01
  170   0.5441695656071423E-01
  171   0.4885547660840635E-01
  172   0.6029181570475803E-01
  173   0.5167590638830170E-01
  174   0.4680950290888259E-01
  175   0.4666078612355693E-01
  176   0.4311046796760345E-01
  177   0.3794804953651059E-01
  178   0.3832795868561144E-01
  179   0.4476033114007804E-01
  180   0.3466322618524555E-01
  181   0.3057265315698765E-01
  182   0.3139912743345468E-01
  183   0.3332791891724987E-01
  184   0.2869065290838083E-01
  185   0.3306306037044446E-01
  186   0.2974391530322398E-01
  187   0.2461935066790386E-01
  188   0.2605358855651315E-01
  189   0.2622552487447761E-01
  190   0.2336975556503610E-01
  191   0.2436906909995336E-01
  192   0.2210949094954216E-01
  193   0.2106992383629355E-01
  194   0.1956283182717421E-01
  195   0.1580711163045494E-01
  196   0.1845051283571560E-01
  197   0.1594748948332800E-01
  198   0.1685507069927612E-01
  199   0.1513806119481842E-01
  200   0.1523501950130909E-01
  201   0.1369989486046355E-01
  202   0.1320415992016507E-01
  203   0.1447926580079159E-01
  204   0.1243944109193957E-01
  205   0.1187177888322293E-01
  206   0.1103300554570190E-01
  207   0.9397786529427962E-02
  208   0.9674625485261249E-02
  209   0.8384480857219321E-02
  210   0.8762613515319191E-02
  211   0.7445059055966492E-02
  212   0.8328377334373678E-02
  213   0.7210306259925778E-02
  214   0.6657735988445531E-02
  215   0.7148401425334753E-02
  216   0.6646347170520237E-02
  217   0.5457663812271521E-02
  218   0.6209997142540794E-02
  219   0.5321419729683261E-02
  220   0.5515640227510118E-02
  221   0.5224202393061196E-02
  222   0.5156276761261188E-02
  223   0.4371684809308603E-02
  224   0.3880619798554636E-02
  225   0.3753760750957650E-02
  226   0.3752503290753755E-02
  227   0.3882317673153445E-02
  228   0.3283121462790435E-02
  229   0.2763830276872031E-02
  230   0.2871780512193326E-02
  231   0.2885991306511960E-02
  232   0.2653911703228198E-02
  233   0.2624557386965631E-02
  234   0.2334839640615791E-02
  235   0.2259692067409829E-02
  236   0.2351213216022075E-02
  237   0.1995321280953871E-02
  238   0.1853572667475648E-02
  239   0.1827982460240950E-02
  240   0.1754620509817375E-02
  241   0.1582703405670338E-02
  242   0.1504033184187394E-02
  243   0.1438086530745846E-02
  244   0.1250489226584237E-02
  245   0.1436185382038235E-02
  246   0.1163888601628522E-02
  247   0.1209113804816196E-02
  248   0.1049656811135208E-02
  249   0.8741781012800589E-03
  250   0.9984607753427824E-03
  251   0.8663208972422661E-03
  252   0.8916788802336876E-03
  253   0.7284473279692010E-03
  254   0.6673988917174496E-03
  255   0.6637612820450990E-03
  256   0.6367729912896105E-03
  257   0.5615550449037025E-03
  258   0.5579788159621912E-03
  259   0.5163004636766218E-03
  260   0.5332288429095320E-03
  261   0.4936318956692353E-03
  262   0.4848983858765292E-03
  263   0.4502316928853934E-03
  264   0.3880337996537712E-03
  265   0.3429714579273465E-03
  266   0.3776979172556327E-03
  267   0.3396158692707768E-03
  268   0.2844605349368651E-03
  269   0.2757623527677818E-03
  270   0.2414920918137726E-03
  271   0.2805904426518568E-03
  272   0.2556003013562557E-03
  273   0.2196625190665727E-03
  274   0.2136512719554792E-03
  275   0.1812962449169315E-03
  276   0.1677407227974167E-03
  277   0.1797604433914460E-03
  278   0.1556134176488880E-03
  279   0.1590717594423666E-03
  280   0.1337919281227779E-03
  281   0.1357991739351857E-03
  282   0.1213562939988712E-03
  283   0.1265443259964710E-03
  284   0.1051001768295074E-03
  285   0.8914280066989244E-04
  286   0.9503179011302982E-04
  287   0.9250403855050303E-04
  288   0.7639333482808519E-04
  289   0.8007195543140723E-04
  290   0.7546096280113664E-04
  291   0.6118880327848215E-04
  292   0.6289396966546779E-04
  293   0.5998281083038864E-04
  294   0.5464315529082846E-04
  295   0.5249197401602802E-04
  296   0.5062202265979478E-04
  297   0.4739063310368037E-04
  298   0.3998868683161022E-04
  299   0.3950045234479463E-04
  300   0.4142622151949407E-04
  301   0.3620572981012591E-04
  302   0.3430534587249580E-04
  303   0.2850253466446763E-04
  304   0.3063362902977751E-04
  305   0.2803445921365709E-04
  306   0.2627298714172635E-04
  307   0.2184959957365124E-04
  308   0.2484804970693702E-04
  309   0.2203926335455388E-04
  310   0.2178034701509516E-04
  311   0.1841617704931609E-04
  312   0.1889873816770179E-04
  313   0.1584074089223042E-04
  314   0.1435612148382461E-04
  315   0.1530898295196120E-04
  316   0.1378440308424154E-04
  317   0.1249190922814415E-04
  318   0.1204325667185210E-04
  319   0.1183320138905336E-04
  320   0.1182953793427533E-04
  321   0.9440639156339384E-05
  322   0.1041398642619045E-04
  323   0.8991263566697382E-05
  324   0.9267710365722103E-05
  325   0.8813709009103923E-05
  326   0.8004901100888232E-05
  327   0.7295741594994711E-05
  328   0.7816846071373170E-05
  329   0.6731102130655740E-05
  330   0.6399069918578291E-05
  331   0.5742064110637152E-05
  332   0.6625634683281135E-05
  333   0.5560963257262674E-05
  334   0.5722248091043295E-05
  335   0.4886632179381393E-05
  336   0.5687705294517077E-05
  337   0.4334171449829533E-05
  338   0.4994204742238275E-05
  339   0.3865843427788625E-05
  340   0.5282667974052591E-05
  341   0.3379213998524747E-05
  342   0.4219529005894289E-05
  343   0.3702419103759499E-05
  344   0.4242534320964107E-05
  345   0.3348176459117535E-05
  346   0.3817089886387420E-05
  347   0.3108591054061868E-05
  348   0.3780182351479227E-05
  349   0.3125282481737836E-05
  350   0.3583752414222818E-05
  351   0.2749852239301664E-05
  352   0.3549113834406334E-05
  353   0.2504567896940658E-05
  354   0.3225003518783265E-05
  355   0.2308941419914316E-05
  356   0.3281352137001840E-05
  357   0.2263172243728829E-05
  358   0.3076050954879066E-05
  359   0.2006207432652794E-05
  360   0.3046553132527329E-05
  361   0.2156789311176418E-05
  362   0.3049763121776672E-05
  363   0.1959750650981757E-05
  364   0.3035898640390277E-05
  365   0.1953927887428647E-05
  366   0.3050813464711546E-05
  367   0.1786704365296411E-05
  368   0.2974908487727237E-05
  369   0.1871862877231623E-05
  370   0.2988918601292929E-05
  371   0.1785743989516880E-05
  372   0.3014872391247807E-05
  373   0.1876395803426172E-05
  374   0.3220444154201587E-05
  375   0.1776336268156044E-05
  376   0.3358945976878365E-05
  377   0.2091911651362823E-05
  378   0.3379057711935912E-05
  379   0.1930708347418223E-05
  380   0.3949558802212245E-05
  381   0.2531101041905305E-05
  382   0.4040067737513204E-05
  383   0.2613126231938844E-05
