# nlmax, ncor, nside =         383           1         128
    0   0.1000826549022484E-18
    1   0.1857670617460326E-18
    2   0.1486413370914364E-03
    3   0.4941804358032908E-03
    4   0.2345895509980627E-03
    5   0.2961276578131723E-03
    6   0.8863750643695057E-04
    7   0.1212894647628975E-03
    8   0.5470016767206242E-04
    9   0.4080672349541887E-04
   10   0.5384496443808550E-04
   11   0.4436391592526503E-04
   12   0.3179243156692718E-04
   13   0.2478756331178115E-04
   14   0.2434476088433541E-04
   15   0.2202352102600493E-04
   16   0.1603617273386653E-04
   17   0.1816490771659221E-04
   18   0.1091461536790341E-04
   19   0.1480059984703957E-04
   20   0.1117126787477395E-04
   21   0.8691507895770055E-05
   22   0.7385965825705156E-05
   23   0.8245589651949727E-05
   24   0.8185771333632206E-05
   25   0.7929089630071795E-05
   26   0.8381379695731367E-05
   27   0.6514730419156312E-05
   28   0.9325981876976033E-05
   29   0.7442955095553268E-05
   30   0.5905659092392684E-05
   31   0.5468745213989138E-05
   32   0.8026793560518412E-05
   33   0.5084205231171459E-05
   34   0.5902346629188010E-05
   35   0.4365251340432753E-05
   36   0.5034192659472666E-05
   37   0.5895480371266679E-05
   38   0.4908677543587549E-05
   39   0.4440994061577314E-05
   40   0.6629954597383356E-05
   41   0.4078405019077946E-05
   42   0.3987022389784169E-05
   43   0.3868113364057132E-05
   44   0.3253149631106799E-05
   45   0.2927526916307250E-05
   46   0.3173630073375766E-05
   47   0.4223060631810530E-05
   48   0.2432285152557984E-05
   49   0.3659123072233465E-05
   50   0.3462482309814345E-05
   51   0.2633791963999893E-05
   52   0.2856000532409819E-05
   53   0.2224130570006520E-05
   54   0.2184670168767235E-05
   55   0.2480503883237708E-05
   56   0.3143839748450194E-05
   57   0.2593774893537026E-05
   58   0.2543282758183000E-05
   59   0.1905114044130437E-05
   60   0.2187969689731848E-05
   61   0.2109574281597133E-05
   62   0.2462934089860602E-05
   63   0.2199123421196803E-05
   64   0.1973097303255548E-05
   65   0.1836344928096198E-05
   66   0.1689693110354434E-05
   67   0.1935370079247412E-05
   68   0.1811577159012419E-05
   69   0.2044277302573263E-05
   70   0.1786682993359980E-05
   71   0.1600408542265759E-05
   72   0.1585210830065888E-05
   73   0.2052075817398626E-05
   74   0.1800550476772416E-05
   75   0.1511484031178640E-05
   76   0.1403918155981933E-05
   77   0.1641526357021848E-05
   78   0.1426829919231519E-05
   79   0.1082403807361556E-05
   80   0.1414955042924990E-05
   81   0.1452593288594641E-05
   82   0.1635292825094880E-05
   83   0.1224038419979071E-05
   84   0.1096072628204567E-05
   85   0.1242929654439265E-05
   86   0.1321118386287539E-05
   87   0.1308304015253369E-05
   88   0.1065504488013691E-05
   89   0.1186922244348559E-05
   90   0.1206891702275799E-05
   91   0.1183415151019882E-05
   92   0.1141311359199706E-05
   93   0.1089574247828805E-05
   94   0.9589489954839123E-06
   95   0.8438879418615305E-06
   96   0.8986624147518652E-06
   97   0.1049641013601880E-05
   98   0.7620516320245124E-06
   99   0.9831312761808245E-06
  100   0.9104740344986237E-06
  101   0.9247968637346692E-06
  102   0.9701965873286702E-06
  103   0.8470061674375255E-06
  104   0.9359271707324606E-06
  105   0.7096420079706809E-06
  106   0.8497222465117952E-06
  107   0.7724622554659039E-06
  108   0.9325533038430098E-06
  109   0.7595191099428189E-06
  110   0.8045965766245718E-06
  111   0.7271497732032538E-06
  112   0.6601527496300508E-06
  113   0.6179170920407025E-06
  114   0.5229159947639887E-06
  115   0.7037571487825691E-06
  116   0.7359684181676656E-06
  117   0.8282665312879564E-06
  118   0.6209517282182113E-06
  119   0.6157041744077648E-06
  120   0.5649776542245470E-06
  121   0.7525323133964375E-06
  122   0.5849624894613041E-06
  123   0.6219548353827785E-06
  124   0.4923802676161032E-06
  125   0.5316283333407375E-06
  126   0.5532347229952403E-06
  127   0.5403180053939232E-06
  128   0.5131142372370392E-06
  129   0.4667469920290256E-06
  130   0.5176072862475220E-06
  131   0.4347988297076227E-06
  132   0.4450530432906519E-06
  133   0.4820976474628342E-06
  134   0.4287241401038742E-06
  135   0.4427748041940136E-06
  136   0.4700358225095485E-06
  137   0.4261017552709511E-06
  138   0.4189024999152425E-06
  139   0.4025031945924074E-06
  140   0.4037287652542313E-06
  141   0.3815649203012584E-06
  142   0.3908472559571846E-06
  143   0.4007786481920395E-06
  144   0.3359133234805939E-06
  145   0.3923410496332215E-06
  146   0.3253474407221648E-06
  147   0.3329483468623904E-06
  148   0.3086442685073799E-06
  149   0.3168925743194538E-06
  150   0.3478638752419503E-06
  151   0.2905774107464178E-06
  152   0.3000459522620861E-06
  153   0.3226575238814540E-06
  154   0.2489581687587032E-06
  155   0.2679838974788774E-06
  156   0.2701103578931257E-06
  157   0.2467287505316181E-06
  158   0.2841211149107541E-06
  159   0.2488285840323562E-06
  160   0.2593439760518563E-06
  161   0.2442156470693535E-06
  162   0.2138360260560841E-06
  163   0.2411928061567514E-06
  164   0.2443682560095045E-06
  165   0.2067390220192781E-06
  166   0.2020821964781736E-06
  167   0.2023164493868870E-06
  168   0.2208802915873934E-06
  169   0.1850817458649424E-06
  170   0.1857337259742780E-06
  171   0.1693187470713145E-06
  172   0.2072349772249712E-06
  173   0.1814567078142499E-06
  174   0.1668098599973240E-06
  175   0.1666769743803962E-06
  176   0.1607843977064896E-06
  177   0.1428063954080014E-06
  178   0.1480282753605862E-06
  179   0.1734822239397300E-06
  180   0.1383890705429869E-06
  181   0.1190256608261814E-06
  182   0.1228414517998894E-06
  183   0.1337175046341712E-06
  184   0.1178716822530592E-06
  185   0.1387612451705415E-06
  186   0.1253504346484538E-06
  187   0.1068976266874773E-06
  188   0.1186236231596320E-06
  189   0.1203246347795806E-06
  190   0.1069609210529411E-06
  191   0.1102064932439645E-06
  192   0.1045171886940496E-06
  193   0.9775292004552951E-07
  194   0.9429934002045383E-07
  195   0.7888243814226897E-07
  196   0.9011573293715034E-07
  197   0.8207327648920222E-07
  198   0.8678113065596946E-07
  199   0.7866244787664219E-07
  200   0.8045450401031357E-07
  201   0.7361314086740470E-07
  202   0.7322901019905893E-07
  203   0.7889588357020600E-07
  204   0.6964293062927193E-07
  205   0.6816256159209262E-07
  206   0.6478689402059871E-07
  207   0.5706355260135331E-07
  208   0.5918958796843870E-07
  209   0.5285129724242999E-07
  210   0.5727335666365087E-07
  211   0.4913415647000147E-07
  212   0.5493915901767217E-07
  213   0.4802391786086395E-07
  214   0.4561493223036207E-07
  215   0.5071079843648742E-07
  216   0.4694262024895684E-07
  217   0.4013245210002119E-07
  218   0.4439197211827727E-07
  219   0.3955235115707281E-07
  220   0.4271094144470645E-07
  221   0.4134919892132577E-07
  222   0.4152642070269936E-07
  223   0.3542661349217875E-07
  224   0.3162320688769916E-07
  225   0.3184555238998151E-07
  226   0.3208375326414246E-07
  227   0.3354060853003403E-07
  228   0.2935448722390595E-07
  229   0.2536724055766210E-07
  230   0.2610942963865677E-07
  231   0.2736672046080097E-07
  232   0.2507078997666061E-07
  233   0.2565553848315216E-07
  234   0.2231243170598322E-07
  235   0.2297144783633855E-07
  236   0.2483192078504167E-07
  237   0.2050358488847867E-07
  238   0.1971772496358097E-07
  239   0.2033257975312527E-07
  240   0.2009483300172130E-07
  241   0.1805669454095717E-07
  242   0.1720817183991948E-07
  243   0.1702113107926232E-07
  244   0.1525901386886797E-07
  245   0.1774810165076549E-07
  246   0.1473466544129905E-07
  247   0.1533289985369291E-07
  248   0.1391796876737504E-07
  249   0.1141585666955079E-07
  250   0.1357006049216811E-07
  251   0.1240021300005807E-07
  252   0.1279093520023487E-07
  253   0.1055877698070755E-07
  254   0.1015977685029080E-07
  255   0.9687281103378917E-08
  256   0.9856550371605279E-08
  257   0.8702427285623263E-08
  258   0.9180113197688277E-08
  259   0.8121997739474064E-08
  260   0.8742788907317683E-08
  261   0.8233859400547002E-08
  262   0.8414482794525869E-08
  263   0.8166330845909928E-08
  264   0.6947153648181069E-08
  265   0.6108852097131499E-08
  266   0.7207997868270111E-08
  267   0.6593941433893251E-08
  268   0.5700368590135971E-08
  269   0.5569538371030389E-08
  270   0.4888879300165801E-08
  271   0.5730849566273992E-08
  272   0.5418307143910832E-08
  273   0.4716277466961297E-08
  274   0.4914128503252033E-08
  275   0.4034861383486739E-08
  276   0.3835979912201810E-08
  277   0.4343651438891011E-08
  278   0.3860225683910836E-08
  279   0.3951167675702085E-08
  280   0.3377008237349263E-08
  281   0.3449927514832459E-08
  282   0.3248777613400718E-08
  283   0.3320140514923078E-08
  284   0.2793072005143936E-08
  285   0.2471664857999282E-08
  286   0.2654679003291501E-08
  287   0.2588232347047782E-08
  288   0.2279662569508000E-08
  289   0.2407178960866709E-08
  290   0.2327536139319059E-08
  291   0.1887974261004618E-08
  292   0.1994367495335964E-08
  293   0.1935835468731100E-08
  294   0.1802468664963124E-08
  295   0.1781575906268715E-08
  296   0.1750474612834937E-08
  297   0.1694554592251069E-08
  298   0.1408330278866430E-08
  299   0.1480011607232941E-08
  300   0.1575031154496625E-08
  301   0.1359209801504058E-08
  302   0.1339424601541510E-08
  303   0.1127867685471692E-08
  304   0.1174293137550276E-08
  305   0.1139506913892327E-08
  306   0.1061509454873943E-08
  307   0.9390312901004168E-09
  308   0.1092990541134327E-08
  309   0.9375617302127145E-09
  310   0.9553764658859492E-09
  311   0.8733199168187149E-09
  312   0.8135705749234531E-09
  313   0.7112475000286242E-09
  314   0.6633671373392028E-09
  315   0.7635726702250561E-09
  316   0.6932485275849181E-09
  317   0.6105709708346406E-09
  318   0.6146656851644952E-09
  319   0.6237310606722171E-09
  320   0.5842042541080917E-09
  321   0.4792380340691200E-09
  322   0.5350481102580884E-09
  323   0.4837457203584432E-09
  324   0.5096090298910294E-09
  325   0.4837902664540761E-09
  326   0.4373852758803896E-09
  327   0.4041786962735797E-09
  328   0.4218521660143193E-09
  329   0.3947884600031715E-09
  330   0.3650602343796673E-09
  331   0.3682258371419290E-09
  332   0.3646709719966372E-09
  333   0.3371084517095360E-09
  334   0.3196808486148641E-09
  335   0.3083667226837774E-09
  336   0.3197879317274361E-09
  337   0.2815009207487730E-09
  338   0.2939862098130550E-09
  339   0.2497798474326292E-09
  340   0.3078469286926385E-09
  341   0.2330540996589635E-09
  342   0.2586229683614296E-09
  343   0.2455592927546346E-09
  344   0.2495868885552734E-09
  345   0.2278344634948319E-09
  346   0.2170037514479548E-09
  347   0.2121481027209944E-09
  348   0.2186353136092727E-09
  349   0.2232716907425703E-09
  350   0.2051860511264736E-09
  351   0.1968877731074198E-09
  352   0.1998161901623364E-09
  353   0.1870801712986252E-09
  354   0.1893844086724686E-09
  355   0.1877567231369260E-09
  356   0.1893693563777484E-09
  357   0.1783134424497281E-09
  358   0.1892398917017368E-09
  359   0.1851645101464360E-09
  360   0.1825909812912601E-09
  361   0.1898152320521361E-09
  362   0.1759491706456508E-09
  363   0.1879885566436017E-09
  364   0.1850318759737789E-09
  365   0.1831604728601511E-09
  366   0.1737254381669784E-09
  367   0.1754131613263466E-09
  368   0.1667180089188399E-09
  369   0.1817950209074228E-09
  370   0.1702565077473198E-09
  371   0.1734046484449756E-09
  372   0.1704214985969833E-09
  373   0.1525698109968283E-09
  374   0.1819852431183733E-09
  375   0.1756858468380152E-09
  376   0.1720834215424613E-09
  377   0.1633732672673664E-09
  378   0.1755048080481136E-09
  379   0.1563332924425831E-09
  380   0.1815375034156969E-09
  381   0.1646098355955817E-09
  382   0.1717666792429793E-09
  383   0.1620645416627072E-09
