0.000000000000000000e+00 1.117342599236907041e+00
1.000000000000000000e+00 1.403614819120982959e+00
2.000000000000000000e+00 1.053754793285252020e+02
3.000000000000000000e+00 5.310133836219504246e+02
4.000000000000000000e+00 2.285486039040639810e+02
5.000000000000000000e+00 2.870881785094923089e+02
6.000000000000000000e+00 9.928964652971028215e+01
7.000000000000000000e+00 1.259695659105405667e+02
8.000000000000000000e+00 5.407369094624783656e+01
9.000000000000000000e+00 3.588276739990362785e+01
1.000000000000000000e+01 5.231785858654683352e+01
1.100000000000000000e+01 4.986313025287613954e+01
1.200000000000000000e+01 3.382454850277359526e+01
1.300000000000000000e+01 2.835902921949063682e+01
1.400000000000000000e+01 2.540643518752744257e+01
1.500000000000000000e+01 2.425771728163871543e+01
1.600000000000000000e+01 1.577844956876728055e+01
1.700000000000000000e+01 1.890196230893462470e+01
1.800000000000000000e+01 1.195322708459509542e+01
1.900000000000000000e+01 1.635748093221992505e+01
2.000000000000000000e+01 1.341342837914904251e+01
2.100000000000000000e+01 1.068655097082594985e+01
2.200000000000000000e+01 8.974183035569337719e+00
2.300000000000000000e+01 9.581885396835170710e+00
2.400000000000000000e+01 9.087169870621167433e+00
2.500000000000000000e+01 8.936073467682733806e+00
2.600000000000000000e+01 8.890365827738214932e+00
2.700000000000000000e+01 7.141536233981404358e+00
2.800000000000000000e+01 1.074977361901075312e+01
2.900000000000000000e+01 8.514435626708628746e+00
3.000000000000000000e+01 7.180681478436143017e+00
3.100000000000000000e+01 6.284621154863365255e+00
3.200000000000000000e+01 8.344074335244709317e+00
3.300000000000000000e+01 4.857882764629867012e+00
3.400000000000000000e+01 6.793839544081744286e+00
3.500000000000000000e+01 5.039415876796394578e+00
3.600000000000000000e+01 5.252917413366786192e+00
3.700000000000000000e+01 6.786653502530405113e+00
3.800000000000000000e+01 5.506597680578764198e+00
3.900000000000000000e+01 4.411662970618682955e+00
4.000000000000000000e+01 6.927912229658718779e+00
4.100000000000000000e+01 5.235082537645875611e+00
4.200000000000000000e+01 4.741123375275077656e+00
4.300000000000000000e+01 4.343339770138924472e+00
4.400000000000000000e+01 3.572067914185605542e+00
4.500000000000000000e+01 3.312292924153788398e+00
4.600000000000000000e+01 3.904909526096128403e+00
4.700000000000000000e+01 4.614224237455164968e+00
4.800000000000000000e+01 2.769050444807931832e+00
4.900000000000000000e+01 3.782567373919672349e+00
5.000000000000000000e+01 3.921646513061113115e+00
5.100000000000000000e+01 2.966026504155563792e+00
5.200000000000000000e+01 3.154787654263100816e+00
5.300000000000000000e+01 2.579068586174374289e+00
5.400000000000000000e+01 2.345683851578902690e+00
5.500000000000000000e+01 2.642637601978560902e+00
5.600000000000000000e+01 3.177234864964114891e+00
5.700000000000000000e+01 2.839608551224319655e+00
5.800000000000000000e+01 2.757784178074852210e+00
5.900000000000000000e+01 2.171406190183000628e+00
6.000000000000000000e+01 2.235771384075564860e+00
6.100000000000000000e+01 2.170620189061355010e+00
6.200000000000000000e+01 2.736057246013957833e+00
6.300000000000000000e+01 2.251713022439386869e+00
6.400000000000000000e+01 2.135618849680262610e+00
6.500000000000000000e+01 2.168020194647771959e+00
6.600000000000000000e+01 1.926984381122899492e+00
6.700000000000000000e+01 2.072911019124666687e+00
6.800000000000000000e+01 2.089045304466780273e+00
6.900000000000000000e+01 2.265309478969998569e+00
7.000000000000000000e+01 1.837036493975593432e+00
7.100000000000000000e+01 1.722751947933499395e+00
7.200000000000000000e+01 1.697682107929151529e+00
7.300000000000000000e+01 2.226081889995012109e+00
7.400000000000000000e+01 1.838202896913911477e+00
7.500000000000000000e+01 1.674727055200986747e+00
7.600000000000000000e+01 1.632248952331539327e+00
7.700000000000000000e+01 1.803373106190718334e+00
7.800000000000000000e+01 1.627049907731433098e+00
7.900000000000000000e+01 1.216930515782615574e+00
8.000000000000000000e+01 1.572887878797312622e+00
8.100000000000000000e+01 1.611190326797440342e+00
8.200000000000000000e+01 1.680919441423488925e+00
8.300000000000000000e+01 1.322277200227750971e+00
8.400000000000000000e+01 1.230328195926413182e+00
8.500000000000000000e+01 1.435072424833531368e+00
8.600000000000000000e+01 1.422979628598135537e+00
8.700000000000000000e+01 1.330307512504922629e+00
8.800000000000000000e+01 1.239980526942351169e+00
8.900000000000000000e+01 1.265748962543817857e+00
9.000000000000000000e+01 1.384072290061533428e+00
9.100000000000000000e+01 1.233507663545885036e+00
9.200000000000000000e+01 1.180164519009434976e+00
9.300000000000000000e+01 1.225292260960470170e+00
9.400000000000000000e+01 1.100753843316694347e+00
9.500000000000000000e+01 9.842893198624731443e-01
9.600000000000000000e+01 1.094963132656969540e+00
9.700000000000000000e+01 1.192556421236979025e+00
9.800000000000000000e+01 8.965066609407379428e-01
9.900000000000000000e+01 1.057736656225779948e+00
1.000000000000000000e+02 9.337115980843919694e-01
1.010000000000000000e+02 9.940598714005491887e-01
1.020000000000000000e+02 1.027182186673183839e+00
1.030000000000000000e+02 1.036372088387907953e+00
1.040000000000000000e+02 1.080777693082869639e+00
1.050000000000000000e+02 8.233984198818307121e-01
1.060000000000000000e+02 9.077911895160492017e-01
1.070000000000000000e+02 8.395568425857156125e-01
1.080000000000000000e+02 1.021015205460384268e+00
1.090000000000000000e+02 8.301462885111261514e-01
1.100000000000000000e+02 9.079904082153545941e-01
1.110000000000000000e+02 8.218299106890423200e-01
1.120000000000000000e+02 7.146693261664138763e-01
1.130000000000000000e+02 6.966779861351252157e-01
1.140000000000000000e+02 6.013674875699848155e-01
1.150000000000000000e+02 8.103339652025363105e-01
1.160000000000000000e+02 8.570984821372379381e-01
1.170000000000000000e+02 8.996832132393975945e-01
1.180000000000000000e+02 6.871327501495235746e-01
1.190000000000000000e+02 7.110044230825753875e-01
1.200000000000000000e+02 5.953689586905812625e-01
1.210000000000000000e+02 8.423062585907873379e-01
1.220000000000000000e+02 6.087959247163833298e-01
1.230000000000000000e+02 6.724108750804237422e-01
1.240000000000000000e+02 5.491103554741362247e-01
1.250000000000000000e+02 5.710231719140935747e-01
1.260000000000000000e+02 6.488325873628525420e-01
1.270000000000000000e+02 5.803356621814317329e-01
1.280000000000000000e+02 5.545935846378425849e-01
1.290000000000000000e+02 5.044551514773635281e-01
1.300000000000000000e+02 5.962287964079180380e-01
1.310000000000000000e+02 4.734211025260683936e-01
1.320000000000000000e+02 4.891195786312588778e-01
1.330000000000000000e+02 5.512020507906564282e-01
1.340000000000000000e+02 4.958826116080901625e-01
1.350000000000000000e+02 4.617792034924325661e-01
1.360000000000000000e+02 5.460989308414484489e-01
1.370000000000000000e+02 5.013764186119697985e-01
1.380000000000000000e+02 4.317300120120302620e-01
1.390000000000000000e+02 4.336521571882801518e-01
1.400000000000000000e+02 4.316922221919727853e-01
1.410000000000000000e+02 4.084739421644428270e-01
1.420000000000000000e+02 4.490565223595336386e-01
1.430000000000000000e+02 4.146165402165726266e-01
1.440000000000000000e+02 3.588716434758199569e-01
1.450000000000000000e+02 4.165448544351504911e-01
1.460000000000000000e+02 3.815115573563363505e-01
1.470000000000000000e+02 3.824956592467931293e-01
1.480000000000000000e+02 3.293229785805388277e-01
1.490000000000000000e+02 3.514428573704706515e-01
1.500000000000000000e+02 3.878106492655861715e-01
1.510000000000000000e+02 3.382594675689215014e-01
1.520000000000000000e+02 3.344042060643444558e-01
1.530000000000000000e+02 3.866594527073713428e-01
1.540000000000000000e+02 2.750220109109500211e-01
1.550000000000000000e+02 2.906547679954121777e-01
1.560000000000000000e+02 2.912445909292281088e-01
1.570000000000000000e+02 2.772595175384777733e-01
1.580000000000000000e+02 3.239070303960409625e-01
1.590000000000000000e+02 2.724300447803276737e-01
1.600000000000000000e+02 2.983840820899619772e-01
1.610000000000000000e+02 2.698275963252847465e-01
1.620000000000000000e+02 2.525433633893429120e-01
1.630000000000000000e+02 2.582993277555634681e-01
1.640000000000000000e+02 2.680098074706291356e-01
1.650000000000000000e+02 2.316932600554851285e-01
1.660000000000000000e+02 2.241024354590530898e-01
1.670000000000000000e+02 2.359920852155346915e-01
1.680000000000000000e+02 2.495347179631864920e-01
1.690000000000000000e+02 2.030318986948974613e-01
1.700000000000000000e+02 1.921227936645386603e-01
1.710000000000000000e+02 1.849607466055218086e-01
1.720000000000000000e+02 2.223100862485998530e-01
1.730000000000000000e+02 1.991891807632816536e-01
1.740000000000000000e+02 1.934744444347317460e-01
1.750000000000000000e+02 1.892682891517038224e-01
1.760000000000000000e+02 1.774628684238780119e-01
1.770000000000000000e+02 1.593786945106535347e-01
1.780000000000000000e+02 1.636571045584975792e-01
1.790000000000000000e+02 1.901164119066292846e-01
1.800000000000000000e+02 1.536369427487777883e-01
1.810000000000000000e+02 1.328796968761611075e-01
1.820000000000000000e+02 1.392837917477490195e-01
1.830000000000000000e+02 1.466332356648901991e-01
1.840000000000000000e+02 1.282594325419919579e-01
1.850000000000000000e+02 1.594346359131733337e-01
1.860000000000000000e+02 1.424999998664307210e-01
1.870000000000000000e+02 1.227084480909901854e-01
1.880000000000000000e+02 1.313301881424341622e-01
1.890000000000000000e+02 1.285463819712190925e-01
1.900000000000000000e+02 1.180427969897492740e-01
1.910000000000000000e+02 1.200585133212521971e-01
1.920000000000000000e+02 1.252155373059017640e-01
1.930000000000000000e+02 1.122102928572552283e-01
1.940000000000000000e+02 1.067894540065038311e-01
1.950000000000000000e+02 9.086625589788169255e-02
1.960000000000000000e+02 1.020487545441150640e-01
1.970000000000000000e+02 9.290667092786830672e-02
1.980000000000000000e+02 9.495079194426249425e-02
1.990000000000000000e+02 9.080081716734393626e-02
2.000000000000000000e+02 8.705213050979712652e-02
2.010000000000000000e+02 7.982594242821343389e-02
2.020000000000000000e+02 8.376304114085973695e-02
2.030000000000000000e+02 8.645308887743255455e-02
2.040000000000000000e+02 7.994860998049888035e-02
2.050000000000000000e+02 7.491530850324386315e-02
2.060000000000000000e+02 7.182129213767615705e-02
2.070000000000000000e+02 6.629272209708314545e-02
2.080000000000000000e+02 6.670042625061901875e-02
2.090000000000000000e+02 5.908857914232400893e-02
2.100000000000000000e+02 6.250076136159690710e-02
2.110000000000000000e+02 5.808605727592969226e-02
2.120000000000000000e+02 5.856385412193769457e-02
2.130000000000000000e+02 5.335315173806185612e-02
2.140000000000000000e+02 5.173984661435614141e-02
2.150000000000000000e+02 5.614763711209257158e-02
2.160000000000000000e+02 5.192155201140978560e-02
2.170000000000000000e+02 4.562231567695632095e-02
2.180000000000000000e+02 4.873950185252844125e-02
2.190000000000000000e+02 4.298078866288961714e-02
2.200000000000000000e+02 4.485246634162335516e-02
2.210000000000000000e+02 4.461882932798497819e-02
2.220000000000000000e+02 4.396083240014676818e-02
2.230000000000000000e+02 3.893982732460742752e-02
2.240000000000000000e+02 3.524996998339667564e-02
2.250000000000000000e+02 3.530630589524295926e-02
2.260000000000000000e+02 3.395852956675744772e-02
2.270000000000000000e+02 3.684030604371082290e-02
2.280000000000000000e+02 3.285296008690933439e-02
2.290000000000000000e+02 2.817820111005491998e-02
2.300000000000000000e+02 3.080668980146170771e-02
2.310000000000000000e+02 3.031219784235225645e-02
2.320000000000000000e+02 2.891439377295396823e-02
2.330000000000000000e+02 2.762127866447738889e-02
2.340000000000000000e+02 2.693563150543498014e-02
2.350000000000000000e+02 2.626673440232029852e-02
2.360000000000000000e+02 2.658175370038066629e-02
2.370000000000000000e+02 2.409881431115701994e-02
2.380000000000000000e+02 2.182029534989060604e-02
2.390000000000000000e+02 2.284860596534879149e-02
2.400000000000000000e+02 2.138546875739469333e-02
2.410000000000000000e+02 2.036347671756912753e-02
2.420000000000000000e+02 2.009529746638029010e-02
2.430000000000000000e+02 1.867253299780724171e-02
2.440000000000000000e+02 1.713366625299660509e-02
2.450000000000000000e+02 2.088838051939894552e-02
2.460000000000000000e+02 1.629348478349730567e-02
2.470000000000000000e+02 1.737723601564019477e-02
2.480000000000000000e+02 1.578625509833119986e-02
2.490000000000000000e+02 1.390314806234114152e-02
2.500000000000000000e+02 1.605174402727671881e-02
2.510000000000000000e+02 1.348907122013949349e-02
2.520000000000000000e+02 1.455480365963057569e-02
2.530000000000000000e+02 1.210311649439396384e-02
2.540000000000000000e+02 1.138007269187602845e-02
2.550000000000000000e+02 1.123259695523138105e-02
2.560000000000000000e+02 1.115019420714550950e-02
2.570000000000000000e+02 9.717836802861921572e-03
2.580000000000000000e+02 1.035001167375315147e-02
2.590000000000000000e+02 9.962615910372767808e-03
2.600000000000000000e+02 1.012402904493233530e-02
2.610000000000000000e+02 8.956782425409919035e-03
2.620000000000000000e+02 9.356806306131736778e-03
2.630000000000000000e+02 9.589772111866292151e-03
2.640000000000000000e+02 8.094892399435523953e-03
2.650000000000000000e+02 7.331466589329006626e-03
2.660000000000000000e+02 8.040843074838880528e-03
2.670000000000000000e+02 7.252711994871237702e-03
2.680000000000000000e+02 6.582718638151815668e-03
2.690000000000000000e+02 6.476257503040119129e-03
2.700000000000000000e+02 5.351362741239864759e-03
2.710000000000000000e+02 6.568215095333292119e-03
2.720000000000000000e+02 6.535593571489060200e-03
2.730000000000000000e+02 5.027263757775999632e-03
2.740000000000000000e+02 5.650353064614858922e-03
2.750000000000000000e+02 4.600418312536882874e-03
2.760000000000000000e+02 4.348008984974055871e-03
2.770000000000000000e+02 4.818892909517060591e-03
2.780000000000000000e+02 4.399438992088377035e-03
2.790000000000000000e+02 4.445729547998947262e-03
2.800000000000000000e+02 3.619052789236674051e-03
2.810000000000000000e+02 4.091608880269552613e-03
2.820000000000000000e+02 3.767609407232782107e-03
2.830000000000000000e+02 3.968500504758120523e-03
2.840000000000000000e+02 3.276567319032686314e-03
2.850000000000000000e+02 2.773774567891287499e-03
2.860000000000000000e+02 3.280643893458544749e-03
2.870000000000000000e+02 2.977413507006049058e-03
2.880000000000000000e+02 2.704833774908747650e-03
2.890000000000000000e+02 2.769134108599636580e-03
2.900000000000000000e+02 2.724966895999132201e-03
2.910000000000000000e+02 2.169766225411174157e-03
2.920000000000000000e+02 2.317420989555747397e-03
2.930000000000000000e+02 2.170280010678276097e-03
2.940000000000000000e+02 2.155625347286263538e-03
2.950000000000000000e+02 2.131836693402838854e-03
2.960000000000000000e+02 2.020759206834743353e-03
2.970000000000000000e+02 2.043598058094326427e-03
2.980000000000000000e+02 1.586024208155057758e-03
2.990000000000000000e+02 1.708298419474244207e-03
3.000000000000000000e+02 1.837200734451921360e-03
3.010000000000000000e+02 1.560972382313632022e-03
3.020000000000000000e+02 1.582747715157727976e-03
3.030000000000000000e+02 1.278198253350290754e-03
3.040000000000000000e+02 1.406414201481652471e-03
3.050000000000000000e+02 1.340191993752890866e-03
3.060000000000000000e+02 1.234616079991253217e-03
3.070000000000000000e+02 1.042914079251402136e-03
3.080000000000000000e+02 1.187394512286756888e-03
3.090000000000000000e+02 1.107056214362355700e-03
3.100000000000000000e+02 1.123949583266170777e-03
3.110000000000000000e+02 9.693618747543050881e-04
3.120000000000000000e+02 9.431455691309683156e-04
3.130000000000000000e+02 8.310047660629526437e-04
3.140000000000000000e+02 7.419111015049110764e-04
3.150000000000000000e+02 8.551662517379091414e-04
3.160000000000000000e+02 6.974477091944922139e-04
3.170000000000000000e+02 7.045650967730806387e-04
3.180000000000000000e+02 6.866913203270379141e-04
3.190000000000000000e+02 6.785206551270805703e-04
3.200000000000000000e+02 6.562064304686958437e-04
3.210000000000000000e+02 5.093950337094625734e-04
3.220000000000000000e+02 6.034714953306588234e-04
3.230000000000000000e+02 5.389683018079730568e-04
3.240000000000000000e+02 6.000355680006534123e-04
3.250000000000000000e+02 5.453630602176455294e-04
3.260000000000000000e+02 4.530486942726982542e-04
3.270000000000000000e+02 4.555260654801833301e-04
3.280000000000000000e+02 4.155926721252505853e-04
3.290000000000000000e+02 4.081999231812319124e-04
3.300000000000000000e+02 3.672392605003401019e-04
3.310000000000000000e+02 4.012257292527333496e-04
3.320000000000000000e+02 3.537627261306721706e-04
3.330000000000000000e+02 3.486712676430680775e-04
3.340000000000000000e+02 3.191054861540407726e-04
3.350000000000000000e+02 3.136483787023345497e-04
3.360000000000000000e+02 3.245384742524270723e-04
3.370000000000000000e+02 2.847830880065755385e-04
3.380000000000000000e+02 3.148969749809313323e-04
3.390000000000000000e+02 2.517324102569548270e-04
3.400000000000000000e+02 3.331627328791542477e-04
3.410000000000000000e+02 2.388445064228819474e-04
3.420000000000000000e+02 2.476698564147151896e-04
3.430000000000000000e+02 2.696268299319467578e-04
3.440000000000000000e+02 2.506545535542845527e-04
3.450000000000000000e+02 2.157735767760309031e-04
3.460000000000000000e+02 2.231374574472270588e-04
3.470000000000000000e+02 2.040204984374609709e-04
3.480000000000000000e+02 1.998485776710841192e-04
3.490000000000000000e+02 2.069733983358218996e-04
3.500000000000000000e+02 1.600644452684486492e-04
3.510000000000000000e+02 1.961797727181870100e-04
3.520000000000000000e+02 1.855516285326895716e-04
3.530000000000000000e+02 1.593720936502220358e-04
3.540000000000000000e+02 1.400256103512529120e-04
3.550000000000000000e+02 1.659233758365913987e-04
3.560000000000000000e+02 1.488063559214032692e-04
3.570000000000000000e+02 1.532458382526215995e-04
3.580000000000000000e+02 1.540771366256147884e-04
3.590000000000000000e+02 1.415779870768159982e-04
3.600000000000000000e+02 1.407347753744266636e-04
3.610000000000000000e+02 1.703210260927150632e-04
3.620000000000000000e+02 1.478353286225734587e-04
3.630000000000000000e+02 1.669778033755232351e-04
3.640000000000000000e+02 1.441076912281452865e-04
3.650000000000000000e+02 1.670801959904728536e-04
3.660000000000000000e+02 1.270491668400636925e-04
3.670000000000000000e+02 1.382099917326843957e-04
3.680000000000000000e+02 1.260999049221601140e-04
3.690000000000000000e+02 1.419978208183670136e-04
3.700000000000000000e+02 1.322003475740320707e-04
3.710000000000000000e+02 1.428649906045460435e-04
3.720000000000000000e+02 1.366195209955822754e-04
3.730000000000000000e+02 1.238738224952143092e-04
3.740000000000000000e+02 1.387123642801029724e-04
3.750000000000000000e+02 1.423558783662971111e-04
3.760000000000000000e+02 1.435926641166373108e-04
3.770000000000000000e+02 1.246808818993544660e-04
3.780000000000000000e+02 1.272193665845091162e-04
3.790000000000000000e+02 1.167988063515622922e-04
3.800000000000000000e+02 1.415427351195998849e-04
3.810000000000000000e+02 1.298479002026009575e-04
3.820000000000000000e+02 1.326866987829611788e-04
3.830000000000000000e+02 1.302040886722128038e-04
