# nlmax, ncor, nside =         383           1         128
    0  -0.1777939820580365E+00
    1  -0.2059159205780785E+00
    2   0.1473227805584129E+03
    3   0.4941541805326216E+03
    4   0.2142927105932729E+03
    5   0.2958124709540539E+03
    6   0.9863426090143577E+02
    7   0.1183833490893907E+03
    8   0.5607449073858471E+02
    9   0.4009520167724976E+02
   10   0.5224645067836318E+02
   11   0.4575678347111388E+02
   12   0.3215451087034903E+02
   13   0.2511754300154132E+02
   14   0.2364476982993536E+02
   15   0.2159533485542806E+02
   16   0.1586766310907024E+02
   17   0.1852452673329234E+02
   18   0.1171358945570351E+02
   19   0.1489250174662672E+02
   20   0.1084921695311899E+02
   21   0.8987949910400616E+01
   22   0.7007711676826270E+01
   23   0.8693873237492260E+01
   24   0.8079471588494723E+01
   25   0.7852935788009756E+01
   26   0.8022911444343768E+01
   27   0.6627069685699502E+01
   28   0.9047637149182480E+01
   29   0.7438178838100558E+01
   30   0.5858010374423642E+01
   31   0.5485057866476608E+01
   32   0.7966966295174243E+01
   33   0.5185586563763679E+01
   34   0.5581604661074013E+01
   35   0.4213765567508799E+01
   36   0.4931686014178932E+01
   37   0.5839404205154429E+01
   38   0.4840153019063499E+01
   39   0.4357201175415244E+01
   40   0.6453559468105651E+01
   41   0.3895706507821406E+01
   42   0.3954681357304688E+01
   43   0.3883902799815579E+01
   44   0.3386122214736595E+01
   45   0.2865299016668378E+01
   46   0.3251306702393807E+01
   47   0.4139601147871197E+01
   48   0.2480150877172683E+01
   49   0.3523949857185618E+01
   50   0.3480387422785851E+01
   51   0.2446201865205697E+01
   52   0.2839500101465112E+01
   53   0.2088591456789330E+01
   54   0.2141219622826672E+01
   55   0.2472510251542837E+01
   56   0.2928455326265144E+01
   57   0.2677003091514362E+01
   58   0.2568840826171238E+01
   59   0.1939191409316968E+01
   60   0.2256039386896886E+01
   61   0.2119387383871565E+01
   62   0.2472640584214035E+01
   63   0.2135117548774680E+01
   64   0.2043801869773844E+01
   65   0.1789827831846669E+01
   66   0.1629552121247176E+01
   67   0.1880777232020608E+01
   68   0.1832835860580893E+01
   69   0.2033275591423608E+01
   70   0.1719019543440217E+01
   71   0.1591262697529001E+01
   72   0.1522871074052407E+01
   73   0.2058645304127368E+01
   74   0.1843607743205646E+01
   75   0.1393289723796315E+01
   76   0.1358135653033402E+01
   77   0.1585167234593411E+01
   78   0.1408599378038419E+01
   79   0.1034736261335440E+01
   80   0.1417606299728573E+01
   81   0.1405843804112253E+01
   82   0.1598058666825652E+01
   83   0.1194211950276775E+01
   84   0.1101125498956793E+01
   85   0.1217904154673769E+01
   86   0.1317954959534721E+01
   87   0.1301381853541511E+01
   88   0.1021175842032501E+01
   89   0.1176074900802367E+01
   90   0.1152060858045702E+01
   91   0.1208289898390663E+01
   92   0.1093400081104500E+01
   93   0.1097752904973081E+01
   94   0.9725780934339125E+00
   95   0.8360717456853579E+00
   96   0.8947925725777939E+00
   97   0.1005872482746466E+01
   98   0.7132141674669399E+00
   99   0.9668091811834423E+00
  100   0.9379222649119137E+00
  101   0.8964488931548109E+00
  102   0.9509821038833723E+00
  103   0.8335929734464445E+00
  104   0.9539573218606257E+00
  105   0.6772526330385471E+00
  106   0.8508758324331285E+00
  107   0.7559339700772088E+00
  108   0.9278708308025854E+00
  109   0.7373875865071802E+00
  110   0.8086671992688930E+00
  111   0.6972049462556575E+00
  112   0.6565434306831559E+00
  113   0.6040476413924234E+00
  114   0.5129157522260215E+00
  115   0.7038166576098877E+00
  116   0.7330549551597003E+00
  117   0.8145670231430049E+00
  118   0.6166333663614405E+00
  119   0.6125476502323592E+00
  120   0.5551781681065443E+00
  121   0.7457026446867134E+00
  122   0.5657377837963210E+00
  123   0.6057540261949740E+00
  124   0.4913601129334466E+00
  125   0.5249461389835264E+00
  126   0.5608412857548034E+00
  127   0.5497015353192316E+00
  128   0.4969909288290663E+00
  129   0.4743287002545190E+00
  130   0.5051067442073668E+00
  131   0.4311885958860450E+00
  132   0.4542458422284775E+00
  133   0.4795071415806027E+00
  134   0.4100559021390843E+00
  135   0.4340539649344293E+00
  136   0.4699290867226535E+00
  137   0.4255809947039129E+00
  138   0.4126574517127759E+00
  139   0.4076224116982782E+00
  140   0.4047990956254109E+00
  141   0.3831938194667142E+00
  142   0.3919495677863918E+00
  143   0.3919275175388571E+00
  144   0.3291674956188597E+00
  145   0.3849924195307760E+00
  146   0.3244164904881258E+00
  147   0.3242012847819274E+00
  148   0.2990892261819185E+00
  149   0.2978128545763639E+00
  150   0.3425703488480740E+00
  151   0.2772265434518211E+00
  152   0.2991954256161082E+00
  153   0.3241450957042944E+00
  154   0.2354031009606381E+00
  155   0.2717273586921780E+00
  156   0.2649422602816720E+00
  157   0.2478427588099806E+00
  158   0.2737020637127910E+00
  159   0.2491425248764528E+00
  160   0.2538096167559210E+00
  161   0.2330146225199553E+00
  162   0.2048280571122288E+00
  163   0.2278174688574530E+00
  164   0.2328454165879691E+00
  165   0.2067140966836315E+00
  166   0.2019260926260240E+00
  167   0.1955010052147667E+00
  168   0.2060221559277425E+00
  169   0.1828227933733200E+00
  170   0.1784059916047236E+00
  171   0.1643532207057473E+00
  172   0.2074658600517364E+00
  173   0.1847411594141728E+00
  174   0.1647082210588384E+00
  175   0.1599255730911699E+00
  176   0.1565857879800020E+00
  177   0.1430999448644171E+00
  178   0.1443979826586339E+00
  179   0.1721891652196303E+00
  180   0.1372166331926143E+00
  181   0.1215822938251002E+00
  182   0.1205238931087720E+00
  183   0.1309262187714706E+00
  184   0.1184847915603880E+00
  185   0.1331942416942145E+00
  186   0.1273363479819126E+00
  187   0.1046986031834923E+00
  188   0.1122459796877874E+00
  189   0.1146196388801596E+00
  190   0.1037901513925167E+00
  191   0.1035244114386188E+00
  192   0.1084585424173948E+00
  193   0.9698927811245472E-01
  194   0.9343192067213990E-01
  195   0.7709473760078511E-01
  196   0.8753061528256623E-01
  197   0.8104995152414940E-01
  198   0.8523579460181308E-01
  199   0.8042242927971588E-01
  200   0.8087115914387022E-01
  201   0.7559208411417373E-01
  202   0.7162053661695733E-01
  203   0.7614949427744866E-01
  204   0.7025581111083823E-01
  205   0.6784777541900733E-01
  206   0.6052892537026955E-01
  207   0.5496379330191659E-01
  208   0.5753190021197241E-01
  209   0.5159055561639969E-01
  210   0.5586981134065094E-01
  211   0.5042177277849869E-01
  212   0.5466026003832036E-01
  213   0.4980811482180014E-01
  214   0.4633534784326820E-01
  215   0.5255497091297223E-01
  216   0.4571510117655697E-01
  217   0.4152292845069361E-01
  218   0.4288146778006163E-01
  219   0.4007703083771752E-01
  220   0.4116109104258892E-01
  221   0.3890665985446751E-01
  222   0.4110496350290238E-01
  223   0.3675341354837935E-01
  224   0.3248866226475644E-01
  225   0.3140449168154869E-01
  226   0.3396324549974983E-01
  227   0.3571537697204630E-01
  228   0.2812943047284733E-01
  229   0.2633908009670094E-01
  230   0.2639405151190632E-01
  231   0.2750541406864437E-01
  232   0.2501938042007412E-01
  233   0.2687302705127936E-01
  234   0.2156068423832014E-01
  235   0.2334029427584039E-01
  236   0.2501414498411858E-01
  237   0.2265210370876325E-01
  238   0.2172168204416713E-01
  239   0.2016008183218376E-01
  240   0.2048968016059161E-01
  241   0.1746758771182155E-01
  242   0.1745293054487729E-01
  243   0.1745559033723587E-01
  244   0.1524523827973445E-01
  245   0.1691748610895372E-01
  246   0.1519042292873840E-01
  247   0.1593475682439094E-01
  248   0.1482823478457840E-01
  249   0.1198456812933468E-01
  250   0.1330561591127888E-01
  251   0.1278170222774755E-01
  252   0.1286756028432867E-01
  253   0.1157822593097269E-01
  254   0.1105116370986625E-01
  255   0.1101242031642691E-01
  256   0.9891820122439277E-02
  257   0.8846773831451271E-02
  258   0.9800030682043048E-02
  259   0.8325342738704555E-02
  260   0.9762873117950432E-02
  261   0.8011794230429747E-02
  262   0.9175042205279094E-02
  263   0.8513888300025196E-02
  264   0.8194617572218843E-02
  265   0.6727272202502133E-02
  266   0.8226045805073356E-02
  267   0.6282267358636462E-02
  268   0.6290887641788978E-02
  269   0.5097100657426412E-02
  270   0.5547957485569910E-02
  271   0.5725290667853877E-02
  272   0.6048072306360397E-02
  273   0.5568377614439068E-02
  274   0.5310636910400457E-02
  275   0.4385425304422208E-02
  276   0.4183619191066745E-02
  277   0.5013878944942540E-02
  278   0.4646462508500426E-02
  279   0.4592457066336764E-02
  280   0.3785314308118348E-02
  281   0.3732657240304360E-02
  282   0.3768655981724545E-02
  283   0.4421239319851777E-02
  284   0.3382155454154767E-02
  285   0.3018877789245922E-02
  286   0.3003994092300177E-02
  287   0.2888991535688945E-02
  288   0.3044821850953450E-02
  289   0.2968944339300561E-02
  290   0.2902304808121980E-02
  291   0.2539165489532591E-02
  292   0.2633646590622762E-02
  293   0.2561151396770878E-02
  294   0.2495472122329867E-02
  295   0.2320116258042182E-02
  296   0.2393126572024118E-02
  297   0.2360596596910403E-02
  298   0.2048581146612827E-02
  299   0.1889682593154196E-02
  300   0.1890488480951913E-02
  301   0.1747390681219096E-02
  302   0.1914432045144299E-02
  303   0.1661593674752659E-02
  304   0.1780510233041377E-02
  305   0.1582383961307610E-02
  306   0.1660063060776040E-02
  307   0.1480117598595176E-02
  308   0.1535930684832154E-02
  309   0.1478250084663180E-02
  310   0.1808920966457073E-02
  311   0.1774813884414750E-02
  312   0.1539015408480282E-02
  313   0.1426735502221055E-02
  314   0.1482197134751229E-02
  315   0.1273978929430486E-02
  316   0.1262787007326072E-02
  317   0.1200935015563620E-02
  318   0.1320154579968646E-02
  319   0.1185941614310626E-02
  320   0.1184766954960115E-02
  321   0.1030629651568693E-02
  322   0.1259158593236553E-02
  323   0.1292894962981239E-02
  324   0.1143038954649456E-02
  325   0.1091786028366459E-02
  326   0.9673961571647904E-03
  327   0.1201761836240156E-02
  328   0.1113913820827428E-02
  329   0.9495323909001763E-03
  330   0.1027685303283454E-02
  331   0.1000719877993189E-02
  332   0.8656199459118330E-03
  333   0.8857219617385004E-03
  334   0.1036688748382586E-02
  335   0.9052007598743528E-03
  336   0.9758606588176066E-03
  337   0.7846564125165989E-03
  338   0.1104294616817075E-02
  339   0.1160948207341667E-02
  340   0.8975585643501982E-03
  341   0.8402534951108542E-03
  342   0.8842082707765930E-03
  343   0.9682156832685196E-03
  344   0.8356187343070698E-03
  345   0.8104829865025476E-03
  346   0.9730221740221756E-03
  347   0.9184904861769538E-03
  348   0.9076269861351682E-03
  349   0.9621200839350919E-03
  350   0.9764992891193591E-03
  351   0.7703296698472473E-03
  352   0.8900368029821637E-03
  353   0.8267807435892449E-03
  354   0.1061507905171649E-02
  355   0.8644463042483119E-03
  356   0.9845188986667419E-03
  357   0.9460196380208369E-03
  358   0.9128288926235351E-03
  359   0.9161793048488437E-03
  360   0.8460553396125725E-03
  361   0.8097763529931190E-03
  362   0.8470230018599728E-03
  363   0.9662364837223492E-03
  364   0.8207526678399163E-03
  365   0.8540051896615969E-03
  366   0.8721423248041205E-03
  367   0.8631676879389955E-03
  368   0.9368859057271028E-03
  369   0.7834625567343934E-03
  370   0.9245521425364084E-03
  371   0.8007913736762587E-03
  372   0.9919844859181959E-03
  373   0.8714030147835075E-03
  374   0.1033814557439394E-02
  375   0.9308286072435071E-03
  376   0.1069975987745587E-02
  377   0.1029887739503296E-02
  378   0.1047205522225869E-02
  379   0.1001636752656271E-02
  380   0.1074218473110910E-02
  381   0.1155333563994807E-02
  382   0.1132274939724141E-02
  383   0.1169926080972048E-02
