# nlmax, ncor, nside =         383           1         128
    0  -0.1918653204921918E-06
    1  -0.1469376714698407E-06
    2   0.1190981219535077E-03
    3   0.4734809280465587E-03
    4   0.2378192614101154E-03
    5   0.2881162589854641E-03
    6   0.9847241333915671E-04
    7   0.1180786231079067E-03
    8   0.5830922673629631E-04
    9   0.4384651569264148E-04
   10   0.5513636414807291E-04
   11   0.4589155395891768E-04
   12   0.3303783293901782E-04
   13   0.2452895048327571E-04
   14   0.2470180122994057E-04
   15   0.2116675903524358E-04
   16   0.1681618706853820E-04
   17   0.1922771443237837E-04
   18   0.1178295832846996E-04
   19   0.1493865066365798E-04
   20   0.1117535455629186E-04
   21   0.8943847184580735E-05
   22   0.7325624954152747E-05
   23   0.8533943660031627E-05
   24   0.8200930176183111E-05
   25   0.7917309446591095E-05
   26   0.8356675570349146E-05
   27   0.6688489223235696E-05
   28   0.9494663864592268E-05
   29   0.7258733977576738E-05
   30   0.6341744992440360E-05
   31   0.5580139182055893E-05
   32   0.8383521959794177E-05
   33   0.5301091527831822E-05
   34   0.5512748572853095E-05
   35   0.4095823432171872E-05
   36   0.5284219802607449E-05
   37   0.5752210662812979E-05
   38   0.5026025042112722E-05
   39   0.4369198006111762E-05
   40   0.6679683380195767E-05
   41   0.3889508353924776E-05
   42   0.4018826487015829E-05
   43   0.3900449147118257E-05
   44   0.3131978607555024E-05
   45   0.2807249277540873E-05
   46   0.3169283087414906E-05
   47   0.4265390954481696E-05
   48   0.2469433380336108E-05
   49   0.3555361746235725E-05
   50   0.3655387144714916E-05
   51   0.2490639986130145E-05
   52   0.2899112946855943E-05
   53   0.2181793395437825E-05
   54   0.2164264294059894E-05
   55   0.2420435818231730E-05
   56   0.3064886591140992E-05
   57   0.2789659219994202E-05
   58   0.2667893491286875E-05
   59   0.2071919668202348E-05
   60   0.2251991316323141E-05
   61   0.2100012617078833E-05
   62   0.2499802757622652E-05
   63   0.2207309996436155E-05
   64   0.1991341993163231E-05
   65   0.1834817622700194E-05
   66   0.1693583997881007E-05
   67   0.1838614000014833E-05
   68   0.1908920895862089E-05
   69   0.2067761898343247E-05
   70   0.1763221934765513E-05
   71   0.1595839305312173E-05
   72   0.1555879393469994E-05
   73   0.2179203443178382E-05
   74   0.1869309413075953E-05
   75   0.1484695304056364E-05
   76   0.1391689922798621E-05
   77   0.1637224829401369E-05
   78   0.1439324891670992E-05
   79   0.1031819077233906E-05
   80   0.1425648325045103E-05
   81   0.1408668547978765E-05
   82   0.1646543497928914E-05
   83   0.1247199007047579E-05
   84   0.1121396678988598E-05
   85   0.1221143318976906E-05
   86   0.1311034526125265E-05
   87   0.1336836778560887E-05
   88   0.1054466501428758E-05
   89   0.1155842301719812E-05
   90   0.1194425856882622E-05
   91   0.1212770105808019E-05
   92   0.1173651229263794E-05
   93   0.1115563244731942E-05
   94   0.9966804215483058E-06
   95   0.8407198959961875E-06
   96   0.9298532349237843E-06
   97   0.1050869525038571E-05
   98   0.7416342150576604E-06
   99   0.9864052124724079E-06
  100   0.9294942348031444E-06
  101   0.8856997480261780E-06
  102   0.9656554328959748E-06
  103   0.8569899167843011E-06
  104   0.9965899334175061E-06
  105   0.6952775006756028E-06
  106   0.8568049311616556E-06
  107   0.7951508585706445E-06
  108   0.9681593240778573E-06
  109   0.7644907409511188E-06
  110   0.8264029121683366E-06
  111   0.7069436209419127E-06
  112   0.6913622059558071E-06
  113   0.5946377658005182E-06
  114   0.5631961645786726E-06
  115   0.7398317770500078E-06
  116   0.7447255563999814E-06
  117   0.8310512744311011E-06
  118   0.6385020063481945E-06
  119   0.6210439552812416E-06
  120   0.5628383422529919E-06
  121   0.7791065722820765E-06
  122   0.5601339685033196E-06
  123   0.6216963507225082E-06
  124   0.5140947396701917E-06
  125   0.5562075027983339E-06
  126   0.5651197984945556E-06
  127   0.5567502593267096E-06
  128   0.5234951980599430E-06
  129   0.4651094546239357E-06
  130   0.5341305362016199E-06
  131   0.4557595925881603E-06
  132   0.4776903980874770E-06
  133   0.4791154032358570E-06
  134   0.4252212429820852E-06
  135   0.4526344512624614E-06
  136   0.4936500977718207E-06
  137   0.4371837445066370E-06
  138   0.4030668278450620E-06
  139   0.4059853424517514E-06
  140   0.4093262222258235E-06
  141   0.3857311128145599E-06
  142   0.3963547506013187E-06
  143   0.3959741099050749E-06
  144   0.3376557934238965E-06
  145   0.4031380826071745E-06
  146   0.3421631915357097E-06
  147   0.3415183059037431E-06
  148   0.3054122502191136E-06
  149   0.3123649913125959E-06
  150   0.3512186230535920E-06
  151   0.2996503895100849E-06
  152   0.2994775736390729E-06
  153   0.3365344159462336E-06
  154   0.2479565124453759E-06
  155   0.2684671821840701E-06
  156   0.2670729187287370E-06
  157   0.2537527168442510E-06
  158   0.2877303612586594E-06
  159   0.2692256472809279E-06
  160   0.2558304864479844E-06
  161   0.2410387225534379E-06
  162   0.2160252069610767E-06
  163   0.2246940721029356E-06
  164   0.2442502594346993E-06
  165   0.2034064243339425E-06
  166   0.2066365931457712E-06
  167   0.2104447701246201E-06
  168   0.2071914649819698E-06
  169   0.1883150864308085E-06
  170   0.1824718311299184E-06
  171   0.1751763270326066E-06
  172   0.2106900899082009E-06
  173   0.1946751853943831E-06
  174   0.1706127760178408E-06
  175   0.1655925908925038E-06
  176   0.1618577284310499E-06
  177   0.1494326444849273E-06
  178   0.1502146149405620E-06
  179   0.1744391236558657E-06
  180   0.1380396552467007E-06
  181   0.1277373564520646E-06
  182   0.1251631594264736E-06
  183   0.1365758044656378E-06
  184   0.1200148611374847E-06
  185   0.1358696221670714E-06
  186   0.1297954330809175E-06
  187   0.1091126774300374E-06
  188   0.1185068356209571E-06
  189   0.1155593853102054E-06
  190   0.1082994141378351E-06
  191   0.1085538594975243E-06
  192   0.1113220847655440E-06
  193   0.1048700525337998E-06
  194   0.9221244028781720E-07
  195   0.8035995824943227E-07
  196   0.8907887410877517E-07
  197   0.8465853318018883E-07
  198   0.8823140282351534E-07
  199   0.8257591033657746E-07
  200   0.8514519022549008E-07
  201   0.7850473357341842E-07
  202   0.7636502825311823E-07
  203   0.8082611259030689E-07
  204   0.7300090989227265E-07
  205   0.7032043064302187E-07
  206   0.6401747823786742E-07
  207   0.5897613513730099E-07
  208   0.6022994674339928E-07
  209   0.4982490318500571E-07
  210   0.5952154394100059E-07
  211   0.5313062850682100E-07
  212   0.5622780400332635E-07
  213   0.4970181230863724E-07
  214   0.4942728783764718E-07
  215   0.5431140795829235E-07
  216   0.4727127210317743E-07
  217   0.4272370927731823E-07
  218   0.4506506075597616E-07
  219   0.4127898625877908E-07
  220   0.4224847410611795E-07
  221   0.4119922140669742E-07
  222   0.4076457472719920E-07
  223   0.3602080456051593E-07
  224   0.3311051967567775E-07
  225   0.3349796188940248E-07
  226   0.3338753835957488E-07
  227   0.3543458935569139E-07
  228   0.3166766397914548E-07
  229   0.2625463319106568E-07
  230   0.2626478925777895E-07
  231   0.2787517016272870E-07
  232   0.2663038226201903E-07
  233   0.2758405337181392E-07
  234   0.2290095139622198E-07
  235   0.2310153063101327E-07
  236   0.2587371298550703E-07
  237   0.2276417777579524E-07
  238   0.2024723295137158E-07
  239   0.2125846272531675E-07
  240   0.2078125464106434E-07
  241   0.1834834434233665E-07
  242   0.1774362989856392E-07
  243   0.1728446514442198E-07
  244   0.1587831172890702E-07
  245   0.1785509473518904E-07
  246   0.1462484357255579E-07
  247   0.1559265915351388E-07
  248   0.1478061506068370E-07
  249   0.1225754940737460E-07
  250   0.1402669097941291E-07
  251   0.1292401272125648E-07
  252   0.1334758338575529E-07
  253   0.1223702237663988E-07
  254   0.1213128248982055E-07
  255   0.1124232202174238E-07
  256   0.1084510449646231E-07
  257   0.9691536752563776E-08
  258   0.1045467672741788E-07
  259   0.8577736519580949E-08
  260   0.1035819052973525E-07
  261   0.8500166539588757E-08
  262   0.8959648128905063E-08
  263   0.8219838855468705E-08
  264   0.8532687044269638E-08
  265   0.6182759592314122E-08
  266   0.7173195995179195E-08
  267   0.6380592442193615E-08
  268   0.6195871242515479E-08
  269   0.5939421155228928E-08
  270   0.5354076013488623E-08
  271   0.6355596603874376E-08
  272   0.6368105999525855E-08
  273   0.5551255576670188E-08
  274   0.5495069243670093E-08
  275   0.4552956066075399E-08
  276   0.4078328358584560E-08
  277   0.5029378233657433E-08
  278   0.4301433823047107E-08
  279   0.4862316277231702E-08
  280   0.3940503375280957E-08
  281   0.4076999376212635E-08
  282   0.3659379934333660E-08
  283   0.4152708040525203E-08
  284   0.3424414896351902E-08
  285   0.3051813914367914E-08
  286   0.3366605007175245E-08
  287   0.2916705820770520E-08
  288   0.2840556784356476E-08
  289   0.3263671187835717E-08
  290   0.2790216573316874E-08
  291   0.2309573991570608E-08
  292   0.2167815660723009E-08
  293   0.2338872648413347E-08
  294   0.2214568733620865E-08
  295   0.2330310111220887E-08
  296   0.2295339571948615E-08
  297   0.2352239162263389E-08
  298   0.1871634554796099E-08
  299   0.2038344726900764E-08
  300   0.2117747765643829E-08
  301   0.1899637332243635E-08
  302   0.1935130331708365E-08
  303   0.1677642908294150E-08
  304   0.1837362842535502E-08
  305   0.1657923923492030E-08
  306   0.1512883318153457E-08
  307   0.1365896977592072E-08
  308   0.1547221765124638E-08
  309   0.1647715158786849E-08
  310   0.1526230416859348E-08
  311   0.1620998122610829E-08
  312   0.1147244889915038E-08
  313   0.1245370603862998E-08
  314   0.1078759129668520E-08
  315   0.1299992661945200E-08
  316   0.1079716810476894E-08
  317   0.1207110520144557E-08
  318   0.1064636192175649E-08
  319   0.9602510546331889E-09
  320   0.1082503328699110E-08
  321   0.1088262452458809E-08
  322   0.9809209306344125E-09
  323   0.1011051144829433E-08
  324   0.9953142759888684E-09
  325   0.9799028147330015E-09
  326   0.9396762609301899E-09
  327   0.9169863556623150E-09
  328   0.9457983094935792E-09
  329   0.8967664431327338E-09
  330   0.8872997008266425E-09
  331   0.9103496680848178E-09
  332   0.8857224712234036E-09
  333   0.7671466195480314E-09
  334   0.9406927735190928E-09
  335   0.7947831623713804E-09
  336   0.8890855539194122E-09
  337   0.7262787584115481E-09
  338   0.8534248280662291E-09
  339   0.7846971148435620E-09
  340   0.7508195402694137E-09
  341   0.6756789559631533E-09
  342   0.6503392491375970E-09
  343   0.6867692381897351E-09
  344   0.7464701076213426E-09
  345   0.6570734005175743E-09
  346   0.7349144621559647E-09
  347   0.6830762561668686E-09
  348   0.6981151002924772E-09
  349   0.7069496370455201E-09
  350   0.6883920767255730E-09
  351   0.6341074738271290E-09
  352   0.7467541036468501E-09
  353   0.6140966582196275E-09
  354   0.6513555886287262E-09
  355   0.5774638425098487E-09
  356   0.6928721314948544E-09
  357   0.5640551228894643E-09
  358   0.6552951798933202E-09
  359   0.7006116005917214E-09
  360   0.6811083398092360E-09
  361   0.6499589619728853E-09
  362   0.6962167497357659E-09
  363   0.7014883795125272E-09
  364   0.6641878347398673E-09
  365   0.6357319010980777E-09
  366   0.6660754916830861E-09
  367   0.6958584330834422E-09
  368   0.6396662100740480E-09
  369   0.6495436507008273E-09
  370   0.6527151044305707E-09
  371   0.6765451318087927E-09
  372   0.6978718944373373E-09
  373   0.7083339073824953E-09
  374   0.6993692473083423E-09
  375   0.7353232032660036E-09
  376   0.7020857024942981E-09
  377   0.8116655921717217E-09
  378   0.7389715487546011E-09
  379   0.7627331666688723E-09
  380   0.8097076288735182E-09
  381   0.9493167256947734E-09
  382   0.8769894687098917E-09
  383   0.9075355649628136E-09
