# nlmax, ncor, nside =         383           1         128
    0   0.2651108403608401E-04
    1   0.1102601575328300E-04
    2   0.1780090233505567E-03
    3   0.5060353387943412E-03
    4   0.2151915864531840E-03
    5   0.2930836328052813E-03
    6   0.1030955253212645E-03
    7   0.1172154021211416E-03
    8   0.5562479504510917E-04
    9   0.3971436897942490E-04
   10   0.5244269501342941E-04
   11   0.4254967792475307E-04
   12   0.3155823380763691E-04
   13   0.2408020251562450E-04
   14   0.2263475558738141E-04
   15   0.2130879799091649E-04
   16   0.1565182378335591E-04
   17   0.1754726714907166E-04
   18   0.1164524750699480E-04
   19   0.1517040809307743E-04
   20   0.1062307558061909E-04
   21   0.8774288541360899E-05
   22   0.7241304459191878E-05
   23   0.8695115929306382E-05
   24   0.8646603247226447E-05
   25   0.7811078352787458E-05
   26   0.8334892956964326E-05
   27   0.6664090483335275E-05
   28   0.9443594463143036E-05
   29   0.7658338899954329E-05
   30   0.5602091653097097E-05
   31   0.5692902879745094E-05
   32   0.8066019173303811E-05
   33   0.5180802851051637E-05
   34   0.5878347250326673E-05
   35   0.4244407047819636E-05
   36   0.5221706135909726E-05
   37   0.6018729414690203E-05
   38   0.4866595750021909E-05
   39   0.4404123627674900E-05
   40   0.6775596657439038E-05
   41   0.4231033526380589E-05
   42   0.4079896713473370E-05
   43   0.3858087628493949E-05
   44   0.3361543008977555E-05
   45   0.2889572928732334E-05
   46   0.3316300345956055E-05
   47   0.4178563294923967E-05
   48   0.2505002678738023E-05
   49   0.3625595105426506E-05
   50   0.3610370063126990E-05
   51   0.2641398767013132E-05
   52   0.2795533847286799E-05
   53   0.2176212169590940E-05
   54   0.2196283590370044E-05
   55   0.2524131219434266E-05
   56   0.3204348230775433E-05
   57   0.2681132884195829E-05
   58   0.2629339074813262E-05
   59   0.1956320912152420E-05
   60   0.2215993355269299E-05
   61   0.2142765883468667E-05
   62   0.2462621256820255E-05
   63   0.2213092077371372E-05
   64   0.2002361791775619E-05
   65   0.1863847434356884E-05
   66   0.1711189350143770E-05
   67   0.1862145570297316E-05
   68   0.1910111849606332E-05
   69   0.2090068094131832E-05
   70   0.1862739979540219E-05
   71   0.1613902992258267E-05
   72   0.1657890417952732E-05
   73   0.2056174182572744E-05
   74   0.1828980361173698E-05
   75   0.1477341482748896E-05
   76   0.1415514303709406E-05
   77   0.1661889749682101E-05
   78   0.1473940265946865E-05
   79   0.1106112122212886E-05
   80   0.1446697284410688E-05
   81   0.1440414149301017E-05
   82   0.1663808692656070E-05
   83   0.1278931377807113E-05
   84   0.1100720785046367E-05
   85   0.1242688909884362E-05
   86   0.1346813096585207E-05
   87   0.1269498344911428E-05
   88   0.1099113333688016E-05
   89   0.1170518115280323E-05
   90   0.1224203583300499E-05
   91   0.1203650128669610E-05
   92   0.1131016631092076E-05
   93   0.1110565983109148E-05
   94   0.9932566012172984E-06
   95   0.8635107742968465E-06
   96   0.9118222962953733E-06
   97   0.1049479622596642E-05
   98   0.7585378560136047E-06
   99   0.1009349460819449E-05
  100   0.9088496171974751E-06
  101   0.9056971421457378E-06
  102   0.9766480968151007E-06
  103   0.8460185574534562E-06
  104   0.9668173318631459E-06
  105   0.7421225135346045E-06
  106   0.8668836173822448E-06
  107   0.7855037171813413E-06
  108   0.9947028985019521E-06
  109   0.7819624361728268E-06
  110   0.8036941332922023E-06
  111   0.7581112820638271E-06
  112   0.6773274053548474E-06
  113   0.6597171024304674E-06
  114   0.5144449876935781E-06
  115   0.7132273490273325E-06
  116   0.7673177362610413E-06
  117   0.8154850984924111E-06
  118   0.6250218866529067E-06
  119   0.6261746501373765E-06
  120   0.5735909674621405E-06
  121   0.7325624539452797E-06
  122   0.5979404347835105E-06
  123   0.6383721583619226E-06
  124   0.5207770780600849E-06
  125   0.5455698903567691E-06
  126   0.5763804739325124E-06
  127   0.5266756566386826E-06
  128   0.5011149299138521E-06
  129   0.4766990938764535E-06
  130   0.5347637245139106E-06
  131   0.4417888994312049E-06
  132   0.4500674663501465E-06
  133   0.5032637453340592E-06
  134   0.4423401722911150E-06
  135   0.4540499646557430E-06
  136   0.4830095733568652E-06
  137   0.4522219504745545E-06
  138   0.4313895170370169E-06
  139   0.4165238949238552E-06
  140   0.4131080174198090E-06
  141   0.3862772156216909E-06
  142   0.4108139531506284E-06
  143   0.3988382881826498E-06
  144   0.3415294359011285E-06
  145   0.3944158045686459E-06
  146   0.3409087520349910E-06
  147   0.3477258520752167E-06
  148   0.3174674658592289E-06
  149   0.3262191660671877E-06
  150   0.3672692712906477E-06
  151   0.2983382838163889E-06
  152   0.3016705861795281E-06
  153   0.3302221021871806E-06
  154   0.2572243235438696E-06
  155   0.2731183528335333E-06
  156   0.2777020940102496E-06
  157   0.2520253330791600E-06
  158   0.2921684638464454E-06
  159   0.2553500965449634E-06
  160   0.2704673701932797E-06
  161   0.2472148639740607E-06
  162   0.2216752241053477E-06
  163   0.2423405693695682E-06
  164   0.2467830700714243E-06
  165   0.2116662545465948E-06
  166   0.2075769563061995E-06
  167   0.2082604784797597E-06
  168   0.2351888850016291E-06
  169   0.1917533277896389E-06
  170   0.1874904018533664E-06
  171   0.1726846168918342E-06
  172   0.2141860212190483E-06
  173   0.1872387559455127E-06
  174   0.1725310348354605E-06
  175   0.1748835494944190E-06
  176   0.1624713694739145E-06
  177   0.1459844476953522E-06
  178   0.1508413587257637E-06
  179   0.1775507240592946E-06
  180   0.1413469479120131E-06
  181   0.1246813603714368E-06
  182   0.1322235777946741E-06
  183   0.1421275889244415E-06
  184   0.1245515356662255E-06
  185   0.1455717174627403E-06
  186   0.1325966177917954E-06
  187   0.1114741023502547E-06
  188   0.1196978290242872E-06
  189   0.1228650878923003E-06
  190   0.1104001642807599E-06
  191   0.1174507910579044E-06
  192   0.1089802115080971E-06
  193   0.1047396951746171E-06
  194   0.1011199425642752E-06
  195   0.8102459672340664E-07
  196   0.9667001979311442E-07
  197   0.8502063298875811E-07
  198   0.9112191115547529E-07
  199   0.8332053248193573E-07
  200   0.8512110703696207E-07
  201   0.7754354715958933E-07
  202   0.7773210932082741E-07
  203   0.8632947363918325E-07
  204   0.7549610570666846E-07
  205   0.7244333135993737E-07
  206   0.6895441377326534E-07
  207   0.5947794441203022E-07
  208   0.6294315859078404E-07
  209   0.5517985829681549E-07
  210   0.5824670475116282E-07
  211   0.5038839379648976E-07
  212   0.5759482972211683E-07
  213   0.5105872471381971E-07
  214   0.4802533606634462E-07
  215   0.5235298151216382E-07
  216   0.4961650374282461E-07
  217   0.4133009426150834E-07
  218   0.4838619793704554E-07
  219   0.4167242583081439E-07
  220   0.4446994710551520E-07
  221   0.4290534327962758E-07
  222   0.4269895049781409E-07
  223   0.3715795864797879E-07
  224   0.3400157847529512E-07
  225   0.3313460921009162E-07
  226   0.3404541002273887E-07
  227   0.3556128056011344E-07
  228   0.3106815294492951E-07
  229   0.2649054482982100E-07
  230   0.2866762952829741E-07
  231   0.2902105921522522E-07
  232   0.2723534674620425E-07
  233   0.2676232793984584E-07
  234   0.2531422888902705E-07
  235   0.2487306606831826E-07
  236   0.2576866113598332E-07
  237   0.2270927018897637E-07
  238   0.2135136220564056E-07
  239   0.2161945026268587E-07
  240   0.2084909479659238E-07
  241   0.1971250847578080E-07
  242   0.1903593180147219E-07
  243   0.1834041965841225E-07
  244   0.1631094927515181E-07
  245   0.1940323794523440E-07
  246   0.1580801504222283E-07
  247   0.1705430808565728E-07
  248   0.1502310993908198E-07
  249   0.1287937774070237E-07
  250   0.1487333049071519E-07
  251   0.1312569144284132E-07
  252   0.1385195999185246E-07
  253   0.1171502570102706E-07
  254   0.1071442146385386E-07
  255   0.1121739481844175E-07
  256   0.1081830948556978E-07
  257   0.9657326791519581E-08
  258   0.9798912863119543E-08
  259   0.9646278739017610E-08
  260   0.9982079427686875E-08
  261   0.9474213241986703E-08
  262   0.9227847414302167E-08
  263   0.9024088251377576E-08
  264   0.7765152755455852E-08
  265   0.7281436332152405E-08
  266   0.8111397608169041E-08
  267   0.7347102235270216E-08
  268   0.6226623548883646E-08
  269   0.6470474089141998E-08
  270   0.5396764557736630E-08
  271   0.6768222411405282E-08
  272   0.6314201543441500E-08
  273   0.5398278934455121E-08
  274   0.5570546151888271E-08
  275   0.4722629894489520E-08
  276   0.4461819657972052E-08
  277   0.4917980003377761E-08
  278   0.4452536261886929E-08
  279   0.4528176472268481E-08
  280   0.3968068570127906E-08
  281   0.4090989707977867E-08
  282   0.3816733318592648E-08
  283   0.3937418700008556E-08
  284   0.3493338865211524E-08
  285   0.2944447809525469E-08
  286   0.3308087754468514E-08
  287   0.3253341219263469E-08
  288   0.2773612844123064E-08
  289   0.2951314020492185E-08
  290   0.2881167134133433E-08
  291   0.2391060138422628E-08
  292   0.2489457983540069E-08
  293   0.2437878289288639E-08
  294   0.2357936768408857E-08
  295   0.2310478861294229E-08
  296   0.2252515434872947E-08
  297   0.2137911067065006E-08
  298   0.1844496474224631E-08
  299   0.1905511410460390E-08
  300   0.2061647162923556E-08
  301   0.1776357644066506E-08
  302   0.1734059315492071E-08
  303   0.1464233374637781E-08
  304   0.1656091855334193E-08
  305   0.1518322782932054E-08
  306   0.1476187870252531E-08
  307   0.1276691721835097E-08
  308   0.1503615195621768E-08
  309   0.1345459124992221E-08
  310   0.1386054191809187E-08
  311   0.1217408633995685E-08
  312   0.1234347443249481E-08
  313   0.1044150433354995E-08
  314   0.9866061164703577E-09
  315   0.1095595884634776E-08
  316   0.9630192035942425E-09
  317   0.8966019170747934E-09
  318   0.9249666390982808E-09
  319   0.9316472227244006E-09
  320   0.9175369420424757E-09
  321   0.7796677612783037E-09
  322   0.8458030038045796E-09
  323   0.7695383701118748E-09
  324   0.8203838175807406E-09
  325   0.8120994015700282E-09
  326   0.6733620464166701E-09
  327   0.7381589706372716E-09
  328   0.7076694528843807E-09
  329   0.6657873272771980E-09
  330   0.6234724934668251E-09
  331   0.6317200340042059E-09
  332   0.6463083630996517E-09
  333   0.6011401943183724E-09
  334   0.6023767568887507E-09
  335   0.5687475280348495E-09
  336   0.5947322704205145E-09
  337   0.5130079501400692E-09
  338   0.5636508994775929E-09
  339   0.4729346415114723E-09
  340   0.5964675761295244E-09
  341   0.4439150021275426E-09
  342   0.5016354899454708E-09
  343   0.5275394148080761E-09
  344   0.5114246886870637E-09
  345   0.4806775926427918E-09
  346   0.4764578877788709E-09
  347   0.4792383366795298E-09
  348   0.4678789306851950E-09
  349   0.4893989035347070E-09
  350   0.4370781577232905E-09
  351   0.4401285039181628E-09
  352   0.4270077036671316E-09
  353   0.4113674521207549E-09
  354   0.4075031229232331E-09
  355   0.4230808958133035E-09
  356   0.4128573998781864E-09
  357   0.4072465341152860E-09
  358   0.4006697589138743E-09
  359   0.3911920436706386E-09
  360   0.3892974541440274E-09
  361   0.4242462064687937E-09
  362   0.3995378787648967E-09
  363   0.4066061221105471E-09
  364   0.3889700314522697E-09
  365   0.3997318741285273E-09
  366   0.3854733386780769E-09
  367   0.3860110607490507E-09
  368   0.3656132484184256E-09
  369   0.3798820121241192E-09
  370   0.3718020171022320E-09
  371   0.3993674274563501E-09
  372   0.3896574162013525E-09
  373   0.3654357899094616E-09
  374   0.4007640914722550E-09
  375   0.3951996877414790E-09
  376   0.4069731305760128E-09
  377   0.3714769694564442E-09
  378   0.3787877471802590E-09
  379   0.3598325805751934E-09
  380   0.3843969392598613E-09
  381   0.3632085327243019E-09
  382   0.3767000578268269E-09
  383   0.3659513716030624E-09
