# nlmax, ncor, nside =         383           1         128
    0  -0.3204548095880173E+02
    1  -0.2892564990903738E+02
    2   0.9753621798309045E+02
    3   0.2182529061147382E+03
    4   0.2401632540606019E+03
    5   0.2344550614890015E+03
    6   0.7493384438553736E+02
    7   0.7356813910270782E+02
    8   0.6073515106161683E+02
    9   0.7071094795160109E+02
   10   0.2682046379838093E+02
   11   0.5466780224407865E+02
   12   0.2079218455209918E+02
   13   0.1776128519768892E+02
   14   0.2605165340257428E+02
   15   0.2616474044454220E+02
   16   0.1989602557120392E+02
   17   0.2886783953921218E+02
   18   0.1355917916308353E+02
   19   0.1254433303989728E+02
   20   0.1042667120439262E+02
   21   0.7966724466659785E+01
   22   0.7827701718029046E+01
   23   0.7972283825851146E+01
   24   0.8325427135979121E+01
   25   0.5464191376580543E+01
   26   0.9005109861982950E+01
   27   0.8290317282727724E+01
   28   0.9046241006043992E+01
   29   0.8176818066366634E+01
   30   0.7323752049332388E+01
   31   0.5962194878086921E+01
   32   0.8392085080830100E+01
   33   0.5451968704434522E+01
   34   0.5340713975360354E+01
   35   0.4250677562997791E+01
   36   0.4576108788398083E+01
   37   0.5834912294778449E+01
   38   0.5621630654953798E+01
   39   0.4337198562233068E+01
   40   0.5806909496210427E+01
   41   0.4218716001205379E+01
   42   0.4900170451994326E+01
   43   0.3850560866122069E+01
   44   0.4131922450046815E+01
   45   0.2848350920311217E+01
   46   0.2648201593959087E+01
   47   0.4228442512120790E+01
   48   0.2189227777593018E+01
   49   0.3286888887687983E+01
   50   0.3937123335932341E+01
   51   0.2212373087995184E+01
   52   0.2859989685898781E+01
   53   0.2084910885969981E+01
   54   0.1934660368280775E+01
   55   0.2689439808283945E+01
   56   0.2881968830975070E+01
   57   0.2631908072233414E+01
   58   0.2694443862608350E+01
   59   0.2004043256302924E+01
   60   0.2217610134679337E+01
   61   0.1925558474215316E+01
   62   0.2581304688645464E+01
   63   0.1925115706397322E+01
   64   0.1486006375273807E+01
   65   0.1890276624227029E+01
   66   0.1852473022997211E+01
   67   0.1834689112067320E+01
   68   0.1689257503443981E+01
   69   0.2224553807507097E+01
   70   0.1469838261206274E+01
   71   0.1766229558368212E+01
   72   0.1316630218505830E+01
   73   0.2192065483100194E+01
   74   0.1752366018594429E+01
   75   0.1365877035929468E+01
   76   0.1357853489097454E+01
   77   0.1585462332010237E+01
   78   0.1198184633212323E+01
   79   0.1034875042240915E+01
   80   0.1507841616505400E+01
   81   0.1382304188238873E+01
   82   0.1717584986814580E+01
   83   0.1150453986018988E+01
   84   0.9526474523029569E+00
   85   0.1301421267925906E+01
   86   0.1362356789813383E+01
   87   0.1178487105913119E+01
   88   0.8787690905605974E+00
   89   0.1292192151086649E+01
   90   0.9822436644585095E+00
   91   0.1152527815458000E+01
   92   0.1070313449449738E+01
   93   0.1237273386935614E+01
   94   0.1013804067609090E+01
   95   0.8444300299482757E+00
   96   0.9137490901271705E+00
   97   0.9558580805954069E+00
   98   0.7146933851367188E+00
   99   0.1088772090089487E+01
  100   0.9698348503000467E+00
  101   0.9129132286112447E+00
  102   0.8510677659152472E+00
  103   0.7622512983162701E+00
  104   0.1016800826002036E+01
  105   0.6992772384803077E+00
  106   0.7651649211557929E+00
  107   0.8579205371738057E+00
  108   0.1015735972147471E+01
  109   0.7945552541622061E+00
  110   0.8483012446937037E+00
  111   0.6671549576512381E+00
  112   0.7813896522701251E+00
  113   0.5358951736990678E+00
  114   0.4662072640955370E+00
  115   0.6906587226273795E+00
  116   0.8260305496820655E+00
  117   0.7918696122970779E+00
  118   0.6866085062431789E+00
  119   0.5874833946463875E+00
  120   0.4099449817951543E+00
  121   0.7496581673254319E+00
  122   0.6116836158744491E+00
  123   0.6148078645276571E+00
  124   0.4282104717110128E+00
  125   0.5370376280525070E+00
  126   0.5142075776791242E+00
  127   0.5405464875030052E+00
  128   0.5558837587453412E+00
  129   0.4403106874794042E+00
  130   0.5375752711912410E+00
  131   0.3935344056915433E+00
  132   0.4053901096487785E+00
  133   0.4693973665014576E+00
  134   0.4015781350739527E+00
  135   0.5016613186295257E+00
  136   0.5496128890475230E+00
  137   0.4012399321361448E+00
  138   0.4137370901629710E+00
  139   0.4323155851093744E+00
  140   0.3934281668485631E+00
  141   0.4009363153812844E+00
  142   0.3716400562621895E+00
  143   0.3573180330002041E+00
  144   0.3437421479500072E+00
  145   0.4335056065382210E+00
  146   0.3239452930500860E+00
  147   0.3124480042429987E+00
  148   0.2947412521089552E+00
  149   0.2349020368393835E+00
  150   0.3232941425088988E+00
  151   0.2712969020167944E+00
  152   0.2794947169464183E+00
  153   0.3119215706335113E+00
  154   0.2203569387714289E+00
  155   0.2986367211525596E+00
  156   0.2753886829331748E+00
  157   0.2517131235815514E+00
  158   0.2983452107340497E+00
  159   0.2574258273476306E+00
  160   0.2633054868295414E+00
  161   0.2311270274197965E+00
  162   0.2001112536571711E+00
  163   0.2045193426771862E+00
  164   0.2227393047223543E+00
  165   0.2046764512437594E+00
  166   0.2255071087081528E+00
  167   0.2458250065359365E+00
  168   0.1950553334454392E+00
  169   0.1751848542563391E+00
  170   0.1731539035058649E+00
  171   0.1593675499116677E+00
  172   0.1714758156343377E+00
  173   0.1744833669024104E+00
  174   0.1475922222389782E+00
  175   0.1576117850931904E+00
  176   0.1544468137775976E+00
  177   0.1415729627834975E+00
  178   0.1267435810617871E+00
  179   0.1787885858741028E+00
  180   0.1424701099554719E+00
  181   0.1008842820744117E+00
  182   0.1033506190103433E+00
  183   0.1036097255225394E+00
  184   0.1256462173055076E+00
  185   0.1394050537397958E+00
  186   0.1252495803969244E+00
  187   0.9797047749753351E-01
  188   0.1245436171334494E+00
  189   0.1261289603984973E+00
  190   0.1089467719498037E+00
  191   0.1034851566821482E+00
  192   0.1126849022073320E+00
  193   0.1017895930608002E+00
  194   0.9314841191533330E-01
  195   0.7188535671145158E-01
  196   0.8095455560973508E-01
  197   0.7836304753391610E-01
  198   0.7786540801994435E-01
  199   0.6722796106934970E-01
  200   0.7299167564659836E-01
  201   0.6874589681892551E-01
  202   0.6753697731409314E-01
  203   0.6993449927777684E-01
  204   0.6693322194604412E-01
  205   0.6459359516879060E-01
  206   0.5405362912799605E-01
  207   0.5672472516927440E-01
  208   0.5367115819127788E-01
  209   0.4746883588099216E-01
  210   0.5362920064248167E-01
  211   0.4797242179906691E-01
  212   0.4856573013570842E-01
  213   0.5525232081002140E-01
  214   0.3982137522574758E-01
  215   0.4952765372607248E-01
  216   0.4725869123167326E-01
  217   0.3827372929030415E-01
  218   0.4420403647453763E-01
  219   0.4039501028295611E-01
  220   0.3993243426510962E-01
  221   0.4283113503557245E-01
  222   0.4061059722188309E-01
  223   0.3407123761555908E-01
  224   0.3249676644916422E-01
  225   0.2840136062453980E-01
  226   0.3467116311843033E-01
  227   0.3359038476666820E-01
  228   0.2413974749426684E-01
  229   0.2481197625858178E-01
  230   0.2575696285530416E-01
  231   0.3038625844838261E-01
  232   0.2779417035187426E-01
  233   0.2613554122537842E-01
  234   0.1875534506891552E-01
  235   0.2005625749765794E-01
  236   0.2176524862494689E-01
  237   0.1947472878625078E-01
  238   0.2096208471062111E-01
  239   0.1858045670258845E-01
  240   0.2169903328209333E-01
  241   0.2002674799443760E-01
  242   0.1550406271941618E-01
  243   0.1663296578489748E-01
  244   0.1240337885707610E-01
  245   0.1681038334101004E-01
  246   0.1525632372688757E-01
  247   0.1645844839347088E-01
  248   0.1429560387709627E-01
  249   0.1267071248262586E-01
  250   0.1020680973956922E-01
  251   0.1207527682621223E-01
  252   0.1297485478446447E-01
  253   0.1105726248785399E-01
  254   0.7151510417741203E-02
  255   0.9628778374114355E-02
  256   0.1036879982152550E-01
  257   0.9572257185562427E-02
  258   0.8820132591892405E-02
  259   0.7322404042327202E-02
  260   0.9491528520288450E-02
  261   0.6053014346277807E-02
  262   0.9658190045285564E-02
  263   0.8962134625983942E-02
  264   0.7726663504683651E-02
  265   0.6043010573294594E-02
  266   0.5801401506159487E-02
  267   0.5851213337032757E-02
  268   0.6424123116608838E-02
  269   0.5834170036990050E-02
  270   0.4974194520952602E-02
  271   0.5259127761991556E-02
  272   0.7214431351319328E-02
  273   0.4185282681367475E-02
  274   0.5494620284689333E-02
  275   0.4112228337360579E-02
  276   0.3091918776355840E-02
  277   0.5132335905980834E-02
  278   0.2472716332786340E-02
  279   0.4168186117350092E-02
  280   0.2944256835926529E-02
  281   0.3391399956057806E-02
  282   0.4505448410098090E-02
  283   0.3123218702431763E-02
  284   0.2936383301444301E-02
  285   0.2451882621695767E-02
  286   0.2845056508289978E-02
  287   0.3051221089657108E-02
  288   0.2400414510765725E-02
  289   0.2898862071446351E-02
  290   0.3207661324848121E-02
  291   0.2485330299771660E-02
  292   0.2854353340378257E-02
  293   0.2688757444177459E-02
  294   0.2177419192321117E-02
  295   0.2066208236735811E-02
  296   0.2160197509977146E-02
  297   0.1847407057862627E-02
  298   0.2122957339966813E-02
  299   0.2704431379280281E-02
  300   0.2120863684894891E-02
  301   0.1324368210948612E-02
  302   0.1942685319407056E-02
  303   0.1504562934585507E-02
  304   0.1141359955646126E-02
  305   0.1977179561817033E-02
  306   0.7325770254781871E-03
  307   0.8748575981434858E-03
  308   0.1577876231604824E-02
  309   0.1793686503409331E-02
  310   0.1536459080824337E-02
  311   0.1599949325356342E-02
  312   0.1590039105402452E-02
  313   0.1384526765125904E-02
  314   0.1486027807408696E-02
  315   0.4480143914910029E-03
  316   0.1097059051110905E-02
  317   0.1002843359472927E-02
  318   0.1226554982201089E-02
  319   0.1383157874489671E-02
  320   0.1367826168725939E-02
  321   0.8697911058498375E-03
  322   0.8256277276101898E-03
  323   0.1069665967670497E-02
  324   0.8935178231442853E-03
  325   0.1452761261748203E-02
  326   0.1195378108094558E-02
  327   0.1318367258996922E-02
  328   0.1177477387264120E-02
  329   0.1476439374327815E-02
  330   0.1124876013496562E-02
  331   0.8871976039829532E-03
  332   0.8771866596799793E-03
  333   0.7581715961739177E-03
  334   0.1064629835294900E-02
  335   0.7297324150488949E-03
  336   0.9571717391950452E-03
  337   0.1282961689899803E-02
  338   0.9913784629212996E-03
  339   0.9493372361762953E-03
  340   0.1295017192698089E-02
  341   0.1354045119405040E-02
  342   0.1329348735978786E-02
  343   0.1262283369244027E-02
  344   0.1090839818813777E-02
  345   0.1111297396588051E-02
  346   0.9767478948654595E-03
  347   0.1114618763515818E-02
  348   0.9906843812165778E-03
  349   0.1394660161631228E-02
  350   0.1451573879279106E-02
  351   0.1413209445033148E-02
  352   0.1296865303480443E-02
  353   0.1332377388190031E-02
  354   0.1266487937096161E-02
  355   0.1430476914079631E-02
  356   0.1036675488689132E-02
  357   0.1288783735019325E-02
  358   0.1378716628892551E-02
  359   0.1819174633885631E-02
  360   0.1608630186422433E-02
  361   0.1756579358304214E-02
  362   0.1509270969742363E-02
  363   0.1620230392207933E-02
  364   0.1485776614417636E-02
  365   0.1475636929039029E-02
  366   0.1502357734642301E-02
  367   0.1497290832280965E-02
  368   0.1624289219897948E-02
  369   0.2074809506295641E-02
  370   0.1600951665046473E-02
  371   0.1681139789142229E-02
  372   0.1386368255561939E-02
  373   0.1789990713687441E-02
  374   0.2199019640435750E-02
  375   0.2231388077675207E-02
  376   0.2478697013388431E-02
  377   0.1879786091276345E-02
  378   0.2437782821676067E-02
  379   0.2209911610883630E-02
  380   0.2885979485332372E-02
  381   0.2536885084550770E-02
  382   0.2950178585377635E-02
  383   0.3137739702453517E-02
