# nlmax, ncor, nside =         383           1         128
    0   0.1226892977629737E+02
    1   0.4279187733715829E+02
    2   0.1410748947570013E+03
    3   0.4968810043867928E+03
    4   0.2200828828773596E+03
    5   0.2983850657061595E+03
    6   0.9889633408192201E+02
    7   0.1193129315226591E+03
    8   0.5601400073518380E+02
    9   0.4008977744719829E+02
   10   0.5217333855789048E+02
   11   0.4531950810526144E+02
   12   0.3228524853767132E+02
   13   0.2482543791237651E+02
   14   0.2374020371105016E+02
   15   0.2170927345228570E+02
   16   0.1555517041089441E+02
   17   0.1825213099130692E+02
   18   0.1164429509862128E+02
   19   0.1501146220051056E+02
   20   0.1086195548011299E+02
   21   0.9088809320633064E+01
   22   0.7205283911320624E+01
   23   0.8687867229973701E+01
   24   0.8151190796391775E+01
   25   0.7750585736140627E+01
   26   0.8331898607680817E+01
   27   0.6648071857382121E+01
   28   0.9202154747487716E+01
   29   0.7364436477222273E+01
   30   0.5700197470575712E+01
   31   0.5555551013954664E+01
   32   0.8033428273956847E+01
   33   0.5225577765467295E+01
   34   0.5605899964392409E+01
   35   0.4206501463166697E+01
   36   0.4942589397940735E+01
   37   0.5792101119329470E+01
   38   0.4846937791868440E+01
   39   0.4453725847835067E+01
   40   0.6469308508244151E+01
   41   0.3908357173874591E+01
   42   0.3919020033160140E+01
   43   0.3879418604116044E+01
   44   0.3329466789851596E+01
   45   0.2820620536830649E+01
   46   0.3277000029615984E+01
   47   0.4206816922510011E+01
   48   0.2512458547581600E+01
   49   0.3529774028156700E+01
   50   0.3466791880847826E+01
   51   0.2459571273605312E+01
   52   0.2830763716503548E+01
   53   0.2100947933025652E+01
   54   0.2159025569488591E+01
   55   0.2498570041076413E+01
   56   0.2967290305830073E+01
   57   0.2658544812358641E+01
   58   0.2584089562882115E+01
   59   0.1930854805942668E+01
   60   0.2243002494807508E+01
   61   0.2118572899006480E+01
   62   0.2485672156789008E+01
   63   0.2138970477472748E+01
   64   0.1993730616990476E+01
   65   0.1780839299505173E+01
   66   0.1646350745740040E+01
   67   0.1849907753151485E+01
   68   0.1832600544392315E+01
   69   0.1999441482738255E+01
   70   0.1706617846341896E+01
   71   0.1588967855311158E+01
   72   0.1522764904596017E+01
   73   0.2072506976764777E+01
   74   0.1839192316342444E+01
   75   0.1419402178366010E+01
   76   0.1333712325966219E+01
   77   0.1584949798555743E+01
   78   0.1370005154743279E+01
   79   0.1036467680535786E+01
   80   0.1423218903658978E+01
   81   0.1410841964179244E+01
   82   0.1589402700423195E+01
   83   0.1200412097184598E+01
   84   0.1080361392732091E+01
   85   0.1227329784652003E+01
   86   0.1309492890036283E+01
   87   0.1310566013979404E+01
   88   0.1043714923739691E+01
   89   0.1172289358540496E+01
   90   0.1148964535063109E+01
   91   0.1200084798853892E+01
   92   0.1109963345021543E+01
   93   0.1096630073293650E+01
   94   0.9697101014660880E+00
   95   0.8365020716965890E+00
   96   0.8845723792628319E+00
   97   0.1011399922471136E+01
   98   0.7129820833387059E+00
   99   0.9781682201967641E+00
  100   0.9272812618406321E+00
  101   0.8814388404373119E+00
  102   0.9393428376756754E+00
  103   0.8371884861567009E+00
  104   0.9649713876472037E+00
  105   0.6773000490671650E+00
  106   0.8423663014233469E+00
  107   0.7653933102439594E+00
  108   0.9501927708261431E+00
  109   0.7421185350445680E+00
  110   0.8046639203697770E+00
  111   0.7041153089305299E+00
  112   0.6519781603322450E+00
  113   0.6034121752922694E+00
  114   0.5225501197236817E+00
  115   0.6957939867574736E+00
  116   0.7282583953911270E+00
  117   0.8114156458183717E+00
  118   0.6180355732118361E+00
  119   0.6070786890711973E+00
  120   0.5489158579584588E+00
  121   0.7418020498999166E+00
  122   0.5633306529533743E+00
  123   0.6106190876893023E+00
  124   0.4936628868471212E+00
  125   0.5291282521113984E+00
  126   0.5476401592714847E+00
  127   0.5517089786941571E+00
  128   0.4969324409610603E+00
  129   0.4606911279064272E+00
  130   0.5164186968438976E+00
  131   0.4336544859830649E+00
  132   0.4612048368015609E+00
  133   0.4737690193333247E+00
  134   0.4109310568651140E+00
  135   0.4454201367965187E+00
  136   0.4718616957841583E+00
  137   0.4264368927259889E+00
  138   0.4116244289741834E+00
  139   0.4081033655037131E+00
  140   0.4042933007784558E+00
  141   0.3858242098398791E+00
  142   0.3861919720943282E+00
  143   0.3883101410689425E+00
  144   0.3259688428542267E+00
  145   0.3856024139092524E+00
  146   0.3257574372196623E+00
  147   0.3241286760348162E+00
  148   0.2992106790800172E+00
  149   0.3067413870546768E+00
  150   0.3397068051809102E+00
  151   0.2801068805158067E+00
  152   0.2995098164025669E+00
  153   0.3176039873807792E+00
  154   0.2420494592356384E+00
  155   0.2703900930522019E+00
  156   0.2662520623097145E+00
  157   0.2430753776891446E+00
  158   0.2729575907172986E+00
  159   0.2528545132448757E+00
  160   0.2520405603951579E+00
  161   0.2322136658340450E+00
  162   0.2103345696902338E+00
  163   0.2286338111558056E+00
  164   0.2403194284470631E+00
  165   0.2025643779301851E+00
  166   0.2008182062780616E+00
  167   0.1951526388825516E+00
  168   0.2031611559364211E+00
  169   0.1817368786530728E+00
  170   0.1769221713487795E+00
  171   0.1660608289110493E+00
  172   0.2089675058387284E+00
  173   0.1840336339794012E+00
  174   0.1653387352356375E+00
  175   0.1606470607395541E+00
  176   0.1588077396473240E+00
  177   0.1469356268952373E+00
  178   0.1463923177205499E+00
  179   0.1685995221031213E+00
  180   0.1381673036663036E+00
  181   0.1214848291537088E+00
  182   0.1193721502585915E+00
  183   0.1290784357364820E+00
  184   0.1178482501565336E+00
  185   0.1340376316577284E+00
  186   0.1288744717285006E+00
  187   0.1040494664472608E+00
  188   0.1146886407456925E+00
  189   0.1159285987274413E+00
  190   0.1052905662075044E+00
  191   0.1057739431152869E+00
  192   0.1071252682519064E+00
  193   0.9750370186883706E-01
  194   0.9292853159835623E-01
  195   0.7630395366439235E-01
  196   0.8487177345112851E-01
  197   0.8180526729546422E-01
  198   0.8409684652418470E-01
  199   0.7873540266721102E-01
  200   0.8233765255199832E-01
  201   0.7605967266287927E-01
  202   0.7079619868931231E-01
  203   0.7777366893157844E-01
  204   0.7193055065537968E-01
  205   0.6436544097892860E-01
  206   0.6222621969321507E-01
  207   0.5604221651039154E-01
  208   0.6022283624891545E-01
  209   0.5027012151861987E-01
  210   0.5797838777768161E-01
  211   0.4942472816242849E-01
  212   0.5607648289383560E-01
  213   0.5030762570674463E-01
  214   0.4679727516143140E-01
  215   0.5287188166879242E-01
  216   0.4566706298591561E-01
  217   0.4064547013039954E-01
  218   0.4313141789697106E-01
  219   0.3956123945322554E-01
  220   0.4095168369066438E-01
  221   0.3874354876127106E-01
  222   0.4029758159032604E-01
  223   0.3485581603253896E-01
  224   0.3417977812813100E-01
  225   0.3176122980075735E-01
  226   0.3312731775438249E-01
  227   0.3445654723014691E-01
  228   0.2934694722562992E-01
  229   0.2671914366296813E-01
  230   0.2799930589912869E-01
  231   0.2865097436845476E-01
  232   0.2612460508024805E-01
  233   0.2752350479706234E-01
  234   0.2200171502270587E-01
  235   0.2314976865915819E-01
  236   0.2552084776578645E-01
  237   0.2136707282144379E-01
  238   0.2120516729976496E-01
  239   0.2075169414273315E-01
  240   0.2041086602968079E-01
  241   0.1785578348580508E-01
  242   0.1753278295808325E-01
  243   0.1675575581177380E-01
  244   0.1466307630281249E-01
  245   0.1776712576095141E-01
  246   0.1478578135054176E-01
  247   0.1602526646362223E-01
  248   0.1369390225364342E-01
  249   0.1165257194998071E-01
  250   0.1267088314698728E-01
  251   0.1315005595874497E-01
  252   0.1302858729337864E-01
  253   0.1184432669856439E-01
  254   0.1115571964209816E-01
  255   0.1110674357408070E-01
  256   0.1003713851319477E-01
  257   0.9555174933150723E-02
  258   0.1039101069426296E-01
  259   0.8489403381236049E-02
  260   0.1006054427423853E-01
  261   0.8469618714892602E-02
  262   0.8670534302687827E-02
  263   0.8499877100988429E-02
  264   0.8294512083855565E-02
  265   0.6006025503464185E-02
  266   0.7527622872303685E-02
  267   0.6463690315308579E-02
  268   0.6189764291145150E-02
  269   0.5761811272944617E-02
  270   0.5271276489806187E-02
  271   0.6426983733440084E-02
  272   0.5700646361571748E-02
  273   0.5074414928920024E-02
  274   0.5063684020408687E-02
  275   0.5031413749716607E-02
  276   0.4166146195050846E-02
  277   0.4728419097634551E-02
  278   0.4602941404336702E-02
  279   0.4759051667156067E-02
  280   0.3771681670290461E-02
  281   0.3970093449619905E-02
  282   0.3548066392653870E-02
  283   0.4231636461447252E-02
  284   0.3754739468121882E-02
  285   0.3094860715714187E-02
  286   0.3155906570494249E-02
  287   0.3256788008643152E-02
  288   0.3035532023207665E-02
  289   0.3229522491391301E-02
  290   0.2982204692173918E-02
  291   0.2396345760377894E-02
  292   0.2842015467625192E-02
  293   0.2201675098273570E-02
  294   0.2444358479203157E-02
  295   0.2266881592690839E-02
  296   0.2356394135481721E-02
  297   0.2368476038125289E-02
  298   0.2075965419510439E-02
  299   0.2007103604041494E-02
  300   0.2136792140283117E-02
  301   0.1678955957760186E-02
  302   0.2037792405792938E-02
  303   0.1460961333728972E-02
  304   0.1695577999661080E-02
  305   0.1617441731487035E-02
  306   0.1511210768569915E-02
  307   0.1282098070168325E-02
  308   0.1466466122186261E-02
  309   0.1433123237826461E-02
  310   0.1488754254434232E-02
  311   0.1374169654505486E-02
  312   0.1289358571319954E-02
  313   0.1251709052152716E-02
  314   0.1168507337971636E-02
  315   0.1128976746759047E-02
  316   0.1098476223153066E-02
  317   0.9798423890027830E-03
  318   0.8906032948602371E-03
  319   0.9559808917486978E-03
  320   0.1017574888040274E-02
  321   0.9790283080746698E-03
  322   0.9822302595332566E-03
  323   0.9394057827006308E-03
  324   0.8897794625864486E-03
  325   0.8297654041589109E-03
  326   0.8774817402277257E-03
  327   0.1055053219817526E-02
  328   0.9730794756933059E-03
  329   0.8275025458755192E-03
  330   0.7308160979179468E-03
  331   0.8518767037423158E-03
  332   0.8528180799847740E-03
  333   0.7356788354390131E-03
  334   0.8300331958552010E-03
  335   0.8703887579912806E-03
  336   0.7817437063873667E-03
  337   0.7649419682033698E-03
  338   0.7647068496166587E-03
  339   0.8512656156942910E-03
  340   0.8579905041299352E-03
  341   0.7461409353664572E-03
  342   0.7363139619491477E-03
  343   0.8280029449911908E-03
  344   0.7114022860481017E-03
  345   0.6747250474994082E-03
  346   0.8211905726943081E-03
  347   0.6190061569966154E-03
  348   0.7586695501005658E-03
  349   0.7451271930282721E-03
  350   0.7242210965505147E-03
  351   0.7295779328985452E-03
  352   0.6802942232350950E-03
  353   0.8128944295985041E-03
  354   0.8732965029726869E-03
  355   0.8901915734846055E-03
  356   0.8195405355724689E-03
  357   0.7425253555582573E-03
  358   0.7305714308455391E-03
  359   0.8526522326060132E-03
  360   0.8731034692874423E-03
  361   0.8429346836573287E-03
  362   0.9510482708897650E-03
  363   0.7794249795475133E-03
  364   0.9438774160485108E-03
  365   0.7571215017528610E-03
  366   0.8807099114511024E-03
  367   0.9319442607412520E-03
  368   0.8329714997140358E-03
  369   0.9224520168769207E-03
  370   0.8961804734289452E-03
  371   0.8760148895791686E-03
  372   0.8742166496981466E-03
  373   0.9253970236103651E-03
  374   0.8923356759363565E-03
  375   0.9146885935621060E-03
  376   0.8551748264818068E-03
  377   0.9866468502930138E-03
  378   0.9091328569003909E-03
  379   0.9276303617721110E-03
  380   0.8988800169660686E-03
  381   0.9839975800005427E-03
  382   0.1016657744375310E-02
  383   0.1051323552197585E-02
