# nlmax, ncor, nside =         383           1         128
    0  -0.3022280090147289E-04
    1  -0.2496408695309717E-04
    2   0.9379385897751348E-04
    3   0.2111750263654586E-03
    4   0.2331749015412851E-03
    5   0.2379977653846440E-03
    6   0.8036072701918622E-04
    7   0.7095858490479492E-04
    8   0.6111077096829429E-04
    9   0.7044684447050873E-04
   10   0.2551700374292756E-04
   11   0.5347961643831732E-04
   12   0.2140605676978375E-04
   13   0.1780207207073876E-04
   14   0.2522809781321951E-04
   15   0.2683351571300235E-04
   16   0.2008325637400532E-04
   17   0.2874225227173157E-04
   18   0.1326958402468340E-04
   19   0.1238709135347241E-04
   20   0.1025599144847408E-04
   21   0.7781336829085749E-05
   22   0.8219531603791265E-05
   23   0.8187119566226392E-05
   24   0.8210277279730187E-05
   25   0.5168426714636916E-05
   26   0.9207188770802887E-05
   27   0.8406944533263672E-05
   28   0.8929382325151178E-05
   29   0.8184250265154901E-05
   30   0.7366141550849116E-05
   31   0.5869989972207633E-05
   32   0.8414685987742728E-05
   33   0.5388794717802428E-05
   34   0.5370614635683986E-05
   35   0.4206574408135374E-05
   36   0.4389225208769167E-05
   37   0.5935806746499462E-05
   38   0.5609050333438342E-05
   39   0.4199121612422154E-05
   40   0.5830767007138754E-05
   41   0.4182659713522465E-05
   42   0.4846275228737178E-05
   43   0.3856323370016740E-05
   44   0.4157981629630733E-05
   45   0.2897874616900278E-05
   46   0.2599084169305247E-05
   47   0.4276391924260001E-05
   48   0.2281589913741243E-05
   49   0.3212618801232049E-05
   50   0.4003367836567975E-05
   51   0.2224186371520099E-05
   52   0.2846220484686887E-05
   53   0.1992557635507011E-05
   54   0.1972074677962421E-05
   55   0.2720467514616762E-05
   56   0.2849501129389169E-05
   57   0.2738794570649122E-05
   58   0.2700168527892048E-05
   59   0.1944551934718898E-05
   60   0.2155467258768918E-05
   61   0.1916945948476119E-05
   62   0.2643829037622873E-05
   63   0.1918556380264391E-05
   64   0.1484009209835667E-05
   65   0.1892886850165915E-05
   66   0.1755182069268149E-05
   67   0.1832588739410587E-05
   68   0.1709101912378968E-05
   69   0.2282525486110307E-05
   70   0.1470402593963707E-05
   71   0.1792713321603719E-05
   72   0.1317233781649020E-05
   73   0.2182700066316265E-05
   74   0.1696859955147253E-05
   75   0.1308715395866555E-05
   76   0.1373134161564748E-05
   77   0.1605440436976229E-05
   78   0.1211217914362662E-05
   79   0.1013728920166565E-05
   80   0.1531855586498587E-05
   81   0.1403870983398339E-05
   82   0.1720600927946329E-05
   83   0.1170345026479405E-05
   84   0.9470630294261868E-06
   85   0.1273401982880908E-05
   86   0.1368404112105341E-05
   87   0.1159793893956595E-05
   88   0.8601739909776733E-06
   89   0.1269176976084354E-05
   90   0.1002462054492506E-05
   91   0.1168340683245301E-05
   92   0.1076064122407649E-05
   93   0.1205326372347078E-05
   94   0.1019290833204948E-05
   95   0.8409066819777855E-06
   96   0.9128839681633065E-06
   97   0.9451849512101631E-06
   98   0.7207732467954623E-06
   99   0.1115180532505402E-05
  100   0.9726189786718795E-06
  101   0.9113169135256188E-06
  102   0.8434841128443890E-06
  103   0.7412542696020666E-06
  104   0.1022128891390152E-05
  105   0.7226337922531132E-06
  106   0.7384219154240691E-06
  107   0.8444482869948448E-06
  108   0.1029219816659359E-05
  109   0.7882471602082122E-06
  110   0.8342421759017748E-06
  111   0.6794312377184355E-06
  112   0.7667757294937823E-06
  113   0.5364036692799405E-06
  114   0.4671372531945995E-06
  115   0.7025558074662194E-06
  116   0.8255247279238112E-06
  117   0.7712575439451033E-06
  118   0.6900083021374474E-06
  119   0.6093422677123031E-06
  120   0.4023433169541649E-06
  121   0.7348466417496466E-06
  122   0.6130381805862936E-06
  123   0.6306620623971809E-06
  124   0.4378966854486624E-06
  125   0.5289662668417513E-06
  126   0.5084604858184254E-06
  127   0.5554514532053183E-06
  128   0.5536562853443075E-06
  129   0.4222924840481527E-06
  130   0.5433345667686853E-06
  131   0.3878383515654843E-06
  132   0.3954133494699583E-06
  133   0.4711876591699654E-06
  134   0.4038001172012019E-06
  135   0.5063106308979810E-06
  136   0.5437754289759204E-06
  137   0.4140664016387997E-06
  138   0.4257905434592739E-06
  139   0.4323076277345670E-06
  140   0.3979273667572203E-06
  141   0.4119343036333356E-06
  142   0.3761846598190845E-06
  143   0.3437771812065902E-06
  144   0.3564638924967888E-06
  145   0.4185149548982423E-06
  146   0.3398665947614632E-06
  147   0.3074410511012121E-06
  148   0.2855164021472788E-06
  149   0.2384606219990208E-06
  150   0.3295322953663231E-06
  151   0.2714286252389950E-06
  152   0.2654503640813737E-06
  153   0.2993572830576664E-06
  154   0.2224898305533876E-06
  155   0.3067594296351393E-06
  156   0.2701375239140272E-06
  157   0.2482308181581743E-06
  158   0.2984131672108073E-06
  159   0.2623401260350739E-06
  160   0.2571244083291235E-06
  161   0.2262649953267625E-06
  162   0.2167162530663745E-06
  163   0.2013934553593758E-06
  164   0.2221496080401905E-06
  165   0.1950712838947811E-06
  166   0.2213017327555050E-06
  167   0.2491944439869405E-06
  168   0.1987938810243564E-06
  169   0.1774163529723660E-06
  170   0.1761527919807148E-06
  171   0.1564704164412519E-06
  172   0.1851481761481375E-06
  173   0.1732664976681043E-06
  174   0.1484504379082746E-06
  175   0.1567954925157416E-06
  176   0.1592145487111807E-06
  177   0.1517432409042395E-06
  178   0.1220567322602454E-06
  179   0.1790317646097804E-06
  180   0.1419099746872628E-06
  181   0.9918437479860247E-07
  182   0.1015339575490293E-06
  183   0.1096342645708982E-06
  184   0.1251887739020082E-06
  185   0.1346288121788098E-06
  186   0.1268718309189230E-06
  187   0.1010289223677927E-06
  188   0.1258884287147964E-06
  189   0.1252163476487758E-06
  190   0.1068833726529910E-06
  191   0.1010149546839026E-06
  192   0.1030900061531625E-06
  193   0.1080083664147520E-06
  194   0.9583127661609900E-07
  195   0.7344167713785747E-07
  196   0.7860090586124624E-07
  197   0.7886902922676310E-07
  198   0.7788610326037276E-07
  199   0.6568462989620342E-07
  200   0.6914277564838472E-07
  201   0.7002704374222937E-07
  202   0.6475309348287060E-07
  203   0.7088447834789036E-07
  204   0.7042398020857313E-07
  205   0.6552094638869623E-07
  206   0.5387524002726704E-07
  207   0.5942387313994668E-07
  208   0.5492621432831358E-07
  209   0.5015346132703287E-07
  210   0.5383799982164526E-07
  211   0.4573943802084989E-07
  212   0.5131081026514850E-07
  213   0.5668270817702171E-07
  214   0.4084218295802181E-07
  215   0.5220945903163277E-07
  216   0.4951430441495236E-07
  217   0.3937588878419579E-07
  218   0.4640807169979347E-07
  219   0.3946117421568485E-07
  220   0.3891370215871841E-07
  221   0.4049252958506268E-07
  222   0.3796963534449271E-07
  223   0.3646083233708406E-07
  224   0.3570753486619172E-07
  225   0.3060551122058046E-07
  226   0.3441485799577854E-07
  227   0.3222798270911084E-07
  228   0.2704523273245044E-07
  229   0.2558945713952199E-07
  230   0.2669013327252215E-07
  231   0.2889057828980573E-07
  232   0.2874665418355297E-07
  233   0.2915125997835850E-07
  234   0.1991993826227763E-07
  235   0.2317677497439247E-07
  236   0.2282389187971102E-07
  237   0.2055274420194828E-07
  238   0.2164332165413734E-07
  239   0.1667776130232532E-07
  240   0.2057638845433033E-07
  241   0.1867538497127795E-07
  242   0.1429046779760778E-07
  243   0.1753754881666860E-07
  244   0.1296694017719596E-07
  245   0.1591035928350777E-07
  246   0.1669368603724695E-07
  247   0.1725113829679476E-07
  248   0.1486532176717420E-07
  249   0.1209941177247440E-07
  250   0.1063269229385051E-07
  251   0.1167559708849273E-07
  252   0.1283031373136463E-07
  253   0.1309696960887179E-07
  254   0.9320339962173887E-08
  255   0.1011541836889549E-07
  256   0.1041216883755764E-07
  257   0.9753538094862834E-08
  258   0.7776365471867526E-08
  259   0.8768594115081840E-08
  260   0.9179196225697198E-08
  261   0.7073656513990336E-08
  262   0.9046717433852811E-08
  263   0.7348622741806256E-08
  264   0.7673135226323503E-08
  265   0.6259608366083999E-08
  266   0.5922671143561805E-08
  267   0.5626769640912572E-08
  268   0.7697772525557170E-08
  269   0.5676511517828647E-08
  270   0.4821290427032700E-08
  271   0.6544262828788393E-08
  272   0.6680642127443469E-08
  273   0.4447418549667388E-08
  274   0.5714741872224775E-08
  275   0.4176670043692890E-08
  276   0.3442525675781186E-08
  277   0.4870020184548451E-08
  278   0.3820440327791532E-08
  279   0.4046877333902439E-08
  280   0.3379237520392855E-08
  281   0.3647877425086275E-08
  282   0.3922121868108360E-08
  283   0.3566684068000453E-08
  284   0.3503546767600947E-08
  285   0.2477467387549261E-08
  286   0.2385192088087654E-08
  287   0.3650555776958240E-08
  288   0.3017423280510001E-08
  289   0.2600738963107709E-08
  290   0.2283267826315617E-08
  291   0.2599236403073140E-08
  292   0.2197263876073238E-08
  293   0.2147583076211018E-08
  294   0.2207977592379359E-08
  295   0.1722511979954381E-08
  296   0.2607732460389379E-08
  297   0.2319565754695497E-08
  298   0.2884683754744185E-08
  299   0.1982913427771385E-08
  300   0.2075061544028622E-08
  301   0.2197425398930267E-08
  302   0.1684977694480567E-08
  303   0.1716333273502469E-08
  304   0.1790346104940238E-08
  305   0.1406847135239035E-08
  306   0.1633761499580912E-08
  307   0.1456673173376755E-08
  308   0.2076939762945488E-08
  309   0.1588352046352985E-08
  310   0.1635470824606888E-08
  311   0.1475645553973486E-08
  312   0.1095651955533451E-08
  313   0.1547320078497538E-08
  314   0.1592770558285073E-08
  315   0.9343218330159814E-09
  316   0.1407942207099883E-08
  317   0.1038726724944158E-08
  318   0.1276027735826531E-08
  319   0.1085550478804984E-08
  320   0.9843522389164528E-09
  321   0.1080559401121157E-08
  322   0.1211214471329954E-08
  323   0.8769618166248674E-09
  324   0.1137137218200041E-08
  325   0.1297478617242334E-08
  326   0.1060088303476538E-08
  327   0.6886967783026519E-09
  328   0.9687085374810375E-09
  329   0.1042056249668316E-08
  330   0.1193969059165540E-08
  331   0.1136854843209247E-08
  332   0.9468976060336098E-09
  333   0.1471337293271320E-08
  334   0.1206480557545473E-08
  335   0.1023955355986976E-08
  336   0.1078527177508603E-08
  337   0.1077114848379882E-08
  338   0.7958536352545128E-09
  339   0.8830757254293796E-09
  340   0.1639078974255440E-08
  341   0.9248133859633473E-09
  342   0.7863951477781273E-09
  343   0.7263217057088906E-09
  344   0.9670171510887808E-09
  345   0.1179157545747828E-08
  346   0.9619866574441909E-09
  347   0.1011801641855126E-08
  348   0.8551093584517321E-09
  349   0.1322276493425741E-08
  350   0.1084233942768776E-08
  351   0.1028937927604745E-08
  352   0.1085208988198955E-08
  353   0.1170842214012708E-08
  354   0.1264288401363984E-08
  355   0.1433396403208347E-08
  356   0.1194641464071445E-08
  357   0.1166343267057536E-08
  358   0.1082912037881122E-08
  359   0.1035160650989534E-08
  360   0.1185097770436567E-08
  361   0.1299496128245477E-08
  362   0.1432280726067225E-08
  363   0.1481135971774164E-08
  364   0.1393388676972881E-08
  365   0.1766829720306052E-08
  366   0.1655218909453975E-08
  367   0.1513699687664151E-08
  368   0.1341629029239939E-08
  369   0.1520176583818272E-08
  370   0.1313319148724744E-08
  371   0.1663668942705968E-08
  372   0.1373560802682807E-08
  373   0.1603322443297288E-08
  374   0.1531380706112034E-08
  375   0.1818586370422376E-08
  376   0.1686605348950956E-08
  377   0.1939305162317737E-08
  378   0.2257341804479621E-08
  379   0.2380682242009348E-08
  380   0.2115430502580366E-08
  381   0.2562165721412981E-08
  382   0.2578554792412750E-08
  383   0.3295497130832890E-08
