0.000000000000000000e+00 -1.087007243183310268e-01
1.000000000000000000e+00 -1.891869974871110416e-02
2.000000000000000000e+00 1.305311045636980509e+02
3.000000000000000000e+00 5.434119343975233960e+02
4.000000000000000000e+00 2.133634814721314683e+02
5.000000000000000000e+00 2.931299238046913160e+02
6.000000000000000000e+00 1.006472027687739228e+02
7.000000000000000000e+00 1.182739987047247325e+02
8.000000000000000000e+00 5.480445424931929210e+01
9.000000000000000000e+00 3.728844455058725771e+01
1.000000000000000000e+01 5.163797372235602978e+01
1.100000000000000000e+01 4.441711795473734270e+01
1.200000000000000000e+01 3.181371654643689695e+01
1.300000000000000000e+01 2.492626941519461070e+01
1.400000000000000000e+01 2.293637805284160436e+01
1.500000000000000000e+01 2.199420496477516096e+01
1.600000000000000000e+01 1.516797271907290501e+01
1.700000000000000000e+01 1.759512096264205638e+01
1.800000000000000000e+01 1.159430490694643900e+01
1.900000000000000000e+01 1.533316727435134474e+01
2.000000000000000000e+01 1.106096238704254020e+01
2.100000000000000000e+01 9.059716071617431865e+00
2.200000000000000000e+01 7.456031125617422539e+00
2.300000000000000000e+01 8.907185422684030129e+00
2.400000000000000000e+01 8.588390226800555638e+00
2.500000000000000000e+01 7.900640479544275507e+00
2.600000000000000000e+01 8.257836154728426692e+00
2.700000000000000000e+01 6.678513594014657606e+00
2.800000000000000000e+01 9.627070914784873423e+00
2.900000000000000000e+01 7.860575810407254949e+00
3.000000000000000000e+01 5.672046434848202701e+00
3.100000000000000000e+01 5.801716413290683327e+00
3.200000000000000000e+01 8.050538615373435292e+00
3.300000000000000000e+01 4.999828252161616859e+00
3.400000000000000000e+01 5.959397349392275167e+00
3.500000000000000000e+01 4.347765320672047906e+00
3.600000000000000000e+01 5.000191207587391773e+00
3.700000000000000000e+01 6.202051779846187607e+00
3.800000000000000000e+01 4.879881966325937626e+00
3.900000000000000000e+01 4.324003616663695482e+00
4.000000000000000000e+01 6.659625565927029811e+00
4.100000000000000000e+01 4.400194593381311137e+00
4.200000000000000000e+01 4.124661990276438317e+00
4.300000000000000000e+01 3.918351454993936223e+00
4.400000000000000000e+01 3.478563711917593171e+00
4.500000000000000000e+01 2.904808850458116876e+00
4.600000000000000000e+01 3.385927320007780406e+00
4.700000000000000000e+01 4.161293100199291217e+00
4.800000000000000000e+01 2.570360792948834572e+00
4.900000000000000000e+01 3.613750606819060796e+00
5.000000000000000000e+01 3.584839278778658045e+00
5.100000000000000000e+01 2.657125746549381606e+00
5.200000000000000000e+01 2.823858062193854490e+00
5.300000000000000000e+01 2.221131901092292082e+00
5.400000000000000000e+01 2.174008051796452179e+00
5.500000000000000000e+01 2.566925019511272055e+00
5.600000000000000000e+01 3.145120571430261691e+00
5.700000000000000000e+01 2.625878103301920063e+00
5.800000000000000000e+01 2.597905697085081567e+00
5.900000000000000000e+01 1.942580295250464051e+00
6.000000000000000000e+01 2.175335033185596068e+00
6.100000000000000000e+01 2.110183124247903663e+00
6.200000000000000000e+01 2.472515214128325312e+00
6.300000000000000000e+01 2.171866571117158973e+00
6.400000000000000000e+01 1.980606828471441538e+00
6.500000000000000000e+01 1.888327666657936721e+00
6.600000000000000000e+01 1.717491193849385533e+00
6.700000000000000000e+01 1.875540324416884674e+00
6.800000000000000000e+01 1.904431771295421072e+00
6.900000000000000000e+01 2.074694635623846484e+00
7.000000000000000000e+01 1.855265019557111206e+00
7.100000000000000000e+01 1.606827453868557409e+00
7.200000000000000000e+01 1.655585843837048099e+00
7.300000000000000000e+01 2.046425144444185662e+00
7.400000000000000000e+01 1.791964754369543833e+00
7.500000000000000000e+01 1.453555880615182039e+00
7.600000000000000000e+01 1.421290062005452270e+00
7.700000000000000000e+01 1.643769730105663518e+00
7.800000000000000000e+01 1.482265807797683577e+00
7.900000000000000000e+01 1.112798382467489189e+00
8.000000000000000000e+01 1.454902557095986593e+00
8.100000000000000000e+01 1.460667856011377275e+00
8.200000000000000000e+01 1.650755662314864480e+00
8.300000000000000000e+01 1.274544410162075536e+00
8.400000000000000000e+01 1.107251719847287097e+00
8.500000000000000000e+01 1.265394092712275542e+00
8.600000000000000000e+01 1.348675940277886953e+00
8.700000000000000000e+01 1.273017885257596626e+00
8.800000000000000000e+01 1.115948672728909408e+00
8.900000000000000000e+01 1.182768111569909131e+00
9.000000000000000000e+01 1.226038021840816228e+00
9.100000000000000000e+01 1.197794685935901882e+00
9.200000000000000000e+01 1.122623124957133012e+00
9.300000000000000000e+01 1.111947688825143610e+00
9.400000000000000000e+01 1.005131911208350992e+00
9.500000000000000000e+01 8.798421343012823304e-01
9.600000000000000000e+01 9.235633667628572185e-01
9.700000000000000000e+01 1.045488480505369244e+00
9.800000000000000000e+01 7.662238768755544882e-01
9.900000000000000000e+01 1.009926265242456989e+00
1.000000000000000000e+02 9.012518966017287747e-01
1.010000000000000000e+02 9.141053025413155009e-01
1.020000000000000000e+02 9.851720045341639809e-01
1.030000000000000000e+02 8.657697725789145204e-01
1.040000000000000000e+02 9.699489875009210671e-01
1.050000000000000000e+02 7.545191556388717302e-01
1.060000000000000000e+02 8.696868747902687380e-01
1.070000000000000000e+02 7.744312874442079719e-01
1.080000000000000000e+02 9.880432615353808012e-01
1.090000000000000000e+02 7.774523583006625049e-01
1.100000000000000000e+02 8.139154553135852233e-01
1.110000000000000000e+02 7.674509338364232658e-01
1.120000000000000000e+02 6.719255805582252661e-01
1.130000000000000000e+02 6.715513089809634906e-01
1.140000000000000000e+02 5.205390754415438748e-01
1.150000000000000000e+02 7.190053975781269813e-01
1.160000000000000000e+02 7.776685708040392830e-01
1.170000000000000000e+02 8.195620836901976736e-01
1.180000000000000000e+02 6.247411087123616591e-01
1.190000000000000000e+02 6.382231575244760036e-01
1.200000000000000000e+02 5.720880712362691467e-01
1.210000000000000000e+02 7.355544332895905812e-01
1.220000000000000000e+02 5.996487782283238532e-01
1.230000000000000000e+02 6.339449882763341648e-01
1.240000000000000000e+02 5.187126302763584995e-01
1.250000000000000000e+02 5.425370989473582428e-01
1.260000000000000000e+02 5.812784508547022000e-01
1.270000000000000000e+02 5.339952945474247814e-01
1.280000000000000000e+02 5.044613943233318132e-01
1.290000000000000000e+02 4.774320278434857068e-01
1.300000000000000000e+02 5.393721370172541718e-01
1.310000000000000000e+02 4.448859740605942692e-01
1.320000000000000000e+02 4.493436914049726560e-01
1.330000000000000000e+02 5.112943014104054384e-01
1.340000000000000000e+02 4.470419323791133270e-01
1.350000000000000000e+02 4.504209546639996731e-01
1.360000000000000000e+02 4.850736900729061829e-01
1.370000000000000000e+02 4.594055829558952864e-01
1.380000000000000000e+02 4.348407769583620408e-01
1.390000000000000000e+02 4.144844292724518264e-01
1.400000000000000000e+02 4.137304705938668059e-01
1.410000000000000000e+02 3.859958282088029047e-01
1.420000000000000000e+02 4.149813259928050724e-01
1.430000000000000000e+02 3.988548354252717809e-01
1.440000000000000000e+02 3.388686688153874083e-01
1.450000000000000000e+02 3.907078219822031628e-01
1.460000000000000000e+02 3.462882929215255756e-01
1.470000000000000000e+02 3.509663182989317676e-01
1.480000000000000000e+02 3.200008102100986851e-01
1.490000000000000000e+02 3.286354691314075094e-01
1.500000000000000000e+02 3.705644927065745997e-01
1.510000000000000000e+02 3.011026412519716700e-01
1.520000000000000000e+02 3.055468239738514113e-01
1.530000000000000000e+02 3.325772066548659534e-01
1.540000000000000000e+02 2.585473809946826074e-01
1.550000000000000000e+02 2.737341469063485078e-01
1.560000000000000000e+02 2.768187827708253890e-01
1.570000000000000000e+02 2.518658045105596766e-01
1.580000000000000000e+02 2.970488440139224529e-01
1.590000000000000000e+02 2.535052900388822250e-01
1.600000000000000000e+02 2.740851899313299644e-01
1.610000000000000000e+02 2.475529590669831859e-01
1.620000000000000000e+02 2.238256116983683153e-01
1.630000000000000000e+02 2.437424201088792819e-01
1.640000000000000000e+02 2.467903094624067928e-01
1.650000000000000000e+02 2.140484787027422398e-01
1.660000000000000000e+02 2.081728499722880210e-01
1.670000000000000000e+02 2.112480990205582165e-01
1.680000000000000000e+02 2.370186250932133920e-01
1.690000000000000000e+02 1.921779264770060447e-01
1.700000000000000000e+02 1.864210265657443577e-01
1.710000000000000000e+02 1.719823967579960089e-01
1.720000000000000000e+02 2.145677850841862522e-01
1.730000000000000000e+02 1.856817554242617130e-01
1.740000000000000000e+02 1.731715408308881488e-01
1.750000000000000000e+02 1.761576333236200553e-01
1.760000000000000000e+02 1.624035256909311942e-01
1.770000000000000000e+02 1.460853458922728443e-01
1.780000000000000000e+02 1.510194339626662052e-01
1.790000000000000000e+02 1.768815749338358834e-01
1.800000000000000000e+02 1.433329349649442863e-01
1.810000000000000000e+02 1.242062256732247016e-01
1.820000000000000000e+02 1.304623983983687896e-01
1.830000000000000000e+02 1.410199410213278381e-01
1.840000000000000000e+02 1.245120404968544647e-01
1.850000000000000000e+02 1.462359159907282435e-01
1.860000000000000000e+02 1.327362716558938560e-01
1.870000000000000000e+02 1.121838336226017169e-01
1.880000000000000000e+02 1.194931920088660310e-01
1.890000000000000000e+02 1.223109611519797163e-01
1.900000000000000000e+02 1.104922055769687050e-01
1.910000000000000000e+02 1.173526704929911402e-01
1.920000000000000000e+02 1.091549274281161941e-01
1.930000000000000000e+02 1.052720445552349088e-01
1.940000000000000000e+02 1.003071026856236503e-01
1.950000000000000000e+02 8.123365862190121134e-02
1.960000000000000000e+02 9.738363953302175968e-02
1.970000000000000000e+02 8.533607249500395342e-02
1.980000000000000000e+02 9.057629932643057602e-02
1.990000000000000000e+02 8.292163430467146268e-02
2.000000000000000000e+02 8.510558814658425453e-02
2.010000000000000000e+02 7.816590570367516755e-02
2.020000000000000000e+02 7.737788012215364442e-02
2.030000000000000000e+02 8.598852682003213510e-02
2.040000000000000000e+02 7.505334304358755870e-02
2.050000000000000000e+02 7.276102138890129523e-02
2.060000000000000000e+02 6.898370189998541402e-02
2.070000000000000000e+02 5.868703738041702173e-02
2.080000000000000000e+02 6.220255886702208414e-02
2.090000000000000000e+02 5.509239291583858250e-02
2.100000000000000000e+02 5.848628314623379593e-02
2.110000000000000000e+02 5.037237669782208827e-02
2.120000000000000000e+02 5.703629319349119015e-02
2.130000000000000000e+02 5.015863262527816419e-02
2.140000000000000000e+02 4.833405428400910919e-02
2.150000000000000000e+02 5.211027784862012902e-02
2.160000000000000000e+02 4.955358081090222716e-02
2.170000000000000000e+02 4.164295172679158968e-02
2.180000000000000000e+02 4.776402636584994171e-02
2.190000000000000000e+02 4.153138739851452987e-02
2.200000000000000000e+02 4.400819147820151517e-02
2.210000000000000000e+02 4.264249709529007587e-02
2.220000000000000000e+02 4.235746051305551430e-02
2.230000000000000000e+02 3.713211321880235949e-02
2.240000000000000000e+02 3.394122956509670191e-02
2.250000000000000000e+02 3.293423076996678661e-02
2.260000000000000000e+02 3.378182008420366200e-02
2.270000000000000000e+02 3.551131840400478107e-02
2.280000000000000000e+02 3.084647254844897005e-02
2.290000000000000000e+02 2.639008928106924279e-02
2.300000000000000000e+02 2.813724827985896251e-02
2.310000000000000000e+02 2.870550050231446965e-02
2.320000000000000000e+02 2.675629669885329354e-02
2.330000000000000000e+02 2.669260501726947871e-02
2.340000000000000000e+02 2.503027009613619652e-02
2.350000000000000000e+02 2.479868423827241708e-02
2.360000000000000000e+02 2.552097045505008488e-02
2.370000000000000000e+02 2.236079894626299622e-02
2.380000000000000000e+02 2.101904501272328432e-02
2.390000000000000000e+02 2.130193911267591958e-02
2.400000000000000000e+02 2.064394466402966893e-02
2.410000000000000000e+02 1.946686407238967451e-02
2.420000000000000000e+02 1.872729891941124838e-02
2.430000000000000000e+02 1.802450716969945799e-02
2.440000000000000000e+02 1.604053825798218771e-02
2.450000000000000000e+02 1.911756978136280524e-02
2.460000000000000000e+02 1.556624858231396569e-02
2.470000000000000000e+02 1.675086058509581491e-02
2.480000000000000000e+02 1.468786831854684491e-02
2.490000000000000000e+02 1.262690908180960116e-02
2.500000000000000000e+02 1.457136835152838747e-02
2.510000000000000000e+02 1.292399444970190360e-02
2.520000000000000000e+02 1.355357908247357274e-02
2.530000000000000000e+02 1.137444461511878148e-02
2.540000000000000000e+02 1.050792045041400689e-02
2.550000000000000000e+02 1.083251881788983330e-02
2.560000000000000000e+02 1.062643811454262559e-02
2.570000000000000000e+02 9.455764048586338261e-03
2.580000000000000000e+02 9.604994338200702197e-03
2.590000000000000000e+02 9.387833886211264037e-03
2.600000000000000000e+02 9.652764676885800324e-03
2.610000000000000000e+02 9.168091881246429736e-03
2.620000000000000000e+02 9.075297842807892451e-03
2.630000000000000000e+02 8.772432627144445896e-03
2.640000000000000000e+02 7.549074906807074110e-03
2.650000000000000000e+02 7.065748866640773201e-03
2.660000000000000000e+02 7.931344554029400376e-03
2.670000000000000000e+02 7.157668316004880092e-03
2.680000000000000000e+02 6.058219943316975852e-03
2.690000000000000000e+02 6.255474851131108752e-03
2.700000000000000000e+02 5.250155403402003915e-03
2.710000000000000000e+02 6.546266099489950370e-03
2.720000000000000000e+02 6.072384303044270348e-03
2.730000000000000000e+02 5.211400324273809774e-03
2.740000000000000000e+02 5.332552896267273891e-03
2.750000000000000000e+02 4.544777380822210416e-03
2.760000000000000000e+02 4.209519701678217374e-03
2.770000000000000000e+02 4.707076837458586994e-03
2.780000000000000000e+02 4.211348327384348972e-03
2.790000000000000000e+02 4.338924190462928494e-03
2.800000000000000000e+02 3.748755744592773172e-03
2.810000000000000000e+02 3.903755985402971532e-03
2.820000000000000000e+02 3.653899318205010901e-03
2.830000000000000000e+02 3.789078556558576980e-03
2.840000000000000000e+02 3.282502058680879676e-03
2.850000000000000000e+02 2.756240018265222746e-03
2.860000000000000000e+02 3.092921264908885404e-03
2.870000000000000000e+02 3.037149439322296262e-03
2.880000000000000000e+02 2.589080177466022026e-03
2.890000000000000000e+02 2.750696539571946542e-03
2.900000000000000000e+02 2.703654048983458996e-03
2.910000000000000000e+02 2.177864751235518079e-03
2.920000000000000000e+02 2.344073669513604182e-03
2.930000000000000000e+02 2.263681164115080927e-03
2.940000000000000000e+02 2.183598530505535470e-03
2.950000000000000000e+02 2.135316849414026046e-03
2.960000000000000000e+02 2.079126942160834310e-03
2.970000000000000000e+02 1.993180919216597149e-03
2.980000000000000000e+02 1.686070254512768950e-03
2.990000000000000000e+02 1.736888981590009812e-03
3.000000000000000000e+02 1.886787432204285395e-03
3.010000000000000000e+02 1.632798533340976176e-03
3.020000000000000000e+02 1.587739238327009507e-03
3.030000000000000000e+02 1.317545890838868212e-03
3.040000000000000000e+02 1.486408282981530179e-03
3.050000000000000000e+02 1.377667301264721457e-03
3.060000000000000000e+02 1.318324419712950651e-03
3.070000000000000000e+02 1.134329659673501264e-03
3.080000000000000000e+02 1.351256263288947834e-03
3.090000000000000000e+02 1.197116616811643884e-03
3.100000000000000000e+02 1.244110518209900649e-03
3.110000000000000000e+02 1.091290898363041261e-03
3.120000000000000000e+02 1.089412927306584490e-03
3.130000000000000000e+02 9.127700355547538336e-04
3.140000000000000000e+02 8.548385125774212801e-04
3.150000000000000000e+02 9.630295590317903805e-04
3.160000000000000000e+02 8.335030847419525827e-04
3.170000000000000000e+02 7.946598673257901499e-04
3.180000000000000000e+02 7.916646500492444420e-04
3.190000000000000000e+02 8.140061883900268167e-04
3.200000000000000000e+02 7.876947463249802479e-04
3.210000000000000000e+02 6.626693953002223050e-04
3.220000000000000000e+02 7.348422607148840172e-04
3.230000000000000000e+02 6.546338603722785809e-04
3.240000000000000000e+02 7.033052677305720764e-04
3.250000000000000000e+02 6.912207536230778821e-04
3.260000000000000000e+02 5.622694664954888373e-04
3.270000000000000000e+02 6.114873451813138388e-04
3.280000000000000000e+02 5.978920255803385616e-04
3.290000000000000000e+02 5.542061907137396269e-04
3.300000000000000000e+02 5.119683806775838716e-04
3.310000000000000000e+02 5.403675889444986774e-04
3.320000000000000000e+02 5.406500278002714663e-04
3.330000000000000000e+02 5.122227994498976689e-04
3.340000000000000000e+02 4.950677528390116933e-04
3.350000000000000000e+02 4.775342811362601582e-04
3.360000000000000000e+02 4.830156528178549996e-04
3.370000000000000000e+02 4.076914479041484057e-04
3.380000000000000000e+02 4.671865736623734321e-04
3.390000000000000000e+02 3.848879670212577639e-04
3.400000000000000000e+02 5.047121587709772024e-04
3.410000000000000000e+02 3.531101918656295163e-04
3.420000000000000000e+02 4.105920878417722557e-04
3.430000000000000000e+02 4.372648851990223518e-04
3.440000000000000000e+02 4.139557614231919973e-04
3.450000000000000000e+02 3.870075510361845939e-04
3.460000000000000000e+02 3.801815341320780289e-04
3.470000000000000000e+02 3.825477070008178704e-04
3.480000000000000000e+02 3.804689139723395059e-04
3.490000000000000000e+02 3.906271053948386345e-04
3.500000000000000000e+02 3.460390902481103341e-04
3.510000000000000000e+02 3.485280901808689245e-04
3.520000000000000000e+02 3.387693290148982204e-04
3.530000000000000000e+02 3.160469555491378650e-04
3.540000000000000000e+02 3.122853357420582151e-04
3.550000000000000000e+02 3.329180593815590501e-04
3.560000000000000000e+02 3.223334441486709720e-04
3.570000000000000000e+02 3.190968157403419156e-04
3.580000000000000000e+02 3.155946825545286722e-04
3.590000000000000000e+02 3.122880860927634817e-04
3.600000000000000000e+02 3.042487593017398286e-04
3.610000000000000000e+02 3.418865993657465002e-04
3.620000000000000000e+02 3.176960724908001080e-04
3.630000000000000000e+02 3.310482078586561962e-04
3.640000000000000000e+02 3.035028262350396777e-04
3.650000000000000000e+02 3.274844849361956481e-04
3.660000000000000000e+02 3.028550556010766804e-04
3.670000000000000000e+02 3.051148367169509803e-04
3.680000000000000000e+02 2.816226455382948380e-04
3.690000000000000000e+02 3.035123722201665038e-04
3.700000000000000000e+02 2.918318315632726593e-04
3.710000000000000000e+02 3.208525037797044731e-04
3.720000000000000000e+02 3.100995964334636937e-04
3.730000000000000000e+02 2.831146217467341757e-04
3.740000000000000000e+02 3.210161621987835156e-04
3.750000000000000000e+02 3.139337771398668540e-04
3.760000000000000000e+02 3.221527029183744143e-04
3.770000000000000000e+02 2.874717366835945241e-04
3.780000000000000000e+02 2.975033003094914273e-04
3.790000000000000000e+02 2.720813303752074152e-04
3.800000000000000000e+02 3.083137371375140609e-04
3.810000000000000000e+02 2.840325880197291345e-04
3.820000000000000000e+02 3.025893555373711089e-04
3.830000000000000000e+02 2.924762118615755477e-04
