0.000000000000000000e+00 -3.038843079033917149e+01
1.000000000000000000e+00 -2.961148500202047984e+01
2.000000000000000000e+00 8.724910348801712701e+01
3.000000000000000000e+00 2.456117023403872111e+02
4.000000000000000000e+00 2.427320974985051407e+02
5.000000000000000000e+00 2.341692685583369098e+02
6.000000000000000000e+00 7.600929628767602253e+01
7.000000000000000000e+00 7.425066535916351995e+01
8.000000000000000000e+00 6.267468470550250714e+01
9.000000000000000000e+00 7.181355471640142696e+01
1.000000000000000000e+01 2.534427823588735507e+01
1.100000000000000000e+01 5.436414585682430811e+01
1.200000000000000000e+01 2.187885927874083336e+01
1.300000000000000000e+01 1.871339806758039614e+01
1.400000000000000000e+01 2.588385618696412038e+01
1.500000000000000000e+01 2.558680890408834330e+01
1.600000000000000000e+01 2.064942448720148960e+01
1.700000000000000000e+01 2.925396427109232533e+01
1.800000000000000000e+01 1.367291790608869206e+01
1.900000000000000000e+01 1.280436496505138244e+01
2.000000000000000000e+01 1.065540310835722515e+01
2.100000000000000000e+01 7.988312403689501018e+00
2.200000000000000000e+01 8.145240960117723361e+00
2.300000000000000000e+01 7.731964680340259299e+00
2.400000000000000000e+01 8.437103903494506341e+00
2.500000000000000000e+01 5.509664092668753455e+00
2.600000000000000000e+01 9.125951939287080705e+00
2.700000000000000000e+01 8.428131469645396834e+00
2.800000000000000000e+01 9.275236737012788168e+00
2.900000000000000000e+01 8.222035538672665567e+00
3.000000000000000000e+01 7.557075846018162402e+00
3.100000000000000000e+01 6.200074190424765597e+00
3.200000000000000000e+01 8.475248380062954112e+00
3.300000000000000000e+01 5.450967312199949788e+00
3.400000000000000000e+01 5.172891673620248376e+00
3.500000000000000000e+01 4.217429056822919797e+00
3.600000000000000000e+01 4.606143978628905344e+00
3.700000000000000000e+01 5.865202747319271381e+00
3.800000000000000000e+01 5.796068075318022039e+00
3.900000000000000000e+01 4.475045478786287667e+00
4.000000000000000000e+01 5.809896559490457690e+00
4.100000000000000000e+01 4.292976730581241185e+00
4.200000000000000000e+01 4.898898200119459645e+00
4.300000000000000000e+01 3.863964710478900333e+00
4.400000000000000000e+01 4.120600756633539419e+00
4.500000000000000000e+01 2.908431804232226803e+00
4.600000000000000000e+01 2.594588392248616593e+00
4.700000000000000000e+01 4.316264233790652938e+00
4.800000000000000000e+01 2.097562506844647512e+00
4.900000000000000000e+01 3.226460642725939909e+00
5.000000000000000000e+01 4.065782480118710573e+00
5.100000000000000000e+01 2.228473419425021973e+00
5.200000000000000000e+01 2.879877066378493833e+00
5.300000000000000000e+01 2.163441729774648437e+00
5.400000000000000000e+01 1.890240210875507421e+00
5.500000000000000000e+01 2.683874172505483546e+00
5.600000000000000000e+01 2.947457371077784938e+00
5.700000000000000000e+01 2.751386439904004000e+00
5.800000000000000000e+01 2.701767830256660563e+00
5.900000000000000000e+01 1.990875953184710445e+00
6.000000000000000000e+01 2.278262603652732476e+00
6.100000000000000000e+01 1.958217831415275167e+00
6.200000000000000000e+01 2.582914792475483612e+00
6.300000000000000000e+01 1.935007288126834757e+00
6.400000000000000000e+01 1.493835812959568132e+00
6.500000000000000000e+01 1.974315336128172449e+00
6.600000000000000000e+01 1.865628174799870864e+00
6.700000000000000000e+01 1.829383824560380178e+00
6.800000000000000000e+01 1.767215211542020770e+00
6.900000000000000000e+01 2.320013995085746128e+00
7.000000000000000000e+01 1.521371336370424432e+00
7.100000000000000000e+01 1.792784495614247575e+00
7.200000000000000000e+01 1.365168502211573154e+00
7.300000000000000000e+01 2.295720085526743226e+00
7.400000000000000000e+01 1.785280060700195737e+00
7.500000000000000000e+01 1.401056334450092589e+00
7.600000000000000000e+01 1.361571128817581133e+00
7.700000000000000000e+01 1.643622291193278295e+00
7.800000000000000000e+01 1.266853700067150257e+00
7.900000000000000000e+01 1.027870547813382496e+00
8.000000000000000000e+01 1.492865796451410265e+00
8.100000000000000000e+01 1.403763938701451996e+00
8.200000000000000000e+01 1.798722969707100550e+00
8.300000000000000000e+01 1.226423550638404025e+00
8.400000000000000000e+01 9.837103825531738899e-01
8.500000000000000000e+01 1.273288438186198190e+00
8.600000000000000000e+01 1.390941288033041401e+00
8.700000000000000000e+01 1.186270381635167848e+00
8.800000000000000000e+01 9.069535634062950713e-01
8.900000000000000000e+01 1.270761884409134845e+00
9.000000000000000000e+01 1.045343589343519675e+00
9.100000000000000000e+01 1.174441459053595649e+00
9.200000000000000000e+01 1.121819726996935662e+00
9.300000000000000000e+01 1.277955283176162693e+00
9.400000000000000000e+01 1.018117477594477904e+00
9.500000000000000000e+01 8.459415911628234142e-01
9.600000000000000000e+01 9.502164626953442106e-01
9.700000000000000000e+01 9.869408554278216172e-01
9.800000000000000000e+01 7.394618994222348363e-01
9.900000000000000000e+01 1.078880386119563717e+00
1.000000000000000000e+02 9.942482031836037404e-01
1.010000000000000000e+02 9.206512752743970518e-01
1.020000000000000000e+02 8.674137049933041688e-01
1.030000000000000000e+02 7.730408217847822838e-01
1.040000000000000000e+02 1.064626204789435482e+00
1.050000000000000000e+02 7.509590789096780572e-01
1.060000000000000000e+02 7.992615676915030276e-01
1.070000000000000000e+02 8.879798531841558429e-01
1.080000000000000000e+02 1.045530324017448720e+00
1.090000000000000000e+02 7.989020600734546562e-01
1.100000000000000000e+02 8.692306994128587982e-01
1.110000000000000000e+02 6.778994056783467226e-01
1.120000000000000000e+02 7.985067678006727565e-01
1.130000000000000000e+02 5.417313107146888296e-01
1.140000000000000000e+02 4.908552497317162366e-01
1.150000000000000000e+02 7.175495652362925414e-01
1.160000000000000000e+02 8.477426005755188676e-01
1.170000000000000000e+02 8.131469422033376082e-01
1.180000000000000000e+02 6.887124464303817639e-01
1.190000000000000000e+02 5.916526782779976124e-01
1.200000000000000000e+02 4.312018553132502263e-01
1.210000000000000000e+02 7.785346271491992987e-01
1.220000000000000000e+02 6.047751890055245161e-01
1.230000000000000000e+02 6.192127089483332458e-01
1.240000000000000000e+02 4.606200067242760543e-01
1.250000000000000000e+02 5.626452771372218997e-01
1.260000000000000000e+02 5.322141382065421755e-01
1.270000000000000000e+02 5.536277908882447640e-01
1.280000000000000000e+02 5.673982616807924373e-01
1.290000000000000000e+02 4.495399118943459449e-01
1.300000000000000000e+02 5.558682250623373511e-01
1.310000000000000000e+02 4.008949093979696232e-01
1.320000000000000000e+02 4.097541362528647202e-01
1.330000000000000000e+02 4.759015334692283106e-01
1.340000000000000000e+02 4.198234074137241478e-01
1.350000000000000000e+02 5.132696923509861842e-01
1.360000000000000000e+02 5.818657320777781417e-01
1.370000000000000000e+02 4.241561812234801998e-01
1.380000000000000000e+02 4.182494134405603248e-01
1.390000000000000000e+02 4.414973677247677752e-01
1.400000000000000000e+02 4.005426640137871863e-01
1.410000000000000000e+02 3.991410954071320516e-01
1.420000000000000000e+02 3.875298081337149592e-01
1.430000000000000000e+02 3.637693131190146700e-01
1.440000000000000000e+02 3.543731864255481590e-01
1.450000000000000000e+02 4.491741399876733598e-01
1.460000000000000000e+02 3.526555928431263642e-01
1.470000000000000000e+02 3.322004305798904600e-01
1.480000000000000000e+02 3.063579355267208038e-01
1.490000000000000000e+02 2.359209175468175435e-01
1.500000000000000000e+02 3.182534236629366853e-01
1.510000000000000000e+02 2.847741760717023007e-01
1.520000000000000000e+02 2.747351433608221094e-01
1.530000000000000000e+02 3.156562795605024618e-01
1.540000000000000000e+02 2.276892903960949510e-01
1.550000000000000000e+02 2.989539252059888463e-01
1.560000000000000000e+02 2.760375390461283218e-01
1.570000000000000000e+02 2.555621126041839886e-01
1.580000000000000000e+02 3.085269847094088691e-01
1.590000000000000000e+02 2.718893924739629875e-01
1.600000000000000000e+02 2.786544443918091973e-01
1.610000000000000000e+02 2.421256065125054202e-01
1.620000000000000000e+02 2.138425453858314174e-01
1.630000000000000000e+02 2.080410209442797587e-01
1.640000000000000000e+02 2.244364083597727710e-01
1.650000000000000000e+02 2.073563245840544245e-01
1.660000000000000000e+02 2.356852204701538056e-01
1.670000000000000000e+02 2.594069423891307569e-01
1.680000000000000000e+02 2.003121519854660915e-01
1.690000000000000000e+02 1.891426966087189077e-01
1.700000000000000000e+02 1.795535963104164523e-01
1.710000000000000000e+02 1.655175008567520423e-01
1.720000000000000000e+02 1.811379732808857945e-01
1.730000000000000000e+02 1.825050187209926456e-01
1.740000000000000000e+02 1.546069133674596585e-01
1.750000000000000000e+02 1.627159515302074588e-01
1.760000000000000000e+02 1.620478920919420363e-01
1.770000000000000000e+02 1.448419538140723051e-01
1.780000000000000000e+02 1.283228183578933590e-01
1.790000000000000000e+02 1.819595980084459386e-01
1.800000000000000000e+02 1.442492427905687769e-01
1.810000000000000000e+02 1.108396899004667063e-01
1.820000000000000000e+02 1.069869553725113498e-01
1.830000000000000000e+02 1.098387065355936471e-01
1.840000000000000000e+02 1.288002938607016035e-01
1.850000000000000000e+02 1.431369309351553099e-01
1.860000000000000000e+02 1.294206120976145180e-01
1.870000000000000000e+02 1.035912299228243100e-01
1.880000000000000000e+02 1.288252191531014945e-01
1.890000000000000000e+02 1.287864859128895201e-01
1.900000000000000000e+02 1.103754921207087542e-01
1.910000000000000000e+02 1.057999887467060557e-01
1.920000000000000000e+02 1.171062266243165367e-01
1.930000000000000000e+02 1.071395026396226025e-01
1.940000000000000000e+02 9.360533237074522561e-02
1.950000000000000000e+02 7.630277971486187916e-02
1.960000000000000000e+02 8.729142674083367748e-02
1.970000000000000000e+02 8.442297019191338792e-02
1.980000000000000000e+02 8.217053371231525238e-02
1.990000000000000000e+02 7.089738463981952454e-02
2.000000000000000000e+02 7.432300385427895173e-02
2.010000000000000000e+02 7.261887977142415795e-02
2.020000000000000000e+02 7.126894331536684501e-02
2.030000000000000000e+02 7.458397430270624628e-02
2.040000000000000000e+02 7.237147487969242121e-02
2.050000000000000000e+02 6.859881837978003272e-02
2.060000000000000000e+02 5.554029624047243652e-02
2.070000000000000000e+02 6.243583654500401564e-02
2.080000000000000000e+02 5.516846811416199758e-02
2.090000000000000000e+02 4.886244416220621167e-02
2.100000000000000000e+02 5.646690606968766957e-02
2.110000000000000000e+02 5.157585933033010522e-02
2.120000000000000000e+02 5.192947305083538134e-02
2.130000000000000000e+02 5.561866381879843058e-02
2.140000000000000000e+02 4.344287919382285035e-02
2.150000000000000000e+02 5.295937498506483876e-02
2.160000000000000000e+02 4.956965512843546778e-02
2.170000000000000000e+02 4.052938889945770923e-02
2.180000000000000000e+02 4.497139447776168919e-02
2.190000000000000000e+02 4.252503019384851202e-02
2.200000000000000000e+02 4.105516108150790433e-02
2.210000000000000000e+02 4.453824716006933582e-02
2.220000000000000000e+02 4.208828083856778340e-02
2.230000000000000000e+02 3.549778646879490213e-02
2.240000000000000000e+02 3.413450715788571288e-02
2.250000000000000000e+02 3.103106067427091955e-02
2.260000000000000000e+02 3.541360595911994397e-02
2.270000000000000000e+02 3.496879073893048584e-02
2.280000000000000000e+02 2.691381745715716589e-02
2.290000000000000000e+02 2.603071749903548490e-02
2.300000000000000000e+02 2.635944913349997851e-02
2.310000000000000000e+02 3.192779686995504684e-02
2.320000000000000000e+02 3.118424290594278697e-02
2.330000000000000000e+02 2.654940600744807103e-02
2.340000000000000000e+02 2.055556234883060621e-02
2.350000000000000000e+02 2.178065058901658413e-02
2.360000000000000000e+02 2.297898462125896879e-02
2.370000000000000000e+02 2.156669311304734368e-02
2.380000000000000000e+02 2.140059572368110952e-02
2.390000000000000000e+02 1.837940077710618555e-02
2.400000000000000000e+02 2.206703929527487409e-02
2.410000000000000000e+02 2.067966272622106041e-02
2.420000000000000000e+02 1.672930108032957136e-02
2.430000000000000000e+02 1.790540871265957484e-02
2.440000000000000000e+02 1.339267700464298085e-02
2.450000000000000000e+02 1.837064695684949983e-02
2.460000000000000000e+02 1.582487881321282749e-02
2.470000000000000000e+02 1.694817086077706272e-02
2.480000000000000000e+02 1.491013589512398332e-02
2.490000000000000000e+02 1.392449926680956046e-02
2.500000000000000000e+02 1.151042755291813852e-02
2.510000000000000000e+02 1.313041501859672430e-02
2.520000000000000000e+02 1.451293240615967803e-02
2.530000000000000000e+02 1.169112075228179344e-02
2.540000000000000000e+02 8.306532186757113398e-03
2.550000000000000000e+02 1.016333241523204901e-02
2.560000000000000000e+02 1.116437976136141520e-02
2.570000000000000000e+02 1.015349664555881964e-02
2.580000000000000000e+02 8.903318748429792442e-03
2.590000000000000000e+02 8.115045767242029875e-03
2.600000000000000000e+02 9.877212677875798694e-03
2.610000000000000000e+02 6.020191168798556119e-03
2.620000000000000000e+02 1.005520322223815016e-02
2.630000000000000000e+02 9.368579930623054455e-03
2.640000000000000000e+02 8.326291367110223718e-03
2.650000000000000000e+02 6.537100491668684614e-03
2.660000000000000000e+02 6.214398654662002877e-03
2.670000000000000000e+02 6.098536388343743335e-03
2.680000000000000000e+02 7.136080016244134017e-03
2.690000000000000000e+02 5.994899548058632913e-03
2.700000000000000000e+02 5.351700278109478189e-03
2.710000000000000000e+02 5.460239978581063816e-03
2.720000000000000000e+02 7.410011457247411143e-03
2.730000000000000000e+02 4.495925057523217534e-03
2.740000000000000000e+02 5.881888433491881327e-03
2.750000000000000000e+02 4.256081781505014448e-03
2.760000000000000000e+02 3.454301448949916205e-03
2.770000000000000000e+02 5.211666456594645121e-03
2.780000000000000000e+02 2.398165222579300756e-03
2.790000000000000000e+02 4.490573947012269258e-03
2.800000000000000000e+02 3.402731855680211134e-03
2.810000000000000000e+02 3.723766852677926412e-03
2.820000000000000000e+02 4.709159637275560535e-03
2.830000000000000000e+02 3.391340168620263652e-03
2.840000000000000000e+02 3.165343569468781742e-03
2.850000000000000000e+02 2.584364416595596580e-03
2.860000000000000000e+02 2.961377390603376313e-03
2.870000000000000000e+02 3.068438537164829699e-03
2.880000000000000000e+02 2.273170714629705377e-03
2.890000000000000000e+02 2.968576956318380936e-03
2.900000000000000000e+02 3.201149822811698471e-03
2.910000000000000000e+02 2.539109331672875260e-03
2.920000000000000000e+02 3.116948427684394004e-03
2.930000000000000000e+02 2.875189678106163452e-03
2.940000000000000000e+02 2.270441835755520991e-03
2.950000000000000000e+02 2.112311967275392992e-03
2.960000000000000000e+02 2.282402720466999643e-03
2.970000000000000000e+02 2.079543739513717293e-03
2.980000000000000000e+02 1.959638739848784759e-03
2.990000000000000000e+02 2.814852040215647284e-03
3.000000000000000000e+02 2.160543166146214420e-03
3.010000000000000000e+02 1.262416711366631111e-03
3.020000000000000000e+02 1.846045379135757229e-03
3.030000000000000000e+02 1.650480075222009136e-03
3.040000000000000000e+02 1.137071109633329673e-03
3.050000000000000000e+02 1.913915868176579863e-03
3.060000000000000000e+02 5.988331075428470276e-04
3.070000000000000000e+02 9.092543503849648224e-04
3.080000000000000000e+02 1.319402863297178654e-03
3.090000000000000000e+02 1.768826998899142473e-03
3.100000000000000000e+02 1.549287067457388953e-03
3.110000000000000000e+02 1.561332604826859514e-03
3.120000000000000000e+02 1.611339470930002720e-03
3.130000000000000000e+02 1.117018656147225749e-03
3.140000000000000000e+02 1.251032969173229963e-03
3.150000000000000000e+02 3.229102724019253267e-04
3.160000000000000000e+02 8.484857021076082232e-04
3.170000000000000000e+02 8.087291048844055244e-04
3.180000000000000000e+02 1.244795626858551758e-03
3.190000000000000000e+02 1.283531668398781500e-03
3.200000000000000000e+02 1.198847798201172973e-03
3.210000000000000000e+02 6.778001140855078547e-04
3.220000000000000000e+02 7.475488220632001786e-04
3.230000000000000000e+02 7.630547926084885971e-04
3.240000000000000000e+02 7.431061347003907035e-04
3.250000000000000000e+02 1.230996564581531959e-03
3.260000000000000000e+02 1.052160282033974418e-03
3.270000000000000000e+02 1.179823963836758869e-03
3.280000000000000000e+02 9.751386763866946601e-04
3.290000000000000000e+02 1.204159699171606030e-03
3.300000000000000000e+02 7.900548547693923059e-04
3.310000000000000000e+02 5.948902297325801185e-04
3.320000000000000000e+02 7.088476697206251738e-04
3.330000000000000000e+02 5.027784663121433618e-04
3.340000000000000000e+02 7.291965947299036601e-04
3.350000000000000000e+02 4.902351724310167287e-04
3.360000000000000000e+02 6.694831777259545183e-04
3.370000000000000000e+02 1.030541992441286756e-03
3.380000000000000000e+02 6.530672258155314353e-04
3.390000000000000000e+02 6.234899434319790979e-04
3.400000000000000000e+02 9.973825137872336776e-04
3.410000000000000000e+02 1.066880833749703477e-03
3.420000000000000000e+02 1.039820661685134529e-03
3.430000000000000000e+02 9.377610208300821886e-04
3.440000000000000000e+02 7.284955018874881769e-04
3.450000000000000000e+02 8.279152483273553463e-04
3.460000000000000000e+02 6.402813473705849107e-04
3.470000000000000000e+02 6.834048184713970801e-04
3.480000000000000000e+02 6.508997950668032233e-04
3.490000000000000000e+02 9.532787330265755314e-04
3.500000000000000000e+02 1.019538581153643176e-03
3.510000000000000000e+02 1.017836781075761405e-03
3.520000000000000000e+02 7.695533665096203650e-04
3.530000000000000000e+02 8.766705117177678438e-04
3.540000000000000000e+02 8.208599156427855061e-04
3.550000000000000000e+02 9.284107421627074393e-04
3.560000000000000000e+02 5.543847868207329131e-04
3.570000000000000000e+02 7.567647313643487963e-04
3.580000000000000000e+02 9.035065165462065166e-04
3.590000000000000000e+02 1.255941902357570828e-03
3.600000000000000000e+02 9.937539110528310470e-04
3.610000000000000000e+02 1.230108980521771788e-03
3.620000000000000000e+02 9.464564232417690308e-04
3.630000000000000000e+02 1.039527426406458045e-03
3.640000000000000000e+02 8.787762508243073456e-04
3.650000000000000000e+02 8.737724278459788963e-04
3.660000000000000000e+02 8.553570113944272343e-04
3.670000000000000000e+02 8.495816479279189688e-04
3.680000000000000000e+02 8.994470538877565036e-04
3.690000000000000000e+02 1.409735728438011584e-03
3.700000000000000000e+02 8.458926210279095427e-04
3.710000000000000000e+02 9.081247581860029750e-04
3.720000000000000000e+02 6.159531698321458809e-04
3.730000000000000000e+02 9.844978487041696359e-04
3.740000000000000000e+02 1.379723771177989973e-03
3.750000000000000000e+02 1.386183566457158123e-03
3.760000000000000000e+02 1.603225107685432192e-03
3.770000000000000000e+02 9.620759715392777998e-04
3.780000000000000000e+02 1.463336255791590794e-03
3.790000000000000000e+02 1.145860073485119963e-03
3.800000000000000000e+02 1.774655983251247114e-03
3.810000000000000000e+02 1.257446357256630049e-03
3.820000000000000000e+02 1.499438341348501838e-03
3.830000000000000000e+02 1.528120049625288687e-03
