# nlmax, ncor, nside =         383           1         128
    0   0.2943201027135594E-03
    1   0.8612629684258606E-05
    2   0.1713092387888668E-03
    3   0.4786642643769882E-03
    4   0.2234097695846366E-03
    5   0.2926898178105172E-03
    6   0.9672195456183119E-04
    7   0.1186810097698477E-03
    8   0.5513303134820360E-04
    9   0.4310125044028146E-04
   10   0.5550254972254632E-04
   11   0.4413986605133603E-04
   12   0.3056188406778495E-04
   13   0.2469238665094259E-04
   14   0.2432492118621710E-04
   15   0.2145431993764801E-04
   16   0.1580111266251904E-04
   17   0.1778507347060865E-04
   18   0.1135746904698841E-04
   19   0.1435669308735346E-04
   20   0.1072713020391435E-04
   21   0.8264326460922415E-05
   22   0.7330506771012963E-05
   23   0.8047789386457213E-05
   24   0.8239147687965537E-05
   25   0.7848694247055874E-05
   26   0.8666491739806644E-05
   27   0.6392182813843103E-05
   28   0.9115650835547783E-05
   29   0.7416633533783451E-05
   30   0.5890390694211260E-05
   31   0.5481507270924464E-05
   32   0.8279674551646607E-05
   33   0.5306461245544309E-05
   34   0.5806925260585855E-05
   35   0.4248930547785426E-05
   36   0.5180054698803060E-05
   37   0.5696245976326433E-05
   38   0.4946083308339129E-05
   39   0.4587917872001183E-05
   40   0.6690295751848998E-05
   41   0.3820258523331775E-05
   42   0.3948090296576679E-05
   43   0.3846352665050391E-05
   44   0.3195240619706309E-05
   45   0.2979632549551057E-05
   46   0.3023168738652670E-05
   47   0.4269612205143605E-05
   48   0.2425978553916816E-05
   49   0.3727387257147193E-05
   50   0.3508865224392241E-05
   51   0.2664514146448077E-05
   52   0.2889893753278789E-05
   53   0.2254182450717433E-05
   54   0.2286206375815839E-05
   55   0.2524366946144443E-05
   56   0.3184346694532346E-05
   57   0.2616509126838368E-05
   58   0.2585608206453883E-05
   59   0.1956591415036799E-05
   60   0.2245850812211969E-05
   61   0.2148355885902664E-05
   62   0.2474718783450443E-05
   63   0.2269340880857051E-05
   64   0.2008267281394559E-05
   65   0.1839097660550457E-05
   66   0.1674991351130890E-05
   67   0.2001520580554063E-05
   68   0.1798514384765639E-05
   69   0.2052816887928753E-05
   70   0.1799243439039859E-05
   71   0.1660262339688518E-05
   72   0.1578458618730325E-05
   73   0.2046857008676421E-05
   74   0.1829472891434097E-05
   75   0.1573533324315940E-05
   76   0.1396434554393264E-05
   77   0.1659376675953175E-05
   78   0.1408300133214233E-05
   79   0.1077980678175785E-05
   80   0.1431242008206187E-05
   81   0.1426488540323274E-05
   82   0.1643877245024675E-05
   83   0.1220648293033765E-05
   84   0.1093572670579506E-05
   85   0.1232639148968622E-05
   86   0.1325341147858629E-05
   87   0.1338175415681127E-05
   88   0.1044726268687408E-05
   89   0.1187946792734143E-05
   90   0.1212687034415675E-05
   91   0.1199146007501195E-05
   92   0.1161292605790360E-05
   93   0.1101831340971710E-05
   94   0.9450037703154418E-06
   95   0.8333904520687030E-06
   96   0.8775529710011272E-06
   97   0.1052726610780608E-05
   98   0.7689070526497350E-06
   99   0.9749065130477879E-06
  100   0.9222306351810064E-06
  101   0.9233231824663766E-06
  102   0.9457777389762095E-06
  103   0.8382810576064508E-06
  104   0.9405251253092398E-06
  105   0.7042837006685225E-06
  106   0.8447328215356978E-06
  107   0.7951505309466563E-06
  108   0.9437024511712173E-06
  109   0.7697010081963008E-06
  110   0.7992367568602959E-06
  111   0.7186380916023147E-06
  112   0.6728716305543080E-06
  113   0.6023359619173919E-06
  114   0.5185284555473394E-06
  115   0.6979623626528943E-06
  116   0.7186526488132333E-06
  117   0.8357744313905925E-06
  118   0.6416636901783223E-06
  119   0.6106132439959602E-06
  120   0.5582154980164969E-06
  121   0.7597911025334923E-06
  122   0.5837404583682245E-06
  123   0.6225915234565935E-06
  124   0.5018910374776473E-06
  125   0.5471600229889444E-06
  126   0.5548388727927557E-06
  127   0.5310505540394617E-06
  128   0.5155276907432661E-06
  129   0.4672944901614320E-06
  130   0.5068693281768994E-06
  131   0.4387389421522514E-06
  132   0.4479587175373446E-06
  133   0.4728813033499694E-06
  134   0.4206006240699798E-06
  135   0.4576739539462482E-06
  136   0.4710468602460525E-06
  137   0.4156043957801980E-06
  138   0.4080405138221993E-06
  139   0.4016945302118019E-06
  140   0.3996753765289245E-06
  141   0.3817123809903217E-06
  142   0.3886441543932755E-06
  143   0.3945366146921430E-06
  144   0.3473917232663207E-06
  145   0.4003496173175970E-06
  146   0.3191344749567915E-06
  147   0.3241840964210318E-06
  148   0.3065601798727944E-06
  149   0.3197933919836956E-06
  150   0.3471475358141686E-06
  151   0.2922670438170669E-06
  152   0.2984401247275189E-06
  153   0.3312403443178902E-06
  154   0.2505430355992319E-06
  155   0.2655380780965346E-06
  156   0.2754782916276235E-06
  157   0.2571768020563875E-06
  158   0.2739490435656114E-06
  159   0.2550385712547597E-06
  160   0.2537115103445960E-06
  161   0.2436551784797388E-06
  162   0.2093406232458749E-06
  163   0.2354558429503670E-06
  164   0.2435741474363956E-06
  165   0.2005269083349541E-06
  166   0.2026250525949765E-06
  167   0.1942196906352253E-06
  168   0.2173802121208217E-06
  169   0.1852836603834436E-06
  170   0.1880500398487956E-06
  171   0.1716028244350086E-06
  172   0.2050268222903114E-06
  173   0.1836042975788049E-06
  174   0.1652443663765418E-06
  175   0.1634486193672386E-06
  176   0.1603416809752046E-06
  177   0.1432854866974939E-06
  178   0.1478623251425303E-06
  179   0.1749276309777348E-06
  180   0.1370446039616872E-06
  181   0.1179982120667792E-06
  182   0.1278139038329836E-06
  183   0.1372681289614139E-06
  184   0.1185307822846157E-06
  185   0.1408487678984744E-06
  186   0.1252712859633853E-06
  187   0.1059833490392659E-06
  188   0.1191652906385609E-06
  189   0.1222075712853545E-06
  190   0.1069071637752032E-06
  191   0.1083480945798126E-06
  192   0.1060899429582546E-06
  193   0.9483861212776897E-07
  194   0.9901564635225178E-07
  195   0.7922614161388864E-07
  196   0.8866391805265629E-07
  197   0.8154896553197653E-07
  198   0.8833557673589945E-07
  199   0.7886160864225906E-07
  200   0.7985651846802527E-07
  201   0.7106979834480886E-07
  202   0.7486779290853301E-07
  203   0.7928396125473036E-07
  204   0.7039031256934106E-07
  205   0.6673264124511311E-07
  206   0.6398133847833468E-07
  207   0.5825665796031870E-07
  208   0.6045207000331071E-07
  209   0.5417813217207527E-07
  210   0.5661765714590540E-07
  211   0.4951057271139046E-07
  212   0.5590620253843262E-07
  213   0.4992425729220815E-07
  214   0.4477813088124124E-07
  215   0.5164865087566087E-07
  216   0.4633912317496715E-07
  217   0.3970405796261212E-07
  218   0.4489717429834868E-07
  219   0.3904463831754702E-07
  220   0.4384586389993810E-07
  221   0.4135387743466184E-07
  222   0.4168122498254880E-07
  223   0.3526613919606881E-07
  224   0.3160213017344552E-07
  225   0.3206516572492480E-07
  226   0.3233281550018987E-07
  227   0.3328736907811327E-07
  228   0.2982649169557402E-07
  229   0.2557164295345479E-07
  230   0.2729862318125560E-07
  231   0.2820600860215345E-07
  232   0.2564384750954928E-07
  233   0.2511917541499274E-07
  234   0.2279782779727339E-07
  235   0.2326374935592089E-07
  236   0.2515760730559903E-07
  237   0.2118724202944308E-07
  238   0.2039909238078386E-07
  239   0.2106874412533014E-07
  240   0.2019119562207952E-07
  241   0.1849008509820595E-07
  242   0.1780938704357914E-07
  243   0.1740596739821208E-07
  244   0.1567289170035841E-07
  245   0.1834289221801267E-07
  246   0.1485520919380987E-07
  247   0.1599590095970530E-07
  248   0.1448097726487652E-07
  249   0.1192722729578613E-07
  250   0.1368620650490339E-07
  251   0.1244214612793883E-07
  252   0.1346836518107915E-07
  253   0.1129126558708014E-07
  254   0.1031693936383481E-07
  255   0.1042822266202581E-07
  256   0.9896848331905060E-08
  257   0.8942566477366588E-08
  258   0.9442552578224312E-08
  259   0.8484379006068834E-08
  260   0.9234662825886308E-08
  261   0.8597923911932659E-08
  262   0.8401612865142523E-08
  263   0.8517048664291960E-08
  264   0.7165375724967953E-08
  265   0.6232301564095616E-08
  266   0.7247988481865392E-08
  267   0.6674339642047878E-08
  268   0.5785837799491190E-08
  269   0.5881977955374244E-08
  270   0.4814357694192484E-08
  271   0.5914267653981121E-08
  272   0.5678312380561696E-08
  273   0.4783651095309054E-08
  274   0.5193330154586787E-08
  275   0.4024142297083411E-08
  276   0.4038075351739931E-08
  277   0.4383326501950455E-08
  278   0.4082535747552733E-08
  279   0.3974836167042140E-08
  280   0.3462702880889340E-08
  281   0.3467744192391870E-08
  282   0.3298299942375740E-08
  283   0.3240391363073409E-08
  284   0.2995734301546847E-08
  285   0.2551891030218358E-08
  286   0.2795200532093320E-08
  287   0.2616994917555192E-08
  288   0.2337609797847612E-08
  289   0.2463035495866095E-08
  290   0.2380230739007806E-08
  291   0.2032363947554311E-08
  292   0.1936230436324770E-08
  293   0.1996070887011007E-08
  294   0.1876081991190180E-08
  295   0.1862109041360020E-08
  296   0.1797819093995970E-08
  297   0.1662440239986820E-08
  298   0.1436293644942037E-08
  299   0.1517509890301819E-08
  300   0.1589780017985618E-08
  301   0.1376122466746509E-08
  302   0.1328385796514917E-08
  303   0.1144951091455349E-08
  304   0.1200668871818352E-08
  305   0.1119529390374235E-08
  306   0.1091877653573775E-08
  307   0.9240738766948378E-09
  308   0.1078529343610025E-08
  309   0.9629493051144745E-09
  310   0.9516038345455210E-09
  311   0.8382815014535495E-09
  312   0.8436299691645326E-09
  313   0.7102487917922057E-09
  314   0.6538417483195506E-09
  315   0.7741001382294071E-09
  316   0.6397372850769489E-09
  317   0.5696054162379468E-09
  318   0.5972151684427621E-09
  319   0.5963984178795695E-09
  320   0.5663531995560999E-09
  321   0.4666158021818212E-09
  322   0.5014962569422854E-09
  323   0.4657169531830212E-09
  324   0.4871289645386251E-09
  325   0.4639634050605100E-09
  326   0.3932574699224666E-09
  327   0.3887984330039034E-09
  328   0.3693712961042907E-09
  329   0.3440971546731892E-09
  330   0.3453655260835237E-09
  331   0.3164094847453695E-09
  332   0.3247166443040097E-09
  333   0.2818447739320331E-09
  334   0.2826545144706923E-09
  335   0.2593853028388829E-09
  336   0.2919176454418269E-09
  337   0.2369616825640441E-09
  338   0.2539881398029968E-09
  339   0.2023126899742427E-09
  340   0.2551123833253436E-09
  341   0.1956469905745919E-09
  342   0.2084244567433476E-09
  343   0.1940320801527485E-09
  344   0.2143050149825416E-09
  345   0.1731455484956706E-09
  346   0.1744244650922343E-09
  347   0.1651079425483083E-09
  348   0.1638827311483715E-09
  349   0.1644320787259953E-09
  350   0.1470476696180174E-09
  351   0.1483297890540048E-09
  352   0.1442656739104641E-09
  353   0.1390093087595565E-09
  354   0.1326722363716919E-09
  355   0.1369961136131379E-09
  356   0.1306957248299941E-09
  357   0.1257457656964077E-09
  358   0.1226861371655249E-09
  359   0.1237280855772986E-09
  360   0.1226923972496243E-09
  361   0.1301497961600690E-09
  362   0.1145646842675041E-09
  363   0.1207787188126878E-09
  364   0.1210947928486892E-09
  365   0.1156626056824038E-09
  366   0.1072342875106929E-09
  367   0.1168054375959654E-09
  368   0.1091063928895449E-09
  369   0.1125080955219173E-09
  370   0.1083046701089958E-09
  371   0.1132426195294703E-09
  372   0.1128215030281763E-09
  373   0.1003090347085224E-09
  374   0.1083295113700621E-09
  375   0.1144194050001476E-09
  376   0.1176929195706285E-09
  377   0.9850371065145576E-10
  378   0.1099057948020982E-09
  379   0.1091094765087356E-09
  380   0.1144626751932289E-09
  381   0.1066008515333348E-09
  382   0.1075027651136679E-09
  383   0.1115320084659399E-09
