# nlmax, ncor, nside =         383           1         128
  0.3135338232575680E+01 -0.9999804411726474E+00 -0.1748132867729961E-03
  0.3127236147596264E+01 -0.9998969471378596E+00 -0.1730569857082372E-03
  0.3119086215426199E+01 -0.9997467408113523E+00 -0.1712740798750920E-03
  0.3110925472535087E+01 -0.9995297988558859E+00 -0.1710000941826676E-03
  0.3102760628882369E+01 -0.9992461316671845E+00 -0.1719998931766386E-03
  0.3094593800861325E+01 -0.9988957572063257E+00 -0.1743017154044728E-03
  0.3086425863861635E+01 -0.9984786985384589E+00 -0.1780107994548949E-03
  0.3078257244836801E+01 -0.9979949833727938E+00 -0.1820790841943555E-03
  0.3070088176656729E+01 -0.9974446439389107E+00 -0.1858943490259241E-03
  0.3061918797072602E+01 -0.9968277169440913E+00 -0.1885886372407218E-03
  0.3053749192758969E+01 -0.9961442435551087E+00 -0.1889632771251640E-03
  0.3045579420968934E+01 -0.9953942693885953E+00 -0.1856292544430867E-03
  0.3037409521036948E+01 -0.9945778445047068E+00 -0.1782623581056150E-03
  0.3029239520877988E+01 -0.9936950234020883E+00 -0.1672233447957791E-03
  0.3021069440850104E+01 -0.9927458650133153E+00 -0.1545319149515238E-03
  0.3012899296148894E+01 -0.9917304327004320E+00 -0.1429415929234891E-03
  0.3004729098345992E+01 -0.9906487942504061E+00 -0.1333950289186109E-03
  0.2996558856408408E+01 -0.9895010218704087E+00 -0.1250041483653674E-03
  0.2988388577392205E+01 -0.9882871921828699E+00 -0.1163466527127992E-03
  0.2980218266925714E+01 -0.9870073862202815E+00 -0.1061638556765302E-03
  0.2972047929553217E+01 -0.9856616894197333E+00 -0.9503128657092597E-04
  0.2963877568983912E+01 -0.9842501916171713E+00 -0.8414828573273667E-04
  0.2955707188275296E+01 -0.9827729870413743E+00 -0.7410101544395113E-04
  0.2947536789970254E+01 -0.9812301743076443E+00 -0.6547585363293234E-04
  0.2939366376200951E+01 -0.9796218564112101E+00 -0.5807723708548255E-04
  0.2931195948768531E+01 -0.9779481407203411E+00 -0.4959733007488785E-04
  0.2923025509204947E+01 -0.9762091389691724E+00 -0.3831926189900053E-04
  0.2914855058821443E+01 -0.9744049672502397E+00 -0.2588063580362015E-04
  0.2906684598746917E+01 -0.9725357460067257E+00 -0.1647920737428537E-04
  0.2898514129958549E+01 -0.9706016000244151E+00 -0.1311542672183865E-04
  0.2890343653306462E+01 -0.9686026584233628E+00 -0.1479460672942766E-04
  0.2882173169533725E+01 -0.9665390546492710E+00 -0.1778435516177610E-04
  0.2874002679292686E+01 -0.9644109264645802E+00 -0.1902654599392509E-04
  0.2865832183158409E+01 -0.9622184159392698E+00 -0.1689787602175107E-04
  0.2857661681639792E+01 -0.9599616694413742E+00 -0.1162201999379789E-04
  0.2849491175188815E+01 -0.9576408376272095E+00 -0.4940728934151859E-05
  0.2841320664208285E+01 -0.9552560754313160E+00  0.1036535502125011E-05
  0.2833150149058343E+01 -0.9528075420561144E+00  0.5182628522018647E-05
  0.2824979630061970E+01 -0.9502954009612771E+00  0.7795652761976903E-05
  0.2816809107509663E+01 -0.9477198198528157E+00  0.9695618048435123E-05
  0.2808638581663412E+01 -0.9450809706718851E+00  0.1113985221083782E-04
  0.2800468052760122E+01 -0.9423790295833044E+00  0.1131058926571634E-04
  0.2792297521014540E+01 -0.9396141769637963E+00  0.9573278701830743E-05
  0.2784126986621790E+01 -0.9367865973899459E+00  0.6838998505024314E-05
  0.2775956449759565E+01 -0.9338964796258775E+00  0.5114243457842180E-05
  0.2767785910590029E+01 -0.9309440166106540E+00  0.5713664765337887E-05
  0.2759615369261481E+01 -0.9279294054453956E+00  0.8268609501981085E-05
  0.2751444825909805E+01 -0.9248528473801222E+00  0.1128576017285582E-04
  0.2743274280659743E+01 -0.9217145478003181E+00  0.1326257283250973E-04
  0.2735103733626014E+01 -0.9185147162132208E+00  0.1383274848875100E-04
  0.2726933184914305E+01 -0.9152535662338340E+00  0.1375305585088716E-04
  0.2718762634622138E+01 -0.9119313155706682E+00  0.1411925242069855E-04
  0.2710592082839649E+01 -0.9085481860112055E+00  0.1519973620037518E-04
  0.2702421529650271E+01 -0.9051044034070944E+00  0.1680430419852472E-04
  0.2694250975131350E+01 -0.9016001976590722E+00  0.1867719054025013E-04
  0.2686080419354687E+01 -0.8980358027016164E+00  0.2091205630004917E-04
  0.2677909862387029E+01 -0.8944114564873288E+00  0.2383153377180260E-04
  0.2669739304290507E+01 -0.8907274009710492E+00  0.2699744524900994E-04
  0.2661568745123026E+01 -0.8869838820937034E+00  0.2905336572243476E-04
  0.2653398184938621E+01 -0.8831811497658847E+00  0.2937345688716324E-04
  0.2645227623787777E+01 -0.8793194578511700E+00  0.2866470154224094E-04
  0.2637057061717711E+01 -0.8753990641491725E+00  0.2725601154913573E-04
  0.2628886498772639E+01 -0.8714202303783312E+00  0.2477849329377751E-04
  0.2620715934994006E+01 -0.8673832221584393E+00  0.2200527589626886E-04
  0.2612545370420704E+01 -0.8632883089929120E+00  0.2036681456849156E-04
  0.2604374805089263E+01 -0.8591357642507945E+00  0.2009112473646501E-04
  0.2596204239034032E+01 -0.8549258651485127E+00  0.1979191187411765E-04
  0.2588033672287335E+01 -0.8506588927313666E+00  0.1809727711114589E-04
  0.2579863104879621E+01 -0.8463351318547683E+00  0.1535020848894366E-04
  0.2571692536839600E+01 -0.8419548711652254E+00  0.1390197587051306E-04
  0.2563521968194363E+01 -0.8375184030810715E+00  0.1494064437438759E-04
  0.2555351398969496E+01 -0.8330260237729452E+00  0.1730264458309818E-04
  0.2547180829189184E+01 -0.8284780331440178E+00  0.1927947090866040E-04
  0.2539010258876304E+01 -0.8238747348099726E+00  0.1980307885757269E-04
  0.2530839688052518E+01 -0.8192164360787360E+00  0.1887824515672391E-04
  0.2522669116738345E+01 -0.8145034479299620E+00  0.1727968961814073E-04
  0.2514498544953243E+01 -0.8097360849942720E+00  0.1508383212813133E-04
  0.2506327972715673E+01 -0.8049146655322506E+00  0.1157472435609301E-04
  0.2498157400043163E+01 -0.8000395114131988E+00  0.6551309140170943E-05
  0.2489986826952370E+01 -0.7951109480936471E+00  0.1153760648562521E-05
  0.2481816253459126E+01 -0.7901293045956280E+00 -0.3423307480976274E-05
  0.2473645679578500E+01 -0.7850949134847117E+00 -0.6795947323341233E-05
  0.2465475105324832E+01 -0.7800081108478040E+00 -0.9167398816869973E-05
  0.2457304530711785E+01 -0.7748692362707100E+00 -0.1087287697877395E-04
  0.2449133955752385E+01 -0.7696786328154644E+00 -0.1221344715779878E-04
  0.2440963380459050E+01 -0.7644366469974285E+00 -0.1257831484434687E-04
  0.2432792804843637E+01 -0.7591436287621580E+00 -0.1096222217312981E-04
  0.2424622228917462E+01 -0.7537999314620412E+00 -0.7307630060724366E-05
  0.2416451652691339E+01 -0.7484059118327094E+00 -0.2900800406284331E-05
  0.2408281076175607E+01 -0.7429619299692227E+00  0.1016746060591494E-05
  0.2400110499380152E+01 -0.7374683493020299E+00  0.3752543812546117E-05
  0.2391939922314436E+01 -0.7319255365727068E+00  0.5312143678897712E-05
  0.2383769344987516E+01 -0.7263338618094733E+00  0.5955013560799578E-05
  0.2375598767408072E+01 -0.7206936983024912E+00  0.6001785073541278E-05
  0.2367428189584419E+01 -0.7150054225789432E+00  0.5952572612324761E-05
  0.2359257611524532E+01 -0.7092694143778975E+00  0.6302784986576759E-05
  0.2351087033236062E+01 -0.7034860566249567E+00  0.7020660795951156E-05
  0.2342916454726351E+01 -0.6976557354066943E+00  0.7709562529010249E-05
  0.2334745876002450E+01 -0.6917788399448808E+00  0.7955948187257523E-05
  0.2326575297071134E+01 -0.6858557625704990E+00  0.8218521022834541E-05
  0.2318404717938913E+01 -0.6798868986975534E+00  0.9660732660130733E-05
  0.2310234138612046E+01 -0.6738726467966731E+00  0.1288959440329532E-04
  0.2302063559096557E+01 -0.6678134083685102E+00  0.1685858113264696E-04
  0.2293892979398239E+01 -0.6617095879169366E+00  0.2008055489053975E-04
  0.2285722399522673E+01 -0.6555615929220400E+00  0.2244698658453523E-04
  0.2277551819475234E+01 -0.6493698338129212E+00  0.2440378143783294E-04
  0.2269381239261100E+01 -0.6431347239402948E+00  0.2525592448978755E-04
  0.2261210658885265E+01 -0.6368566795488945E+00  0.2458724489218616E-04
  0.2253040078352542E+01 -0.6305361197496849E+00  0.2335922047924705E-04
  0.2244869497667577E+01 -0.6241734664918837E+00  0.2282608793113186E-04
  0.2236698916834853E+01 -0.6177691445347914E+00  0.2371473354117089E-04
  0.2228528335858699E+01 -0.6113235814194364E+00  0.2604439722358054E-04
  0.2220357754743295E+01 -0.6048372074400329E+00  0.2826596708188055E-04
  0.2212187173492683E+01 -0.5983104556152549E+00  0.2866681556980006E-04
  0.2204016592110768E+01 -0.5917437616593286E+00  0.2750059551647923E-04
  0.2195846010601326E+01 -0.5851375639529456E+00  0.2672406255735718E-04
  0.2187675428968010E+01 -0.5784923035139965E+00  0.2748422974774013E-04
  0.2179504847214357E+01 -0.5718084239681300E+00  0.2880721394959899E-04
  0.2171334265343789E+01 -0.5650863715191369E+00  0.2905256968056279E-04
  0.2163163683359622E+01 -0.5583265949191624E+00  0.2797593040361519E-04
  0.2154993101265066E+01 -0.5515295454387482E+00  0.2625359275384145E-04
  0.2146822519063234E+01 -0.5446956768367068E+00  0.2468106886343629E-04
  0.2138651936757143E+01 -0.5378254453298289E+00  0.2309263803232219E-04
  0.2130481354349721E+01 -0.5309193095624275E+00  0.2047264927366690E-04
  0.2122310771843806E+01 -0.5239777305757194E+00  0.1598699873468906E-04
  0.2114140189242155E+01 -0.5170011717770473E+00  0.1007261305852995E-04
  0.2105969606547443E+01 -0.5099900989089429E+00  0.3501044670795032E-05
  0.2097799023762269E+01 -0.5029449800180356E+00 -0.3039416973944433E-05
  0.2089628440889158E+01 -0.4958662854238058E+00 -0.8605341974801792E-05
  0.2081457857930564E+01 -0.4887544876871878E+00 -0.1247894997264535E-04
  0.2073287274888874E+01 -0.4816100615790221E+00 -0.1492115215599984E-04
  0.2065116691766407E+01 -0.4744334840483606E+00 -0.1685778922991337E-04
  0.2056946108565423E+01 -0.4672252341906264E+00 -0.1859918288895996E-04
  0.2048775525288118E+01 -0.4599857932156304E+00 -0.1920585701618719E-04
  0.2040604941936635E+01 -0.4527156444154464E+00 -0.1856025573141900E-04
  0.2032434358513056E+01 -0.4454152731321473E+00 -0.1821010506564495E-04
  0.2024263775019413E+01 -0.4380851667254050E+00 -0.1932709364145903E-04
  0.2016093191457685E+01 -0.4307258145399545E+00 -0.2125529009082946E-04
  0.2007922607829804E+01 -0.4233377078729265E+00 -0.2300741526908662E-04
  0.1999752024137653E+01 -0.4159213399410494E+00 -0.2419110215423359E-04
  0.1991581440383068E+01 -0.4084772058477228E+00 -0.2514784852652161E-04
  0.1983410856567843E+01 -0.4010058025499653E+00 -0.2613976848282045E-04
  0.1975240272693730E+01 -0.3935076288252386E+00 -0.2690704989113982E-04
  0.1967069688762441E+01 -0.3859831852381501E+00 -0.2738406319012898E-04
  0.1958899104775647E+01 -0.3784329741070359E+00 -0.2794473890123737E-04
  0.1950728520734982E+01 -0.3708574994704271E+00 -0.2831825256260773E-04
  0.1942557936642046E+01 -0.3632572670534011E+00 -0.2779340669589810E-04
  0.1934387352498403E+01 -0.3556327842338202E+00 -0.2609331936837210E-04
  0.1926216768305583E+01 -0.3479845600084601E+00 -0.2340067745400273E-04
  0.1918046184065086E+01 -0.3403131049590297E+00 -0.2020225260774135E-04
  0.1909875599778379E+01 -0.3326189312180866E+00 -0.1684548558733900E-04
  0.1901705015446901E+01 -0.3249025524348469E+00 -0.1357384297142761E-04
  0.1893534431072063E+01 -0.3171644837408958E+00 -0.1113701494189930E-04
  0.1885363846655247E+01 -0.3094052417157978E+00 -0.9965082280344110E-05
  0.1877193262197810E+01 -0.3016253443526109E+00 -0.9559737643729043E-05
  0.1869022677701083E+01 -0.2938253110233064E+00 -0.8987695891816794E-05
  0.1860852093166375E+01 -0.2860056624440968E+00 -0.8085441744320991E-05
  0.1852681508594969E+01 -0.2781669206406729E+00 -0.7189045306309273E-05
  0.1844510923988128E+01 -0.2703096089133553E+00 -0.6181245846232320E-05
  0.1836340339347093E+01 -0.2624342518021592E+00 -0.4493718352413362E-05
  0.1828169754673083E+01 -0.2545413750517773E+00 -0.2068843254326611E-05
  0.1819999169967299E+01 -0.2466315055764818E+00  0.4477748936341956E-06
  0.1811828585230925E+01 -0.2387051714249486E+00  0.2195199399589147E-05
  0.1803658000465123E+01 -0.2307629017450062E+00  0.3064106341736815E-05
  0.1795487415671042E+01 -0.2228052267483099E+00  0.3632990101786355E-05
  0.1787316830849811E+01 -0.2148326776749467E+00  0.4526678573987293E-05
  0.1779146246002545E+01 -0.2068457867579697E+00  0.6166504639543556E-05
  0.1770975661130345E+01 -0.1988450871878683E+00  0.8974178611547210E-05
  0.1762805076234296E+01 -0.1908311130769725E+00  0.1274137862381171E-04
  0.1754634491315471E+01 -0.1828043994237966E+00  0.1643209737124691E-04
  0.1746463906374929E+01 -0.1747654820773241E+00  0.1903433399082221E-04
  0.1738293321413718E+01 -0.1667148977012352E+00  0.2073603697347152E-04
  0.1730122736432872E+01 -0.1586531837380799E+00  0.2229970200029748E-04
  0.1721952151433418E+01 -0.1505808783733995E+00  0.2433972878389485E-04
  0.1713781566416370E+01 -0.1424985204997981E+00  0.2682677962444729E-04
  0.1705610981382731E+01 -0.1344066496809675E+00  0.2944888431540539E-04
  0.1697440396333499E+01 -0.1263058061156663E+00  0.3158808824756015E-04
  0.1689269811269659E+01 -0.1181965306016578E+00  0.3256602081382514E-04
  0.1681099226192191E+01 -0.1100793644996070E+00  0.3248277543533967E-04
  0.1672928641102067E+01 -0.1019548496969404E+00  0.3242274527682610E-04
  0.1664758056000250E+01 -0.9382352857167028E-01  0.3337021598502706E-04
  0.1656587470887701E+01 -0.8568594395618719E-01  0.3576005049786785E-04
  0.1648416885765370E+01 -0.7754263910102077E-01  0.3950336454419157E-04
  0.1640246300634206E+01 -0.6939415763857371E-01  0.4390184402770959E-04
  0.1632075715495151E+01 -0.6124104354682962E-01  0.4767714718733128E-04
  0.1623905130349143E+01 -0.5308384111303818E-01  0.4988094629608074E-04
  0.1615734545197117E+01 -0.4492309489737940E-01  0.5019508486620468E-04
  0.1607563960040004E+01 -0.3675934969660982E-01  0.4939006207604400E-04
  0.1599393374878733E+01 -0.2859315050769285E-01  0.4848959226939880E-04
  0.1591222789714229E+01 -0.2042504249141571E-01  0.4838153921749397E-04
  0.1583052204547419E+01 -0.1225557093599554E-01  0.4966360447985056E-04
  0.1574881619379224E+01 -0.4085281220676868E-02  0.5204176295432575E-04
  0.1566711034210569E+01  0.4085281220676868E-02  0.5430308327277475E-04
  0.1558540449042374E+01  0.1225557093599554E-01  0.5597020080833583E-04
  0.1550369863875564E+01  0.2042504249141571E-01  0.5726372004429964E-04
  0.1542199278711061E+01  0.2859315050769285E-01  0.5790370311794470E-04
  0.1534028693549790E+01  0.3675934969660982E-01  0.5738257936217109E-04
  0.1525858108392677E+01  0.4492309489737940E-01  0.5599194052864016E-04
  0.1517687523240650E+01  0.5308384111303818E-01  0.5433848474900439E-04
  0.1509516938094642E+01  0.6124104354682962E-01  0.5285336113564762E-04
  0.1501346352955587E+01  0.6939415763857371E-01  0.5124910104077271E-04
  0.1493175767824423E+01  0.7754263910102077E-01  0.4966691272237275E-04
  0.1485005182702093E+01  0.8568594395618719E-01  0.4901643285029113E-04
  0.1476834597589543E+01  0.9382352857167028E-01  0.5000482854365308E-04
  0.1468664012487727E+01  0.1019548496969404E+00  0.5149507765184773E-04
  0.1460493427397602E+01  0.1100793644996070E+00  0.5171202421095030E-04
  0.1452322842320134E+01  0.1181965306016578E+00  0.5004377479057638E-04
  0.1444152257256294E+01  0.1263058061156663E+00  0.4748598712434566E-04
  0.1435981672207062E+01  0.1344066496809675E+00  0.4476375841703346E-04
  0.1427811087173423E+01  0.1424985204997981E+00  0.4227959670748866E-04
  0.1419640502156375E+01  0.1505808783733995E+00  0.4074080063901551E-04
  0.1411469917156921E+01  0.1586531837380799E+00  0.4113822407274923E-04
  0.1403299332176076E+01  0.1667148977012352E+00  0.4291971482582612E-04
  0.1395128747214864E+01  0.1747654820773241E+00  0.4418171717844816E-04
  0.1386958162274323E+01  0.1828043994237966E+00  0.4359926243567528E-04
  0.1378787577355497E+01  0.1908311130769725E+00  0.4160118671170089E-04
  0.1370616992459449E+01  0.1988450871878683E+00  0.3938493382161427E-04
  0.1362446407587248E+01  0.2068457867579697E+00  0.3776145008072445E-04
  0.1354275822739983E+01  0.2148326776749467E+00  0.3651757405742681E-04
  0.1346105237918751E+01  0.2228052267483099E+00  0.3521419554167844E-04
  0.1337934653124670E+01  0.2307629017450062E+00  0.3329667094787738E-04
  0.1329764068358868E+01  0.2387051714249486E+00  0.3042931623043256E-04
  0.1321593483622494E+01  0.2466315055764818E+00  0.2704421524678968E-04
  0.1313422898916710E+01  0.2545413750517773E+00  0.2431353680678869E-04
  0.1305252314242701E+01  0.2624342518021592E+00  0.2210067907286937E-04
  0.1297081729601665E+01  0.2703096089133553E+00  0.1916170092969895E-04
  0.1288911144994824E+01  0.2781669206406729E+00  0.1484448942275710E-04
  0.1280740560423418E+01  0.2860056624440968E+00  0.1025920329157884E-04
  0.1272569975888710E+01  0.2938253110233064E+00  0.6827737982345058E-05
  0.1264399391391984E+01  0.3016253443526109E+00  0.5235610632441819E-05
  0.1256228806934547E+01  0.3094052417157978E+00  0.5275898401824394E-05
  0.1248058222517730E+01  0.3171644837408958E+00  0.5911447416114378E-05
  0.1239887638142892E+01  0.3249025524348469E+00  0.5746360626222830E-05
  0.1231717053811414E+01  0.3326189312180866E+00  0.4472904010970158E-05
  0.1223546469524707E+01  0.3403131049590297E+00  0.2510135716653002E-05
  0.1215375885284210E+01  0.3479845600084601E+00  0.2047182186524434E-06
  0.1207205301091390E+01  0.3556327842338202E+00 -0.2221186490427669E-05
  0.1199034716947747E+01  0.3632572670534011E+00 -0.4966084760040330E-05
  0.1190864132854811E+01  0.3708574994704271E+00 -0.8426628845180105E-05
  0.1182693548814147E+01  0.3784329741070359E+00 -0.1197420712175398E-04
  0.1174522964827352E+01  0.3859831852381501E+00 -0.1530614221938224E-04
  0.1166352380896063E+01  0.3935076288252386E+00 -0.1874019579485002E-04
  0.1158181797021950E+01  0.4010058025499653E+00 -0.2260449781170835E-04
  0.1150011213206726E+01  0.4084772058477228E+00 -0.2641061754180269E-04
  0.1141840629452141E+01  0.4159213399410494E+00 -0.3012955232095620E-04
  0.1133670045759989E+01  0.4233377078729265E+00 -0.3424229984049938E-04
  0.1125499462132108E+01  0.4307258145399545E+00 -0.3941319437073129E-04
  0.1117328878570381E+01  0.4380851667254050E+00 -0.4567354667325456E-04
  0.1109158295076737E+01  0.4454152731321473E+00 -0.5220670405603997E-04
  0.1100987711653159E+01  0.4527156444154464E+00 -0.5785751020385874E-04
  0.1092817128301675E+01  0.4599857932156304E+00 -0.6293070159481768E-04
  0.1084646545024371E+01  0.4672252341906264E+00 -0.6877937593495125E-04
  0.1076475961823386E+01  0.4744334840483606E+00 -0.7613677581213629E-04
  0.1068305378700920E+01  0.4816100615790221E+00 -0.8376935090529955E-04
  0.1060134795659229E+01  0.4887544876871878E+00 -0.8983579774670078E-04
  0.1051964212700635E+01  0.4958662854238058E+00 -0.9339683430981344E-04
  0.1043793629827524E+01  0.5029449800180356E+00 -0.9483168750763177E-04
  0.1035623047042350E+01  0.5099900989089429E+00 -0.9507242106337194E-04
  0.1027452464347638E+01  0.5170011717770473E+00 -0.9593812224299143E-04
  0.1019281881745987E+01  0.5239777305757194E+00 -0.9905989842801138E-04
  0.1011111299240073E+01  0.5309193095624275E+00 -0.1043009588231180E-03
  0.1002940716832650E+01  0.5378254453298289E+00 -0.1096078558108827E-03
  0.9947701345265596E+00  0.5446956768367068E+00 -0.1138254885233302E-03
  0.9865995523247275E+00  0.5515295454387482E+00 -0.1175494800526921E-03
  0.9784289702301714E+00  0.5583265949191624E+00 -0.1218826316509287E-03
  0.9702583882460036E+00  0.5650863715191369E+00 -0.1264415661603350E-03
  0.9620878063754359E+00  0.5718084239681300E+00 -0.1298885122525556E-03
  0.9539172246217830E+00  0.5784923035139965E+00 -0.1315293647210025E-03
  0.9457466429884676E+00  0.5851375639529456E+00 -0.1320606723533391E-03
  0.9375760614790253E+00  0.5917437616593286E+00 -0.1320433446497856E-03
  0.9294054800971098E+00  0.5983104556152549E+00 -0.1316368980830341E-03
  0.9212348988464978E+00  0.6048372074400329E+00 -0.1313568537943024E-03
  0.9130643177310944E+00  0.6113235814194364E+00 -0.1321410559288902E-03
  0.9048937367549402E+00  0.6177691445347914E+00 -0.1335487032060206E-03
  0.8967231559222163E+00  0.6241734664918837E+00 -0.1342196680327872E-03
  0.8885525752372514E+00  0.6305361197496849E+00 -0.1332916034848389E-03
  0.8803819947045285E+00  0.6368566795488945E+00 -0.1315593920970895E-03
  0.8722114143286931E+00  0.6431347239402948E+00 -0.1305487774088398E-03
  0.8640408341145595E+00  0.6493698338129212E+00 -0.1313086918669819E-03
  0.8558702540671204E+00  0.6555615929220400E+00 -0.1326730328994311E-03
  0.8476996741915547E+00  0.6617095879169366E+00 -0.1329334107076277E-03
  0.8395290944932369E+00  0.6678134083685102E+00 -0.1316720963316491E-03
  0.8313585149777468E+00  0.6738726467966731E+00 -0.1298861125212940E-03
  0.8231879356508802E+00  0.6798868986975534E+00 -0.1283727228350578E-03
  0.8150173565186587E+00  0.6858557625704990E+00 -0.1273450152151943E-03
  0.8068467775873427E+00  0.6917788399448808E+00 -0.1264227641010878E-03
  0.7986761988634423E+00  0.6976557354066943E+00 -0.1253119541540942E-03
  0.7905056203537315E+00  0.7034860566249567E+00 -0.1241450046636382E-03
  0.7823350420652612E+00  0.7092694143778975E+00 -0.1233205534134745E-03
  0.7741644640053743E+00  0.7150054225789432E+00 -0.1226279387329335E-03
  0.7659938861817212E+00  0.7206936983024912E+00 -0.1221474186362579E-03
  0.7578233086022768E+00  0.7263338618094733E+00 -0.1223825448006012E-03
  0.7496527312753575E+00  0.7319255365727068E+00 -0.1242390899571299E-03
  0.7414821542096410E+00  0.7374683493020299E+00 -0.1277389940327278E-03
  0.7333115774141861E+00  0.7429619299692227E+00 -0.1317335911101370E-03
  0.7251410008984539E+00  0.7484059118327094E+00 -0.1337305292629970E-03
  0.7169704246723316E+00  0.7537999314620412E+00 -0.1326778546082091E-03
  0.7087998487461566E+00  0.7591436287621580E+00 -0.1296597882113827E-03
  0.7006292731307425E+00  0.7644366469974285E+00 -0.1268168564991010E-03
  0.6924586978374083E+00  0.7696786328154644E+00 -0.1254050750766070E-03
  0.6842881228780077E+00  0.7748692362707100E+00 -0.1256819879806228E-03
  0.6761175482649616E+00  0.7800081108478040E+00 -0.1266992489945582E-03
  0.6679469740112938E+00  0.7850949134847117E+00 -0.1272300611852286E-03
  0.6597764001306670E+00  0.7901293045956280E+00 -0.1259367187748980E-03
  0.6516058266374236E+00  0.7951109480936471E+00 -0.1236418340194539E-03
  0.6434352535466297E+00  0.8000395114131988E+00 -0.1226347479298096E-03
  0.6352646808741202E+00  0.8049146655322506E+00 -0.1240692188423622E-03
  0.6270941086365502E+00  0.8097360849942720E+00 -0.1263699736749040E-03
  0.6189235368514482E+00  0.8145034479299620E+00 -0.1278564828328742E-03
  0.6107529655372755E+00  0.8192164360787360E+00 -0.1281383868034756E-03
  0.6025823947134890E+00  0.8238747348099726E+00 -0.1282626310406313E-03
  0.5944118244006098E+00  0.8284780331440178E+00 -0.1286170229915502E-03
  0.5862412546202973E+00  0.8330260237729452E+00 -0.1284274299149447E-03
  0.5780706853954301E+00  0.8375184030810715E+00 -0.1259162302666525E-03
  0.5699001167501928E+00  0.8419548711652254E+00 -0.1206061727240768E-03
  0.5617295487101719E+00  0.8463351318547683E+00 -0.1135474852603154E-03
  0.5535589813024583E+00  0.8506588927313666E+00 -0.1058140438331960E-03
  0.5453884145557613E+00  0.8549258651485127E+00 -0.9716821448978131E-04
  0.5372178485005299E+00  0.8591357642507945E+00 -0.8785151904296916E-04
  0.5290472831690897E+00  0.8632883089929120E+00 -0.7877706811604214E-04
  0.5208767185957875E+00  0.8673832221584393E+00 -0.7054465777433270E-04
  0.5127061548171545E+00  0.8714202303783312E+00 -0.6202077242238923E-04
  0.5045355918720822E+00  0.8753990641491725E+00 -0.5226885947657790E-04
  0.4963650298020162E+00  0.8793194578511700E+00 -0.4088192186908821E-04
  0.4881944686511717E+00  0.8831811497658847E+00 -0.2870260717812855E-04
  0.4800239084667671E+00  0.8869838820937034E+00 -0.1650417577656195E-04
  0.4718533492992859E+00  0.8907274009710492E+00 -0.5132550436947612E-05
  0.4636827912027636E+00  0.8944114564873288E+00  0.5003602006721714E-05
  0.4555122342351060E+00  0.8980358027016164E+00  0.1374194302990349E-04
  0.4473416784584431E+00  0.9016001976590722E+00  0.2220918935543926E-04
  0.4391711239395221E+00  0.9051044034070944E+00  0.3016738472212992E-04
  0.4310005707501444E+00  0.9085481860112055E+00  0.3699509833866559E-04
  0.4228300189676551E+00  0.9119313155706682E+00  0.4239541500341109E-04
  0.4146594686754885E+00  0.9152535662338340E+00  0.4772106618777441E-04
  0.4064889199637791E+00  0.9185147162132208E+00  0.5305488137003655E-04
  0.3983183729300507E+00  0.9217145478003181E+00  0.5840066797137450E-04
  0.3901478276799883E+00  0.9248528473801222E+00  0.6471000573703400E-04
  0.3819772843283120E+00  0.9279294054453956E+00  0.7401492049502875E-04
  0.3738067429997641E+00  0.9309440166106540E+00  0.8536722718917604E-04
  0.3656362038302282E+00  0.9338964796258775E+00  0.9665294746700764E-04
  0.3574656669680030E+00  0.9367865973899459E+00  0.1060912422170574E-03
  0.3492951325752533E+00  0.9396141769637963E+00  0.1147214483787902E-03
  0.3411246008296713E+00  0.9423790295833044E+00  0.1241724443098701E-03
  0.3329540719263814E+00  0.9450809706718851E+00  0.1354426334248583E-03
  0.3247835460801308E+00  0.9477198198528157E+00  0.1474504835593107E-03
  0.3166130235278230E+00  0.9502954009612771E+00  0.1598619699521214E-03
  0.3084425045314506E+00  0.9528075420561144E+00  0.1725241680968084E-03
  0.3002719893815085E+00  0.9552560754313160E+00  0.1861232825933333E-03
  0.2921014784009779E+00  0.9576408376272095E+00  0.2010632645676677E-03
  0.2839309719500016E+00  0.9599616694413742E+00  0.2183903604734260E-03
  0.2757604704313845E+00  0.9622184159392698E+00  0.2369731687758650E-03
  0.2675899742971076E+00  0.9644109264645802E+00  0.2558225690811246E-03
  0.2594194840560681E+00  0.9665390546492710E+00  0.2750713587345305E-03
  0.2512490002833307E+00  0.9686026584233628E+00  0.2973503938260529E-03
  0.2430785236312446E+00  0.9706016000244151E+00  0.3230792936543923E-03
  0.2349080548428762E+00  0.9725357460067257E+00  0.3504673290799635E-03
  0.2267375947683499E+00  0.9744049672502397E+00  0.3765286162558355E-03
  0.2185671443848464E+00  0.9762091389691724E+00  0.4026757544010244E-03
  0.2103967048212628E+00  0.9779481407203411E+00  0.4314430061354497E-03
  0.2022262773888417E+00  0.9796218564112101E+00  0.4633860863967294E-03
  0.1940558636195398E+00  0.9812301743076443E+00  0.4956367221618143E-03
  0.1858854653144977E+00  0.9827729870413743E+00  0.5269725308351358E-03
  0.1777150846058812E+00  0.9842501916171713E+00  0.5569286228033185E-03
  0.1695447240365762E+00  0.9856616894197333E+00  0.5868530357647764E-03
  0.1613743866640789E+00  0.9870073862202815E+00  0.6168238225812366E-03
  0.1532040761975885E+00  0.9882871921828699E+00  0.6488104153674952E-03
  0.1450337971813853E+00  0.9895010218704087E+00  0.6828435479518604E-03
  0.1368635552438019E+00  0.9906487942504061E+00  0.7199090785382753E-03
  0.1286933574408989E+00  0.9917304327004320E+00  0.7598924355295096E-03
  0.1205232127396896E+00  0.9927458650133153E+00  0.8040908130924760E-03
  0.1123531327118049E+00  0.9936950234020883E+00  0.8512485629129068E-03
  0.1041831325528455E+00  0.9945778445047068E+00  0.9028135983038481E-03
  0.9601323262085862E-01  0.9953942693885953E+00  0.9597704992147772E-03
  0.8784346083082471E-01  0.9961442435551087E+00  0.1025979227448255E-02
  0.7967385651719167E-01  0.9968277169440913E+00  0.1101328988833804E-02
  0.7150447693306423E-01  0.9974446439389107E+00  0.1189315627657728E-02
  0.6333540875299180E-01  0.9979949833727938E+00  0.1290679990698053E-02
  0.5516678972815772E-01  0.9984786985384589E+00  0.1409490221231194E-02
  0.4699885272846815E-01  0.9988957572063257E+00  0.1546884256847148E-02
  0.3883202470742381E-01  0.9992461316671845E+00  0.1718237925836596E-02
  0.3066718105470672E-01  0.9995297988558859E+00  0.1969475490043766E-02
  0.2250643816359393E-01  0.9997467408113523E+00  0.2428435326142837E-02
  0.1435650599352885E-01  0.9998969471378596E+00  0.3179885728407821E-02
  0.6254421014113626E-02  0.9999804411726474E+00  0.3963292711774274E-02
