# nlmax, ncor, nside =         383           1         128
  0.3135338232575680E+01 -0.9999804411726474E+00 -0.2685866927970990E+03
  0.3127236147596264E+01 -0.9998969471378596E+00 -0.2658747019477673E+03
  0.3119086215426199E+01 -0.9997467408113523E+00 -0.2635194532726920E+03
  0.3110925472535087E+01 -0.9995297988558859E+00 -0.2629554960918802E+03
  0.3102760628882369E+01 -0.9992461316671845E+00 -0.2635841763193789E+03
  0.3094593800861325E+01 -0.9988957572063257E+00 -0.2658311221066401E+03
  0.3086425863861635E+01 -0.9984786985384589E+00 -0.2699005033949346E+03
  0.3078257244836801E+01 -0.9979949833727938E+00 -0.2739053786381968E+03
  0.3070088176656729E+01 -0.9974446439389107E+00 -0.2762111921561267E+03
  0.3061918797072602E+01 -0.9968277169440913E+00 -0.2768493772794200E+03
  0.3053749192758969E+01 -0.9961442435551087E+00 -0.2755239385084591E+03
  0.3045579420968934E+01 -0.9953942693885953E+00 -0.2724974856697833E+03
  0.3037409521036948E+01 -0.9945778445047068E+00 -0.2678822109672980E+03
  0.3029239520877988E+01 -0.9936950234020883E+00 -0.2609914345295044E+03
  0.3021069440850104E+01 -0.9927458650133153E+00 -0.2521140546181188E+03
  0.3012899296148894E+01 -0.9917304327004320E+00 -0.2442033711957496E+03
  0.3004729098345992E+01 -0.9906487942504061E+00 -0.2383935766441996E+03
  0.2996558856408408E+01 -0.9895010218704087E+00 -0.2329689468084734E+03
  0.2988388577392205E+01 -0.9882871921828699E+00 -0.2271651662988262E+03
  0.2980218266925714E+01 -0.9870073862202815E+00 -0.2203485614324298E+03
  0.2972047929553217E+01 -0.9856616894197333E+00 -0.2111762707602286E+03
  0.2963877568983912E+01 -0.9842501916171713E+00 -0.2003377511151028E+03
  0.2955707188275296E+01 -0.9827729870413743E+00 -0.1904028799421863E+03
  0.2947536789970254E+01 -0.9812301743076443E+00 -0.1834228165390447E+03
  0.2939366376200951E+01 -0.9796218564112101E+00 -0.1785335347120045E+03
  0.2931195948768531E+01 -0.9779481407203411E+00 -0.1729239637992673E+03
  0.2923025509204947E+01 -0.9762091389691724E+00 -0.1655218243048462E+03
  0.2914855058821443E+01 -0.9744049672502397E+00 -0.1577185181758701E+03
  0.2906684598746917E+01 -0.9725357460067257E+00 -0.1515725416978523E+03
  0.2898514129958549E+01 -0.9706016000244151E+00 -0.1489060747557444E+03
  0.2890343653306462E+01 -0.9686026584233628E+00 -0.1502636087698277E+03
  0.2882173169533725E+01 -0.9665390546492710E+00 -0.1539529187755597E+03
  0.2874002679292686E+01 -0.9644109264645802E+00 -0.1563316027079718E+03
  0.2865832183158409E+01 -0.9622184159392698E+00 -0.1543834838285465E+03
  0.2857661681639792E+01 -0.9599616694413742E+00 -0.1478295597781602E+03
  0.2849491175188815E+01 -0.9576408376272095E+00 -0.1384631337291125E+03
  0.2841320664208285E+01 -0.9552560754313160E+00 -0.1289707127570084E+03
  0.2833150149058343E+01 -0.9528075420561144E+00 -0.1208493915216932E+03
  0.2824979630061970E+01 -0.9502954009612771E+00 -0.1132524411070343E+03
  0.2816809107509663E+01 -0.9477198198528157E+00 -0.1053125408251865E+03
  0.2808638581663412E+01 -0.9450809706718851E+00 -0.9740255645874440E+02
  0.2800468052760122E+01 -0.9423790295833044E+00 -0.9060214812712346E+02
  0.2792297521014540E+01 -0.9396141769637963E+00 -0.8544596121553593E+02
  0.2784126986621790E+01 -0.9367865973899459E+00 -0.8132966758317774E+02
  0.2775956449759565E+01 -0.9338964796258775E+00 -0.7709863656517176E+02
  0.2767785910590029E+01 -0.9309440166106540E+00 -0.7157456293144132E+02
  0.2759615369261481E+01 -0.9279294054453956E+00 -0.6452768363776634E+02
  0.2751444825909805E+01 -0.9248528473801222E+00 -0.5674266316774720E+02
  0.2743274280659743E+01 -0.9217145478003181E+00 -0.4916195391636106E+02
  0.2735103733626014E+01 -0.9185147162132208E+00 -0.4196367066505017E+02
  0.2726933184914305E+01 -0.9152535662338340E+00 -0.3476756776665539E+02
  0.2718762634622138E+01 -0.9119313155706682E+00 -0.2755810640310750E+02
  0.2710592082839649E+01 -0.9085481860112055E+00 -0.2038034991053247E+02
  0.2702421529650271E+01 -0.9051044034070944E+00 -0.1277775500681853E+02
  0.2694250975131350E+01 -0.9016001976590722E+00 -0.4683450221591797E+01
  0.2686080419354687E+01 -0.8980358027016164E+00  0.3097712836637465E+01
  0.2677909862387029E+01 -0.8944114564873288E+00  0.9823817224163120E+01
  0.2669739304290507E+01 -0.8907274009710492E+00  0.1551224721634642E+02
  0.2661568745123026E+01 -0.8869838820937034E+00  0.2007578967249736E+02
  0.2653398184938621E+01 -0.8831811497658847E+00  0.2323980363963774E+02
  0.2645227623787777E+01 -0.8793194578511700E+00  0.2540131925086475E+02
  0.2637057061717711E+01 -0.8753990641491725E+00  0.2729110750255705E+02
  0.2628886498772639E+01 -0.8714202303783312E+00  0.2963961349706756E+02
  0.2620715934994006E+01 -0.8673832221584393E+00  0.3299395259925777E+02
  0.2612545370420704E+01 -0.8632883089929120E+00  0.3742282081657458E+02
  0.2604374805089263E+01 -0.8591357642507945E+00  0.4235836826745566E+02
  0.2596204239034032E+01 -0.8549258651485127E+00  0.4670721093634496E+02
  0.2588033672287335E+01 -0.8506588927313666E+00  0.4999759165714215E+02
  0.2579863104879621E+01 -0.8463351318547683E+00  0.5300713443383574E+02
  0.2571692536839600E+01 -0.8419548711652254E+00  0.5672999475029308E+02
  0.2563521968194363E+01 -0.8375184030810715E+00  0.6114643791732320E+02
  0.2555351398969496E+01 -0.8330260237729452E+00  0.6599947571457297E+02
  0.2547180829189184E+01 -0.8284780331440178E+00  0.7129655477656765E+02
  0.2539010258876304E+01 -0.8238747348099726E+00  0.7616470186225655E+02
  0.2530839688052518E+01 -0.8192164360787360E+00  0.7944579708484795E+02
  0.2522669116738345E+01 -0.8145034479299620E+00  0.8133992296828217E+02
  0.2514498544953243E+01 -0.8097360849942720E+00  0.8239569156212272E+02
  0.2506327972715673E+01 -0.8049146655322506E+00  0.8208895228641130E+02
  0.2498157400043163E+01 -0.8000395114131988E+00  0.8000215798969474E+02
  0.2489986826952370E+01 -0.7951109480936471E+00  0.7756577062112441E+02
  0.2481816253459126E+01 -0.7901293045956280E+00  0.7636187120390188E+02
  0.2473645679578500E+01 -0.7850949134847117E+00  0.7610139115300814E+02
  0.2465475105324832E+01 -0.7800081108478040E+00  0.7577890248757089E+02
  0.2457304530711785E+01 -0.7748692362707100E+00  0.7499511470422817E+02
  0.2449133955752385E+01 -0.7696786328154644E+00  0.7388830247709343E+02
  0.2440963380459050E+01 -0.7644366469974285E+00  0.7353458281458471E+02
  0.2432792804843637E+01 -0.7591436287621580E+00  0.7483476528046342E+02
  0.2424622228917462E+01 -0.7537999314620412E+00  0.7711757223038289E+02
  0.2416451652691339E+01 -0.7484059118327094E+00  0.7911123097896045E+02
  0.2408281076175607E+01 -0.7429619299692227E+00  0.8014104447778283E+02
  0.2400110499380152E+01 -0.7374683493020299E+00  0.8042170357931525E+02
  0.2391939922314436E+01 -0.7319255365727068E+00  0.8074684093808781E+02
  0.2383769344987516E+01 -0.7263338618094733E+00  0.8117827684221872E+02
  0.2375598767408072E+01 -0.7206936983024912E+00  0.8110205979625844E+02
  0.2367428189584419E+01 -0.7150054225789432E+00  0.8024627815972659E+02
  0.2359257611524532E+01 -0.7092694143778975E+00  0.7902218392660492E+02
  0.2351087033236062E+01 -0.7034860566249567E+00  0.7790963894476435E+02
  0.2342916454726351E+01 -0.6976557354066943E+00  0.7691276323191600E+02
  0.2334745876002450E+01 -0.6917788399448808E+00  0.7543648349918963E+02
  0.2326575297071134E+01 -0.6858557625704990E+00  0.7340397999972971E+02
  0.2318404717938913E+01 -0.6798868986975534E+00  0.7175435855557835E+02
  0.2310234138612046E+01 -0.6738726467966731E+00  0.7109864830149854E+02
  0.2302063559096557E+01 -0.6678134083685102E+00  0.7085687958154874E+02
  0.2293892979398239E+01 -0.6617095879169366E+00  0.7020617795831771E+02
  0.2285722399522673E+01 -0.6555615929220400E+00  0.6908816812805998E+02
  0.2277551819475234E+01 -0.6493698338129212E+00  0.6811941492532677E+02
  0.2269381239261100E+01 -0.6431347239402948E+00  0.6757286596631791E+02
  0.2261210658885265E+01 -0.6368566795488945E+00  0.6672569081786330E+02
  0.2253040078352542E+01 -0.6305361197496849E+00  0.6502963517385679E+02
  0.2244869497667577E+01 -0.6241734664918837E+00  0.6344734023861654E+02
  0.2236698916834853E+01 -0.6177691445347914E+00  0.6276252009984551E+02
  0.2228528335858699E+01 -0.6113235814194364E+00  0.6253394618026824E+02
  0.2220357754743295E+01 -0.6048372074400329E+00  0.6203621786163672E+02
  0.2212187173492683E+01 -0.5983104556152549E+00  0.6109788668960573E+02
  0.2204016592110768E+01 -0.5917437616593286E+00  0.6002723460390960E+02
  0.2195846010601326E+01 -0.5851375639529456E+00  0.5899084897321573E+02
  0.2187675428968010E+01 -0.5784923035139965E+00  0.5799924214729193E+02
  0.2179504847214357E+01 -0.5718084239681300E+00  0.5698435732018692E+02
  0.2171334265343789E+01 -0.5650863715191369E+00  0.5562514265270758E+02
  0.2163163683359622E+01 -0.5583265949191624E+00  0.5361809680331598E+02
  0.2154993101265066E+01 -0.5515295454387482E+00  0.5089773569548438E+02
  0.2146822519063234E+01 -0.5446956768367068E+00  0.4775921073974241E+02
  0.2138651936757143E+01 -0.5378254453298289E+00  0.4435307311521335E+02
  0.2130481354349721E+01 -0.5309193095624275E+00  0.4020171526989590E+02
  0.2122310771843806E+01 -0.5239777305757194E+00  0.3522037726431081E+02
  0.2114140189242155E+01 -0.5170011717770473E+00  0.3063748808139330E+02
  0.2105969606547443E+01 -0.5099900989089429E+00  0.2728638000650271E+02
  0.2097799023762269E+01 -0.5029449800180356E+00  0.2492291630355569E+02
  0.2089628440889158E+01 -0.4958662854238058E+00  0.2351349095228974E+02
  0.2081457857930564E+01 -0.4887544876871878E+00  0.2322184251756239E+02
  0.2073287274888874E+01 -0.4816100615790221E+00  0.2351726773079769E+02
  0.2065116691766407E+01 -0.4744334840483606E+00  0.2385409488955677E+02
  0.2056946108565423E+01 -0.4672252341906264E+00  0.2426293578715660E+02
  0.2048775525288118E+01 -0.4599857932156304E+00  0.2495905122012787E+02
  0.2040604941936635E+01 -0.4527156444154464E+00  0.2590368575344517E+02
  0.2032434358513056E+01 -0.4454152731321473E+00  0.2656027330999307E+02
  0.2024263775019413E+01 -0.4380851667254050E+00  0.2602784817666383E+02
  0.2016093191457685E+01 -0.4307258145399545E+00  0.2413403823655129E+02
  0.2007922607829804E+01 -0.4233377078729265E+00  0.2175889869022093E+02
  0.1999752024137653E+01 -0.4159213399410494E+00  0.1977199548016678E+02
  0.1991581440383068E+01 -0.4084772058477228E+00  0.1837608375082357E+02
  0.1983410856567843E+01 -0.4010058025499653E+00  0.1762084942679758E+02
  0.1975240272693730E+01 -0.3935076288252386E+00  0.1725171104336501E+02
  0.1967069688762441E+01 -0.3859831852381501E+00  0.1689734721515170E+02
  0.1958899104775647E+01 -0.3784329741070359E+00  0.1657877740429734E+02
  0.1950728520734982E+01 -0.3708574994704271E+00  0.1645455874484268E+02
  0.1942557936642046E+01 -0.3632572670534011E+00  0.1654859874372745E+02
  0.1934387352498403E+01 -0.3556327842338202E+00  0.1683987393590089E+02
  0.1926216768305583E+01 -0.3479845600084601E+00  0.1714600009456830E+02
  0.1918046184065086E+01 -0.3403131049590297E+00  0.1759143936440510E+02
  0.1909875599778379E+01 -0.3326189312180866E+00  0.1863663718944913E+02
  0.1901705015446901E+01 -0.3249025524348469E+00  0.2035788929162326E+02
  0.1893534431072063E+01 -0.3171644837408958E+00  0.2191401955692158E+02
  0.1885363846655247E+01 -0.3094052417157978E+00  0.2245892773017546E+02
  0.1877193262197810E+01 -0.3016253443526109E+00  0.2179143556931257E+02
  0.1869022677701083E+01 -0.2938253110233064E+00  0.2026484640860835E+02
  0.1860852093166375E+01 -0.2860056624440968E+00  0.1840825803461026E+02
  0.1852681508594969E+01 -0.2781669206406729E+00  0.1683807702372290E+02
  0.1844510923988128E+01 -0.2703096089133553E+00  0.1596247048149057E+02
  0.1836340339347093E+01 -0.2624342518021592E+00  0.1592385027641503E+02
  0.1828169754673083E+01 -0.2545413750517773E+00  0.1644874888184022E+02
  0.1819999169967299E+01 -0.2466315055764818E+00  0.1727529294097891E+02
  0.1811828585230925E+01 -0.2387051714249486E+00  0.1833512665490281E+02
  0.1803658000465123E+01 -0.2307629017450062E+00  0.1951747868485753E+02
  0.1795487415671042E+01 -0.2228052267483099E+00  0.2056443782191863E+02
  0.1787316830849811E+01 -0.2148326776749467E+00  0.2140777427231337E+02
  0.1779146246002545E+01 -0.2068457867579697E+00  0.2207577291577119E+02
  0.1770975661130345E+01 -0.1988450871878683E+00  0.2262472974019840E+02
  0.1762805076234296E+01 -0.1908311130769725E+00  0.2267926099229677E+02
  0.1754634491315471E+01 -0.1828043994237966E+00  0.2166002259821840E+02
  0.1746463906374929E+01 -0.1747654820773241E+00  0.1988512116021042E+02
  0.1738293321413718E+01 -0.1667148977012352E+00  0.1845861139025677E+02
  0.1730122736432872E+01 -0.1586531837380799E+00  0.1771913004357862E+02
  0.1721952151433418E+01 -0.1505808783733995E+00  0.1697776691856271E+02
  0.1713781566416370E+01 -0.1424985204997981E+00  0.1557261720218920E+02
  0.1705610981382731E+01 -0.1344066496809675E+00  0.1379698693106975E+02
  0.1697440396333499E+01 -0.1263058061156663E+00  0.1210914221514676E+02
  0.1689269811269659E+01 -0.1181965306016578E+00  0.1017793249804344E+02
  0.1681099226192191E+01 -0.1100793644996070E+00  0.7602764957270501E+01
  0.1672928641102067E+01 -0.1019548496969404E+00  0.4889591242627390E+01
  0.1664758056000250E+01 -0.9382352857167028E-01  0.2892103845997773E+01
  0.1656587470887701E+01 -0.8568594395618719E-01  0.2089853920485612E+01
  0.1648416885765370E+01 -0.7754263910102077E-01  0.2110296906904849E+01
  0.1640246300634206E+01 -0.6939415763857371E-01  0.2512159712321183E+01
  0.1632075715495151E+01 -0.6124104354682962E-01  0.2933223913950682E+01
  0.1623905130349143E+01 -0.5308384111303818E-01  0.2853427133692323E+01
  0.1615734545197117E+01 -0.4492309489737940E-01  0.1846504862417698E+01
  0.1607563960040004E+01 -0.3675934969660982E-01  0.5814115795161161E-02
  0.1599393374878733E+01 -0.2859315050769285E-01 -0.2085886220626527E+01
  0.1591222789714229E+01 -0.2042504249141571E-01 -0.3645091275594562E+01
  0.1583052204547419E+01 -0.1225557093599554E-01 -0.4424452160808235E+01
  0.1574881619379224E+01 -0.4085281220676868E-02 -0.4711021855323093E+01
  0.1566711034210569E+01  0.4085281220676868E-02 -0.5191638193661602E+01
  0.1558540449042374E+01  0.1225557093599554E-01 -0.6264238324335353E+01
  0.1550369863875564E+01  0.2042504249141571E-01 -0.7918957295579771E+01
  0.1542199278711061E+01  0.2859315050769285E-01 -0.9874114992469847E+01
  0.1534028693549790E+01  0.3675934969660982E-01 -0.1207985746687945E+02
  0.1525858108392677E+01  0.4492309489737940E-01 -0.1457460417411957E+02
  0.1517687523240650E+01  0.5308384111303818E-01 -0.1744795968021714E+02
  0.1509516938094642E+01  0.6124104354682962E-01 -0.2072075880375351E+02
  0.1501346352955587E+01  0.6939415763857371E-01 -0.2410671513024351E+02
  0.1493175767824423E+01  0.7754263910102077E-01 -0.2689754715347121E+02
  0.1485005182702093E+01  0.8568594395618719E-01 -0.2849238697304265E+02
  0.1476834597589543E+01  0.9382352857167028E-01 -0.2878949175741913E+02
  0.1468664012487727E+01  0.1019548496969404E+00 -0.2849871114087183E+02
  0.1460493427397602E+01  0.1100793644996070E+00 -0.2867563156760302E+02
  0.1452322842320134E+01  0.1181965306016578E+00 -0.2980325438178216E+02
  0.1444152257256294E+01  0.1263058061156663E+00 -0.3168579511010183E+02
  0.1435981672207062E+01  0.1344066496809675E+00 -0.3403483270487931E+02
  0.1427811087173423E+01  0.1424985204997981E+00 -0.3599541331087132E+02
  0.1419640502156375E+01  0.1505808783733995E+00 -0.3645151033092195E+02
  0.1411469917156921E+01  0.1586531837380799E+00 -0.3501358582557030E+02
  0.1403299332176076E+01  0.1667148977012352E+00 -0.3270348633904825E+02
  0.1395128747214864E+01  0.1747654820773241E+00 -0.3076825894246942E+02
  0.1386958162274323E+01  0.1828043994237966E+00 -0.2987482484398923E+02
  0.1378787577355497E+01  0.1908311130769725E+00 -0.3004944452976289E+02
  0.1370616992459449E+01  0.1988450871878683E+00 -0.3079683251198897E+02
  0.1362446407587248E+01  0.2068457867579697E+00 -0.3139962288993883E+02
  0.1354275822739983E+01  0.2148326776749467E+00 -0.3170116786168848E+02
  0.1346105237918751E+01  0.2228052267483099E+00 -0.3198961793999467E+02
  0.1337934653124670E+01  0.2307629017450062E+00 -0.3266395681188656E+02
  0.1329764068358868E+01  0.2387051714249486E+00 -0.3378696275893935E+02
  0.1321593483622494E+01  0.2466315055764818E+00 -0.3492810848102673E+02
  0.1313422898916710E+01  0.2545413750517773E+00 -0.3576085277970895E+02
  0.1305252314242701E+01  0.2624342518021592E+00 -0.3684587113322902E+02
  0.1297081729601665E+01  0.2703096089133553E+00 -0.3884340186963765E+02
  0.1288911144994824E+01  0.2781669206406729E+00 -0.4213290676333938E+02
  0.1280740560423418E+01  0.2860056624440968E+00 -0.4631284186759294E+02
  0.1272569975888710E+01  0.2938253110233064E+00 -0.5020776955850116E+02
  0.1264399391391984E+01  0.3016253443526109E+00 -0.5251455643151836E+02
  0.1256228806934547E+01  0.3094052417157978E+00 -0.5301397354687250E+02
  0.1248058222517730E+01  0.3171644837408958E+00 -0.5254145444661766E+02
  0.1239887638142892E+01  0.3249025524348469E+00 -0.5232607080004338E+02
  0.1231717053811414E+01  0.3326189312180866E+00 -0.5309195698356752E+02
  0.1223546469524707E+01  0.3403131049590297E+00 -0.5511493423898509E+02
  0.1215375885284210E+01  0.3479845600084601E+00 -0.5766362912501966E+02
  0.1207205301091390E+01  0.3556327842338202E+00 -0.5987631096919873E+02
  0.1199034716947747E+01  0.3632572670534011E+00 -0.6184401289227618E+02
  0.1190864132854811E+01  0.3708574994704271E+00 -0.6435403074753523E+02
  0.1182693548814147E+01  0.3784329741070359E+00 -0.6734752639016038E+02
  0.1174522964827352E+01  0.3859831852381501E+00 -0.7026831387679503E+02
  0.1166352380896063E+01  0.3935076288252386E+00 -0.7268617707800652E+02
  0.1158181797021950E+01  0.4010058025499653E+00 -0.7435513132015491E+02
  0.1150011213206726E+01  0.4084772058477228E+00 -0.7537565241383072E+02
  0.1141840629452141E+01  0.4159213399410494E+00 -0.7624763294300772E+02
  0.1133670045759989E+01  0.4233377078729265E+00 -0.7744387466013171E+02
  0.1125499462132108E+01  0.4307258145399545E+00 -0.7922026265181458E+02
  0.1117328878570381E+01  0.4380851667254050E+00 -0.8120919799826137E+02
  0.1109158295076737E+01  0.4454152731321473E+00 -0.8311684261010843E+02
  0.1100987711653159E+01  0.4527156444154464E+00 -0.8495142547237627E+02
  0.1092817128301675E+01  0.4599857932156304E+00 -0.8722755531364901E+02
  0.1084646545024371E+01  0.4672252341906264E+00 -0.9067033470729149E+02
  0.1076475961823386E+01  0.4744334840483606E+00 -0.9544973382848345E+02
  0.1068305378700920E+01  0.4816100615790221E+00 -0.1002776879865692E+03
  0.1060134795659229E+01  0.4887544876871878E+00 -0.1038029642505166E+03
  0.1051964212700635E+01  0.4958662854238058E+00 -0.1056486560476184E+03
  0.1043793629827524E+01  0.5029449800180356E+00 -0.1062374194007605E+03
  0.1035623047042350E+01  0.5099900989089429E+00 -0.1064314953797523E+03
  0.1027452464347638E+01  0.5170011717770473E+00 -0.1075774814684341E+03
  0.1019281881745987E+01  0.5239777305757194E+00 -0.1104186294336715E+03
  0.1011111299240073E+01  0.5309193095624275E+00 -0.1146262746399073E+03
  0.1002940716832650E+01  0.5378254453298289E+00 -0.1189179351855518E+03
  0.9947701345265596E+00  0.5446956768367068E+00 -0.1227523116116544E+03
  0.9865995523247275E+00  0.5515295454387482E+00 -0.1265593521053311E+03
  0.9784289702301714E+00  0.5583265949191624E+00 -0.1310372705424081E+03
  0.9702583882460036E+00  0.5650863715191369E+00 -0.1356212248733169E+03
  0.9620878063754359E+00  0.5718084239681300E+00 -0.1390263586108404E+03
  0.9539172246217830E+00  0.5784923035139965E+00 -0.1408971129088836E+03
  0.9457466429884676E+00  0.5851375639529456E+00 -0.1420225067217075E+03
  0.9375760614790253E+00  0.5917437616593286E+00 -0.1428648721607438E+03
  0.9294054800971098E+00  0.5983104556152549E+00 -0.1435452478014298E+03
  0.9212348988464978E+00  0.6048372074400329E+00 -0.1446120889174983E+03
  0.9130643177310944E+00  0.6113235814194364E+00 -0.1470071119250378E+03
  0.9048937367549402E+00  0.6177691445347914E+00 -0.1503373786900599E+03
  0.8967231559222163E+00  0.6241734664918837E+00 -0.1533689129444041E+03
  0.8885525752372514E+00  0.6305361197496849E+00 -0.1553285145803414E+03
  0.8803819947045285E+00  0.6368566795488945E+00 -0.1566387455618597E+03
  0.8722114143286931E+00  0.6431347239402948E+00 -0.1580161905241450E+03
  0.8640408341145595E+00  0.6493698338129212E+00 -0.1596418058648023E+03
  0.8558702540671204E+00  0.6555615929220400E+00 -0.1607492849344635E+03
  0.8476996741915547E+00  0.6617095879169366E+00 -0.1608356501220643E+03
  0.8395290944932369E+00  0.6678134083685102E+00 -0.1601109834704082E+03
  0.8313585149777468E+00  0.6738726467966731E+00 -0.1588631774241872E+03
  0.8231879356508802E+00  0.6798868986975534E+00 -0.1571757154852808E+03
  0.8150173565186587E+00  0.6858557625704990E+00 -0.1551691858794630E+03
  0.8068467775873427E+00  0.6917788399448808E+00 -0.1528386286684952E+03
  0.7986761988634423E+00  0.6976557354066943E+00 -0.1506509009469260E+03
  0.7905056203537315E+00  0.7034860566249567E+00 -0.1488922470696298E+03
  0.7823350420652612E+00  0.7092694143778975E+00 -0.1475224222305744E+03
  0.7741644640053743E+00  0.7150054225789432E+00 -0.1460036916494937E+03
  0.7659938861817212E+00  0.7206936983024912E+00 -0.1442616724439828E+03
  0.7578233086022768E+00  0.7263338618094733E+00 -0.1426889023549932E+03
  0.7496527312753575E+00  0.7319255365727068E+00 -0.1419551222602492E+03
  0.7414821542096410E+00  0.7374683493020299E+00 -0.1419871821742846E+03
  0.7333115774141861E+00  0.7429619299692227E+00 -0.1417412067390681E+03
  0.7251410008984539E+00  0.7484059118327094E+00 -0.1394954454577573E+03
  0.7169704246723316E+00  0.7537999314620412E+00 -0.1346771206868452E+03
  0.7087998487461566E+00  0.7591436287621580E+00 -0.1279412272596741E+03
  0.7006292731307425E+00  0.7644366469974285E+00 -0.1210061927750823E+03
  0.6924586978374083E+00  0.7696786328154644E+00 -0.1151708084066227E+03
  0.6842881228780077E+00  0.7748692362707100E+00 -0.1107122447762352E+03
  0.6761175482649616E+00  0.7800081108478040E+00 -0.1069692828467799E+03
  0.6679469740112938E+00  0.7850949134847117E+00 -0.1032912810677892E+03
  0.6597764001306670E+00  0.7901293045956280E+00 -0.9886805412556525E+02
  0.6516058266374236E+00  0.7951109480936471E+00 -0.9412162360721258E+02
  0.6434352535466297E+00  0.8000395114131988E+00 -0.8971373022140946E+02
  0.6352646808741202E+00  0.8049146655322506E+00 -0.8609062362938738E+02
  0.6270941086365502E+00  0.8097360849942720E+00 -0.8322150772753594E+02
  0.6189235368514482E+00  0.8145034479299620E+00 -0.8096399303284949E+02
  0.6107529655372755E+00  0.8192164360787360E+00 -0.7834997127533086E+02
  0.6025823947134890E+00  0.8238747348099726E+00 -0.7470101713725262E+02
  0.5944118244006098E+00  0.8284780331440178E+00 -0.6957066459031512E+02
  0.5862412546202973E+00  0.8330260237729452E+00 -0.6347777207120654E+02
  0.5780706853954301E+00  0.8375184030810715E+00 -0.5690984926428373E+02
  0.5699001167501928E+00  0.8419548711652254E+00 -0.4994563259751565E+02
  0.5617295487101719E+00  0.8463351318547683E+00 -0.4183601940243344E+02
  0.5535589813024583E+00  0.8506588927313666E+00 -0.3250222140120734E+02
  0.5453884145557613E+00  0.8549258651485127E+00 -0.2232855634327170E+02
  0.5372178485005299E+00  0.8591357642507945E+00 -0.1253794830693010E+02
  0.5290472831690897E+00  0.8632883089929120E+00 -0.3621020365277117E+01
  0.5208767185957875E+00  0.8673832221584393E+00  0.5091370460620539E+01
  0.5127061548171545E+00  0.8714202303783312E+00  0.1469959211167737E+02
  0.5045355918720822E+00  0.8753990641491725E+00  0.2476951454072264E+02
  0.4963650298020162E+00  0.8793194578511700E+00  0.3482131706480899E+02
  0.4881944686511717E+00  0.8831811497658847E+00  0.4487583053298805E+02
  0.4800239084667671E+00  0.8869838820937034E+00  0.5539213473337298E+02
  0.4718533492992859E+00  0.8907274009710492E+00  0.6600419174786708E+02
  0.4636827912027636E+00  0.8944114564873288E+00  0.7630821016509225E+02
  0.4555122342351060E+00  0.8980358027016164E+00  0.8640903112347578E+02
  0.4473416784584431E+00  0.9016001976590722E+00  0.9762561740440238E+02
  0.4391711239395221E+00  0.9051044034070944E+00  0.1097125661430499E+03
  0.4310005707501444E+00  0.9085481860112055E+00  0.1214577854637430E+03
  0.4228300189676551E+00  0.9119313155706682E+00  0.1319753422731130E+03
  0.4146594686754885E+00  0.9152535662338340E+00  0.1419499612264904E+03
  0.4064889199637791E+00  0.9185147162132208E+00  0.1523534515878558E+03
  0.3983183729300507E+00  0.9217145478003181E+00  0.1643133428451533E+03
  0.3901478276799883E+00  0.9248528473801222E+00  0.1783399343418170E+03
  0.3819772843283120E+00  0.9279294054453956E+00  0.1944258938136586E+03
  0.3738067429997641E+00  0.9309440166106540E+00  0.2113396072140558E+03
  0.3656362038302282E+00  0.9338964796258775E+00  0.2279326424097093E+03
  0.3574656669680030E+00  0.9367865973899459E+00  0.2434304380661042E+03
  0.3492951325752533E+00  0.9396141769637963E+00  0.2587186343528762E+03
  0.3411246008296713E+00  0.9423790295833044E+00  0.2744204797115949E+03
  0.3329540719263814E+00  0.9450809706718851E+00  0.2915665088971735E+03
  0.3247835460801308E+00  0.9477198198528157E+00  0.3102551004763882E+03
  0.3166130235278230E+00  0.9502954009612771E+00  0.3302003305603214E+03
  0.3084425045314506E+00  0.9528075420561144E+00  0.3505992492161407E+03
  0.3002719893815085E+00  0.9552560754313160E+00  0.3711714882220414E+03
  0.2921014784009779E+00  0.9576408376272095E+00  0.3917533622444962E+03
  0.2839309719500016E+00  0.9599616694413742E+00  0.4131126864391739E+03
  0.2757604704313845E+00  0.9622184159392698E+00  0.4356919824569065E+03
  0.2675899742971076E+00  0.9644109264645802E+00  0.4603166642154793E+03
  0.2594194840560681E+00  0.9665390546492710E+00  0.4866024789546253E+03
  0.2512490002833307E+00  0.9686026584233628E+00  0.5149457666907705E+03
  0.2430785236312446E+00  0.9706016000244151E+00  0.5451391433880340E+03
  0.2349080548428762E+00  0.9725357460067257E+00  0.5773813026360100E+03
  0.2267375947683499E+00  0.9744049672502397E+00  0.6100854297805729E+03
  0.2185671443848464E+00  0.9762091389691724E+00  0.6431273534764497E+03
  0.2103967048212628E+00  0.9779481407203411E+00  0.6765430599982053E+03
  0.2022262773888417E+00  0.9796218564112101E+00  0.7112785536355925E+03
  0.1940558636195398E+00  0.9812301743076443E+00  0.7466070082023341E+03
  0.1858854653144977E+00  0.9827729870413743E+00  0.7826631577438571E+03
  0.1777150846058812E+00  0.9842501916171713E+00  0.8188032320873177E+03
  0.1695447240365762E+00  0.9856616894197333E+00  0.8554531403085650E+03
  0.1613743866640789E+00  0.9870073862202815E+00  0.8911786280177112E+03
  0.1532040761975885E+00  0.9882871921828699E+00  0.9268211211786182E+03
  0.1450337971813853E+00  0.9895010218704087E+00  0.9628810954905701E+03
  0.1368635552438019E+00  0.9906487942504061E+00  0.1001962563771008E+04
  0.1286933574408989E+00  0.9917304327004320E+00  0.1044615168075223E+04
  0.1205232127396896E+00  0.9927458650133153E+00  0.1092256656513292E+04
  0.1123531327118049E+00  0.9936950234020883E+00  0.1142260241402529E+04
  0.1041831325528455E+00  0.9945778445047068E+00  0.1195278080689815E+04
  0.9601323262085862E-01  0.9953942693885953E+00  0.1251477770275051E+04
  0.8784346083082471E-01  0.9961442435551087E+00  0.1316226119344581E+04
  0.7967385651719167E-01  0.9968277169440913E+00  0.1390595995337708E+04
  0.7150447693306423E-01  0.9974446439389107E+00  0.1478913220751620E+04
  0.6333540875299180E-01  0.9979949833727938E+00  0.1580052043515519E+04
  0.5516678972815772E-01  0.9984786985384589E+00  0.1698842554167328E+04
  0.4699885272846815E-01  0.9988957572063257E+00  0.1836770858807475E+04
  0.3883202470742381E-01  0.9992461316671845E+00  0.2010774229278990E+04
  0.3066718105470672E-01  0.9995297988558859E+00  0.2263844298721112E+04
  0.2250643816359393E-01  0.9997467408113523E+00  0.2735241942040903E+04
  0.1435650599352885E-01  0.9998969471378596E+00  0.3527437169947213E+04
  0.6254421014113626E-02  0.9999804411726474E+00  0.4396675455201096E+04
