# nlmax, ncor, nside =         383           1         128
  0.3135338232575680E+01 -0.9999804411726474E+00 -0.2942499505313520E+03
  0.3127236147596264E+01 -0.9998969471378596E+00 -0.2966317326579251E+03
  0.3119086215426199E+01 -0.9997467408113523E+00 -0.2987575009396625E+03
  0.3110925472535087E+01 -0.9995297988558859E+00 -0.3013434937874854E+03
  0.3102760628882369E+01 -0.9992461316671845E+00 -0.3062045760017216E+03
  0.3094593800861325E+01 -0.9988957572063257E+00 -0.3124263037709750E+03
  0.3086425863861635E+01 -0.9984786985384589E+00 -0.3168924689459139E+03
  0.3078257244836801E+01 -0.9979949833727938E+00 -0.3181981859751348E+03
  0.3070088176656729E+01 -0.9974446439389107E+00 -0.3171573572485221E+03
  0.3061918797072602E+01 -0.9968277169440913E+00 -0.3149978250390822E+03
  0.3053749192758969E+01 -0.9961442435551087E+00 -0.3128718676306727E+03
  0.3045579420968934E+01 -0.9953942693885953E+00 -0.3108262986652589E+03
  0.3037409521036948E+01 -0.9945778445047068E+00 -0.3072998116129227E+03
  0.3029239520877988E+01 -0.9936950234020883E+00 -0.3010965151739917E+03
  0.3021069440850104E+01 -0.9927458650133153E+00 -0.2934013688061137E+03
  0.3012899296148894E+01 -0.9917304327004320E+00 -0.2862813461100981E+03
  0.3004729098345992E+01 -0.9906487942504061E+00 -0.2798195349347423E+03
  0.2996558856408408E+01 -0.9895010218704087E+00 -0.2729189941446762E+03
  0.2988388577392205E+01 -0.9882871921828699E+00 -0.2656304824777902E+03
  0.2980218266925714E+01 -0.9870073862202815E+00 -0.2581581564957597E+03
  0.2972047929553217E+01 -0.9856616894197333E+00 -0.2498016817288008E+03
  0.2963877568983912E+01 -0.9842501916171713E+00 -0.2403948097125746E+03
  0.2955707188275296E+01 -0.9827729870413743E+00 -0.2312018359586509E+03
  0.2947536789970254E+01 -0.9812301743076443E+00 -0.2240249723415241E+03
  0.2939366376200951E+01 -0.9796218564112101E+00 -0.2191052068897387E+03
  0.2931195948768531E+01 -0.9779481407203411E+00 -0.2144132018348153E+03
  0.2923025509204947E+01 -0.9762091389691724E+00 -0.2079098813553956E+03
  0.2914855058821443E+01 -0.9744049672502397E+00 -0.2002209107680245E+03
  0.2906684598746917E+01 -0.9725357460067257E+00 -0.1938939414316613E+03
  0.2898514129958549E+01 -0.9706016000244151E+00 -0.1907207902950337E+03
  0.2890343653306462E+01 -0.9686026584233628E+00 -0.1905307573482995E+03
  0.2882173169533725E+01 -0.9665390546492710E+00 -0.1916281941646907E+03
  0.2874002679292686E+01 -0.9644109264645802E+00 -0.1917983269514647E+03
  0.2865832183158409E+01 -0.9622184159392698E+00 -0.1891569498168793E+03
  0.2857661681639792E+01 -0.9599616694413742E+00 -0.1831449522686483E+03
  0.2849491175188815E+01 -0.9576408376272095E+00 -0.1753731267297811E+03
  0.2841320664208285E+01 -0.9552560754313160E+00 -0.1683241001217398E+03
  0.2833150149058343E+01 -0.9528075420561144E+00 -0.1627864406115323E+03
  0.2824979630061970E+01 -0.9502954009612771E+00 -0.1576804832143721E+03
  0.2816809107509663E+01 -0.9477198198528157E+00 -0.1521432064445379E+03
  0.2808638581663412E+01 -0.9450809706718851E+00 -0.1461441087990961E+03
  0.2800468052760122E+01 -0.9423790295833044E+00 -0.1397870990041685E+03
  0.2792297521014540E+01 -0.9396141769637963E+00 -0.1334280312713077E+03
  0.2784126986621790E+01 -0.9367865973899459E+00 -0.1278188047879574E+03
  0.2775956449759565E+01 -0.9338964796258775E+00 -0.1231731976238481E+03
  0.2767785910590029E+01 -0.9309440166106540E+00 -0.1188286012612387E+03
  0.2759615369261481E+01 -0.9279294054453956E+00 -0.1137253402839118E+03
  0.2751444825909805E+01 -0.9248528473801222E+00 -0.1070578926567528E+03
  0.2743274280659743E+01 -0.9217145478003181E+00 -0.9901270961061330E+02
  0.2735103733626014E+01 -0.9185147162132208E+00 -0.9049903200334536E+02
  0.2726933184914305E+01 -0.9152535662338340E+00 -0.8236073967698113E+02
  0.2718762634622138E+01 -0.9119313155706682E+00 -0.7484903420145625E+02
  0.2710592082839649E+01 -0.9085481860112055E+00 -0.6756890339148336E+02
  0.2702421529650271E+01 -0.9051044034070944E+00 -0.5991709528114543E+02
  0.2694250975131350E+01 -0.9016001976590722E+00 -0.5179842868057074E+02
  0.2686080419354687E+01 -0.8980358027016164E+00 -0.4368224204209296E+02
  0.2677909862387029E+01 -0.8944114564873288E+00 -0.3567333083092601E+02
  0.2669739304290507E+01 -0.8907274009710492E+00 -0.2765578762522992E+02
  0.2661568745123026E+01 -0.8869838820937034E+00 -0.2040877640386134E+02
  0.2653398184938621E+01 -0.8831811497658847E+00 -0.1488745109932452E+02
  0.2645227623787777E+01 -0.8793194578511700E+00 -0.1069657724231602E+02
  0.2637057061717711E+01 -0.8753990641491725E+00 -0.6702440952223497E+01
  0.2628886498772639E+01 -0.8714202303783312E+00 -0.2321655222610568E+01
  0.2620715934994006E+01 -0.8673832221584393E+00  0.2663733402185010E+01
  0.2612545370420704E+01 -0.8632883089929120E+00  0.8476170885691356E+01
  0.2604374805089263E+01 -0.8591357642507945E+00  0.1491881804524176E+02
  0.2596204239034032E+01 -0.8549258651485127E+00  0.2095993050942626E+02
  0.2588033672287335E+01 -0.8506588927313666E+00  0.2553997138075601E+02
  0.2579863104879621E+01 -0.8463351318547683E+00  0.2907747485642587E+02
  0.2571692536839600E+01 -0.8419548711652254E+00  0.3309470407149946E+02
  0.2563521968194363E+01 -0.8375184030810715E+00  0.3824539052095378E+02
  0.2555351398969496E+01 -0.8330260237729452E+00  0.4398050171659055E+02
  0.2547180829189184E+01 -0.8284780331440178E+00  0.4940688588248334E+02
  0.2539010258876304E+01 -0.8238747348099726E+00  0.5369058660306200E+02
  0.2530839688052518E+01 -0.8192164360787360E+00  0.5671366878675226E+02
  0.2522669116738345E+01 -0.8145034479299620E+00  0.5936356950884617E+02
  0.2514498544953243E+01 -0.8097360849942720E+00  0.6207490802442514E+02
  0.2506327972715673E+01 -0.8049146655322506E+00  0.6393129341125364E+02
  0.2498157400043163E+01 -0.8000395114131988E+00  0.6419377642033427E+02
  0.2489986826952370E+01 -0.7951109480936471E+00  0.6363668794759065E+02
  0.2481816253459126E+01 -0.7901293045956280E+00  0.6360759828226576E+02
  0.2473645679578500E+01 -0.7850949134847117E+00  0.6446830147867163E+02
  0.2465475105324832E+01 -0.7800081108478040E+00  0.6566381094760450E+02
  0.2457304530711785E+01 -0.7748692362707100E+00  0.6684536215115899E+02
  0.2449133955752385E+01 -0.7696786328154644E+00  0.6825648766428330E+02
  0.2440963380459050E+01 -0.7644366469974285E+00  0.7034035711291050E+02
  0.2432792804843637E+01 -0.7591436287621580E+00  0.7297322461460749E+02
  0.2424622228917462E+01 -0.7537999314620412E+00  0.7552164867150385E+02
  0.2416451652691339E+01 -0.7484059118327094E+00  0.7766221408932677E+02
  0.2408281076175607E+01 -0.7429619299692227E+00  0.7946180150724631E+02
  0.2400110499380152E+01 -0.7374683493020299E+00  0.8104933141861531E+02
  0.2391939922314436E+01 -0.7319255365727068E+00  0.8233254036147450E+02
  0.2383769344987516E+01 -0.7263338618094733E+00  0.8285991007202094E+02
  0.2375598767408072E+01 -0.7206936983024912E+00  0.8246384918711973E+02
  0.2367428189584419E+01 -0.7150054225789432E+00  0.8166939446587807E+02
  0.2359257611524532E+01 -0.7092694143778975E+00  0.8105163021343225E+02
  0.2351087033236062E+01 -0.7034860566249567E+00  0.8074500685427101E+02
  0.2342916454726351E+01 -0.6976557354066943E+00  0.8026714179922394E+02
  0.2334745876002450E+01 -0.6917788399448808E+00  0.7880839710646347E+02
  0.2326575297071134E+01 -0.6858557625704990E+00  0.7647779279339444E+02
  0.2318404717938913E+01 -0.6798868986975534E+00  0.7444384977677340E+02
  0.2310234138612046E+01 -0.6738726467966731E+00  0.7336379536509639E+02
  0.2302063559096557E+01 -0.6678134083685102E+00  0.7280109375287063E+02
  0.2293892979398239E+01 -0.6617095879169366E+00  0.7228629910917935E+02
  0.2285722399522673E+01 -0.6555615929220400E+00  0.7189315223618318E+02
  0.2277551819475234E+01 -0.6493698338129212E+00  0.7176643490814368E+02
  0.2269381239261100E+01 -0.6431347239402948E+00  0.7154941599173209E+02
  0.2261210658885265E+01 -0.6368566795488945E+00  0.7065006431115714E+02
  0.2253040078352542E+01 -0.6305361197496849E+00  0.6925854685025055E+02
  0.2244869497667577E+01 -0.6241734664918837E+00  0.6838631370444105E+02
  0.2236698916834853E+01 -0.6177691445347914E+00  0.6862029406650299E+02
  0.2228528335858699E+01 -0.6113235814194364E+00  0.6959458675423049E+02
  0.2220357754743295E+01 -0.6048372074400329E+00  0.7052449366093381E+02
  0.2212187173492683E+01 -0.5983104556152549E+00  0.7079800914811477E+02
  0.2204016592110768E+01 -0.5917437616593286E+00  0.7034443214609692E+02
  0.2195846010601326E+01 -0.5851375639529456E+00  0.6960904871067460E+02
  0.2187675428968010E+01 -0.5784923035139965E+00  0.6899169989628142E+02
  0.2179504847214357E+01 -0.5718084239681300E+00  0.6838797489469215E+02
  0.2171334265343789E+01 -0.5650863715191369E+00  0.6731541566822924E+02
  0.2163163683359622E+01 -0.5583265949191624E+00  0.6550041631162620E+02
  0.2154993101265066E+01 -0.5515295454387482E+00  0.6306451835743280E+02
  0.2146822519063234E+01 -0.5446956768367068E+00  0.6022651052169088E+02
  0.2138651936757143E+01 -0.5378254453298289E+00  0.5696693317773679E+02
  0.2130481354349721E+01 -0.5309193095624275E+00  0.5309106725888733E+02
  0.2122310771843806E+01 -0.5239777305757194E+00  0.4883908516845518E+02
  0.2114140189242155E+01 -0.5170011717770473E+00  0.4510793345428316E+02
  0.2105969606547443E+01 -0.5099900989089429E+00  0.4235901551989849E+02
  0.2097799023762269E+01 -0.5029449800180356E+00  0.4032522451640943E+02
  0.2089628440889158E+01 -0.4958662854238058E+00  0.3914336714174031E+02
  0.2081457857930564E+01 -0.4887544876871878E+00  0.3917505064531085E+02
  0.2073287274888874E+01 -0.4816100615790221E+00  0.4002488004392269E+02
  0.2065116691766407E+01 -0.4744334840483606E+00  0.4110698906645995E+02
  0.2056946108565423E+01 -0.4672252341906264E+00  0.4254117280216767E+02
  0.2048775525288118E+01 -0.4599857932156304E+00  0.4463630371067102E+02
  0.2040604941936635E+01 -0.4527156444154464E+00  0.4694916547837196E+02
  0.2032434358513056E+01 -0.4454152731321473E+00  0.4858479543769262E+02
  0.2024263775019413E+01 -0.4380851667254050E+00  0.4912255188297940E+02
  0.2016093191457685E+01 -0.4307258145399545E+00  0.4872977101850960E+02
  0.2007922607829804E+01 -0.4233377078729265E+00  0.4775318958953848E+02
  0.1999752024137653E+01 -0.4159213399410494E+00  0.4663774145436771E+02
  0.1991581440383068E+01 -0.4084772058477228E+00  0.4562344321034966E+02
  0.1983410856567843E+01 -0.4010058025499653E+00  0.4466207715975293E+02
  0.1975240272693730E+01 -0.3935076288252386E+00  0.4369761958817275E+02
  0.1967069688762441E+01 -0.3859831852381501E+00  0.4277811100450101E+02
  0.1958899104775647E+01 -0.3784329741070359E+00  0.4209966023209338E+02
  0.1950728520734982E+01 -0.3708574994704271E+00  0.4196741007646441E+02
  0.1942557936642046E+01 -0.3632572670534011E+00  0.4249500575623237E+02
  0.1934387352498403E+01 -0.3556327842338202E+00  0.4332638980941947E+02
  0.1926216768305583E+01 -0.3479845600084601E+00  0.4396086999294119E+02
  0.1918046184065086E+01 -0.3403131049590297E+00  0.4460236445829835E+02
  0.1909875599778379E+01 -0.3326189312180866E+00  0.4597991980054839E+02
  0.1901705015446901E+01 -0.3249025524348469E+00  0.4806941490436461E+02
  0.1893534431072063E+01 -0.3171644837408958E+00  0.4968848215976255E+02
  0.1885363846655247E+01 -0.3094052417157978E+00  0.4980392545493422E+02
  0.1877193262197810E+01 -0.3016253443526109E+00  0.4872031193002447E+02
  0.1869022677701083E+01 -0.2938253110233064E+00  0.4740078470492205E+02
  0.1860852093166375E+01 -0.2860056624440968E+00  0.4623423890569678E+02
  0.1852681508594969E+01 -0.2781669206406729E+00  0.4519881989651877E+02
  0.1844510923988128E+01 -0.2703096089133553E+00  0.4441054782276333E+02
  0.1836340339347093E+01 -0.2624342518021592E+00  0.4393505120329387E+02
  0.1828169754673083E+01 -0.2545413750517773E+00  0.4361632705242823E+02
  0.1819999169967299E+01 -0.2466315055764818E+00  0.4343066916567998E+02
  0.1811828585230925E+01 -0.2387051714249486E+00  0.4361989483489269E+02
  0.1803658000465123E+01 -0.2307629017450062E+00  0.4422412103114275E+02
  0.1795487415671042E+01 -0.2228052267483099E+00  0.4469611421723830E+02
  0.1787316830849811E+01 -0.2148326776749467E+00  0.4460384841650947E+02
  0.1779146246002545E+01 -0.2068457867579697E+00  0.4437026735900627E+02
  0.1770975661130345E+01 -0.1988450871878683E+00  0.4460575552080358E+02
  0.1762805076234296E+01 -0.1908311130769725E+00  0.4510027958779084E+02
  0.1754634491315471E+01 -0.1828043994237966E+00  0.4504483183255437E+02
  0.1746463906374929E+01 -0.1747654820773241E+00  0.4413486816000987E+02
  0.1738293321413718E+01 -0.1667148977012352E+00  0.4292656569079605E+02
  0.1730122736432872E+01 -0.1586531837380799E+00  0.4179958589511681E+02
  0.1721952151433418E+01 -0.1505808783733995E+00  0.4036421395238238E+02
  0.1713781566416370E+01 -0.1424985204997981E+00  0.3826165064098078E+02
  0.1705610981382731E+01 -0.1344066496809675E+00  0.3593109111374136E+02
  0.1697440396333499E+01 -0.1263058061156663E+00  0.3380246212662456E+02
  0.1689269811269659E+01 -0.1181965306016578E+00  0.3140178916408391E+02
  0.1681099226192191E+01 -0.1100793644996070E+00  0.2816630428458302E+02
  0.1672928641102067E+01 -0.1019548496969404E+00  0.2454814770865807E+02
  0.1664758056000250E+01 -0.9382352857167028E-01  0.2164478398401688E+02
  0.1656587470887701E+01 -0.8568594395618719E-01  0.2013325257368360E+02
  0.1648416885765370E+01 -0.7754263910102077E-01  0.1965321588127039E+02
  0.1640246300634206E+01 -0.6939415763857371E-01  0.1935854753040293E+02
  0.1632075715495151E+01 -0.6124104354682962E-01  0.1879126386141705E+02
  0.1623905130349143E+01 -0.5308384111303818E-01  0.1791446558856675E+02
  0.1615734545197117E+01 -0.4492309489737940E-01  0.1670281330771891E+02
  0.1607563960040004E+01 -0.3675934969660982E-01  0.1491268475901909E+02
  0.1599393374878733E+01 -0.2859315050769285E-01  0.1244237651254505E+02
  0.1591222789714229E+01 -0.2042504249141571E-01  0.9961127431925112E+01
  0.1583052204547419E+01 -0.1225557093599554E-01  0.8306651522571242E+01
  0.1574881619379224E+01 -0.4085281220676868E-02  0.7436029319580802E+01
  0.1566711034210569E+01  0.4085281220676868E-02  0.6643393254022272E+01
  0.1558540449042374E+01  0.1225557093599554E-01  0.5425240909464653E+01
  0.1550369863875564E+01  0.2042504249141571E-01  0.3457282872696371E+01
  0.1542199278711061E+01  0.2859315050769285E-01  0.5327216385003698E+00
  0.1534028693549790E+01  0.3675934969660982E-01 -0.3228179725444801E+01
  0.1525858108392677E+01  0.4492309489737940E-01 -0.7454935083970291E+01
  0.1517687523240650E+01  0.5308384111303818E-01 -0.1172101819201176E+02
  0.1509516938094642E+01  0.6124104354682962E-01 -0.1577095430242896E+02
  0.1501346352955587E+01  0.6939415763857371E-01 -0.1961644517355549E+02
  0.1493175767824423E+01  0.7754263910102077E-01 -0.2309254041741923E+02
  0.1485005182702093E+01  0.8568594395618719E-01 -0.2559058946104070E+02
  0.1476834597589543E+01  0.9382352857167028E-01 -0.2670048013928632E+02
  0.1468664012487727E+01  0.1019548496969404E+00 -0.2709589831760324E+02
  0.1460493427397602E+01  0.1100793644996070E+00 -0.2808808971672856E+02
  0.1452322842320134E+01  0.1181965306016578E+00 -0.3028110066460588E+02
  0.1444152257256294E+01  0.1263058061156663E+00 -0.3309328829639482E+02
  0.1435981672207062E+01  0.1344066496809675E+00 -0.3550781413151956E+02
  0.1427811087173423E+01  0.1424985204997981E+00 -0.3674465814914454E+02
  0.1419640502156375E+01  0.1505808783733995E+00 -0.3657855725160240E+02
  0.1411469917156921E+01  0.1586531837380799E+00 -0.3528843927054603E+02
  0.1403299332176076E+01  0.1667148977012352E+00 -0.3342577317062919E+02
  0.1395128747214864E+01  0.1747654820773241E+00 -0.3165743409364038E+02
  0.1386958162274323E+01  0.1828043994237966E+00 -0.3061791110780907E+02
  0.1378787577355497E+01  0.1908311130769725E+00 -0.3051696542930097E+02
  0.1370616992459449E+01  0.1988450871878683E+00 -0.3097426417988525E+02
  0.1362446407587248E+01  0.2068457867579697E+00 -0.3154247653202502E+02
  0.1354275822739983E+01  0.2148326776749467E+00 -0.3226901712345239E+02
  0.1346105237918751E+01  0.2228052267483099E+00 -0.3339334829474092E+02
  0.1337934653124670E+01  0.2307629017450062E+00 -0.3498540430909615E+02
  0.1329764068358868E+01  0.2387051714249486E+00 -0.3680971658087843E+02
  0.1321593483622494E+01  0.2466315055764818E+00 -0.3828224024582318E+02
  0.1313422898916710E+01  0.2545413750517773E+00 -0.3908980440291779E+02
  0.1305252314242701E+01  0.2624342518021592E+00 -0.3989844034822053E+02
  0.1297081729601665E+01  0.2703096089133553E+00 -0.4174122418415014E+02
  0.1288911144994824E+01  0.2781669206406729E+00 -0.4466620851976631E+02
  0.1280740560423418E+01  0.2860056624440968E+00 -0.4774357211399705E+02
  0.1272569975888710E+01  0.2938253110233064E+00 -0.5023843262035665E+02
  0.1264399391391984E+01  0.3016253443526109E+00 -0.5175119832186174E+02
  0.1256228806934547E+01  0.3094052417157978E+00 -0.5209460021903313E+02
  0.1248058222517730E+01  0.3171644837408958E+00 -0.5173502745908539E+02
  0.1239887638142892E+01  0.3249025524348469E+00 -0.5165839214055409E+02
  0.1231717053811414E+01  0.3326189312180866E+00 -0.5268263620143652E+02
  0.1223546469524707E+01  0.3403131049590297E+00 -0.5498466806423061E+02
  0.1215375885284210E+01  0.3479845600084601E+00 -0.5777002017826209E+02
  0.1207205301091390E+01  0.3556327842338202E+00 -0.6004205493682284E+02
  0.1199034716947747E+01  0.3632572670534011E+00 -0.6198091285744615E+02
  0.1190864132854811E+01  0.3708574994704271E+00 -0.6444809735408832E+02
  0.1182693548814147E+01  0.3784329741070359E+00 -0.6741970607030292E+02
  0.1174522964827352E+01  0.3859831852381501E+00 -0.7016325141193582E+02
  0.1166352380896063E+01  0.3935076288252386E+00 -0.7222617628693246E+02
  0.1158181797021950E+01  0.4010058025499653E+00 -0.7376674585854265E+02
  0.1150011213206726E+01  0.4084772058477228E+00 -0.7517493753244135E+02
  0.1141840629452141E+01  0.4159213399410494E+00 -0.7659412654553469E+02
  0.1133670045759989E+01  0.4233377078729265E+00 -0.7807072392864801E+02
  0.1125499462132108E+01  0.4307258145399545E+00 -0.7985828050094756E+02
  0.1117328878570381E+01  0.4380851667254050E+00 -0.8204901397205310E+02
  0.1109158295076737E+01  0.4454152731321473E+00 -0.8454006682238433E+02
  0.1100987711653159E+01  0.4527156444154464E+00 -0.8724599988250787E+02
  0.1092817128301675E+01  0.4599857932156304E+00 -0.9039419848719062E+02
  0.1084646545024371E+01  0.4672252341906264E+00 -0.9457624507992770E+02
  0.1076475961823386E+01  0.4744334840483606E+00 -0.9983866596151724E+02
  0.1068305378700920E+01  0.4816100615790221E+00 -0.1049543661893929E+03
  0.1060134795659229E+01  0.4887544876871878E+00 -0.1086401213180195E+03
  0.1051964212700635E+01  0.4958662854238058E+00 -0.1108515579020487E+03
  0.1043793629827524E+01  0.5029449800180356E+00 -0.1122711458497083E+03
  0.1035623047042350E+01  0.5099900989089429E+00 -0.1133221922229858E+03
  0.1027452464347638E+01  0.5170011717770473E+00 -0.1145440244757637E+03
  0.1019281881745987E+01  0.5239777305757194E+00 -0.1168376665071932E+03
  0.1011111299240073E+01  0.5309193095624275E+00 -0.1203605573565337E+03
  0.1002940716832650E+01  0.5378254453298289E+00 -0.1241451962826522E+03
  0.9947701345265596E+00  0.5446956768367068E+00 -0.1276021399801317E+03
  0.9865995523247275E+00  0.5515295454387482E+00 -0.1311674353976196E+03
  0.9784289702301714E+00  0.5583265949191624E+00 -0.1353074047586371E+03
  0.9702583882460036E+00  0.5650863715191369E+00 -0.1397088345245116E+03
  0.9620878063754359E+00  0.5718084239681300E+00 -0.1436439297257610E+03
  0.9539172246217830E+00  0.5784923035139965E+00 -0.1466241016401460E+03
  0.9457466429884676E+00  0.5851375639529456E+00 -0.1486956538524846E+03
  0.9375760614790253E+00  0.5917437616593286E+00 -0.1500683000822950E+03
  0.9294054800971098E+00  0.5983104556152549E+00 -0.1511306729341431E+03
  0.9212348988464978E+00  0.6048372074400329E+00 -0.1528011895760167E+03
  0.9130643177310944E+00  0.6113235814194364E+00 -0.1559420302526620E+03
  0.9048937367549402E+00  0.6177691445347914E+00 -0.1601008521545602E+03
  0.8967231559222163E+00  0.6241734664918837E+00 -0.1639447737661689E+03
  0.8885525752372514E+00  0.6305361197496849E+00 -0.1667642463955510E+03
  0.8803819947045285E+00  0.6368566795488945E+00 -0.1689571677451749E+03
  0.8722114143286931E+00  0.6431347239402948E+00 -0.1711828497362499E+03
  0.8640408341145595E+00  0.6493698338129212E+00 -0.1735818703175363E+03
  0.8558702540671204E+00  0.6555615929220400E+00 -0.1757142821865780E+03
  0.8476996741915547E+00  0.6617095879169366E+00 -0.1770089522617968E+03
  0.8395290944932369E+00  0.6678134083685102E+00 -0.1770464191470088E+03
  0.8313585149777468E+00  0.6738726467966731E+00 -0.1759575351018061E+03
  0.8231879356508802E+00  0.6798868986975534E+00 -0.1742579246925975E+03
  0.8150173565186587E+00  0.6858557625704990E+00 -0.1722884573122390E+03
  0.8068467775873427E+00  0.6917788399448808E+00 -0.1702640733309773E+03
  0.7986761988634423E+00  0.6976557354066943E+00 -0.1685789048224350E+03
  0.7905056203537315E+00  0.7034860566249567E+00 -0.1674286096149122E+03
  0.7823350420652612E+00  0.7092694143778975E+00 -0.1665324683016270E+03
  0.7741644640053743E+00  0.7150054225789432E+00 -0.1654681321208498E+03
  0.7659938861817212E+00  0.7206936983024912E+00 -0.1642890146617628E+03
  0.7578233086022768E+00  0.7263338618094733E+00 -0.1634314427691397E+03
  0.7496527312753575E+00  0.7319255365727068E+00 -0.1633003051069814E+03
  0.7414821542096410E+00  0.7374683493020299E+00 -0.1636230339489594E+03
  0.7333115774141861E+00  0.7429619299692227E+00 -0.1632070777616453E+03
  0.7251410008984539E+00  0.7484059118327094E+00 -0.1607610661501493E+03
  0.7169704246723316E+00  0.7537999314620412E+00 -0.1562134835415279E+03
  0.7087998487461566E+00  0.7591436287621580E+00 -0.1505666031685692E+03
  0.7006292731307425E+00  0.7644366469974285E+00 -0.1448896576856221E+03
  0.6924586978374083E+00  0.7696786328154644E+00 -0.1397818050336649E+03
  0.6842881228780077E+00  0.7748692362707100E+00 -0.1353647490161306E+03
  0.6761175482649616E+00  0.7800081108478040E+00 -0.1312676312721436E+03
  0.6679469740112938E+00  0.7850949134847117E+00 -0.1269414786574427E+03
  0.6597764001306670E+00  0.7901293045956280E+00 -0.1219587866295207E+03
  0.6516058266374236E+00  0.7951109480936471E+00 -0.1165641719546466E+03
  0.6434352535466297E+00  0.8000395114131988E+00 -0.1114679241481782E+03
  0.6352646808741202E+00  0.8049146655322506E+00 -0.1071224826828707E+03
  0.6270941086365502E+00  0.8097360849942720E+00 -0.1035751928521208E+03
  0.6189235368514482E+00  0.8145034479299620E+00 -0.1006078906920992E+03
  0.6107529655372755E+00  0.8192164360787360E+00 -0.9747001487554346E+02
  0.6025823947134890E+00  0.8238747348099726E+00 -0.9343802869199756E+02
  0.5944118244006098E+00  0.8284780331440178E+00 -0.8841595635789832E+02
  0.5862412546202973E+00  0.8330260237729452E+00 -0.8266116725357664E+02
  0.5780706853954301E+00  0.8375184030810715E+00 -0.7598288254598290E+02
  0.5699001167501928E+00  0.8419548711652254E+00 -0.6787155144230199E+02
  0.5617295487101719E+00  0.8463351318547683E+00 -0.5825062536634078E+02
  0.5535589813024583E+00  0.8506588927313666E+00 -0.4774671012066398E+02
  0.5453884145557613E+00  0.8549258651485127E+00 -0.3696471606092818E+02
  0.5372178485005299E+00  0.8591357642507945E+00 -0.2624160923289798E+02
  0.5290472831690897E+00  0.8632883089929120E+00 -0.1575012242359439E+02
  0.5208767185957875E+00  0.8673832221584393E+00 -0.5363393947970108E+01
  0.5127061548171545E+00  0.8714202303783312E+00  0.5295980762743397E+01
  0.5045355918720822E+00  0.8753990641491725E+00  0.1619778911586618E+02
  0.4963650298020162E+00  0.8793194578511700E+00  0.2724270903842696E+02
  0.4881944686511717E+00  0.8831811497658847E+00  0.3855886549986729E+02
  0.4800239084667671E+00  0.8869838820937034E+00  0.5015896588373754E+02
  0.4718533492992859E+00  0.8907274009710492E+00  0.6159824591381035E+02
  0.4636827912027636E+00  0.8944114564873288E+00  0.7245280567291118E+02
  0.4555122342351060E+00  0.8980358027016164E+00  0.8310663959271120E+02
  0.4473416784584431E+00  0.9016001976590722E+00  0.9466838505443803E+02
  0.4391711239395221E+00  0.9051044034070944E+00  0.1072745222538793E+03
  0.4310005707501444E+00  0.9085481860112055E+00  0.1196669397728123E+03
  0.4228300189676551E+00  0.9119313155706682E+00  0.1309620018700325E+03
  0.4146594686754885E+00  0.9152535662338340E+00  0.1417627108802757E+03
  0.4064889199637791E+00  0.9185147162132208E+00  0.1528287413740198E+03
  0.3983183729300507E+00  0.9217145478003181E+00  0.1649043948422893E+03
  0.3901478276799883E+00  0.9248528473801222E+00  0.1791818199151803E+03
  0.3819772843283120E+00  0.9279294054453956E+00  0.1960618845506002E+03
  0.3738067429997641E+00  0.9309440166106540E+00  0.2139355213468824E+03
  0.3656362038302282E+00  0.9338964796258775E+00  0.2309624963517832E+03
  0.3574656669680030E+00  0.9367865973899459E+00  0.2468617769551946E+03
  0.3492951325752533E+00  0.9396141769637963E+00  0.2626868531645360E+03
  0.3411246008296713E+00  0.9423790295833044E+00  0.2792152006118963E+03
  0.3329540719263814E+00  0.9450809706718851E+00  0.2968883596701771E+03
  0.3247835460801308E+00  0.9477198198528157E+00  0.3159766382502302E+03
  0.3166130235278230E+00  0.9502954009612771E+00  0.3361753049091477E+03
  0.3084425045314506E+00  0.9528075420561144E+00  0.3565681345014431E+03
  0.3002719893815085E+00  0.9552560754313160E+00  0.3771079486526011E+03
  0.2921014784009779E+00  0.9576408376272095E+00  0.3984425117157639E+03
  0.2839309719500016E+00  0.9599616694413742E+00  0.4209463222782148E+03
  0.2757604704313845E+00  0.9622184159392698E+00  0.4445918905673646E+03
  0.2675899742971076E+00  0.9644109264645802E+00  0.4693933759083324E+03
  0.2594194840560681E+00  0.9665390546492710E+00  0.4951869087697984E+03
  0.2512490002833307E+00  0.9686026584233628E+00  0.5224120300671874E+03
  0.2430785236312446E+00  0.9706016000244151E+00  0.5516940362433256E+03
  0.2349080548428762E+00  0.9725357460067257E+00  0.5827476493238190E+03
  0.2267375947683499E+00  0.9744049672502397E+00  0.6142936206205743E+03
  0.2185671443848464E+00  0.9762091389691724E+00  0.6459588001495905E+03
  0.2103967048212628E+00  0.9779481407203411E+00  0.6783467526897639E+03
  0.2022262773888417E+00  0.9796218564112101E+00  0.7121780354708787E+03
  0.1940558636195398E+00  0.9812301743076443E+00  0.7471127671401418E+03
  0.1858854653144977E+00  0.9827729870413743E+00  0.7823690279786779E+03
  0.1777150846058812E+00  0.9842501916171713E+00  0.8172955076928466E+03
  0.1695447240365762E+00  0.9856616894197333E+00  0.8517029263250899E+03
  0.1613743866640789E+00  0.9870073862202815E+00  0.8852213275447904E+03
  0.1532040761975885E+00  0.9882871921828699E+00  0.9187017008722747E+03
  0.1450337971813853E+00  0.9895010218704087E+00  0.9537406198123261E+03
  0.1368635552438019E+00  0.9906487942504061E+00  0.9915608311659489E+03
  0.1286933574408989E+00  0.9917304327004320E+00  0.1032096410869487E+04
  0.1205232127396896E+00  0.9927458650133153E+00  0.1075693782804703E+04
  0.1123531327118049E+00  0.9936950234020883E+00  0.1122907465812460E+04
  0.1041831325528455E+00  0.9945778445047068E+00  0.1174484810274110E+04
  0.9601323262085862E-01  0.9953942693885953E+00  0.1230881075393971E+04
  0.8784346083082471E-01  0.9961442435551087E+00  0.1294001930168204E+04
  0.7967385651719167E-01  0.9968277169440913E+00  0.1365878881385265E+04
  0.7150447693306423E-01  0.9974446439389107E+00  0.1449051115213899E+04
  0.6333540875299180E-01  0.9979949833727938E+00  0.1546130270563547E+04
  0.5516678972815772E-01  0.9984786985384589E+00  0.1661885091184546E+04
  0.4699885272846815E-01  0.9988957572063257E+00  0.1800597610459407E+04
  0.3883202470742381E-01  0.9992461316671845E+00  0.1972935722174392E+04
  0.3066718105470672E-01  0.9995297988558859E+00  0.2224455998516051E+04
  0.2250643816359393E-01  0.9997467408113523E+00  0.2682860804855463E+04
  0.1435650599352885E-01  0.9998969471378596E+00  0.3445037624934322E+04
  0.6254421014113626E-02  0.9999804411726474E+00  0.4243458416173408E+04
