# nlmax, ncor, nside =         383           1         128
  0.3135338232575680E+01 -0.9999804411726474E+00 -0.2990788435957967E+03
  0.3127236147596264E+01 -0.9998969471378596E+00 -0.2995031370833585E+03
  0.3119086215426199E+01 -0.9997467408113523E+00 -0.3000913506418849E+03
  0.3110925472535087E+01 -0.9995297988558859E+00 -0.3027755145376666E+03
  0.3102760628882369E+01 -0.9992461316671845E+00 -0.3079731947317666E+03
  0.3094593800861325E+01 -0.9988957572063257E+00 -0.3137724742862839E+03
  0.3086425863861635E+01 -0.9984786985384589E+00 -0.3175676463516716E+03
  0.3078257244836801E+01 -0.9979949833727938E+00 -0.3183759928440714E+03
  0.3070088176656729E+01 -0.9974446439389107E+00 -0.3173854859037244E+03
  0.3061918797072602E+01 -0.9968277169440913E+00 -0.3162801715075783E+03
  0.3053749192758969E+01 -0.9961442435551087E+00 -0.3148794236817420E+03
  0.3045579420968934E+01 -0.9953942693885953E+00 -0.3120956309137455E+03
  0.3037409521036948E+01 -0.9945778445047068E+00 -0.3072496724394505E+03
  0.3029239520877988E+01 -0.9936950234020883E+00 -0.3000918595115583E+03
  0.3021069440850104E+01 -0.9927458650133153E+00 -0.2915837202157447E+03
  0.3012899296148894E+01 -0.9917304327004320E+00 -0.2838677202895499E+03
  0.3004729098345992E+01 -0.9906487942504061E+00 -0.2774270321590744E+03
  0.2996558856408408E+01 -0.9895010218704087E+00 -0.2711791723039565E+03
  0.2988388577392205E+01 -0.9882871921828699E+00 -0.2644039953381796E+03
  0.2980218266925714E+01 -0.9870073862202815E+00 -0.2565303187458086E+03
  0.2972047929553217E+01 -0.9856616894197333E+00 -0.2472516017083028E+03
  0.2963877568983912E+01 -0.9842501916171713E+00 -0.2373233260201836E+03
  0.2955707188275296E+01 -0.9827729870413743E+00 -0.2283271566034315E+03
  0.2947536789970254E+01 -0.9812301743076443E+00 -0.2218861431155035E+03
  0.2939366376200951E+01 -0.9796218564112101E+00 -0.2176899509231365E+03
  0.2931195948768531E+01 -0.9779481407203411E+00 -0.2131640812285400E+03
  0.2923025509204947E+01 -0.9762091389691724E+00 -0.2062553452835884E+03
  0.2914855058821443E+01 -0.9744049672502397E+00 -0.1978587875383545E+03
  0.2906684598746917E+01 -0.9725357460067257E+00 -0.1909120057459024E+03
  0.2898514129958549E+01 -0.9706016000244151E+00 -0.1877082835103721E+03
  0.2890343653306462E+01 -0.9686026584233628E+00 -0.1879129816179458E+03
  0.2882173169533725E+01 -0.9665390546492710E+00 -0.1894776687826574E+03
  0.2874002679292686E+01 -0.9644109264645802E+00 -0.1901183092069055E+03
  0.2865832183158409E+01 -0.9622184159392698E+00 -0.1876795175028653E+03
  0.2857661681639792E+01 -0.9599616694413742E+00 -0.1813535506801856E+03
  0.2849491175188815E+01 -0.9576408376272095E+00 -0.1729590906660526E+03
  0.2841320664208285E+01 -0.9552560754313160E+00 -0.1651264822960011E+03
  0.2833150149058343E+01 -0.9528075420561144E+00 -0.1588098284832014E+03
  0.2824979630061970E+01 -0.9502954009612771E+00 -0.1531347346338162E+03
  0.2816809107509663E+01 -0.9477198198528157E+00 -0.1470611827332543E+03
  0.2808638581663412E+01 -0.9450809706718851E+00 -0.1406120600531581E+03
  0.2800468052760122E+01 -0.9423790295833044E+00 -0.1343507043779637E+03
  0.2792297521014540E+01 -0.9396141769637963E+00 -0.1285854314448213E+03
  0.2784126986621790E+01 -0.9367865973899459E+00 -0.1231369359817046E+03
  0.2775956449759565E+01 -0.9338964796258775E+00 -0.1178731008475116E+03
  0.2767785910590029E+01 -0.9309440166106540E+00 -0.1124997688157459E+03
  0.2759615369261481E+01 -0.9279294054453956E+00 -0.1064177645658128E+03
  0.2751444825909805E+01 -0.9248528473801222E+00 -0.9905728648103330E+02
  0.2743274280659743E+01 -0.9217145478003181E+00 -0.9087741192749530E+02
  0.2735103733626014E+01 -0.9185147162132208E+00 -0.8272005418321568E+02
  0.2726933184914305E+01 -0.9152535662338340E+00 -0.7499952413065758E+02
  0.2718762634622138E+01 -0.9119313155706682E+00 -0.6781341738818436E+02
  0.2710592082839649E+01 -0.9085481860112055E+00 -0.6090015555194407E+02
  0.2702421529650271E+01 -0.9051044034070944E+00 -0.5355915566976800E+02
  0.2694250975131350E+01 -0.9016001976590722E+00 -0.4538659585165785E+02
  0.2686080419354687E+01 -0.8980358027016164E+00 -0.3680078380079993E+02
  0.2677909862387029E+01 -0.8944114564873288E+00 -0.2834096206139406E+02
  0.2669739304290507E+01 -0.8907274009710492E+00 -0.2027536643489789E+02
  0.2661568745123026E+01 -0.8869838820937034E+00 -0.1328532155785939E+02
  0.2653398184938621E+01 -0.8831811497658847E+00 -0.7886308799390143E+01
  0.2645227623787777E+01 -0.8793194578511700E+00 -0.3562328489756910E+01
  0.2637057061717711E+01 -0.8753990641491725E+00  0.4267883754511055E+00
  0.2628886498772639E+01 -0.8714202303783312E+00  0.4269718676574195E+01
  0.2620715934994006E+01 -0.8673832221584393E+00  0.8268502209754413E+01
  0.2612545370420704E+01 -0.8632883089929120E+00  0.1303900633967213E+02
  0.2604374805089263E+01 -0.8591357642507945E+00  0.1856959780996915E+02
  0.2596204239034032E+01 -0.8549258651485127E+00  0.2384507922155181E+02
  0.2588033672287335E+01 -0.8506588927313666E+00  0.2794424111071320E+02
  0.2579863104879621E+01 -0.8463351318547683E+00  0.3131291202512126E+02
  0.2571692536839600E+01 -0.8419548711652254E+00  0.3537188669094696E+02
  0.2563521968194363E+01 -0.8375184030810715E+00  0.4082529724455859E+02
  0.2555351398969496E+01 -0.8330260237729452E+00  0.4707828296689859E+02
  0.2547180829189184E+01 -0.8284780331440178E+00  0.5302674528518035E+02
  0.2539010258876304E+01 -0.8238747348099726E+00  0.5779568904346221E+02
  0.2530839688052518E+01 -0.8192164360787360E+00  0.6118189165174785E+02
  0.2522669116738345E+01 -0.8145034479299620E+00  0.6380776940194090E+02
  0.2514498544953243E+01 -0.8097360849942720E+00  0.6597645303412726E+02
  0.2506327972715673E+01 -0.8049146655322506E+00  0.6702985221631577E+02
  0.2498157400043163E+01 -0.8000395114131988E+00  0.6669569011791985E+02
  0.2489986826952370E+01 -0.7951109480936471E+00  0.6598006054770131E+02
  0.2481816253459126E+01 -0.7901293045956280E+00  0.6592925841478751E+02
  0.2473645679578500E+01 -0.7850949134847117E+00  0.6671248737471289E+02
  0.2465475105324832E+01 -0.7800081108478040E+00  0.6783653039742256E+02
  0.2457304530711785E+01 -0.7748692362707100E+00  0.6872880041843392E+02
  0.2449133955752385E+01 -0.7696786328154644E+00  0.6948407394712189E+02
  0.2440963380459050E+01 -0.7644366469974285E+00  0.7086933010750944E+02
  0.2432792804843637E+01 -0.7591436287621580E+00  0.7314236641150684E+02
  0.2424622228917462E+01 -0.7537999314620412E+00  0.7564123605327752E+02
  0.2416451652691339E+01 -0.7484059118327094E+00  0.7775530904163209E+02
  0.2408281076175607E+01 -0.7429619299692227E+00  0.7946348150988537E+02
  0.2400110499380152E+01 -0.7374683493020299E+00  0.8093635218205911E+02
  0.2391939922314436E+01 -0.7319255365727068E+00  0.8202750935874204E+02
  0.2383769344987516E+01 -0.7263338618094733E+00  0.8225234495611156E+02
  0.2375598767408072E+01 -0.7206936983024912E+00  0.8156670419808042E+02
  0.2367428189584419E+01 -0.7150054225789432E+00  0.8055450802737924E+02
  0.2359257611524532E+01 -0.7092694143778975E+00  0.7988284458769299E+02
  0.2351087033236062E+01 -0.7034860566249567E+00  0.7961137097069802E+02
  0.2342916454726351E+01 -0.6976557354066943E+00  0.7919768998711884E+02
  0.2334745876002450E+01 -0.6917788399448808E+00  0.7794933853113902E+02
  0.2326575297071134E+01 -0.6858557625704990E+00  0.7601742841407193E+02
  0.2318404717938913E+01 -0.6798868986975534E+00  0.7439670263768913E+02
  0.2310234138612046E+01 -0.6738726467966731E+00  0.7366952269853812E+02
  0.2302063559096557E+01 -0.6678134083685102E+00  0.7342534553433043E+02
  0.2293892979398239E+01 -0.6617095879169366E+00  0.7303086873864487E+02
  0.2285722399522673E+01 -0.6555615929220400E+00  0.7239537281581400E+02
  0.2277551819475234E+01 -0.6493698338129212E+00  0.7176259741117258E+02
  0.2269381239261100E+01 -0.6431347239402948E+00  0.7103219634485689E+02
  0.2261210658885265E+01 -0.6368566795488945E+00  0.6979282506890476E+02
  0.2253040078352542E+01 -0.6305361197496849E+00  0.6820656306943287E+02
  0.2244869497667577E+01 -0.6241734664918837E+00  0.6709851392891309E+02
  0.2236698916834853E+01 -0.6177691445347914E+00  0.6693623118393714E+02
  0.2228528335858699E+01 -0.6113235814194364E+00  0.6742179272968691E+02
  0.2220357754743295E+01 -0.6048372074400329E+00  0.6776843972851498E+02
  0.2212187173492683E+01 -0.5983104556152549E+00  0.6749550105320712E+02
  0.2204016592110768E+01 -0.5917437616593286E+00  0.6685679960297179E+02
  0.2195846010601326E+01 -0.5851375639529456E+00  0.6631058825325653E+02
  0.2187675428968010E+01 -0.5784923035139965E+00  0.6586369641465653E+02
  0.2179504847214357E+01 -0.5718084239681300E+00  0.6505180866258898E+02
  0.2171334265343789E+01 -0.5650863715191369E+00  0.6345243444114698E+02
  0.2163163683359622E+01 -0.5583265949191624E+00  0.6117888789994895E+02
  0.2154993101265066E+01 -0.5515295454387482E+00  0.5860820827291678E+02
  0.2146822519063234E+01 -0.5446956768367068E+00  0.5592847036663549E+02
  0.2138651936757143E+01 -0.5378254453298289E+00  0.5290933739905408E+02
  0.2130481354349721E+01 -0.5309193095624275E+00  0.4918947823007081E+02
  0.2122310771843806E+01 -0.5239777305757194E+00  0.4488162343090805E+02
  0.2114140189242155E+01 -0.5170011717770473E+00  0.4087932863854447E+02
  0.2105969606547443E+01 -0.5099900989089429E+00  0.3784063187588069E+02
  0.2097799023762269E+01 -0.5029449800180356E+00  0.3573867217110425E+02
  0.2089628440889158E+01 -0.4958662854238058E+00  0.3457525139371378E+02
  0.2081457857930564E+01 -0.4887544876871878E+00  0.3446099903104302E+02
  0.2073287274888874E+01 -0.4816100615790221E+00  0.3497386695141771E+02
  0.2065116691766407E+01 -0.4744334840483606E+00  0.3560471907894516E+02
  0.2056946108565423E+01 -0.4672252341906264E+00  0.3644740930107108E+02
  0.2048775525288118E+01 -0.4599857932156304E+00  0.3782273415307215E+02
  0.2040604941936635E+01 -0.4527156444154464E+00  0.3944895275573042E+02
  0.2032434358513056E+01 -0.4454152731321473E+00  0.4056769533311369E+02
  0.2024263775019413E+01 -0.4380851667254050E+00  0.4061881209923521E+02
  0.2016093191457685E+01 -0.4307258145399545E+00  0.3972460714754720E+02
  0.2007922607829804E+01 -0.4233377078729265E+00  0.3849355734790976E+02
  0.1999752024137653E+01 -0.4159213399410494E+00  0.3739463898824427E+02
  0.1991581440383068E+01 -0.4084772058477228E+00  0.3645464979638730E+02
  0.1983410856567843E+01 -0.4010058025499653E+00  0.3573135465452129E+02
  0.1975240272693730E+01 -0.3935076288252386E+00  0.3532929009330311E+02
  0.1967069688762441E+01 -0.3859831852381501E+00  0.3515836340297899E+02
  0.1958899104775647E+01 -0.3784329741070359E+00  0.3513282269700973E+02
  0.1950728520734982E+01 -0.3708574994704271E+00  0.3543974822749563E+02
  0.1942557936642046E+01 -0.3632572670534011E+00  0.3618829159196770E+02
  0.1934387352498403E+01 -0.3556327842338202E+00  0.3700179436130168E+02
  0.1926216768305583E+01 -0.3479845600084601E+00  0.3746911491363996E+02
  0.1918046184065086E+01 -0.3403131049590297E+00  0.3800286469117206E+02
  0.1909875599778379E+01 -0.3326189312180866E+00  0.3948271236237151E+02
  0.1901705015446901E+01 -0.3249025524348469E+00  0.4192169611820018E+02
  0.1893534431072063E+01 -0.3171644837408958E+00  0.4401467456008383E+02
  0.1885363846655247E+01 -0.3094052417157978E+00  0.4451308059910085E+02
  0.1877193262197810E+01 -0.3016253443526109E+00  0.4353751202798591E+02
  0.1869022677701083E+01 -0.2938253110233064E+00  0.4211230670996671E+02
  0.1860852093166375E+01 -0.2860056624440968E+00  0.4064162308024795E+02
  0.1852681508594969E+01 -0.2781669206406729E+00  0.3908396499880562E+02
  0.1844510923988128E+01 -0.2703096089133553E+00  0.3775205074370398E+02
  0.1836340339347093E+01 -0.2624342518021592E+00  0.3706606648847270E+02
  0.1828169754673083E+01 -0.2545413750517773E+00  0.3698453318858109E+02
  0.1819999169967299E+01 -0.2466315055764818E+00  0.3727834949077778E+02
  0.1811828585230925E+01 -0.2387051714249486E+00  0.3778185059251167E+02
  0.1803658000465123E+01 -0.2307629017450062E+00  0.3838674534670503E+02
  0.1795487415671042E+01 -0.2228052267483099E+00  0.3890612150750147E+02
  0.1787316830849811E+01 -0.2148326776749467E+00  0.3933637623874605E+02
  0.1779146246002545E+01 -0.2068457867579697E+00  0.3986529454900883E+02
  0.1770975661130345E+01 -0.1988450871878683E+00  0.4058091243660129E+02
  0.1762805076234296E+01 -0.1908311130769725E+00  0.4117941141973085E+02
  0.1754634491315471E+01 -0.1828043994237966E+00  0.4101435434543495E+02
  0.1746463906374929E+01 -0.1747654820773241E+00  0.3989217395002711E+02
  0.1738293321413718E+01 -0.1667148977012352E+00  0.3849235537384214E+02
  0.1730122736432872E+01 -0.1586531837380799E+00  0.3738111633812212E+02
  0.1721952151433418E+01 -0.1505808783733995E+00  0.3618756472018533E+02
  0.1713781566416370E+01 -0.1424985204997981E+00  0.3442853357650387E+02
  0.1705610981382731E+01 -0.1344066496809675E+00  0.3237057920912569E+02
  0.1697440396333499E+01 -0.1263058061156663E+00  0.3023390622684420E+02
  0.1689269811269659E+01 -0.1181965306016578E+00  0.2769729951404755E+02
  0.1681099226192191E+01 -0.1100793644996070E+00  0.2456721514849027E+02
  0.1672928641102067E+01 -0.1019548496969404E+00  0.2139918985595365E+02
  0.1664758056000250E+01 -0.9382352857167028E-01  0.1899480961930518E+02
  0.1656587470887701E+01 -0.8568594395618719E-01  0.1780501544506624E+02
  0.1648416885765370E+01 -0.7754263910102077E-01  0.1753535247926749E+02
  0.1640246300634206E+01 -0.6939415763857371E-01  0.1755688468882886E+02
  0.1632075715495151E+01 -0.6124104354682962E-01  0.1740680227464232E+02
  0.1623905130349143E+01 -0.5308384111303818E-01  0.1690106461359893E+02
  0.1615734545197117E+01 -0.4492309489737940E-01  0.1599629107152566E+02
  0.1607563960040004E+01 -0.3675934969660982E-01  0.1449219302212146E+02
  0.1599393374878733E+01 -0.2859315050769285E-01  0.1231155791830887E+02
  0.1591222789714229E+01 -0.2042504249141571E-01  0.1014114192628466E+02
  0.1583052204547419E+01 -0.1225557093599554E-01  0.8899503336344534E+01
  0.1574881619379224E+01 -0.4085281220676868E-02  0.8470015395720294E+01
  0.1566711034210569E+01  0.4085281220676868E-02  0.7960126457233244E+01
  0.1558540449042374E+01  0.1225557093599554E-01  0.6853136257270133E+01
  0.1550369863875564E+01  0.2042504249141571E-01  0.4988577204929093E+01
  0.1542199278711061E+01  0.2859315050769285E-01  0.2448053969412272E+01
  0.1534028693549790E+01  0.3675934969660982E-01 -0.7147570646604230E+00
  0.1525858108392677E+01  0.4492309489737940E-01 -0.4399977113628287E+01
  0.1517687523240650E+01  0.5308384111303818E-01 -0.8358487643069269E+01
  0.1509516938094642E+01  0.6124104354682962E-01 -0.1214757249361096E+02
  0.1501346352955587E+01  0.6939415763857371E-01 -0.1550385569048721E+02
  0.1493175767824423E+01  0.7754263910102077E-01 -0.1831255827338963E+02
  0.1485005182702093E+01  0.8568594395618719E-01 -0.2022301959022754E+02
  0.1476834597589543E+01  0.9382352857167028E-01 -0.2099994969043623E+02
  0.1468664012487727E+01  0.1019548496969404E+00 -0.2122789402903178E+02
  0.1460493427397602E+01  0.1100793644996070E+00 -0.2198364805918395E+02
  0.1452322842320134E+01  0.1181965306016578E+00 -0.2382460628665930E+02
  0.1444152257256294E+01  0.1263058061156663E+00 -0.2637109534477188E+02
  0.1435981672207062E+01  0.1344066496809675E+00 -0.2886328819565156E+02
  0.1427811087173423E+01  0.1424985204997981E+00 -0.3049016318452583E+02
  0.1419640502156375E+01  0.1505808783733995E+00 -0.3075707646690394E+02
  0.1411469917156921E+01  0.1586531837380799E+00 -0.2975259280504888E+02
  0.1403299332176076E+01  0.1667148977012352E+00 -0.2803736961752055E+02
  0.1395128747214864E+01  0.1747654820773241E+00 -0.2635166333960731E+02
  0.1386958162274323E+01  0.1828043994237966E+00 -0.2537373546347788E+02
  0.1378787577355497E+01  0.1908311130769725E+00 -0.2536664876920560E+02
  0.1370616992459449E+01  0.1988450871878683E+00 -0.2601495270019044E+02
  0.1362446407587248E+01  0.2068457867579697E+00 -0.2676602049999127E+02
  0.1354275822739983E+01  0.2148326776749467E+00 -0.2753873499694487E+02
  0.1346105237918751E+01  0.2228052267483099E+00 -0.2854691726854056E+02
  0.1337934653124670E+01  0.2307629017450062E+00 -0.2987039738119744E+02
  0.1329764068358868E+01  0.2387051714249486E+00 -0.3134201772644830E+02
  0.1321593483622494E+01  0.2466315055764818E+00 -0.3247123528341814E+02
  0.1313422898916710E+01  0.2545413750517773E+00 -0.3294054656306300E+02
  0.1305252314242701E+01  0.2624342518021592E+00 -0.3346310145676065E+02
  0.1297081729601665E+01  0.2703096089133553E+00 -0.3512067203508396E+02
  0.1288911144994824E+01  0.2781669206406729E+00 -0.3808490975752887E+02
  0.1280740560423418E+01  0.2860056624440968E+00 -0.4138957488230080E+02
  0.1272569975888710E+01  0.2938253110233064E+00 -0.4408393613545722E+02
  0.1264399391391984E+01  0.3016253443526109E+00 -0.4565287813584185E+02
  0.1256228806934547E+01  0.3094052417157978E+00 -0.4601701238175413E+02
  0.1248058222517730E+01  0.3171644837408958E+00 -0.4567890756919407E+02
  0.1239887638142892E+01  0.3249025524348469E+00 -0.4574395984213765E+02
  0.1231717053811414E+01  0.3326189312180866E+00 -0.4687243162284936E+02
  0.1223546469524707E+01  0.3403131049590297E+00 -0.4900005733447425E+02
  0.1215375885284210E+01  0.3479845600084601E+00 -0.5139590450088681E+02
  0.1207205301091390E+01  0.3556327842338202E+00 -0.5323440908974887E+02
  0.1199034716947747E+01  0.3632572670534011E+00 -0.5475668007772721E+02
  0.1190864132854811E+01  0.3708574994704271E+00 -0.5694749919785470E+02
  0.1182693548814147E+01  0.3784329741070359E+00 -0.5986238288184373E+02
  0.1174522964827352E+01  0.3859831852381501E+00 -0.6274160723793459E+02
  0.1166352380896063E+01  0.3935076288252386E+00 -0.6510992568609801E+02
  0.1158181797021950E+01  0.4010058025499653E+00 -0.6703101962831582E+02
  0.1150011213206726E+01  0.4084772058477228E+00 -0.6865345439130490E+02
  0.1141840629452141E+01  0.4159213399410494E+00 -0.7018563769357495E+02
  0.1133670045759989E+01  0.4233377078729265E+00 -0.7188960368109642E+02
  0.1125499462132108E+01  0.4307258145399545E+00 -0.7401115621400314E+02
  0.1117328878570381E+01  0.4380851667254050E+00 -0.7638698894186588E+02
  0.1109158295076737E+01  0.4454152731321473E+00 -0.7896106028467882E+02
  0.1100987711653159E+01  0.4527156444154464E+00 -0.8184189941895632E+02
  0.1092817128301675E+01  0.4599857932156304E+00 -0.8528758625779128E+02
  0.1084646545024371E+01  0.4672252341906264E+00 -0.8981384992010918E+02
  0.1076475961823386E+01  0.4744334840483606E+00 -0.9538348883527244E+02
  0.1068305378700920E+01  0.4816100615790221E+00 -0.1006950351913795E+03
  0.1060134795659229E+01  0.4887544876871878E+00 -0.1044758371912477E+03
  0.1051964212700635E+01  0.4958662854238058E+00 -0.1065774946661231E+03
  0.1043793629827524E+01  0.5029449800180356E+00 -0.1076964103819789E+03
  0.1035623047042350E+01  0.5099900989089429E+00 -0.1085067133497579E+03
  0.1027452464347638E+01  0.5170011717770473E+00 -0.1097398623992833E+03
  0.1019281881745987E+01  0.5239777305757194E+00 -0.1121427054685043E+03
  0.1011111299240073E+01  0.5309193095624275E+00 -0.1157412001100374E+03
  0.1002940716832650E+01  0.5378254453298289E+00 -0.1195404191371897E+03
  0.9947701345265596E+00  0.5446956768367068E+00 -0.1230972804357546E+03
  0.9865995523247275E+00  0.5515295454387482E+00 -0.1269624524436279E+03
  0.9784289702301714E+00  0.5583265949191624E+00 -0.1314990863264910E+03
  0.9702583882460036E+00  0.5650863715191369E+00 -0.1361214634721256E+03
  0.9620878063754359E+00  0.5718084239681300E+00 -0.1399587307174858E+03
  0.9539172246217830E+00  0.5784923035139965E+00 -0.1427329207101411E+03
  0.9457466429884676E+00  0.5851375639529456E+00 -0.1449930955204446E+03
  0.9375760614790253E+00  0.5917437616593286E+00 -0.1469550499206589E+03
  0.9294054800971098E+00  0.5983104556152549E+00 -0.1486629921905989E+03
  0.9212348988464978E+00  0.6048372074400329E+00 -0.1507935717147726E+03
  0.9130643177310944E+00  0.6113235814194364E+00 -0.1542315616273071E+03
  0.9048937367549402E+00  0.6177691445347914E+00 -0.1585195256275172E+03
  0.8967231559222163E+00  0.6241734664918837E+00 -0.1622038611989091E+03
  0.8885525752372514E+00  0.6305361197496849E+00 -0.1645039802187651E+03
  0.8803819947045285E+00  0.6368566795488945E+00 -0.1661192135876635E+03
  0.8722114143286931E+00  0.6431347239402948E+00 -0.1679639015142850E+03
  0.8640408341145595E+00  0.6493698338129212E+00 -0.1701557748043658E+03
  0.8558702540671204E+00  0.6555615929220400E+00 -0.1719686651019281E+03
  0.8476996741915547E+00  0.6617095879169366E+00 -0.1728697515761202E+03
  0.8395290944932369E+00  0.6678134083685102E+00 -0.1727032288173090E+03
  0.8313585149777468E+00  0.6738726467966731E+00 -0.1716324955976663E+03
  0.8231879356508802E+00  0.6798868986975534E+00 -0.1699578201869781E+03
  0.8150173565186587E+00  0.6858557625704990E+00 -0.1680393096813845E+03
  0.8068467775873427E+00  0.6917788399448808E+00 -0.1661948435114720E+03
  0.7986761988634423E+00  0.6976557354066943E+00 -0.1648071454046763E+03
  0.7905056203537315E+00  0.7034860566249567E+00 -0.1639001078721327E+03
  0.7823350420652612E+00  0.7092694143778975E+00 -0.1631142447371783E+03
  0.7741644640053743E+00  0.7150054225789432E+00 -0.1619820234982766E+03
  0.7659938861817212E+00  0.7206936983024912E+00 -0.1607088950303943E+03
  0.7578233086022768E+00  0.7263338618094733E+00 -0.1598679306302508E+03
  0.7496527312753575E+00  0.7319255365727068E+00 -0.1598368964623492E+03
  0.7414821542096410E+00  0.7374683493020299E+00 -0.1603364278988732E+03
  0.7333115774141861E+00  0.7429619299692227E+00 -0.1603738587365120E+03
  0.7251410008984539E+00  0.7484059118327094E+00 -0.1584976898408189E+03
  0.7169704246723316E+00  0.7537999314620412E+00 -0.1543631958833046E+03
  0.7087998487461566E+00  0.7591436287621580E+00 -0.1487646904952474E+03
  0.7006292731307425E+00  0.7644366469974285E+00 -0.1429786650805958E+03
  0.6924586978374083E+00  0.7696786328154644E+00 -0.1379648829026035E+03
  0.6842881228780077E+00  0.7748692362707100E+00 -0.1341102596515942E+03
  0.6761175482649616E+00  0.7800081108478040E+00 -0.1307276390404247E+03
  0.6679469740112938E+00  0.7850949134847117E+00 -0.1269632865678220E+03
  0.6597764001306670E+00  0.7901293045956280E+00 -0.1224493162192431E+03
  0.6516058266374236E+00  0.7951109480936471E+00 -0.1174846331611984E+03
  0.6434352535466297E+00  0.8000395114131988E+00 -0.1126974248829565E+03
  0.6352646808741202E+00  0.8049146655322506E+00 -0.1085882877720914E+03
  0.6270941086365502E+00  0.8097360849942720E+00 -0.1052358821999148E+03
  0.6189235368514482E+00  0.8145034479299620E+00 -0.1025363476989621E+03
  0.6107529655372755E+00  0.8192164360787360E+00 -0.9974182334753172E+02
  0.6025823947134890E+00  0.8238747348099726E+00 -0.9604129795141107E+02
  0.5944118244006098E+00  0.8284780331440178E+00 -0.9127270993826242E+02
  0.5862412546202973E+00  0.8330260237729452E+00 -0.8579067535642034E+02
  0.5780706853954301E+00  0.8375184030810715E+00 -0.7942844640273546E+02
  0.5699001167501928E+00  0.8419548711652254E+00 -0.7173992550978279E+02
  0.5617295487101719E+00  0.8463351318547683E+00 -0.6252464302142163E+02
  0.5535589813024583E+00  0.8506588927313666E+00 -0.5223458337880893E+02
  0.5453884145557613E+00  0.8549258651485127E+00 -0.4133059780672676E+02
  0.5372178485005299E+00  0.8591357642507945E+00 -0.3051853705384300E+02
  0.5290472831690897E+00  0.8632883089929120E+00 -0.2038137128867959E+02
  0.5208767185957875E+00  0.8673832221584393E+00 -0.1077815185859191E+02
  0.5127061548171545E+00  0.8714202303783312E+00 -0.7434391362995688E+00
  0.5045355918720822E+00  0.8753990641491725E+00  0.9798972274819569E+01
  0.4963650298020162E+00  0.8793194578511700E+00  0.2036954333262570E+02
  0.4881944686511717E+00  0.8831811497658847E+00  0.3095206800684359E+02
  0.4800239084667671E+00  0.8869838820937034E+00  0.4177602291548673E+02
  0.4718533492992859E+00  0.8907274009710492E+00  0.5252386108627788E+02
  0.4636827912027636E+00  0.8944114564873288E+00  0.6333291489515818E+02
  0.4555122342351060E+00  0.8980358027016164E+00  0.7477350541856470E+02
  0.4473416784584431E+00  0.9016001976590722E+00  0.8726336611093988E+02
  0.4391711239395221E+00  0.9051044034070944E+00  0.1000757894851628E+03
  0.4310005707501444E+00  0.9085481860112055E+00  0.1121916119488753E+03
  0.4228300189676551E+00  0.9119313155706682E+00  0.1230618452047860E+03
  0.4146594686754885E+00  0.9152535662338340E+00  0.1334169609411352E+03
  0.4064889199637791E+00  0.9185147162132208E+00  0.1438745981803535E+03
  0.3983183729300507E+00  0.9217145478003181E+00  0.1551586535248385E+03
  0.3901478276799883E+00  0.9248528473801222E+00  0.1684582420440912E+03
  0.3819772843283120E+00  0.9279294054453956E+00  0.1843724114113104E+03
  0.3738067429997641E+00  0.9309440166106540E+00  0.2015582645343222E+03
  0.3656362038302282E+00  0.9338964796258775E+00  0.2182527836481773E+03
  0.3574656669680030E+00  0.9367865973899459E+00  0.2336238531665644E+03
  0.3492951325752533E+00  0.9396141769637963E+00  0.2486525002154695E+03
  0.3411246008296713E+00  0.9423790295833044E+00  0.2645293214549732E+03
  0.3329540719263814E+00  0.9450809706718851E+00  0.2821646488597542E+03
  0.3247835460801308E+00  0.9477198198528157E+00  0.3013286911937893E+03
  0.3166130235278230E+00  0.9502954009612771E+00  0.3211485217232069E+03
  0.3084425045314506E+00  0.9528075420561144E+00  0.3407565258182858E+03
  0.3002719893815085E+00  0.9552560754313160E+00  0.3607117357849835E+03
  0.2921014784009779E+00  0.9576408376272095E+00  0.3815972247264215E+03
  0.2839309719500016E+00  0.9599616694413742E+00  0.4038343695861892E+03
  0.2757604704313845E+00  0.9622184159392698E+00  0.4273342316513937E+03
  0.2675899742971076E+00  0.9644109264645802E+00  0.4522795765484726E+03
  0.2594194840560681E+00  0.9665390546492710E+00  0.4782987051863026E+03
  0.2512490002833307E+00  0.9686026584233628E+00  0.5058706938263416E+03
  0.2430785236312446E+00  0.9706016000244151E+00  0.5354879690338205E+03
  0.2349080548428762E+00  0.9725357460067257E+00  0.5672158426269716E+03
  0.2267375947683499E+00  0.9744049672502397E+00  0.5998293104217862E+03
  0.2185671443848464E+00  0.9762091389691724E+00  0.6327716334772311E+03
  0.2103967048212628E+00  0.9779481407203411E+00  0.6659516441041580E+03
  0.2022262773888417E+00  0.9796218564112101E+00  0.7000278076241536E+03
  0.1940558636195398E+00  0.9812301743076443E+00  0.7346606917939857E+03
  0.1858854653144977E+00  0.9827729870413743E+00  0.7697809756315926E+03
  0.1777150846058812E+00  0.9842501916171713E+00  0.8048509968466113E+03
  0.1695447240365762E+00  0.9856616894197333E+00  0.8399609931599858E+03
  0.1613743866640789E+00  0.9870073862202815E+00  0.8748731830845130E+03
  0.1532040761975885E+00  0.9882871921828699E+00  0.9104283120194250E+03
  0.1450337971813853E+00  0.9895010218704087E+00  0.9472046397144493E+03
  0.1368635552438019E+00  0.9906487942504061E+00  0.9862128820879276E+03
  0.1286933574408989E+00  0.9917304327004320E+00  0.1027767469073717E+04
  0.1205232127396896E+00  0.9927458650133153E+00  0.1073039889851384E+04
  0.1123531327118049E+00  0.9936950234020883E+00  0.1121677455979019E+04
  0.1041831325528455E+00  0.9945778445047068E+00  0.1173932712635146E+04
  0.9601323262085862E-01  0.9953942693885953E+00  0.1229931087337477E+04
  0.8784346083082471E-01  0.9961442435551087E+00  0.1292294131263289E+04
  0.7967385651719167E-01  0.9968277169440913E+00  0.1362788557857340E+04
  0.7150447693306423E-01  0.9974446439389107E+00  0.1444878073685373E+04
  0.6333540875299180E-01  0.9979949833727938E+00  0.1540731695883643E+04
  0.5516678972815772E-01  0.9984786985384589E+00  0.1654761420817110E+04
  0.4699885272846815E-01  0.9988957572063257E+00  0.1789918776852565E+04
  0.3883202470742381E-01  0.9992461316671845E+00  0.1959180961611326E+04
  0.3066718105470672E-01  0.9995297988558859E+00  0.2206603198853279E+04
  0.2250643816359393E-01  0.9997467408113523E+00  0.2655407651441793E+04
  0.1435650599352885E-01  0.9998969471378596E+00  0.3390596642047019E+04
  0.6254421014113626E-02  0.9999804411726474E+00  0.4157557018825668E+04
