# nlmax, ncor, nside =         383           1         128
  0.3135338232575680E+01 -0.9999804411726474E+00 -0.2770471687205155E-03
  0.3127236147596264E+01 -0.9998969471378596E+00 -0.2767276357915440E-03
  0.3119086215426199E+01 -0.9997467408113523E+00 -0.2763746446504261E-03
  0.3110925472535087E+01 -0.9995297988558859E+00 -0.2782524535486995E-03
  0.3102760628882369E+01 -0.9992461316671845E+00 -0.2835174435918527E-03
  0.3094593800861325E+01 -0.9988957572063257E+00 -0.2899026311558954E-03
  0.3086425863861635E+01 -0.9984786985384589E+00 -0.2942074610947413E-03
  0.3078257244836801E+01 -0.9979949833727938E+00 -0.2958328865869046E-03
  0.3070088176656729E+01 -0.9974446439389107E+00 -0.2960969005776926E-03
  0.3061918797072602E+01 -0.9968277169440913E+00 -0.2961476508613000E-03
  0.3053749192758969E+01 -0.9961442435551087E+00 -0.2955126759249306E-03
  0.3045579420968934E+01 -0.9953942693885953E+00 -0.2930730510129192E-03
  0.3037409521036948E+01 -0.9945778445047068E+00 -0.2881853939007710E-03
  0.3029239520877988E+01 -0.9936950234020883E+00 -0.2808942009598431E-03
  0.3021069440850104E+01 -0.9927458650133153E+00 -0.2726359852287429E-03
  0.3012899296148894E+01 -0.9917304327004320E+00 -0.2655067049880159E-03
  0.3004729098345992E+01 -0.9906487942504061E+00 -0.2598277092655998E-03
  0.2996558856408408E+01 -0.9895010218704087E+00 -0.2542629664298327E-03
  0.2988388577392205E+01 -0.9882871921828699E+00 -0.2480407135801886E-03
  0.2980218266925714E+01 -0.9870073862202815E+00 -0.2405967458598327E-03
  0.2972047929553217E+01 -0.9856616894197333E+00 -0.2314222135299803E-03
  0.2963877568983912E+01 -0.9842501916171713E+00 -0.2212898337280121E-03
  0.2955707188275296E+01 -0.9827729870413743E+00 -0.2119631618888028E-03
  0.2947536789970254E+01 -0.9812301743076443E+00 -0.2051029955877290E-03
  0.2939366376200951E+01 -0.9796218564112101E+00 -0.2006301932346757E-03
  0.2931195948768531E+01 -0.9779481407203411E+00 -0.1960723539299213E-03
  0.2923025509204947E+01 -0.9762091389691724E+00 -0.1893090437776702E-03
  0.2914855058821443E+01 -0.9744049672502397E+00 -0.1811345892748612E-03
  0.2906684598746917E+01 -0.9725357460067257E+00 -0.1745086373064794E-03
  0.2898514129958549E+01 -0.9706016000244151E+00 -0.1717377001637044E-03
  0.2890343653306462E+01 -0.9686026584233628E+00 -0.1724716241553022E-03
  0.2882173169533725E+01 -0.9665390546492710E+00 -0.1743254718581732E-03
  0.2874002679292686E+01 -0.9644109264645802E+00 -0.1748022949492000E-03
  0.2865832183158409E+01 -0.9622184159392698E+00 -0.1721784115741973E-03
  0.2857661681639792E+01 -0.9599616694413742E+00 -0.1659400850949616E-03
  0.2849491175188815E+01 -0.9576408376272095E+00 -0.1576546581505064E-03
  0.2841320664208285E+01 -0.9552560754313160E+00 -0.1498306412688704E-03
  0.2833150149058343E+01 -0.9528075420561144E+00 -0.1434473299721811E-03
  0.2824979630061970E+01 -0.9502954009612771E+00 -0.1376012658260924E-03
  0.2816809107509663E+01 -0.9477198198528157E+00 -0.1312155393385375E-03
  0.2808638581663412E+01 -0.9450809706718851E+00 -0.1243862640980998E-03
  0.2800468052760122E+01 -0.9423790295833044E+00 -0.1179733012675055E-03
  0.2792297521014540E+01 -0.9396141769637963E+00 -0.1123923066441565E-03
  0.2784126986621790E+01 -0.9367865973899459E+00 -0.1074103555966708E-03
  0.2775956449759565E+01 -0.9338964796258775E+00 -0.1025531548665023E-03
  0.2767785910590029E+01 -0.9309440166106540E+00 -0.9729687659804300E-04
  0.2759615369261481E+01 -0.9279294054453956E+00 -0.9120936187962857E-04
  0.2751444825909805E+01 -0.9248528473801222E+00 -0.8406933187618900E-04
  0.2743274280659743E+01 -0.9217145478003181E+00 -0.7630213038899741E-04
  0.2735103733626014E+01 -0.9185147162132208E+00 -0.6847075803598493E-04
  0.2726933184914305E+01 -0.9152535662338340E+00 -0.6090285210467960E-04
  0.2718762634622138E+01 -0.9119313155706682E+00 -0.5382516520886781E-04
  0.2710592082839649E+01 -0.9085481860112055E+00 -0.4695536580990553E-04
  0.2702421529650271E+01 -0.9051044034070944E+00 -0.3954419223985821E-04
  0.2694250975131350E+01 -0.9016001976590722E+00 -0.3133151124923751E-04
  0.2686080419354687E+01 -0.8980358027016164E+00 -0.2285041161944610E-04
  0.2677909862387029E+01 -0.8944114564873288E+00 -0.1460081134558944E-04
  0.2669739304290507E+01 -0.8907274009710492E+00 -0.6808092336293965E-05
  0.2661568745123026E+01 -0.8869838820937034E+00 -0.1388526612738355E-06
  0.2653398184938621E+01 -0.8831811497658847E+00  0.4890117606810510E-05
  0.2645227623787777E+01 -0.8793194578511700E+00  0.8751315656643263E-05
  0.2637057061717711E+01 -0.8753990641491725E+00  0.1209943081954143E-04
  0.2628886498772639E+01 -0.8714202303783312E+00  0.1521871254249971E-04
  0.2620715934994006E+01 -0.8673832221584393E+00  0.1875004586091979E-04
  0.2612545370420704E+01 -0.8632883089929120E+00  0.2343988335112501E-04
  0.2604374805089263E+01 -0.8591357642507945E+00  0.2899129375147335E-04
  0.2596204239034032E+01 -0.8549258651485127E+00  0.3414601713806249E-04
  0.2588033672287335E+01 -0.8506588927313666E+00  0.3806800032180519E-04
  0.2579863104879621E+01 -0.8463351318547683E+00  0.4129768678718131E-04
  0.2571692536839600E+01 -0.8419548711652254E+00  0.4509066798885647E-04
  0.2563521968194363E+01 -0.8375184030810715E+00  0.4993985636089379E-04
  0.2555351398969496E+01 -0.8330260237729452E+00  0.5545301141003330E-04
  0.2547180829189184E+01 -0.8284780331440178E+00  0.6091365417440384E-04
  0.2539010258876304E+01 -0.8238747348099726E+00  0.6545368524398288E-04
  0.2530839688052518E+01 -0.8192164360787360E+00  0.6863169307560685E-04
  0.2522669116738345E+01 -0.8145034479299620E+00  0.7094619545158277E-04
  0.2514498544953243E+01 -0.8097360849942720E+00  0.7271011708904514E-04
  0.2506327972715673E+01 -0.8049146655322506E+00  0.7327160922020462E-04
  0.2498157400043163E+01 -0.8000395114131988E+00  0.7232822431394791E-04
  0.2489986826952370E+01 -0.7951109480936471E+00  0.7096493703760851E-04
  0.2481816253459126E+01 -0.7901293045956280E+00  0.7037810856945888E-04
  0.2473645679578500E+01 -0.7850949134847117E+00  0.7064995899548499E-04
  0.2465475105324832E+01 -0.7800081108478040E+00  0.7120517413731676E-04
  0.2457304530711785E+01 -0.7748692362707100E+00  0.7156834439952342E-04
  0.2449133955752385E+01 -0.7696786328154644E+00  0.7173177505206554E-04
  0.2440963380459050E+01 -0.7644366469974285E+00  0.7231195363545456E-04
  0.2432792804843637E+01 -0.7591436287621580E+00  0.7383390293771715E-04
  0.2424622228917462E+01 -0.7537999314620412E+00  0.7591052316952679E-04
  0.2416451652691339E+01 -0.7484059118327094E+00  0.7783740886341633E-04
  0.2408281076175607E+01 -0.7429619299692227E+00  0.7932156579880762E-04
  0.2400110499380152E+01 -0.7374683493020299E+00  0.8039182976443718E-04
  0.2391939922314436E+01 -0.7319255365727068E+00  0.8103210691136804E-04
  0.2383769344987516E+01 -0.7263338618094733E+00  0.8093551198414213E-04
  0.2375598767408072E+01 -0.7206936983024912E+00  0.8002223692978363E-04
  0.2367428189584419E+01 -0.7150054225789432E+00  0.7877890852926461E-04
  0.2359257611524532E+01 -0.7092694143778975E+00  0.7775221167884657E-04
  0.2351087033236062E+01 -0.7034860566249567E+00  0.7707036308548109E-04
  0.2342916454726351E+01 -0.6976557354066943E+00  0.7634661448143766E-04
  0.2334745876002450E+01 -0.6917788399448808E+00  0.7495056858272641E-04
  0.2326575297071134E+01 -0.6858557625704990E+00  0.7291836696926396E-04
  0.2318404717938913E+01 -0.6798868986975534E+00  0.7116731978299035E-04
  0.2310234138612046E+01 -0.6738726467966731E+00  0.7026827526855679E-04
  0.2302063559096557E+01 -0.6678134083685102E+00  0.6980455502201898E-04
  0.2293892979398239E+01 -0.6617095879169366E+00  0.6918497652242575E-04
  0.2285722399522673E+01 -0.6555615929220400E+00  0.6827752889869524E-04
  0.2277551819475234E+01 -0.6493698338129212E+00  0.6736371682193017E-04
  0.2269381239261100E+01 -0.6431347239402948E+00  0.6650567871008110E-04
  0.2261210658885265E+01 -0.6368566795488945E+00  0.6526748603932411E-04
  0.2253040078352542E+01 -0.6305361197496849E+00  0.6360772927743403E-04
  0.2244869497667577E+01 -0.6241734664918837E+00  0.6233047869638525E-04
  0.2236698916834853E+01 -0.6177691445347914E+00  0.6196545522094202E-04
  0.2228528335858699E+01 -0.6113235814194364E+00  0.6221803213064124E-04
  0.2220357754743295E+01 -0.6048372074400329E+00  0.6238861164988490E-04
  0.2212187173492683E+01 -0.5983104556152549E+00  0.6201895118122912E-04
  0.2204016592110768E+01 -0.5917437616593286E+00  0.6125999157442483E-04
  0.2195846010601326E+01 -0.5851375639529456E+00  0.6052451130786946E-04
  0.2187675428968010E+01 -0.5784923035139965E+00  0.5985298931970471E-04
  0.2179504847214357E+01 -0.5718084239681300E+00  0.5883999872941306E-04
  0.2171334265343789E+01 -0.5650863715191369E+00  0.5706337885410025E-04
  0.2163163683359622E+01 -0.5583265949191624E+00  0.5461616102173080E-04
  0.2154993101265066E+01 -0.5515295454387482E+00  0.5192655249669519E-04
  0.2146822519063234E+01 -0.5446956768367068E+00  0.4921937738682715E-04
  0.2138651936757143E+01 -0.5378254453298289E+00  0.4623333496365509E-04
  0.2130481354349721E+01 -0.5309193095624275E+00  0.4248364617735085E-04
  0.2122310771843806E+01 -0.5239777305757194E+00  0.3807591407910933E-04
  0.2114140189242155E+01 -0.5170011717770473E+00  0.3396283275875849E-04
  0.2105969606547443E+01 -0.5099900989089429E+00  0.3082712733119623E-04
  0.2097799023762269E+01 -0.5029449800180356E+00  0.2860101609259582E-04
  0.2089628440889158E+01 -0.4958662854238058E+00  0.2737558909975660E-04
  0.2081457857930564E+01 -0.4887544876871878E+00  0.2735573430166725E-04
  0.2073287274888874E+01 -0.4816100615790221E+00  0.2799525367875940E-04
  0.2065116691766407E+01 -0.4744334840483606E+00  0.2861363114435041E-04
  0.2056946108565423E+01 -0.4672252341906264E+00  0.2930898890596824E-04
  0.2048775525288118E+01 -0.4599857932156304E+00  0.3052103738977093E-04
  0.2040604941936635E+01 -0.4527156444154464E+00  0.3207520877721513E-04
  0.2032434358513056E+01 -0.4454152731321473E+00  0.3322072121533016E-04
  0.2024263775019413E+01 -0.4380851667254050E+00  0.3330443762960568E-04
  0.2016093191457685E+01 -0.4307258145399545E+00  0.3235756424006115E-04
  0.2007922607829804E+01 -0.4233377078729265E+00  0.3099955874616797E-04
  0.1999752024137653E+01 -0.4159213399410494E+00  0.2978462699087393E-04
  0.1991581440383068E+01 -0.4084772058477228E+00  0.2877419678610930E-04
  0.1983410856567843E+01 -0.4010058025499653E+00  0.2802566760847986E-04
  0.1975240272693730E+01 -0.3935076288252386E+00  0.2759400540658640E-04
  0.1967069688762441E+01 -0.3859831852381501E+00  0.2732590550207922E-04
  0.1958899104775647E+01 -0.3784329741070359E+00  0.2720088151383599E-04
  0.1950728520734982E+01 -0.3708574994704271E+00  0.2745007550139245E-04
  0.1942557936642046E+01 -0.3632572670534011E+00  0.2821311835285872E-04
  0.1934387352498403E+01 -0.3556327842338202E+00  0.2922544833782802E-04
  0.1926216768305583E+01 -0.3479845600084601E+00  0.3007521708055523E-04
  0.1918046184065086E+01 -0.3403131049590297E+00  0.3097990865456144E-04
  0.1909875599778379E+01 -0.3326189312180866E+00  0.3260784278754327E-04
  0.1901705015446901E+01 -0.3249025524348469E+00  0.3495805169020896E-04
  0.1893534431072063E+01 -0.3171644837408958E+00  0.3692336709733871E-04
  0.1885363846655247E+01 -0.3094052417157978E+00  0.3739170242955438E-04
  0.1877193262197810E+01 -0.3016253443526109E+00  0.3642577561359949E-04
  0.1869022677701083E+01 -0.2938253110233064E+00  0.3492907049842994E-04
  0.1860852093166375E+01 -0.2860056624440968E+00  0.3339542123155022E-04
  0.1852681508594969E+01 -0.2781669206406729E+00  0.3187031865040298E-04
  0.1844510923988128E+01 -0.2703096089133553E+00  0.3066866122530989E-04
  0.1836340339347093E+01 -0.2624342518021592E+00  0.3017924014309782E-04
  0.1828169754673083E+01 -0.2545413750517773E+00  0.3037998668946264E-04
  0.1819999169967299E+01 -0.2466315055764818E+00  0.3104004910404903E-04
  0.1811828585230925E+01 -0.2387051714249486E+00  0.3192410579606948E-04
  0.1803658000465123E+01 -0.2307629017450062E+00  0.3281747868014455E-04
  0.1795487415671042E+01 -0.2228052267483099E+00  0.3352092371662443E-04
  0.1787316830849811E+01 -0.2148326776749467E+00  0.3409174753327307E-04
  0.1779146246002545E+01 -0.2068457867579697E+00  0.3476850846442273E-04
  0.1770975661130345E+01 -0.1988450871878683E+00  0.3565492510325651E-04
  0.1762805076234296E+01 -0.1908311130769725E+00  0.3633058796077447E-04
  0.1754634491315471E+01 -0.1828043994237966E+00  0.3605358203026430E-04
  0.1746463906374929E+01 -0.1747654820773241E+00  0.3479254857637596E-04
  0.1738293321413718E+01 -0.1667148977012352E+00  0.3343660345209598E-04
  0.1730122736432872E+01 -0.1586531837380799E+00  0.3246881564771495E-04
  0.1721952151433418E+01 -0.1505808783733995E+00  0.3139864973495843E-04
  0.1713781566416370E+01 -0.1424985204997981E+00  0.2973582322137952E-04
  0.1705610981382731E+01 -0.1344066496809675E+00  0.2767867181132129E-04
  0.1697440396333499E+01 -0.1263058061156663E+00  0.2546162467046876E-04
  0.1689269811269659E+01 -0.1181965306016578E+00  0.2280839700774991E-04
  0.1681099226192191E+01 -0.1100793644996070E+00  0.1959454814404295E-04
  0.1672928641102067E+01 -0.1019548496969404E+00  0.1642250308251656E-04
  0.1664758056000250E+01 -0.9382352857167028E-01  0.1418171416489448E-04
  0.1656587470887701E+01 -0.8568594395618719E-01  0.1329151111190685E-04
  0.1648416885765370E+01 -0.7754263910102077E-01  0.1333011205570848E-04
  0.1640246300634206E+01 -0.6939415763857371E-01  0.1356101861486249E-04
  0.1632075715495151E+01 -0.6124104354682962E-01  0.1357647582756328E-04
  0.1623905130349143E+01 -0.5308384111303818E-01  0.1319895788651021E-04
  0.1615734545197117E+01 -0.4492309489737940E-01  0.1229676832347753E-04
  0.1607563960040004E+01 -0.3675934969660982E-01  0.1083068873755835E-04
  0.1599393374878733E+01 -0.2859315050769285E-01  0.8902952447828135E-05
  0.1591222789714229E+01 -0.2042504249141571E-01  0.7069687067015740E-05
  0.1583052204547419E+01 -0.1225557093599554E-01  0.6013207615552526E-05
  0.1574881619379224E+01 -0.4085281220676868E-02  0.5670728632807588E-05
  0.1566711034210569E+01  0.4085281220676868E-02  0.5219626040604810E-05
  0.1558540449042374E+01  0.1225557093599554E-01  0.4117483591618578E-05
  0.1550369863875564E+01  0.2042504249141571E-01  0.2340445122813730E-05
  0.1542199278711061E+01  0.2859315050769285E-01 -0.1976524262272337E-07
  0.1534028693549790E+01  0.3675934969660982E-01 -0.2913521365305509E-05
  0.1525858108392677E+01  0.4492309489737940E-01 -0.6255301200027321E-05
  0.1517687523240650E+01  0.5308384111303818E-01 -0.9852837513824502E-05
  0.1509516938094642E+01  0.6124104354682962E-01 -0.1335332189828589E-04
  0.1501346352955587E+01  0.6939415763857371E-01 -0.1645006017220344E-04
  0.1493175767824423E+01  0.7754263910102077E-01 -0.1894140483824396E-04
  0.1485005182702093E+01  0.8568594395618719E-01 -0.2052701180484826E-04
  0.1476834597589543E+01  0.9382352857167028E-01 -0.2101033708053736E-04
  0.1468664012487727E+01  0.1019548496969404E+00 -0.2093719223485951E-04
  0.1460493427397602E+01  0.1100793644996070E+00 -0.2139901039890726E-04
  0.1452322842320134E+01  0.1181965306016578E+00 -0.2298726309573048E-04
  0.1444152257256294E+01  0.1263058061156663E+00 -0.2531667391138935E-04
  0.1435981672207062E+01  0.1344066496809675E+00 -0.2761568995428156E-04
  0.1427811087173423E+01  0.1424985204997981E+00 -0.2914397609728293E-04
  0.1419640502156375E+01  0.1505808783733995E+00 -0.2940272914745581E-04
  0.1411469917156921E+01  0.1586531837380799E+00 -0.2833602698967886E-04
  0.1403299332176076E+01  0.1667148977012352E+00 -0.2646840944566781E-04
  0.1395128747214864E+01  0.1747654820773241E+00 -0.2465028797664616E-04
  0.1386958162274323E+01  0.1828043994237966E+00 -0.2365514907162857E-04
  0.1378787577355497E+01  0.1908311130769725E+00 -0.2365962322312740E-04
  0.1370616992459449E+01  0.1988450871878683E+00 -0.2418086082954572E-04
  0.1362446407587248E+01  0.2068457867579697E+00 -0.2469725279029898E-04
  0.1354275822739983E+01  0.2148326776749467E+00 -0.2518009435397658E-04
  0.1346105237918751E+01  0.2228052267483099E+00 -0.2592583997376175E-04
  0.1337934653124670E+01  0.2307629017450062E+00 -0.2718888146698142E-04
  0.1329764068358868E+01  0.2387051714249486E+00 -0.2877490187953917E-04
  0.1321593483622494E+01  0.2466315055764818E+00 -0.3000368888283984E-04
  0.1313422898916710E+01  0.2545413750517773E+00 -0.3053400327258151E-04
  0.1305252314242701E+01  0.2624342518021592E+00 -0.3113831996835810E-04
  0.1297081729601665E+01  0.2703096089133553E+00 -0.3289967640752606E-04
  0.1288911144994824E+01  0.2781669206406729E+00 -0.3591273604511744E-04
  0.1280740560423418E+01  0.2860056624440968E+00 -0.3923346488353873E-04
  0.1272569975888710E+01  0.2938253110233064E+00 -0.4197581142027339E-04
  0.1264399391391984E+01  0.3016253443526109E+00 -0.4360606767963518E-04
  0.1256228806934547E+01  0.3094052417157978E+00 -0.4400468370798258E-04
  0.1248058222517730E+01  0.3171644837408958E+00 -0.4372576201877234E-04
  0.1239887638142892E+01  0.3249025524348469E+00 -0.4377337605549636E-04
  0.1231717053811414E+01  0.3326189312180866E+00 -0.4479001443436075E-04
  0.1223546469524707E+01  0.3403131049590297E+00 -0.4677446967527141E-04
  0.1215375885284210E+01  0.3479845600084601E+00 -0.4911896975878652E-04
  0.1207205301091390E+01  0.3556327842338202E+00 -0.5111007853003066E-04
  0.1199034716947747E+01  0.3632572670534011E+00 -0.5291220903921133E-04
  0.1190864132854811E+01  0.3708574994704271E+00 -0.5533017621424793E-04
  0.1182693548814147E+01  0.3784329741070359E+00 -0.5833378089787345E-04
  0.1174522964827352E+01  0.3859831852381501E+00 -0.6124255429927844E-04
  0.1166352380896063E+01  0.3935076288252386E+00 -0.6373650429452640E-04
  0.1158181797021950E+01  0.4010058025499653E+00 -0.6589484982345864E-04
  0.1150011213206726E+01  0.4084772058477228E+00 -0.6780734572504000E-04
  0.1141840629452141E+01  0.4159213399410494E+00 -0.6958454543477167E-04
  0.1133670045759989E+01  0.4233377078729265E+00 -0.7144425373187018E-04
  0.1125499462132108E+01  0.4307258145399545E+00 -0.7360974119157995E-04
  0.1117328878570381E+01  0.4380851667254050E+00 -0.7599555893955085E-04
  0.1109158295076737E+01  0.4454152731321473E+00 -0.7859634542812071E-04
  0.1100987711653159E+01  0.4527156444154464E+00 -0.8158314645545468E-04
  0.1092817128301675E+01  0.4599857932156304E+00 -0.8524894328770468E-04
  0.1084646545024371E+01  0.4672252341906264E+00 -0.8998228132606769E-04
  0.1076475961823386E+01  0.4744334840483606E+00 -0.9568698515139825E-04
  0.1068305378700920E+01  0.4816100615790221E+00 -0.1011387588290372E-03
  0.1060134795659229E+01  0.4887544876871878E+00 -0.1050573616750359E-03
  0.1051964212700635E+01  0.4958662854238058E+00 -0.1072060057491702E-03
  0.1043793629827524E+01  0.5029449800180356E+00 -0.1081651460517894E-03
  0.1035623047042350E+01  0.5099900989089429E+00 -0.1087163907496070E-03
  0.1027452464347638E+01  0.5170011717770473E+00 -0.1098511779711998E-03
  0.1019281881745987E+01  0.5239777305757194E+00 -0.1123760998885112E-03
  0.1011111299240073E+01  0.5309193095624275E+00 -0.1161235050943757E-03
  0.1002940716832650E+01  0.5378254453298289E+00 -0.1199726925482240E-03
  0.9947701345265596E+00  0.5446956768367068E+00 -0.1234823162212562E-03
  0.9865995523247275E+00  0.5515295454387482E+00 -0.1272152294109545E-03
  0.9784289702301714E+00  0.5583265949191624E+00 -0.1315090172735551E-03
  0.9702583882460036E+00  0.5650863715191369E+00 -0.1358796611723073E-03
  0.9620878063754359E+00  0.5718084239681300E+00 -0.1395571387265709E-03
  0.9539172246217830E+00  0.5784923035139965E+00 -0.1422708843208385E-03
  0.9457466429884676E+00  0.5851375639529456E+00 -0.1444416407986673E-03
  0.9375760614790253E+00  0.5917437616593286E+00 -0.1462618530386851E-03
  0.9294054800971098E+00  0.5983104556152549E+00 -0.1477360223352241E-03
  0.9212348988464978E+00  0.6048372074400329E+00 -0.1495776573096352E-03
  0.9130643177310944E+00  0.6113235814194364E+00 -0.1528451119836339E-03
  0.9048937367549402E+00  0.6177691445347914E+00 -0.1571071813351098E-03
  0.8967231559222163E+00  0.6241734664918837E+00 -0.1606753151634810E-03
  0.8885525752372514E+00  0.6305361197496849E+00 -0.1627516746802174E-03
  0.8803819947045285E+00  0.6368566795488945E+00 -0.1641135586827809E-03
  0.8722114143286931E+00  0.6431347239402948E+00 -0.1657341980626769E-03
  0.8640408341145595E+00  0.6493698338129212E+00 -0.1677171053704370E-03
  0.8558702540671204E+00  0.6555615929220400E+00 -0.1693586473443817E-03
  0.8476996741915547E+00  0.6617095879169366E+00 -0.1701429945881538E-03
  0.8395290944932369E+00  0.6678134083685102E+00 -0.1699066608352422E-03
  0.8313585149777468E+00  0.6738726467966731E+00 -0.1687778029937691E-03
  0.8231879356508802E+00  0.6798868986975534E+00 -0.1669818018340917E-03
  0.8150173565186587E+00  0.6858557625704990E+00 -0.1648428898650149E-03
  0.8068467775873427E+00  0.6917788399448808E+00 -0.1627764217109036E-03
  0.7986761988634423E+00  0.6976557354066943E+00 -0.1612533652826208E-03
  0.7905056203537315E+00  0.7034860566249567E+00 -0.1603270112660608E-03
  0.7823350420652612E+00  0.7092694143778975E+00 -0.1595823649351909E-03
  0.7741644640053743E+00  0.7150054225789432E+00 -0.1584893687743570E-03
  0.7659938861817212E+00  0.7206936983024912E+00 -0.1572461497510311E-03
  0.7578233086022768E+00  0.7263338618094733E+00 -0.1564978206376728E-03
  0.7496527312753575E+00  0.7319255365727068E+00 -0.1567178267044918E-03
  0.7414821542096410E+00  0.7374683493020299E+00 -0.1576245417130461E-03
  0.7333115774141861E+00  0.7429619299692227E+00 -0.1579407052837252E-03
  0.7251410008984539E+00  0.7484059118327094E+00 -0.1561192039504841E-03
  0.7169704246723316E+00  0.7537999314620412E+00 -0.1519349708467347E-03
  0.7087998487461566E+00  0.7591436287621580E+00 -0.1463380407560840E-03
  0.7006292731307425E+00  0.7644366469974285E+00 -0.1405781472707117E-03
  0.6924586978374083E+00  0.7696786328154644E+00 -0.1356267641816290E-03
  0.6842881228780077E+00  0.7748692362707100E+00 -0.1317541401386517E-03
  0.6761175482649616E+00  0.7800081108478040E+00 -0.1282932032104525E-03
  0.6679469740112938E+00  0.7850949134847117E+00 -0.1245519338338358E-03
  0.6597764001306670E+00  0.7901293045956280E+00 -0.1201818701592567E-03
  0.6516058266374236E+00  0.7951109480936471E+00 -0.1154607028831011E-03
  0.6434352535466297E+00  0.8000395114131988E+00 -0.1109531572333374E-03
  0.6352646808741202E+00  0.8049146655322506E+00 -0.1070515879350901E-03
  0.6270941086365502E+00  0.8097360849942720E+00 -0.1039158010249891E-03
  0.6189235368514482E+00  0.8145034479299620E+00 -0.1014444580854658E-03
  0.6107529655372755E+00  0.8192164360787360E+00 -0.9873994562732797E-04
  0.6025823947134890E+00  0.8238747348099726E+00 -0.9500615587828592E-04
  0.5944118244006098E+00  0.8284780331440178E+00 -0.9023328887835912E-04
  0.5862412546202973E+00  0.8330260237729452E+00 -0.8482590220480106E-04
  0.5780706853954301E+00  0.8375184030810715E+00 -0.7857677682228572E-04
  0.5699001167501928E+00  0.8419548711652254E+00 -0.7104512349286022E-04
  0.5617295487101719E+00  0.8463351318547683E+00 -0.6202877716559195E-04
  0.5535589813024583E+00  0.8506588927313666E+00 -0.5182356218194669E-04
  0.5453884145557613E+00  0.8549258651485127E+00 -0.4080771810022453E-04
  0.5372178485005299E+00  0.8591357642507945E+00 -0.2973219358118464E-04
  0.5290472831690897E+00  0.8632883089929120E+00 -0.1935147076223818E-04
  0.5208767185957875E+00  0.8673832221584393E+00 -0.9598046526163436E-05
  0.5127061548171545E+00  0.8714202303783312E+00  0.5149704489395328E-06
  0.5045355918720822E+00  0.8753990641491725E+00  0.1111653651861083E-04
  0.4963650298020162E+00  0.8793194578511700E+00  0.2169357366828002E-04
  0.4881944686511717E+00  0.8831811497658847E+00  0.3224648489698261E-04
  0.4800239084667671E+00  0.8869838820937034E+00  0.4307624910113771E-04
  0.4718533492992859E+00  0.8907274009710492E+00  0.5392338736342562E-04
  0.4636827912027636E+00  0.8944114564873288E+00  0.6461048931968811E-04
  0.4555122342351060E+00  0.8980358027016164E+00  0.7567622468402337E-04
  0.4473416784584431E+00  0.9016001976590722E+00  0.8792475164628619E-04
  0.4391711239395221E+00  0.9051044034070944E+00  0.1007821764304224E-03
  0.4310005707501444E+00  0.9085481860112055E+00  0.1128167464301775E-03
  0.4228300189676551E+00  0.9119313155706682E+00  0.1235008581028966E-03
  0.4146594686754885E+00  0.9152535662338340E+00  0.1337610045373581E-03
  0.4064889199637791E+00  0.9185147162132208E+00  0.1443857391218124E-03
  0.3983183729300507E+00  0.9217145478003181E+00  0.1559788232052656E-03
  0.3901478276799883E+00  0.9248528473801222E+00  0.1694627472209855E-03
  0.3819772843283120E+00  0.9279294054453956E+00  0.1855121818204517E-03
  0.3738067429997641E+00  0.9309440166106540E+00  0.2028968834365382E-03
  0.3656362038302282E+00  0.9338964796258775E+00  0.2197666340906262E-03
  0.3574656669680030E+00  0.9367865973899459E+00  0.2354486068203767E-03
  0.3492951325752533E+00  0.9396141769637963E+00  0.2508533164252342E-03
  0.3411246008296713E+00  0.9423790295833044E+00  0.2669655657030534E-03
  0.3329540719263814E+00  0.9450809706718851E+00  0.2845559241775039E-03
  0.3247835460801308E+00  0.9477198198528157E+00  0.3035268901809663E-03
  0.3166130235278230E+00  0.9502954009612771E+00  0.3230957821388262E-03
  0.3084425045314506E+00  0.9528075420561144E+00  0.3427136173952004E-03
  0.3002719893815085E+00  0.9552560754313160E+00  0.3630304690860946E-03
  0.2921014784009779E+00  0.9576408376272095E+00  0.3844487860238315E-03
  0.2839309719500016E+00  0.9599616694413742E+00  0.4071621680188838E-03
  0.2757604704313845E+00  0.9622184159392698E+00  0.4312292896840793E-03
  0.2675899742971076E+00  0.9644109264645802E+00  0.4567773034948407E-03
  0.2594194840560681E+00  0.9665390546492710E+00  0.4835242882181757E-03
  0.2512490002833307E+00  0.9686026584233628E+00  0.5117250576287767E-03
  0.2430785236312446E+00  0.9706016000244151E+00  0.5416138285195522E-03
  0.2349080548428762E+00  0.9725357460067257E+00  0.5733194078512100E-03
  0.2267375947683499E+00  0.9744049672502397E+00  0.6060413079121685E-03
  0.2185671443848464E+00  0.9762091389691724E+00  0.6391976281784722E-03
  0.2103967048212628E+00  0.9779481407203411E+00  0.6727166399931232E-03
  0.2022262773888417E+00  0.9796218564112101E+00  0.7069184546757573E-03
  0.1940558636195398E+00  0.9812301743076443E+00  0.7416300748992421E-03
  0.1858854653144977E+00  0.9827729870413743E+00  0.7768388052595802E-03
  0.1777150846058812E+00  0.9842501916171713E+00  0.8121751944574390E-03
  0.1695447240365762E+00  0.9856616894197333E+00  0.8474935621422636E-03
  0.1613743866640789E+00  0.9870073862202815E+00  0.8825712652860936E-03
  0.1532040761975885E+00  0.9882871921828699E+00  0.9182482443157989E-03
  0.1450337971813853E+00  0.9895010218704087E+00  0.9551883411757094E-03
  0.1368635552438019E+00  0.9906487942504061E+00  0.9943511473780135E-03
  0.1286933574408989E+00  0.9917304327004320E+00  0.1036276451711315E-02
  0.1205232127396896E+00  0.9927458650133153E+00  0.1081589620460641E-02
  0.1123531327118049E+00  0.9936950234020883E+00  0.1129957233042396E-02
  0.1041831325528455E+00  0.9945778445047068E+00  0.1181863110887377E-02
  0.9601323262085862E-01  0.9953942693885953E+00  0.1237866230616390E-02
  0.8784346083082471E-01  0.9961442435551087E+00  0.1300287406644902E-02
  0.7967385651719167E-01  0.9968277169440913E+00  0.1371259946934331E-02
  0.7150447693306423E-01  0.9974446439389107E+00  0.1453667394313837E-02
  0.6333540875299180E-01  0.9979949833727938E+00  0.1549668637672968E-02
  0.5516678972815772E-01  0.9984786985384589E+00  0.1663292088890716E-02
  0.4699885272846815E-01  0.9988957572063257E+00  0.1798560086530665E-02
  0.3883202470742381E-01  0.9992461316671845E+00  0.1967625890807038E-02
  0.3066718105470672E-01  0.9995297988558859E+00  0.2215265774748141E-02
  0.2250643816359393E-01  0.9997467408113523E+00  0.2663214117329725E-02
  0.1435650599352885E-01  0.9998969471378596E+00  0.3397020890472301E-02
  0.6254421014113626E-02  0.9999804411726474E+00  0.4156883899583423E-02
