# nlmax, ncor, nside =         383           1         128
  0.3135338232575680E+01 -0.9999804411726474E+00 -0.1684629139090764E-03
  0.3127236147596264E+01 -0.9998969471378596E+00 -0.1657180607382253E-03
  0.3119086215426199E+01 -0.9997467408113523E+00 -0.1624541925184357E-03
  0.3110925472535087E+01 -0.9995297988558859E+00 -0.1606408776117116E-03
  0.3102760628882369E+01 -0.9992461316671845E+00 -0.1611750528444859E-03
  0.3094593800861325E+01 -0.9988957572063257E+00 -0.1642703045681081E-03
  0.3086425863861635E+01 -0.9984786985384589E+00 -0.1690311584329989E-03
  0.3078257244836801E+01 -0.9979949833727938E+00 -0.1736386900880944E-03
  0.3070088176656729E+01 -0.9974446439389107E+00 -0.1774381690078589E-03
  0.3061918797072602E+01 -0.9968277169440913E+00 -0.1795594654080060E-03
  0.3053749192758969E+01 -0.9961442435551087E+00 -0.1790492490633369E-03
  0.3045579420968934E+01 -0.9953942693885953E+00 -0.1750145638305180E-03
  0.3037409521036948E+01 -0.9945778445047068E+00 -0.1672750825393022E-03
  0.3029239520877988E+01 -0.9936950234020883E+00 -0.1562032929546011E-03
  0.3021069440850104E+01 -0.9927458650133153E+00 -0.1437589544649745E-03
  0.3012899296148894E+01 -0.9917304327004320E+00 -0.1323011419311590E-03
  0.3004729098345992E+01 -0.9906487942504061E+00 -0.1226707165420785E-03
  0.2996558856408408E+01 -0.9895010218704087E+00 -0.1141143480904893E-03
  0.2988388577392205E+01 -0.9882871921828699E+00 -0.1053106620918995E-03
  0.2980218266925714E+01 -0.9870073862202815E+00 -0.9506270467894275E-04
  0.2972047929553217E+01 -0.9856616894197333E+00 -0.8407159417729797E-04
  0.2963877568983912E+01 -0.9842501916171713E+00 -0.7362212802830667E-04
  0.2955707188275296E+01 -0.9827729870413743E+00 -0.6422412950528462E-04
  0.2947536789970254E+01 -0.9812301743076443E+00 -0.5619618524627886E-04
  0.2939366376200951E+01 -0.9796218564112101E+00 -0.4913158864506734E-04
  0.2931195948768531E+01 -0.9779481407203411E+00 -0.4092513959372881E-04
  0.2923025509204947E+01 -0.9762091389691724E+00 -0.3014755483554372E-04
  0.2914855058821443E+01 -0.9744049672502397E+00 -0.1823089804636313E-04
  0.2906684598746917E+01 -0.9725357460067257E+00 -0.9041580425130641E-05
  0.2898514129958549E+01 -0.9706016000244151E+00 -0.5428433559225262E-05
  0.2890343653306462E+01 -0.9686026584233628E+00 -0.6609183581739095E-05
  0.2882173169533725E+01 -0.9665390546492710E+00 -0.9294862521227847E-05
  0.2874002679292686E+01 -0.9644109264645802E+00 -0.1057543792905343E-04
  0.2865832183158409E+01 -0.9622184159392698E+00 -0.8615540767670985E-05
  0.2857661681639792E+01 -0.9599616694413742E+00 -0.3417813147068541E-05
  0.2849491175188815E+01 -0.9576408376272095E+00  0.3285976486192982E-05
  0.2841320664208285E+01 -0.9552560754313160E+00  0.9314116772704549E-05
  0.2833150149058343E+01 -0.9528075420561144E+00  0.1350065829978543E-04
  0.2824979630061970E+01 -0.9502954009612771E+00  0.1602164520860806E-04
  0.2816809107509663E+01 -0.9477198198528157E+00  0.1774344693746402E-04
  0.2808638581663412E+01 -0.9450809706718851E+00  0.1909292449022302E-04
  0.2800468052760122E+01 -0.9423790295833044E+00  0.1916670780917457E-04
  0.2792297521014540E+01 -0.9396141769637963E+00  0.1726460470086975E-04
  0.2784126986621790E+01 -0.9367865973899459E+00  0.1446217471974127E-04
  0.2775956449759565E+01 -0.9338964796258775E+00  0.1284182538217383E-04
  0.2767785910590029E+01 -0.9309440166106540E+00  0.1356795803572748E-04
  0.2759615369261481E+01 -0.9279294054453956E+00  0.1613436926646202E-04
  0.2751444825909805E+01 -0.9248528473801222E+00  0.1914531761161931E-04
  0.2743274280659743E+01 -0.9217145478003181E+00  0.2123001218307497E-04
  0.2735103733626014E+01 -0.9185147162132208E+00  0.2197776596431001E-04
  0.2726933184914305E+01 -0.9152535662338340E+00  0.2200452051736599E-04
  0.2718762634622138E+01 -0.9119313155706682E+00  0.2230674748534580E-04
  0.2710592082839649E+01 -0.9085481860112055E+00  0.2316604332270521E-04
  0.2702421529650271E+01 -0.9051044034070944E+00  0.2458518053032640E-04
  0.2694250975131350E+01 -0.9016001976590722E+00  0.2643333625305748E-04
  0.2686080419354687E+01 -0.8980358027016164E+00  0.2868451526186958E-04
  0.2677909862387029E+01 -0.8944114564873288E+00  0.3158777193439362E-04
  0.2669739304290507E+01 -0.8907274009710492E+00  0.3476877254064797E-04
  0.2661568745123026E+01 -0.8869838820937034E+00  0.3689753844357148E-04
  0.2653398184938621E+01 -0.8831811497658847E+00  0.3721583209155930E-04
  0.2645227623787777E+01 -0.8793194578511700E+00  0.3635758867448027E-04
  0.2637057061717711E+01 -0.8753990641491725E+00  0.3495897708316851E-04
  0.2628886498772639E+01 -0.8714202303783312E+00  0.3284458649052238E-04
  0.2620715934994006E+01 -0.8673832221584393E+00  0.3049279974244357E-04
  0.2612545370420704E+01 -0.8632883089929120E+00  0.2910444219691552E-04
  0.2604374805089263E+01 -0.8591357642507945E+00  0.2894461016523562E-04
  0.2596204239034032E+01 -0.8549258651485127E+00  0.2868844140469455E-04
  0.2588033672287335E+01 -0.8506588927313666E+00  0.2701015464728609E-04
  0.2579863104879621E+01 -0.8463351318547683E+00  0.2430498882793093E-04
  0.2571692536839600E+01 -0.8419548711652254E+00  0.2311970238955895E-04
  0.2563521968194363E+01 -0.8375184030810715E+00  0.2460948515491969E-04
  0.2555351398969496E+01 -0.8330260237729452E+00  0.2730108518770591E-04
  0.2547180829189184E+01 -0.8284780331440178E+00  0.2934071643747622E-04
  0.2539010258876304E+01 -0.8238747348099726E+00  0.2975481676073975E-04
  0.2530839688052518E+01 -0.8192164360787360E+00  0.2857672349202515E-04
  0.2522669116738345E+01 -0.8145034479299620E+00  0.2664721954147380E-04
  0.2514498544953243E+01 -0.8097360849942720E+00  0.2429224898925983E-04
  0.2506327972715673E+01 -0.8049146655322506E+00  0.2079250019682788E-04
  0.2498157400043163E+01 -0.8000395114131988E+00  0.1577656179204570E-04
  0.2489986826952370E+01 -0.7951109480936471E+00  0.1053005852499696E-04
  0.2481816253459126E+01 -0.7901293045956280E+00  0.6358122194003040E-05
  0.2473645679578500E+01 -0.7850949134847117E+00  0.3349264170054425E-05
  0.2465475105324832E+01 -0.7800081108478040E+00  0.1044802612490038E-05
  0.2457304530711785E+01 -0.7748692362707100E+00 -0.8236654353334144E-06
  0.2449133955752385E+01 -0.7696786328154644E+00 -0.2389347225545440E-05
  0.2440963380459050E+01 -0.7644366469974285E+00 -0.2950053879780393E-05
  0.2432792804843637E+01 -0.7591436287621580E+00 -0.1484062708144332E-05
  0.2424622228917462E+01 -0.7537999314620412E+00  0.1961050142775723E-05
  0.2416451652691339E+01 -0.7484059118327094E+00  0.6002575811176906E-05
  0.2408281076175607E+01 -0.7429619299692227E+00  0.9549155429068265E-05
  0.2400110499380152E+01 -0.7374683493020299E+00  0.1203980033766731E-04
  0.2391939922314436E+01 -0.7319255365727068E+00  0.1345668932344289E-04
  0.2383769344987516E+01 -0.7263338618094733E+00  0.1393596037493527E-04
  0.2375598767408072E+01 -0.7206936983024912E+00  0.1377124699614599E-04
  0.2367428189584419E+01 -0.7150054225789432E+00  0.1356828056013960E-04
  0.2359257611524532E+01 -0.7092694143778975E+00  0.1381234974859304E-04
  0.2351087033236062E+01 -0.7034860566249567E+00  0.1436783946601443E-04
  0.2342916454726351E+01 -0.6976557354066943E+00  0.1484882477712958E-04
  0.2334745876002450E+01 -0.6917788399448808E+00  0.1487157998540370E-04
  0.2326575297071134E+01 -0.6858557625704990E+00  0.1483832538986185E-04
  0.2318404717938913E+01 -0.6798868986975534E+00  0.1586062043375315E-04
  0.2310234138612046E+01 -0.6738726467966731E+00  0.1850414834141585E-04
  0.2302063559096557E+01 -0.6678134083685102E+00  0.2178875531683575E-04
  0.2293892979398239E+01 -0.6617095879169366E+00  0.2442131786800651E-04
  0.2285722399522673E+01 -0.6555615929220400E+00  0.2643118938949591E-04
  0.2277551819475234E+01 -0.6493698338129212E+00  0.2821631733556529E-04
  0.2269381239261100E+01 -0.6431347239402948E+00  0.2891158666538467E-04
  0.2261210658885265E+01 -0.6368566795488945E+00  0.2795748440894498E-04
  0.2253040078352542E+01 -0.6305361197496849E+00  0.2647859467087426E-04
  0.2244869497667577E+01 -0.6241734664918837E+00  0.2600990150861306E-04
  0.2236698916834853E+01 -0.6177691445347914E+00  0.2722799394284882E-04
  0.2228528335858699E+01 -0.6113235814194364E+00  0.2986402462134339E-04
  0.2220357754743295E+01 -0.6048372074400329E+00  0.3221868894613238E-04
  0.2212187173492683E+01 -0.5983104556152549E+00  0.3264543486674244E-04
  0.2204016592110768E+01 -0.5917437616593286E+00  0.3159638282428607E-04
  0.2195846010601326E+01 -0.5851375639529456E+00  0.3104021538848578E-04
  0.2187675428968010E+01 -0.5784923035139965E+00  0.3185075651644410E-04
  0.2179504847214357E+01 -0.5718084239681300E+00  0.3291240482989312E-04
  0.2171334265343789E+01 -0.5650863715191369E+00  0.3271109612914447E-04
  0.2163163683359622E+01 -0.5583265949191624E+00  0.3109237853864815E-04
  0.2154993101265066E+01 -0.5515295454387482E+00  0.2883912218092195E-04
  0.2146822519063234E+01 -0.5446956768367068E+00  0.2687126078522491E-04
  0.2138651936757143E+01 -0.5378254453298289E+00  0.2499781217219035E-04
  0.2130481354349721E+01 -0.5309193095624275E+00  0.2204720324256533E-04
  0.2122310771843806E+01 -0.5239777305757194E+00  0.1716254540743504E-04
  0.2114140189242155E+01 -0.5170011717770473E+00  0.1096954356663768E-04
  0.2105969606547443E+01 -0.5099900989089429E+00  0.4329203679389166E-05
  0.2097799023762269E+01 -0.5029449800180356E+00 -0.2285081135243779E-05
  0.2089628440889158E+01 -0.4958662854238058E+00 -0.8034939534819301E-05
  0.2081457857930564E+01 -0.4887544876871878E+00 -0.1211374597330746E-04
  0.2073287274888874E+01 -0.4816100615790221E+00 -0.1472163474166376E-04
  0.2065116691766407E+01 -0.4744334840483606E+00 -0.1679501079513229E-04
  0.2056946108565423E+01 -0.4672252341906264E+00 -0.1876169840646021E-04
  0.2048775525288118E+01 -0.4599857932156304E+00 -0.1986481576359539E-04
  0.2040604941936635E+01 -0.4527156444154464E+00 -0.2001945037599697E-04
  0.2032434358513056E+01 -0.4454152731321473E+00 -0.2051640643176421E-04
  0.2024263775019413E+01 -0.4380851667254050E+00 -0.2225553026321818E-04
  0.2016093191457685E+01 -0.4307258145399545E+00 -0.2458202996720120E-04
  0.2007922607829804E+01 -0.4233377078729265E+00 -0.2671408447346242E-04
  0.1999752024137653E+01 -0.4159213399410494E+00 -0.2840051697210492E-04
  0.1991581440383068E+01 -0.4084772058477228E+00 -0.2987862085591253E-04
  0.1983410856567843E+01 -0.4010058025499653E+00 -0.3122145227013105E-04
  0.1975240272693730E+01 -0.3935076288252386E+00 -0.3210345029866314E-04
  0.1967069688762441E+01 -0.3859831852381501E+00 -0.3254468667049040E-04
  0.1958899104775647E+01 -0.3784329741070359E+00 -0.3303387575018737E-04
  0.1950728520734982E+01 -0.3708574994704271E+00 -0.3345313302371444E-04
  0.1942557936642046E+01 -0.3632572670534011E+00 -0.3321078504792292E-04
  0.1934387352498403E+01 -0.3556327842338202E+00 -0.3191005690866101E-04
  0.1926216768305583E+01 -0.3479845600084601E+00 -0.2949939657867613E-04
  0.1918046184065086E+01 -0.3403131049590297E+00 -0.2640748629235710E-04
  0.1909875599778379E+01 -0.3326189312180866E+00 -0.2310185385005798E-04
  0.1901705015446901E+01 -0.3249025524348469E+00 -0.1995977329751971E-04
  0.1893534431072063E+01 -0.3171644837408958E+00 -0.1772654233812616E-04
  0.1885363846655247E+01 -0.3094052417157978E+00 -0.1676174427543851E-04
  0.1877193262197810E+01 -0.3016253443526109E+00 -0.1648284440153909E-04
  0.1869022677701083E+01 -0.2938253110233064E+00 -0.1585435191405426E-04
  0.1860852093166375E+01 -0.2860056624440968E+00 -0.1472035974193883E-04
  0.1852681508594969E+01 -0.2781669206406729E+00 -0.1365325039616849E-04
  0.1844510923988128E+01 -0.2703096089133553E+00 -0.1271476005664661E-04
  0.1836340339347093E+01 -0.2624342518021592E+00 -0.1131656033057094E-04
  0.1828169754673083E+01 -0.2545413750517773E+00 -0.9316068083628303E-05
  0.1819999169967299E+01 -0.2466315055764818E+00 -0.7164093048803104E-05
  0.1811828585230925E+01 -0.2387051714249486E+00 -0.5543440631104578E-05
  0.1803658000465123E+01 -0.2307629017450062E+00 -0.4655990739821405E-05
  0.1795487415671042E+01 -0.2228052267483099E+00 -0.4063780069614203E-05
  0.1787316830849811E+01 -0.2148326776749467E+00 -0.3207554596878990E-05
  0.1779146246002545E+01 -0.2068457867579697E+00 -0.1695845146849931E-05
  0.1770975661130345E+01 -0.1988450871878683E+00  0.9283086194973648E-06
  0.1762805076234296E+01 -0.1908311130769725E+00  0.4593292855716486E-05
  0.1754634491315471E+01 -0.1828043994237966E+00  0.8397502183442018E-05
  0.1746463906374929E+01 -0.1747654820773241E+00  0.1128019206033190E-04
  0.1738293321413718E+01 -0.1667148977012352E+00  0.1327242112123690E-04
  0.1730122736432872E+01 -0.1586531837380799E+00  0.1501073443448213E-04
  0.1721952151433418E+01 -0.1505808783733995E+00  0.1702597718262526E-04
  0.1713781566416370E+01 -0.1424985204997981E+00  0.1928861305026113E-04
  0.1705610981382731E+01 -0.1344066496809675E+00  0.2161907492374336E-04
  0.1697440396333499E+01 -0.1263058061156663E+00  0.2347515336601585E-04
  0.1689269811269659E+01 -0.1181965306016578E+00  0.2407486927400306E-04
  0.1681099226192191E+01 -0.1100793644996070E+00  0.2343197069450741E-04
  0.1672928641102067E+01 -0.1019548496969404E+00  0.2280060771777294E-04
  0.1664758056000250E+01 -0.9382352857167028E-01  0.2343286552852175E-04
  0.1656587470887701E+01 -0.8568594395618719E-01  0.2577383442623279E-04
  0.1648416885765370E+01 -0.7754263910102077E-01  0.2948884179172096E-04
  0.1640246300634206E+01 -0.6939415763857371E-01  0.3367408311960604E-04
  0.1632075715495151E+01 -0.6124104354682962E-01  0.3712137852055184E-04
  0.1623905130349143E+01 -0.5308384111303818E-01  0.3907267324718861E-04
  0.1615734545197117E+01 -0.4492309489737940E-01  0.3931948105343100E-04
  0.1607563960040004E+01 -0.3675934969660982E-01  0.3863038444852906E-04
  0.1599393374878733E+01 -0.2859315050769285E-01  0.3784289092700069E-04
  0.1591222789714229E+01 -0.2042504249141571E-01  0.3769358261952032E-04
  0.1583052204547419E+01 -0.1225557093599554E-01  0.3875872609740650E-04
  0.1574881619379224E+01 -0.4085281220676868E-02  0.4087810748697538E-04
  0.1566711034210569E+01  0.4085281220676868E-02  0.4299482462666584E-04
  0.1558540449042374E+01  0.1225557093599554E-01  0.4460649652538779E-04
  0.1550369863875564E+01  0.2042504249141571E-01  0.4589679370290884E-04
  0.1542199278711061E+01  0.2859315050769285E-01  0.4665668816452055E-04
  0.1534028693549790E+01  0.3675934969660982E-01  0.4639019007433397E-04
  0.1525858108392677E+01  0.4492309489737940E-01  0.4526523411399850E-04
  0.1517687523240650E+01  0.5308384111303818E-01  0.4387662101547826E-04
  0.1509516938094642E+01  0.6124104354682962E-01  0.4276588834712484E-04
  0.1501346352955587E+01  0.6939415763857371E-01  0.4162361022177433E-04
  0.1493175767824423E+01  0.7754263910102077E-01  0.4041623047747970E-04
  0.1485005182702093E+01  0.8568594395618719E-01  0.3993220010411318E-04
  0.1476834597589543E+01  0.9382352857167028E-01  0.4087627876228820E-04
  0.1468664012487727E+01  0.1019548496969404E+00  0.4219157034760992E-04
  0.1460493427397602E+01  0.1100793644996070E+00  0.4229050923327487E-04
  0.1452322842320134E+01  0.1181965306016578E+00  0.4077590661599117E-04
  0.1444152257256294E+01  0.1263058061156663E+00  0.3861097917132359E-04
  0.1435981672207062E+01  0.1344066496809675E+00  0.3640973461913298E-04
  0.1427811087173423E+01  0.1424985204997981E+00  0.3455830923870879E-04
  0.1419640502156375E+01  0.1505808783733995E+00  0.3371248828972811E-04
  0.1411469917156921E+01  0.1586531837380799E+00  0.3472166350610259E-04
  0.1403299332176076E+01  0.1667148977012352E+00  0.3700310089348583E-04
  0.1395128747214864E+01  0.1747654820773241E+00  0.3862386609080577E-04
  0.1386958162274323E+01  0.1828043994237966E+00  0.3813484570161426E-04
  0.1378787577355497E+01  0.1908311130769725E+00  0.3601619555925126E-04
  0.1370616992459449E+01  0.1988450871878683E+00  0.3374189335468749E-04
  0.1362446407587248E+01  0.2068457867579697E+00  0.3237206219180715E-04
  0.1354275822739983E+01  0.2148326776749467E+00  0.3173175759386859E-04
  0.1346105237918751E+01  0.2228052267483099E+00  0.3123328897485922E-04
  0.1337934653124670E+01  0.2307629017450062E+00  0.3011220432986332E-04
  0.1329764068358868E+01  0.2387051714249486E+00  0.2779552977442970E-04
  0.1321593483622494E+01  0.2466315055764818E+00  0.2463016642977681E-04
  0.1313422898916710E+01  0.2545413750517773E+00  0.2200434853661035E-04
  0.1305252314242701E+01  0.2624342518021592E+00  0.2004993612737920E-04
  0.1297081729601665E+01  0.2703096089133553E+00  0.1752874314964117E-04
  0.1288911144994824E+01  0.2781669206406729E+00  0.1362351642248528E-04
  0.1280740560423418E+01  0.2860056624440968E+00  0.9478205421992413E-05
  0.1272569975888710E+01  0.2938253110233064E+00  0.6510190333838293E-05
  0.1264399391391984E+01  0.3016253443526109E+00  0.5126779873703928E-05
  0.1256228806934547E+01  0.3094052417157978E+00  0.5009828431962499E-05
  0.1248058222517730E+01  0.3171644837408958E+00  0.5403805949562800E-05
  0.1239887638142892E+01  0.3249025524348469E+00  0.5189589265813310E-05
  0.1231717053811414E+01  0.3326189312180866E+00  0.4061078606392969E-05
  0.1223546469524707E+01  0.3403131049590297E+00  0.2239088952355948E-05
  0.1215375885284210E+01  0.3479845600084601E+00  0.4209187244615101E-07
  0.1207205301091390E+01  0.3556327842338202E+00 -0.2102011583149167E-05
  0.1199034716947747E+01  0.3632572670534011E+00 -0.4334458757721311E-05
  0.1190864132854811E+01  0.3708574994704271E+00 -0.7222206712873872E-05
  0.1182693548814147E+01  0.3784329741070359E+00 -0.1034803730862858E-04
  0.1174522964827352E+01  0.3859831852381501E+00 -0.1347155041039618E-04
  0.1166352380896063E+01  0.3935076288252386E+00 -0.1680819189654655E-04
  0.1158181797021950E+01  0.4010058025499653E+00 -0.2054350793477027E-04
  0.1150011213206726E+01  0.4084772058477228E+00 -0.2410602962433766E-04
  0.1141840629452141E+01  0.4159213399410494E+00 -0.2745479922801801E-04
  0.1133670045759989E+01  0.4233377078729265E+00 -0.3121742807476389E-04
  0.1125499462132108E+01  0.4307258145399545E+00 -0.3626100706421966E-04
  0.1117328878570381E+01  0.4380851667254050E+00 -0.4250987167212976E-04
  0.1109158295076737E+01  0.4454152731321473E+00 -0.4890888007257220E-04
  0.1100987711653159E+01  0.4527156444154464E+00 -0.5430295346872545E-04
  0.1092817128301675E+01  0.4599857932156304E+00 -0.5917036758169681E-04
  0.1084646545024371E+01  0.4672252341906264E+00 -0.6493345895767918E-04
  0.1076475961823386E+01  0.4744334840483606E+00 -0.7222960617222377E-04
  0.1068305378700920E+01  0.4816100615790221E+00 -0.7978314845725958E-04
  0.1060134795659229E+01  0.4887544876871878E+00 -0.8584432031139714E-04
  0.1051964212700635E+01  0.4958662854238058E+00 -0.8945815026024917E-04
  0.1043793629827524E+01  0.5029449800180356E+00 -0.9095385418448570E-04
  0.1035623047042350E+01  0.5099900989089429E+00 -0.9129536364811569E-04
  0.1027452464347638E+01  0.5170011717770473E+00 -0.9221343341122963E-04
  0.1019281881745987E+01  0.5239777305757194E+00 -0.9525350681786836E-04
  0.1011111299240073E+01  0.5309193095624275E+00 -0.1003992509634705E-03
  0.1002940716832650E+01  0.5378254453298289E+00 -0.1057673101332858E-03
  0.9947701345265596E+00  0.5446956768367068E+00 -0.1101702716137706E-03
  0.9865995523247275E+00  0.5515295454387482E+00 -0.1139741509293327E-03
  0.9784289702301714E+00  0.5583265949191624E+00 -0.1180498874607165E-03
  0.9702583882460036E+00  0.5650863715191369E+00 -0.1220947247072943E-03
  0.9620878063754359E+00  0.5718084239681300E+00 -0.1250218580982794E-03
  0.9539172246217830E+00  0.5784923035139965E+00 -0.1261789275087830E-03
  0.9457466429884676E+00  0.5851375639529456E+00 -0.1262240281844473E-03
  0.9375760614790253E+00  0.5917437616593286E+00 -0.1257853060931790E-03
  0.9294054800971098E+00  0.5983104556152549E+00 -0.1250914583322775E-03
  0.9212348988464978E+00  0.6048372074400329E+00 -0.1246910945771838E-03
  0.9130643177310944E+00  0.6113235814194364E+00 -0.1255179804101333E-03
  0.9048937367549402E+00  0.6177691445347914E+00 -0.1269533325745456E-03
  0.8967231559222163E+00  0.6241734664918837E+00 -0.1274611158321492E-03
  0.8885525752372514E+00  0.6305361197496849E+00 -0.1263634993251493E-03
  0.8803819947045285E+00  0.6368566795488945E+00 -0.1247324987123756E-03
  0.8722114143286931E+00  0.6431347239402948E+00 -0.1240365792377607E-03
  0.8640408341145595E+00  0.6493698338129212E+00 -0.1250168889233829E-03
  0.8558702540671204E+00  0.6555615929220400E+00 -0.1264179908573880E-03
  0.8476996741915547E+00  0.6617095879169366E+00 -0.1266853109769158E-03
  0.8395290944932369E+00  0.6678134083685102E+00 -0.1255089686694419E-03
  0.8313585149777468E+00  0.6738726467966731E+00 -0.1236692525750032E-03
  0.8231879356508802E+00  0.6798868986975534E+00 -0.1217249279295060E-03
  0.8150173565186587E+00  0.6858557625704990E+00 -0.1201593417888356E-03
  0.8068467775873427E+00  0.6917788399448808E+00 -0.1189876654860004E-03
  0.7986761988634423E+00  0.6976557354066943E+00 -0.1178899725239830E-03
  0.7905056203537315E+00  0.7034860566249567E+00 -0.1168179970094756E-03
  0.7823350420652612E+00  0.7092694143778975E+00 -0.1160445751312938E-03
  0.7741644640053743E+00  0.7150054225789432E+00 -0.1152810310143340E-03
  0.7659938861817212E+00  0.7206936983024912E+00 -0.1146045593669767E-03
  0.7578233086022768E+00  0.7263338618094733E+00 -0.1147179375662370E-03
  0.7496527312753575E+00  0.7319255365727068E+00 -0.1165960498441298E-03
  0.7414821542096410E+00  0.7374683493020299E+00 -0.1201119054765055E-03
  0.7333115774141861E+00  0.7429619299692227E+00 -0.1239906070037707E-03
  0.7251410008984539E+00  0.7484059118327094E+00 -0.1257757949704828E-03
  0.7169704246723316E+00  0.7537999314620412E+00 -0.1246681011932776E-03
  0.7087998487461566E+00  0.7591436287621580E+00 -0.1219167814011218E-03
  0.7006292731307425E+00  0.7644366469974285E+00 -0.1194421821604179E-03
  0.6924586978374083E+00  0.7696786328154644E+00 -0.1181725249670870E-03
  0.6842881228780077E+00  0.7748692362707100E+00 -0.1183515049270484E-03
  0.6761175482649616E+00  0.7800081108478040E+00 -0.1192747560251213E-03
  0.6679469740112938E+00  0.7850949134847117E+00 -0.1197639385605857E-03
  0.6597764001306670E+00  0.7901293045956280E+00 -0.1183840686193486E-03
  0.6516058266374236E+00  0.7951109480936471E+00 -0.1158785604316686E-03
  0.6434352535466297E+00  0.8000395114131988E+00 -0.1144746304296153E-03
  0.6352646808741202E+00  0.8049146655322506E+00 -0.1154431442697658E-03
  0.6270941086365502E+00  0.8097360849942720E+00 -0.1174782041701425E-03
  0.6189235368514482E+00  0.8145034479299620E+00 -0.1189361050855334E-03
  0.6107529655372755E+00  0.8192164360787360E+00 -0.1192157286504150E-03
  0.6025823947134890E+00  0.8238747348099726E+00 -0.1191173427943059E-03
  0.5944118244006098E+00  0.8284780331440178E+00 -0.1188818126331164E-03
  0.5862412546202973E+00  0.8330260237729452E+00 -0.1178245740264573E-03
  0.5780706853954301E+00  0.8375184030810715E+00 -0.1146099674516152E-03
  0.5699001167501928E+00  0.8419548711652254E+00 -0.1091190118986150E-03
  0.5617295487101719E+00  0.8463351318547683E+00 -0.1022724800002489E-03
  0.5535589813024583E+00  0.8506588927313666E+00 -0.9477789231119945E-04
  0.5453884145557613E+00  0.8549258651485127E+00 -0.8624093280293028E-04
  0.5372178485005299E+00  0.8591357642507945E+00 -0.7703569570073524E-04
  0.5290472831690897E+00  0.8632883089929120E+00 -0.6825661399020985E-04
  0.5208767185957875E+00  0.8673832221584393E+00 -0.6039574727176238E-04
  0.5127061548171545E+00  0.8714202303783312E+00 -0.5202591360290044E-04
  0.5045355918720822E+00  0.8753990641491725E+00 -0.4230035005913310E-04
  0.4963650298020162E+00  0.8793194578511700E+00 -0.3120747669219393E-04
  0.4881944686511717E+00  0.8831811497658847E+00 -0.1963479806446643E-04
  0.4800239084667671E+00  0.8869838820937034E+00 -0.7946435239108792E-05
  0.4718533492992859E+00  0.8907274009710492E+00  0.3328546478919824E-05
  0.4636827912027636E+00  0.8944114564873288E+00  0.1357709176382937E-04
  0.4555122342351060E+00  0.8980358027016164E+00  0.2224011561972783E-04
  0.4473416784584431E+00  0.9016001976590722E+00  0.3038918380815807E-04
  0.4391711239395221E+00  0.9051044034070944E+00  0.3805384856420473E-04
  0.4310005707501444E+00  0.9085481860112055E+00  0.4478239030102925E-04
  0.4228300189676551E+00  0.9119313155706682E+00  0.5032306120609314E-04
  0.4146594686754885E+00  0.9152535662338340E+00  0.5582051336335269E-04
  0.4064889199637791E+00  0.9185147162132208E+00  0.6115406703983610E-04
  0.3983183729300507E+00  0.9217145478003181E+00  0.6633601966395162E-04
  0.3901478276799883E+00  0.9248528473801222E+00  0.7231689453376260E-04
  0.3819772843283120E+00  0.9279294054453956E+00  0.8116667095074118E-04
  0.3738067429997641E+00  0.9309440166106540E+00  0.9200129738260665E-04
  0.3656362038302282E+00  0.9338964796258775E+00  0.1026482264282633E-03
  0.3574656669680030E+00  0.9367865973899459E+00  0.1114529771551748E-03
  0.3492951325752533E+00  0.9396141769637963E+00  0.1197800722634824E-03
  0.3411246008296713E+00  0.9423790295833044E+00  0.1293297210645963E-03
  0.3329540719263814E+00  0.9450809706718851E+00  0.1408222890413506E-03
  0.3247835460801308E+00  0.9477198198528157E+00  0.1529560681726335E-03
  0.3166130235278230E+00  0.9502954009612771E+00  0.1652448300116915E-03
  0.3084425045314506E+00  0.9528075420561144E+00  0.1775869232176267E-03
  0.3002719893815085E+00  0.9552560754313160E+00  0.1908999465901604E-03
  0.2921014784009779E+00  0.9576408376272095E+00  0.2056715842442237E-03
  0.2839309719500016E+00  0.9599616694413742E+00  0.2228396152668459E-03
  0.2757604704313845E+00  0.9622184159392698E+00  0.2412703938248266E-03
  0.2675899742971076E+00  0.9644109264645802E+00  0.2600006222091024E-03
  0.2594194840560681E+00  0.9665390546492710E+00  0.2790736578569344E-03
  0.2512490002833307E+00  0.9686026584233628E+00  0.3011415166154118E-03
  0.2430785236312446E+00  0.9706016000244151E+00  0.3266746497235975E-03
  0.2349080548428762E+00  0.9725357460067257E+00  0.3537674785284808E-03
  0.2267375947683499E+00  0.9744049672502397E+00  0.3795247732828046E-03
  0.2185671443848464E+00  0.9762091389691724E+00  0.4054727417472924E-03
  0.2103967048212628E+00  0.9779481407203411E+00  0.4338552852848117E-03
  0.2022262773888417E+00  0.9796218564112101E+00  0.4649820369258069E-03
  0.1940558636195398E+00  0.9812301743076443E+00  0.4963292223745232E-03
  0.1858854653144977E+00  0.9827729870413743E+00  0.5272858604727675E-03
  0.1777150846058812E+00  0.9842501916171713E+00  0.5574675793496871E-03
  0.1695447240365762E+00  0.9856616894197333E+00  0.5876367740722311E-03
  0.1613743866640789E+00  0.9870073862202815E+00  0.6175348883672659E-03
  0.1532040761975885E+00  0.9882871921828699E+00  0.6493045505493796E-03
  0.1450337971813853E+00  0.9895010218704087E+00  0.6830602907061318E-03
  0.1368635552438019E+00  0.9906487942504061E+00  0.7193250349586571E-03
  0.1286933574408989E+00  0.9917304327004320E+00  0.7577790266977483E-03
  0.1205232127396896E+00  0.9927458650133153E+00  0.8002693587909499E-03
  0.1123531327118049E+00  0.9936950234020883E+00  0.8459801342908388E-03
  0.1041831325528455E+00  0.9945778445047068E+00  0.8963514518776560E-03
  0.9601323262085862E-01  0.9953942693885953E+00  0.9522874017643112E-03
  0.8784346083082471E-01  0.9961442435551087E+00  0.1017452190268610E-02
  0.7967385651719167E-01  0.9968277169440913E+00  0.1091631654305520E-02
  0.7150447693306423E-01  0.9974446439389107E+00  0.1178630680028318E-02
  0.6333540875299180E-01  0.9979949833727938E+00  0.1279607160614469E-02
  0.5516678972815772E-01  0.9984786985384589E+00  0.1398202002318334E-02
  0.4699885272846815E-01  0.9988957572063257E+00  0.1534610747614386E-02
  0.3883202470742381E-01  0.9992461316671845E+00  0.1703790906580950E-02
  0.3066718105470672E-01  0.9995297988558859E+00  0.1951227540775775E-02
  0.2250643816359393E-01  0.9997467408113523E+00  0.2401649023763136E-02
  0.1435650599352885E-01  0.9998969471378596E+00  0.3135450442077221E-02
  0.6254421014113626E-02  0.9999804411726474E+00  0.3897469709145555E-02
