# nlmax, ncor, nside =         383           1         128
  0.3135338232575680E+01 -0.9999804411726474E+00 -0.2848501897828853E-03
  0.3127236147596264E+01 -0.9998969471378596E+00 -0.2847645905645968E-03
  0.3119086215426199E+01 -0.9997467408113523E+00 -0.2849696291394466E-03
  0.3110925472535087E+01 -0.9995297988558859E+00 -0.2873202669120766E-03
  0.3102760628882369E+01 -0.9992461316671845E+00 -0.2925834227410136E-03
  0.3094593800861325E+01 -0.9988957572063257E+00 -0.2986032073293371E-03
  0.3086425863861635E+01 -0.9984786985384589E+00 -0.3026364974014411E-03
  0.3078257244836801E+01 -0.9979949833727938E+00 -0.3043115510939465E-03
  0.3070088176656729E+01 -0.9974446439389107E+00 -0.3047570369771702E-03
  0.3061918797072602E+01 -0.9968277169440913E+00 -0.3047565595070161E-03
  0.3053749192758969E+01 -0.9961442435551087E+00 -0.3037716475658982E-03
  0.3045579420968934E+01 -0.9953942693885953E+00 -0.3010190705201558E-03
  0.3037409521036948E+01 -0.9945778445047068E+00 -0.2960593273077101E-03
  0.3029239520877988E+01 -0.9936950234020883E+00 -0.2887487049862627E-03
  0.3021069440850104E+01 -0.9927458650133153E+00 -0.2803810039382266E-03
  0.3012899296148894E+01 -0.9917304327004320E+00 -0.2730531109152061E-03
  0.3004729098345992E+01 -0.9906487942504061E+00 -0.2670923967164132E-03
  0.2996558856408408E+01 -0.9895010218704087E+00 -0.2612384216535522E-03
  0.2988388577392205E+01 -0.9882871921828699E+00 -0.2547925269014513E-03
  0.2980218266925714E+01 -0.9870073862202815E+00 -0.2472847401937775E-03
  0.2972047929553217E+01 -0.9856616894197333E+00 -0.2383275879788834E-03
  0.2963877568983912E+01 -0.9842501916171713E+00 -0.2286607586946432E-03
  0.2955707188275296E+01 -0.9827729870413743E+00 -0.2198281839939424E-03
  0.2947536789970254E+01 -0.9812301743076443E+00 -0.2133085549480679E-03
  0.2939366376200951E+01 -0.9796218564112101E+00 -0.2089830754638997E-03
  0.2931195948768531E+01 -0.9779481407203411E+00 -0.2044427949305732E-03
  0.2923025509204947E+01 -0.9762091389691724E+00 -0.1977106427726921E-03
  0.2914855058821443E+01 -0.9744049672502397E+00 -0.1895108407022942E-03
  0.2906684598746917E+01 -0.9725357460067257E+00 -0.1827115511343983E-03
  0.2898514129958549E+01 -0.9706016000244151E+00 -0.1797370112328302E-03
  0.2890343653306462E+01 -0.9686026584233628E+00 -0.1803269533018546E-03
  0.2882173169533725E+01 -0.9665390546492710E+00 -0.1821255245139571E-03
  0.2874002679292686E+01 -0.9644109264645802E+00 -0.1826602599402507E-03
  0.2865832183158409E+01 -0.9622184159392698E+00 -0.1801063658118448E-03
  0.2857661681639792E+01 -0.9599616694413742E+00 -0.1738481740600149E-03
  0.2849491175188815E+01 -0.9576408376272095E+00 -0.1654882069304334E-03
  0.2841320664208285E+01 -0.9552560754313160E+00 -0.1576140972717775E-03
  0.2833150149058343E+01 -0.9528075420561144E+00 -0.1512411569397537E-03
  0.2824979630061970E+01 -0.9502954009612771E+00 -0.1454914554954756E-03
  0.2816809107509663E+01 -0.9477198198528157E+00 -0.1391971577401150E-03
  0.2808638581663412E+01 -0.9450809706718851E+00 -0.1323296131706345E-03
  0.2800468052760122E+01 -0.9423790295833044E+00 -0.1256863776790030E-03
  0.2792297521014540E+01 -0.9396141769637963E+00 -0.1196984214251069E-03
  0.2784126986621790E+01 -0.9367865973899459E+00 -0.1142380442741317E-03
  0.2775956449759565E+01 -0.9338964796258775E+00 -0.1089645672220776E-03
  0.2767785910590029E+01 -0.9309440166106540E+00 -0.1034124456684296E-03
  0.2759615369261481E+01 -0.9279294054453956E+00 -0.9710756601318039E-04
  0.2751444825909805E+01 -0.9248528473801222E+00 -0.8977644479333328E-04
  0.2743274280659743E+01 -0.9217145478003181E+00 -0.8185428853651081E-04
  0.2735103733626014E+01 -0.9185147162132208E+00 -0.7393244176869524E-04
  0.2726933184914305E+01 -0.9152535662338340E+00 -0.6634191446167985E-04
  0.2718762634622138E+01 -0.9119313155706682E+00 -0.5923841128121950E-04
  0.2710592082839649E+01 -0.9085481860112055E+00 -0.5226162702696092E-04
  0.2702421529650271E+01 -0.9051044034070944E+00 -0.4470857763847081E-04
  0.2694250975131350E+01 -0.9016001976590722E+00 -0.3635221558812817E-04
  0.2686080419354687E+01 -0.8980358027016164E+00 -0.2768520995199220E-04
  0.2677909862387029E+01 -0.8944114564873288E+00 -0.1913066501115044E-04
  0.2669739304290507E+01 -0.8907274009710492E+00 -0.1095703974146083E-04
  0.2661568745123026E+01 -0.8869838820937034E+00 -0.3960797709719000E-05
  0.2653398184938621E+01 -0.8831811497658847E+00  0.1321155638258391E-05
  0.2645227623787777E+01 -0.8793194578511700E+00  0.5455598221025816E-05
  0.2637057061717711E+01 -0.8753990641491725E+00  0.9169257690143073E-05
  0.2628886498772639E+01 -0.8714202303783312E+00  0.1273524897343327E-04
  0.2620715934994006E+01 -0.8673832221584393E+00  0.1668565367860986E-04
  0.2612545370420704E+01 -0.8632883089929120E+00  0.2166129031018825E-04
  0.2604374805089263E+01 -0.8591357642507945E+00  0.2736733490039270E-04
  0.2596204239034032E+01 -0.8549258651485127E+00  0.3256555234156199E-04
  0.2588033672287335E+01 -0.8506588927313666E+00  0.3644693469586175E-04
  0.2579863104879621E+01 -0.8463351318547683E+00  0.3965652303610772E-04
  0.2571692536839600E+01 -0.8419548711652254E+00  0.4357990861387835E-04
  0.2563521968194363E+01 -0.8375184030810715E+00  0.4867288138499096E-04
  0.2555351398969496E+01 -0.8330260237729452E+00  0.5437918207669122E-04
  0.2547180829189184E+01 -0.8284780331440178E+00  0.5990336637493662E-04
  0.2539010258876304E+01 -0.8238747348099726E+00  0.6445976226603609E-04
  0.2530839688052518E+01 -0.8192164360787360E+00  0.6773396693730283E-04
  0.2522669116738345E+01 -0.8145034479299620E+00  0.7024521262959290E-04
  0.2514498544953243E+01 -0.8097360849942720E+00  0.7230561872365068E-04
  0.2506327972715673E+01 -0.8049146655322506E+00  0.7329618862474967E-04
  0.2498157400043163E+01 -0.8000395114131988E+00  0.7288027507083397E-04
  0.2489986826952370E+01 -0.7951109480936471E+00  0.7203206244906430E-04
  0.2481816253459126E+01 -0.7901293045956280E+00  0.7188899724081262E-04
  0.2473645679578500E+01 -0.7850949134847117E+00  0.7254285846141510E-04
  0.2465475105324832E+01 -0.7800081108478040E+00  0.7346323532743877E-04
  0.2457304530711785E+01 -0.7748692362707100E+00  0.7419317784540881E-04
  0.2449133955752385E+01 -0.7696786328154644E+00  0.7474714385588180E-04
  0.2440963380459050E+01 -0.7644366469974285E+00  0.7575452972119201E-04
  0.2432792804843637E+01 -0.7591436287621580E+00  0.7767128049762121E-04
  0.2424622228917462E+01 -0.7537999314620412E+00  0.8003591206487709E-04
  0.2416451652691339E+01 -0.7484059118327094E+00  0.8218214452174802E-04
  0.2408281076175607E+01 -0.7429619299692227E+00  0.8390493671404463E-04
  0.2400110499380152E+01 -0.7374683493020299E+00  0.8525082743452044E-04
  0.2391939922314436E+01 -0.7319255365727068E+00  0.8614329342532411E-04
  0.2383769344987516E+01 -0.7263338618094733E+00  0.8621669266536543E-04
  0.2375598767408072E+01 -0.7206936983024912E+00  0.8542153154030513E-04
  0.2367428189584419E+01 -0.7150054225789432E+00  0.8428467225317295E-04
  0.2359257611524532E+01 -0.7092694143778975E+00  0.8334805608859617E-04
  0.2351087033236062E+01 -0.7034860566249567E+00  0.8274433708711012E-04
  0.2342916454726351E+01 -0.6976557354066943E+00  0.8210929481498813E-04
  0.2334745876002450E+01 -0.6917788399448808E+00  0.8077470868306409E-04
  0.2326575297071134E+01 -0.6858557625704990E+00  0.7874661110079483E-04
  0.2318404717938913E+01 -0.6798868986975534E+00  0.7697761071795753E-04
  0.2310234138612046E+01 -0.6738726467966731E+00  0.7607701338067447E-04
  0.2302063559096557E+01 -0.6678134083685102E+00  0.7563548919830540E-04
  0.2293892979398239E+01 -0.6617095879169366E+00  0.7505645180169814E-04
  0.2285722399522673E+01 -0.6555615929220400E+00  0.7422962038232099E-04
  0.2277551819475234E+01 -0.6493698338129212E+00  0.7337317281888360E-04
  0.2269381239261100E+01 -0.6431347239402948E+00  0.7242911101126032E-04
  0.2261210658885265E+01 -0.6368566795488945E+00  0.7099694263642325E-04
  0.2253040078352542E+01 -0.6305361197496849E+00  0.6917038928662623E-04
  0.2244869497667577E+01 -0.6241734664918837E+00  0.6783202994062821E-04
  0.2236698916834853E+01 -0.6177691445347914E+00  0.6753353270436904E-04
  0.2228528335858699E+01 -0.6113235814194364E+00  0.6795348621052111E-04
  0.2220357754743295E+01 -0.6048372074400329E+00  0.6829748905203205E-04
  0.2212187173492683E+01 -0.5983104556152549E+00  0.6803890464988831E-04
  0.2204016592110768E+01 -0.5917437616593286E+00  0.6738825219055835E-04
  0.2195846010601326E+01 -0.5851375639529456E+00  0.6679517730735265E-04
  0.2187675428968010E+01 -0.5784923035139965E+00  0.6622792130307162E-04
  0.2179504847214357E+01 -0.5718084239681300E+00  0.6523876614549300E-04
  0.2171334265343789E+01 -0.5650863715191369E+00  0.6346171279346316E-04
  0.2163163683359622E+01 -0.5583265949191624E+00  0.6104810181071161E-04
  0.2154993101265066E+01 -0.5515295454387482E+00  0.5843580427679777E-04
  0.2146822519063234E+01 -0.5446956768367068E+00  0.5582833833011412E-04
  0.2138651936757143E+01 -0.5378254453298289E+00  0.5294572659672406E-04
  0.2130481354349721E+01 -0.5309193095624275E+00  0.4928302647254618E-04
  0.2122310771843806E+01 -0.5239777305757194E+00  0.4494587685178070E-04
  0.2114140189242155E+01 -0.5170011717770473E+00  0.4089423310400323E-04
  0.2105969606547443E+01 -0.5099900989089429E+00  0.3780510291960950E-04
  0.2097799023762269E+01 -0.5029449800180356E+00  0.3559013846601190E-04
  0.2089628440889158E+01 -0.4958662854238058E+00  0.3428288878801314E-04
  0.2081457857930564E+01 -0.4887544876871878E+00  0.3407962666444811E-04
  0.2073287274888874E+01 -0.4816100615790221E+00  0.3451840979882430E-04
  0.2065116691766407E+01 -0.4744334840483606E+00  0.3504638055359362E-04
  0.2056946108565423E+01 -0.4672252341906264E+00  0.3576488894948004E-04
  0.2048775525288118E+01 -0.4599857932156304E+00  0.3700166117481032E-04
  0.2040604941936635E+01 -0.4527156444154464E+00  0.3849474472056407E-04
  0.2032434358513056E+01 -0.4454152731321473E+00  0.3948368215315081E-04
  0.2024263775019413E+01 -0.4380851667254050E+00  0.3939697632674802E-04
  0.2016093191457685E+01 -0.4307258145399545E+00  0.3832146696262466E-04
  0.2007922607829804E+01 -0.4233377078729265E+00  0.3682279087377560E-04
  0.1999752024137653E+01 -0.4159213399410494E+00  0.3542591450300510E-04
  0.1991581440383068E+01 -0.4084772058477228E+00  0.3424949223812722E-04
  0.1983410856567843E+01 -0.4010058025499653E+00  0.3338594208616120E-04
  0.1975240272693730E+01 -0.3935076288252386E+00  0.3283039735648839E-04
  0.1967069688762441E+01 -0.3859831852381501E+00  0.3237312986410999E-04
  0.1958899104775647E+01 -0.3784329741070359E+00  0.3202609720837377E-04
  0.1950728520734982E+01 -0.3708574994704271E+00  0.3205381583416073E-04
  0.1942557936642046E+01 -0.3632572670534011E+00  0.3259135993037245E-04
  0.1934387352498403E+01 -0.3556327842338202E+00  0.3334692727635276E-04
  0.1926216768305583E+01 -0.3479845600084601E+00  0.3390675268893558E-04
  0.1918046184065086E+01 -0.3403131049590297E+00  0.3452549739708006E-04
  0.1909875599778379E+01 -0.3326189312180866E+00  0.3593560360274054E-04
  0.1901705015446901E+01 -0.3249025524348469E+00  0.3815817031861218E-04
  0.1893534431072063E+01 -0.3171644837408958E+00  0.4002754511258671E-04
  0.1885363846655247E+01 -0.3094052417157978E+00  0.4037524928151385E-04
  0.1877193262197810E+01 -0.3016253443526109E+00  0.3925751229512449E-04
  0.1869022677701083E+01 -0.2938253110233064E+00  0.3761187328358954E-04
  0.1860852093166375E+01 -0.2860056624440968E+00  0.3593898938462634E-04
  0.1852681508594969E+01 -0.2781669206406729E+00  0.3420266027398545E-04
  0.1844510923988128E+01 -0.2703096089133553E+00  0.3266643548156036E-04
  0.1836340339347093E+01 -0.2624342518021592E+00  0.3178131454257693E-04
  0.1828169754673083E+01 -0.2545413750517773E+00  0.3159873901380394E-04
  0.1819999169967299E+01 -0.2466315055764818E+00  0.3186994403401063E-04
  0.1811828585230925E+01 -0.2387051714249486E+00  0.3236831783056017E-04
  0.1803658000465123E+01 -0.2307629017450062E+00  0.3296389641989164E-04
  0.1795487415671042E+01 -0.2228052267483099E+00  0.3349023874418322E-04
  0.1787316830849811E+01 -0.2148326776749467E+00  0.3394443947563840E-04
  0.1779146246002545E+01 -0.2068457867579697E+00  0.3452707662084753E-04
  0.1770975661130345E+01 -0.1988450871878683E+00  0.3536927124829587E-04
  0.1762805076234296E+01 -0.1908311130769725E+00  0.3607176280340298E-04
  0.1754634491315471E+01 -0.1828043994237966E+00  0.3585772999746339E-04
  0.1746463906374929E+01 -0.1747654820773241E+00  0.3461117273679854E-04
  0.1738293321413718E+01 -0.1667148977012352E+00  0.3318315155995451E-04
  0.1730122736432872E+01 -0.1586531837380799E+00  0.3207514939654768E-04
  0.1721952151433418E+01 -0.1505808783733995E+00  0.3082219356430435E-04
  0.1713781566416370E+01 -0.1424985204997981E+00  0.2899402059350792E-04
  0.1705610981382731E+01 -0.1344066496809675E+00  0.2685738242715224E-04
  0.1697440396333499E+01 -0.1263058061156663E+00  0.2465511557363562E-04
  0.1689269811269659E+01 -0.1181965306016578E+00  0.2210299757170327E-04
  0.1681099226192191E+01 -0.1100793644996070E+00  0.1903047180776994E-04
  0.1672928641102067E+01 -0.1019548496969404E+00  0.1599112979690597E-04
  0.1664758056000250E+01 -0.9382352857167028E-01  0.1383570412863601E-04
  0.1656587470887701E+01 -0.8568594395618719E-01  0.1298265096370677E-04
  0.1648416885765370E+01 -0.7754263910102077E-01  0.1305508994014080E-04
  0.1640246300634206E+01 -0.6939415763857371E-01  0.1330861637244351E-04
  0.1632075715495151E+01 -0.6124104354682962E-01  0.1330220852432120E-04
  0.1623905130349143E+01 -0.5308384111303818E-01  0.1288156497439364E-04
  0.1615734545197117E+01 -0.4492309489737940E-01  0.1195053543695275E-04
  0.1607563960040004E+01 -0.3675934969660982E-01  0.1046732502357694E-04
  0.1599393374878733E+01 -0.2859315050769285E-01  0.8494855916654855E-05
  0.1591222789714229E+01 -0.2042504249141571E-01  0.6578682803227687E-05
  0.1583052204547419E+01 -0.1225557093599554E-01  0.5430668271616052E-05
  0.1574881619379224E+01 -0.4085281220676868E-02  0.5001289874111598E-05
  0.1566711034210569E+01  0.4085281220676868E-02  0.4478151817957266E-05
  0.1558540449042374E+01  0.1225557093599554E-01  0.3318848670609036E-05
  0.1550369863875564E+01  0.2042504249141571E-01  0.1482036830201738E-05
  0.1542199278711061E+01  0.2859315050769285E-01 -0.9576851404562798E-06
  0.1534028693549790E+01  0.3675934969660982E-01 -0.3950815449268626E-05
  0.1525858108392677E+01  0.4492309489737940E-01 -0.7386762654398986E-05
  0.1517687523240650E+01  0.5308384111303818E-01 -0.1106546596497490E-04
  0.1509516938094642E+01  0.6124104354682962E-01 -0.1463981919847947E-04
  0.1501346352955587E+01  0.6939415763857371E-01 -0.1785056868668118E-04
  0.1493175767824423E+01  0.7754263910102077E-01 -0.2053123504945853E-04
  0.1485005182702093E+01  0.8568594395618719E-01 -0.2233185908690756E-04
  0.1476834597589543E+01  0.9382352857167028E-01 -0.2298639977944342E-04
  0.1468664012487727E+01  0.1019548496969404E+00 -0.2304872797280542E-04
  0.1460493427397602E+01  0.1100793644996070E+00 -0.2365254326334829E-04
  0.1452322842320134E+01  0.1181965306016578E+00 -0.2540951725284230E-04
  0.1444152257256294E+01  0.1263058061156663E+00 -0.2787336067366719E-04
  0.1435981672207062E+01  0.1344066496809675E+00 -0.3019401940516938E-04
  0.1427811087173423E+01  0.1424985204997981E+00 -0.3161982843009798E-04
  0.1419640502156375E+01  0.1505808783733995E+00 -0.3171014637214851E-04
  0.1411469917156921E+01  0.1586531837380799E+00 -0.3045385825592530E-04
  0.1403299332176076E+01  0.1667148977012352E+00 -0.2837112329204824E-04
  0.1395128747214864E+01  0.1747654820773241E+00 -0.2632635972644325E-04
  0.1386958162274323E+01  0.1828043994237966E+00 -0.2512408380864075E-04
  0.1378787577355497E+01  0.1908311130769725E+00 -0.2497787692514970E-04
  0.1370616992459449E+01  0.1988450871878683E+00 -0.2544497212834375E-04
  0.1362446407587248E+01  0.2068457867579697E+00 -0.2595115038677740E-04
  0.1354275822739983E+01  0.2148326776749467E+00 -0.2640588380351141E-04
  0.1346105237918751E+01  0.2228052267483099E+00 -0.2712776659262827E-04
  0.1337934653124670E+01  0.2307629017450062E+00 -0.2838199637482823E-04
  0.1329764068358868E+01  0.2387051714249486E+00 -0.2993569901647673E-04
  0.1321593483622494E+01  0.2466315055764818E+00 -0.3110957160759960E-04
  0.1313422898916710E+01  0.2545413750517773E+00 -0.3155200377812659E-04
  0.1305252314242701E+01  0.2624342518021592E+00 -0.3200458234277584E-04
  0.1297081729601665E+01  0.2703096089133553E+00 -0.3357761153583082E-04
  0.1288911144994824E+01  0.2781669206406729E+00 -0.3641944733900992E-04
  0.1280740560423418E+01  0.2860056624440968E+00 -0.3955852241388429E-04
  0.1272569975888710E+01  0.2938253110233064E+00 -0.4206181518261067E-04
  0.1264399391391984E+01  0.3016253443526109E+00 -0.4341279600469911E-04
  0.1256228806934547E+01  0.3094052417157978E+00 -0.4357485787119732E-04
  0.1248058222517730E+01  0.3171644837408958E+00 -0.4312132359109921E-04
  0.1239887638142892E+01  0.3249025524348469E+00 -0.4300248947163050E-04
  0.1231717053811414E+01  0.3326189312180866E+00 -0.4382169035297388E-04
  0.1223546469524707E+01  0.3403131049590297E+00 -0.4555959777051991E-04
  0.1215375885284210E+01  0.3479845600084601E+00 -0.4760592154915797E-04
  0.1207205301091390E+01  0.3556327842338202E+00 -0.4929087206292953E-04
  0.1199034716947747E+01  0.3632572670534011E+00 -0.5084149062061065E-04
  0.1190864132854811E+01  0.3708574994704271E+00 -0.5308206462655059E-04
  0.1182693548814147E+01  0.3784329741070359E+00 -0.5591877647797250E-04
  0.1174522964827352E+01  0.3859831852381501E+00 -0.5859452752011370E-04
  0.1166352380896063E+01  0.3935076288252386E+00 -0.6080867458237034E-04
  0.1158181797021950E+01  0.4010058025499653E+00 -0.6271396384985111E-04
  0.1150011213206726E+01  0.4084772058477228E+00 -0.6439584113356850E-04
  0.1141840629452141E+01  0.4159213399410494E+00 -0.6595397433700859E-04
  0.1133670045759989E+01  0.4233377078729265E+00 -0.6762450072644975E-04
  0.1125499462132108E+01  0.4307258145399545E+00 -0.6962269714979786E-04
  0.1117328878570381E+01  0.4380851667254050E+00 -0.7180652633003356E-04
  0.1109158295076737E+01  0.4454152731321473E+00 -0.7418091615748162E-04
  0.1100987711653159E+01  0.4527156444154464E+00 -0.7695043304366752E-04
  0.1092817128301675E+01  0.4599857932156304E+00 -0.8040918025619939E-04
  0.1084646545024371E+01  0.4672252341906264E+00 -0.8496522127767932E-04
  0.1076475961823386E+01  0.4744334840483606E+00 -0.9053690825880577E-04
  0.1068305378700920E+01  0.4816100615790221E+00 -0.9586630306695274E-04
  0.1060134795659229E+01  0.4887544876871878E+00 -0.9971870047656179E-04
  0.1051964212700635E+01  0.4958662854238058E+00 -0.1018868200278365E-03
  0.1043793629827524E+01  0.5029449800180356E+00 -0.1029052725616148E-03
  0.1035623047042350E+01  0.5099900989089429E+00 -0.1034701352433148E-03
  0.1027452464347638E+01  0.5170011717770473E+00 -0.1044876206839734E-03
  0.1019281881745987E+01  0.5239777305757194E+00 -0.1067456340311740E-03
  0.1011111299240073E+01  0.5309193095624275E+00 -0.1101871494051664E-03
  0.1002940716832650E+01  0.5378254453298289E+00 -0.1138348588182981E-03
  0.9947701345265596E+00  0.5446956768367068E+00 -0.1172720066088921E-03
  0.9865995523247275E+00  0.5515295454387482E+00 -0.1209691686331248E-03
  0.9784289702301714E+00  0.5583265949191624E+00 -0.1252238300252678E-03
  0.9702583882460036E+00  0.5650863715191369E+00 -0.1295924520702849E-03
  0.9620878063754359E+00  0.5718084239681300E+00 -0.1333439938641981E-03
  0.9539172246217830E+00  0.5784923035139965E+00 -0.1361755028338934E-03
  0.9457466429884676E+00  0.5851375639529456E+00 -0.1384611912877989E-03
  0.9375760614790253E+00  0.5917437616593286E+00 -0.1403556993301557E-03
  0.9294054800971098E+00  0.5983104556152549E+00 -0.1418504102953661E-03
  0.9212348988464978E+00  0.6048372074400329E+00 -0.1436784826999802E-03
  0.9130643177310944E+00  0.6113235814194364E+00 -0.1469259406212013E-03
  0.9048937367549402E+00  0.6177691445347914E+00 -0.1511972534647657E-03
  0.8967231559222163E+00  0.6241734664918837E+00 -0.1548255476824326E-03
  0.8885525752372514E+00  0.6305361197496849E+00 -0.1570324813414337E-03
  0.8803819947045285E+00  0.6368566795488945E+00 -0.1585831447076722E-03
  0.8722114143286931E+00  0.6431347239402948E+00 -0.1603758089796715E-03
  0.8640408341145595E+00  0.6493698338129212E+00 -0.1624804580999602E-03
  0.8558702540671204E+00  0.6555615929220400E+00 -0.1642113973829684E-03
  0.8476996741915547E+00  0.6617095879169366E+00 -0.1650510636853972E-03
  0.8395290944932369E+00  0.6678134083685102E+00 -0.1648068935556279E-03
  0.8313585149777468E+00  0.6738726467966731E+00 -0.1636096712838705E-03
  0.8231879356508802E+00  0.6798868986975534E+00 -0.1617518784741942E-03
  0.8150173565186587E+00  0.6858557625704990E+00 -0.1596428107838726E-03
  0.8068467775873427E+00  0.6917788399448808E+00 -0.1577272498079351E-03
  0.7986761988634423E+00  0.6976557354066943E+00 -0.1563960684596284E-03
  0.7905056203537315E+00  0.7034860566249567E+00 -0.1556132159930050E-03
  0.7823350420652612E+00  0.7092694143778975E+00 -0.1549728506908007E-03
  0.7741644640053743E+00  0.7150054225789432E+00 -0.1539523906419214E-03
  0.7659938861817212E+00  0.7206936983024912E+00 -0.1527829857998199E-03
  0.7578233086022768E+00  0.7263338618094733E+00 -0.1521432561052890E-03
  0.7496527312753575E+00  0.7319255365727068E+00 -0.1524795581419259E-03
  0.7414821542096410E+00  0.7374683493020299E+00 -0.1534465513070941E-03
  0.7333115774141861E+00  0.7429619299692227E+00 -0.1537474630295176E-03
  0.7251410008984539E+00  0.7484059118327094E+00 -0.1518815220687157E-03
  0.7169704246723316E+00  0.7537999314620412E+00 -0.1476894317611406E-03
  0.7087998487461566E+00  0.7591436287621580E+00 -0.1420703638955946E-03
  0.7006292731307425E+00  0.7644366469974285E+00 -0.1362257172404056E-03
  0.6924586978374083E+00  0.7696786328154644E+00 -0.1311605862747059E-03
  0.6842881228780077E+00  0.7748692362707100E+00 -0.1272064800251642E-03
  0.6761175482649616E+00  0.7800081108478040E+00 -0.1237183928468041E-03
  0.6679469740112938E+00  0.7850949134847117E+00 -0.1200120823741254E-03
  0.6597764001306670E+00  0.7901293045956280E+00 -0.1156889794296913E-03
  0.6516058266374236E+00  0.7951109480936471E+00 -0.1110340815939543E-03
  0.6434352535466297E+00  0.8000395114131988E+00 -0.1066248105253619E-03
  0.6352646808741202E+00  0.8049146655322506E+00 -0.1028108172423467E-03
  0.6270941086365502E+00  0.8097360849942720E+00 -0.9969042788264672E-04
  0.6189235368514482E+00  0.8145034479299620E+00 -0.9718554508063033E-04
  0.6107529655372755E+00  0.8192164360787360E+00 -0.9444712641160503E-04
  0.6025823947134890E+00  0.8238747348099726E+00 -0.9069105792689249E-04
  0.5944118244006098E+00  0.8284780331440178E+00 -0.8581794160672705E-04
  0.5862412546202973E+00  0.8330260237729452E+00 -0.8022341462330958E-04
  0.5780706853954301E+00  0.8375184030810715E+00 -0.7374949612771817E-04
  0.5699001167501928E+00  0.8419548711652254E+00 -0.6596510549891815E-04
  0.5617295487101719E+00  0.8463351318547683E+00 -0.5666793961825614E-04
  0.5535589813024583E+00  0.8506588927313666E+00 -0.4630741987469756E-04
  0.5453884145557613E+00  0.8549258651485127E+00 -0.3533386975189082E-04
  0.5372178485005299E+00  0.8591357642507945E+00 -0.2437441482520884E-04
  0.5290472831690897E+00  0.8632883089929120E+00 -0.1403960208707776E-04
  0.5208767185957875E+00  0.8673832221584393E+00 -0.4264212341567356E-05
  0.5127061548171545E+00  0.8714202303783312E+00  0.5862041466931976E-05
  0.5045355918720822E+00  0.8753990641491725E+00  0.1639039001076861E-04
  0.4963650298020162E+00  0.8793194578511700E+00  0.2687039021275558E-04
  0.4881944686511717E+00  0.8831811497658847E+00  0.3736717287354183E-04
  0.4800239084667671E+00  0.8869838820937034E+00  0.4821392262513643E-04
  0.4718533492992859E+00  0.8907274009710492E+00  0.5912569004146308E-04
  0.4636827912027636E+00  0.8944114564873288E+00  0.6987414676415767E-04
  0.4555122342351060E+00  0.8980358027016164E+00  0.8104310120527864E-04
  0.4473416784584431E+00  0.9016001976590722E+00  0.9353221841824741E-04
  0.4391711239395221E+00  0.9051044034070944E+00  0.1066905235096506E-03
  0.4310005707501444E+00  0.9085481860112055E+00  0.1190016340791931E-03
  0.4228300189676551E+00  0.9119313155706682E+00  0.1299207019562377E-03
  0.4146594686754885E+00  0.9152535662338340E+00  0.1403579533596805E-03
  0.4064889199637791E+00  0.9185147162132208E+00  0.1510306746116952E-03
  0.3983183729300507E+00  0.9217145478003181E+00  0.1626134182148608E-03
  0.3901478276799883E+00  0.9248528473801222E+00  0.1761590792525193E-03
  0.3819772843283120E+00  0.9279294054453956E+00  0.1923206956759483E-03
  0.3738067429997641E+00  0.9309440166106540E+00  0.2097355608285785E-03
  0.3656362038302282E+00  0.9338964796258775E+00  0.2265874458282174E-03
  0.3574656669680030E+00  0.9367865973899459E+00  0.2422467887550778E-03
  0.3492951325752533E+00  0.9396141769637963E+00  0.2576165385914984E-03
  0.3411246008296713E+00  0.9423790295833044E+00  0.2736701734366971E-03
  0.3329540719263814E+00  0.9450809706718851E+00  0.2912233979955124E-03
  0.3247835460801308E+00  0.9477198198528157E+00  0.3102391563870018E-03
  0.3166130235278230E+00  0.9502954009612771E+00  0.3299785225239636E-03
  0.3084425045314506E+00  0.9528075420561144E+00  0.3498188806475605E-03
  0.3002719893815085E+00  0.9552560754313160E+00  0.3702775641677666E-03
  0.2921014784009779E+00  0.9576408376272095E+00  0.3916296206339304E-03
  0.2839309719500016E+00  0.9599616694413742E+00  0.4140769628139253E-03
  0.2757604704313845E+00  0.9622184159392698E+00  0.4377696022062998E-03
  0.2675899742971076E+00  0.9644109264645802E+00  0.4630215110382137E-03
  0.2594194840560681E+00  0.9665390546492710E+00  0.4896041359506392E-03
  0.2512490002833307E+00  0.9686026584233628E+00  0.5177573923930349E-03
  0.2430785236312446E+00  0.9706016000244151E+00  0.5475860573668326E-03
  0.2349080548428762E+00  0.9725357460067257E+00  0.5791695260535582E-03
  0.2267375947683499E+00  0.9744049672502397E+00  0.6116447407859611E-03
  0.2185671443848464E+00  0.9762091389691724E+00  0.6444374196507026E-03
  0.2103967048212628E+00  0.9779481407203411E+00  0.6775437696481254E-03
  0.2022262773888417E+00  0.9796218564112101E+00  0.7113375241818218E-03
  0.1940558636195398E+00  0.9812301743076443E+00  0.7456013586505494E-03
  0.1858854653144977E+00  0.9827729870413743E+00  0.7804538388384510E-03
  0.1777150846058812E+00  0.9842501916171713E+00  0.8155107032097649E-03
  0.1695447240365762E+00  0.9856616894197333E+00  0.8506206550017640E-03
  0.1613743866640789E+00  0.9870073862202815E+00  0.8855105104569759E-03
  0.1532040761975885E+00  0.9882871921828699E+00  0.9210935827375407E-03
  0.1450337971813853E+00  0.9895010218704087E+00  0.9579526970655691E-03
  0.1368635552438019E+00  0.9906487942504061E+00  0.9969075323056132E-03
  0.1286933574408989E+00  0.9917304327004320E+00  0.1038473248002932E-02
  0.1205232127396896E+00  0.9927458650133153E+00  0.1083522915518147E-02
  0.1123531327118049E+00  0.9936950234020883E+00  0.1131775713939675E-02
  0.1041831325528455E+00  0.9945778445047068E+00  0.1183722357049308E-02
  0.9601323262085862E-01  0.9953942693885953E+00  0.1239567816908308E-02
  0.8784346083082471E-01  0.9961442435551087E+00  0.1301739776190968E-02
  0.7967385651719167E-01  0.9968277169440913E+00  0.1372427488715172E-02
  0.7150447693306423E-01  0.9974446439389107E+00  0.1454887566505961E-02
  0.6333540875299180E-01  0.9979949833727938E+00  0.1551107416021133E-02
  0.5516678972815772E-01  0.9984786985384589E+00  0.1665030391250519E-02
  0.4699885272846815E-01  0.9988957572063257E+00  0.1800283101761224E-02
  0.3883202470742381E-01  0.9992461316671845E+00  0.1969345984039111E-02
  0.3066718105470672E-01  0.9995297988558859E+00  0.2216680543703837E-02
  0.2250643816359393E-01  0.9997467408113523E+00  0.2664578509568877E-02
  0.1435650599352885E-01  0.9998969471378596E+00  0.3399579740064221E-02
  0.6254421014113626E-02  0.9999804411726474E+00  0.4164902402468879E-02
