# nlmax, ncor, nside =         383           1         128
  0.3135338232575680E+01 -0.9999804411726474E+00 -0.1685396682384015E-03
  0.3127236147596264E+01 -0.9998969471378596E+00 -0.1658579571551054E-03
  0.3119086215426199E+01 -0.9997467408113523E+00 -0.1627188398989823E-03
  0.3110925472535087E+01 -0.9995297988558859E+00 -0.1612279109518881E-03
  0.3102760628882369E+01 -0.9992461316671845E+00 -0.1622676550301701E-03
  0.3094593800861325E+01 -0.9988957572063257E+00 -0.1658437413900625E-03
  0.3086425863861635E+01 -0.9984786985384589E+00 -0.1708188211007093E-03
  0.3078257244836801E+01 -0.9979949833727938E+00 -0.1754106595731815E-03
  0.3070088176656729E+01 -0.9974446439389107E+00 -0.1792026534641731E-03
  0.3061918797072602E+01 -0.9968277169440913E+00 -0.1814029222707309E-03
  0.3053749192758969E+01 -0.9961442435551087E+00 -0.1808851270496052E-03
  0.3045579420968934E+01 -0.9953942693885953E+00 -0.1765476607850512E-03
  0.3037409521036948E+01 -0.9945778445047068E+00 -0.1683329435080257E-03
  0.3029239520877988E+01 -0.9936950234020883E+00 -0.1568856746843073E-03
  0.3021069440850104E+01 -0.9927458650133153E+00 -0.1442810783185119E-03
  0.3012899296148894E+01 -0.9917304327004320E+00 -0.1329000434114143E-03
  0.3004729098345992E+01 -0.9906487942504061E+00 -0.1234649085586281E-03
  0.2996558856408408E+01 -0.9895010218704087E+00 -0.1150130985309358E-03
  0.2988388577392205E+01 -0.9882871921828699E+00 -0.1061407143104002E-03
  0.2980218266925714E+01 -0.9870073862202815E+00 -0.9572037718456392E-04
  0.2972047929553217E+01 -0.9856616894197333E+00 -0.8453328135206704E-04
  0.2963877568983912E+01 -0.9842501916171713E+00 -0.7389458764024156E-04
  0.2955707188275296E+01 -0.9827729870413743E+00 -0.6435522076570477E-04
  0.2947536789970254E+01 -0.9812301743076443E+00 -0.5628728787699675E-04
  0.2939366376200951E+01 -0.9796218564112101E+00 -0.4930644341593673E-04
  0.2931195948768531E+01 -0.9779481407203411E+00 -0.4123032491298214E-04
  0.2923025509204947E+01 -0.9762091389691724E+00 -0.3050428303261417E-04
  0.2914855058821443E+01 -0.9744049672502397E+00 -0.1857328228567610E-04
  0.2906684598746917E+01 -0.9725357460067257E+00 -0.9397879741662785E-05
  0.2898514129958549E+01 -0.9706016000244151E+00 -0.5877408578414495E-05
  0.2890343653306462E+01 -0.9686026584233628E+00 -0.7244418882649453E-05
  0.2882173169533725E+01 -0.9665390546492710E+00 -0.1012280550602615E-04
  0.2874002679292686E+01 -0.9644109264645802E+00 -0.1149612453122313E-04
  0.2865832183158409E+01 -0.9622184159392698E+00 -0.9557710106465247E-05
  0.2857661681639792E+01 -0.9599616694413742E+00 -0.4384024655391836E-05
  0.2849491175188815E+01 -0.9576408376272095E+00  0.2271280469624585E-05
  0.2841320664208285E+01 -0.9552560754313160E+00  0.8264660821405311E-05
  0.2833150149058343E+01 -0.9528075420561144E+00  0.1249182095750272E-04
  0.2824979630061970E+01 -0.9502954009612771E+00  0.1514221266768191E-04
  0.2816809107509663E+01 -0.9477198198528157E+00  0.1702879852907761E-04
  0.2808638581663412E+01 -0.9450809706718851E+00  0.1848715418820938E-04
  0.2800468052760122E+01 -0.9423790295833044E+00  0.1856943262916768E-04
  0.2792297521014540E+01 -0.9396141769637963E+00  0.1658769523412737E-04
  0.2784126986621790E+01 -0.9367865973899459E+00  0.1370432755013290E-04
  0.2775956449759565E+01 -0.9338964796258775E+00  0.1206169937453964E-04
  0.2767785910590029E+01 -0.9309440166106540E+00  0.1283330261124451E-04
  0.2759615369261481E+01 -0.9279294054453956E+00  0.1546884007910948E-04
  0.2751444825909805E+01 -0.9248528473801222E+00  0.1851693152153919E-04
  0.2743274280659743E+01 -0.9217145478003181E+00  0.2063962094417408E-04
  0.2735103733626014E+01 -0.9185147162132208E+00  0.2151174819376161E-04
  0.2726933184914305E+01 -0.9152535662338340E+00  0.2172461599717957E-04
  0.2718762634622138E+01 -0.9119313155706682E+00  0.2214195328485230E-04
  0.2710592082839649E+01 -0.9085481860112055E+00  0.2301409470894284E-04
  0.2702421529650271E+01 -0.9051044034070944E+00  0.2444566047962947E-04
  0.2694250975131350E+01 -0.9016001976590722E+00  0.2637472434578027E-04
  0.2686080419354687E+01 -0.8980358027016164E+00  0.2870518835557067E-04
  0.2677909862387029E+01 -0.8944114564873288E+00  0.3157139820228354E-04
  0.2669739304290507E+01 -0.8907274009710492E+00  0.3463436827914721E-04
  0.2661568745123026E+01 -0.8869838820937034E+00  0.3668140714086661E-04
  0.2653398184938621E+01 -0.8831811497658847E+00  0.3698081430097663E-04
  0.2645227623787777E+01 -0.8793194578511700E+00  0.3609022490695235E-04
  0.2637057061717711E+01 -0.8753990641491725E+00  0.3456692986446992E-04
  0.2628886498772639E+01 -0.8714202303783312E+00  0.3227096246735922E-04
  0.2620715934994006E+01 -0.8673832221584393E+00  0.2982351377463534E-04
  0.2612545370420704E+01 -0.8632883089929120E+00  0.2847884341076136E-04
  0.2604374805089263E+01 -0.8591357642507945E+00  0.2842377110746149E-04
  0.2596204239034032E+01 -0.8549258651485127E+00  0.2825659244880673E-04
  0.2588033672287335E+01 -0.8506588927313666E+00  0.2661145832874356E-04
  0.2579863104879621E+01 -0.8463351318547683E+00  0.2383624252664443E-04
  0.2571692536839600E+01 -0.8419548711652254E+00  0.2248382673904385E-04
  0.2563521968194363E+01 -0.8375184030810715E+00  0.2383977170757735E-04
  0.2555351398969496E+01 -0.8330260237729452E+00  0.2650637294245277E-04
  0.2547180829189184E+01 -0.8284780331440178E+00  0.2855142421209193E-04
  0.2539010258876304E+01 -0.8238747348099726E+00  0.2892313673807833E-04
  0.2530839688052518E+01 -0.8192164360787360E+00  0.2767287353197262E-04
  0.2522669116738345E+01 -0.8145034479299620E+00  0.2563402231989871E-04
  0.2514498544953243E+01 -0.8097360849942720E+00  0.2309703433121428E-04
  0.2506327972715673E+01 -0.8049146655322506E+00  0.1938709615168256E-04
  0.2498157400043163E+01 -0.8000395114131988E+00  0.1417674097232541E-04
  0.2489986826952370E+01 -0.7951109480936471E+00  0.8732661864675065E-05
  0.2481816253459126E+01 -0.7901293045956280E+00  0.4374128105957887E-05
  0.2473645679578500E+01 -0.7850949134847117E+00  0.1239599789241024E-05
  0.2465475105324832E+01 -0.7800081108478040E+00 -0.1125652030645956E-05
  0.2457304530711785E+01 -0.7748692362707100E+00 -0.3022990713950200E-05
  0.2449133955752385E+01 -0.7696786328154644E+00 -0.4629436322113330E-05
  0.2440963380459050E+01 -0.7644366469974285E+00 -0.5292718386996635E-05
  0.2432792804843637E+01 -0.7591436287621580E+00 -0.3977415467593094E-05
  0.2424622228917462E+01 -0.7537999314620412E+00 -0.6499759956046894E-06
  0.2416451652691339E+01 -0.7484059118327094E+00  0.3323848372801402E-05
  0.2408281076175607E+01 -0.7429619299692227E+00  0.6800789420441254E-05
  0.2400110499380152E+01 -0.7374683493020299E+00  0.9187102430030727E-05
  0.2391939922314436E+01 -0.7319255365727068E+00  0.1048116989667297E-04
  0.2383769344987516E+01 -0.7263338618094733E+00  0.1082977924178903E-04
  0.2375598767408072E+01 -0.7206936983024912E+00  0.1053074246453734E-04
  0.2367428189584419E+01 -0.7150054225789432E+00  0.1020575443466628E-04
  0.2359257611524532E+01 -0.7092694143778975E+00  0.1033519681693570E-04
  0.2351087033236062E+01 -0.7034860566249567E+00  0.1072180146201790E-04
  0.2342916454726351E+01 -0.6976557354066943E+00  0.1096621686642763E-04
  0.2334745876002450E+01 -0.6917788399448808E+00  0.1076359203200757E-04
  0.2326575297071134E+01 -0.6858557625704990E+00  0.1061555320373540E-04
  0.2318404717938913E+01 -0.6798868986975534E+00  0.1164502687137541E-04
  0.2310234138612046E+01 -0.6738726467966731E+00  0.1434439798983907E-04
  0.2302063559096557E+01 -0.6678134083685102E+00  0.1768035743379651E-04
  0.2293892979398239E+01 -0.6617095879169366E+00  0.2033444841182244E-04
  0.2285722399522673E+01 -0.6555615929220400E+00  0.2229644504926342E-04
  0.2277551819475234E+01 -0.6493698338129212E+00  0.2399041813293163E-04
  0.2269381239261100E+01 -0.6431347239402948E+00  0.2464484234570057E-04
  0.2261210658885265E+01 -0.6368566795488945E+00  0.2368665366227499E-04
  0.2253040078352542E+01 -0.6305361197496849E+00  0.2215052472042860E-04
  0.2244869497667577E+01 -0.6241734664918837E+00  0.2154967923931084E-04
  0.2236698916834853E+01 -0.6177691445347914E+00  0.2258849455748817E-04
  0.2228528335858699E+01 -0.6113235814194364E+00  0.2504583879628624E-04
  0.2220357754743295E+01 -0.6048372074400329E+00  0.2729627898500232E-04
  0.2212187173492683E+01 -0.5983104556152549E+00  0.2770070083476299E-04
  0.2204016592110768E+01 -0.5917437616593286E+00  0.2659461937397812E-04
  0.2195846010601326E+01 -0.5851375639529456E+00  0.2588479145209015E-04
  0.2187675428968010E+01 -0.5784923035139965E+00  0.2654708700398017E-04
  0.2179504847214357E+01 -0.5718084239681300E+00  0.2757913862433948E-04
  0.2171334265343789E+01 -0.5650863715191369E+00  0.2745346480971214E-04
  0.2163163683359622E+01 -0.5583265949191624E+00  0.2597316371576252E-04
  0.2154993101265066E+01 -0.5515295454387482E+00  0.2388145545149753E-04
  0.2146822519063234E+01 -0.5446956768367068E+00  0.2202867618365101E-04
  0.2138651936757143E+01 -0.5378254453298289E+00  0.2016450867670596E-04
  0.2130481354349721E+01 -0.5309193095624275E+00  0.1713673024345378E-04
  0.2122310771843806E+01 -0.5239777305757194E+00  0.1218331493366075E-04
  0.2114140189242155E+01 -0.5170011717770473E+00  0.5982587701816570E-05
  0.2105969606547443E+01 -0.5099900989089429E+00 -0.6373913120662913E-06
  0.2097799023762269E+01 -0.5029449800180356E+00 -0.7233630412689452E-05
  0.2089628440889158E+01 -0.4958662854238058E+00 -0.1295550246326451E-04
  0.2081457857930564E+01 -0.4887544876871878E+00 -0.1694337132429537E-04
  0.2073287274888874E+01 -0.4816100615790221E+00 -0.1939896579447060E-04
  0.2065116691766407E+01 -0.4744334840483606E+00 -0.2132106471054553E-04
  0.2056946108565423E+01 -0.4672252341906264E+00 -0.2317528017330092E-04
  0.2048775525288118E+01 -0.4599857932156304E+00 -0.2417098625212759E-04
  0.2040604941936635E+01 -0.4527156444154464E+00 -0.2416331324538613E-04
  0.2032434358513056E+01 -0.4454152731321473E+00 -0.2443776815972710E-04
  0.2024263775019413E+01 -0.4380851667254050E+00 -0.2595540510441897E-04
  0.2016093191457685E+01 -0.4307258145399545E+00 -0.2810339552960870E-04
  0.2007922607829804E+01 -0.4233377078729265E+00 -0.3004078386721777E-04
  0.1999752024137653E+01 -0.4159213399410494E+00 -0.3146734455341841E-04
  0.1991581440383068E+01 -0.4084772058477228E+00 -0.3269107352210999E-04
  0.1983410856567843E+01 -0.4010058025499653E+00 -0.3384292179386576E-04
  0.1975240272693730E+01 -0.3935076288252386E+00 -0.3458369552234599E-04
  0.1967069688762441E+01 -0.3859831852381501E+00 -0.3489107370286618E-04
  0.1958899104775647E+01 -0.3784329741070359E+00 -0.3523195598078430E-04
  0.1950728520734982E+01 -0.3708574994704271E+00 -0.3545723696529387E-04
  0.1942557936642046E+01 -0.3632572670534011E+00 -0.3495330001739161E-04
  0.1934387352498403E+01 -0.3556327842338202E+00 -0.3337717149835859E-04
  0.1926216768305583E+01 -0.3479845600084601E+00 -0.3072981220515462E-04
  0.1918046184065086E+01 -0.3403131049590297E+00 -0.2743463444883348E-04
  0.1909875599778379E+01 -0.3326189312180866E+00 -0.2396089238208007E-04
  0.1901705015446901E+01 -0.3249025524348469E+00 -0.2069128357495271E-04
  0.1893534431072063E+01 -0.3171644837408958E+00 -0.1835089258538800E-04
  0.1885363846655247E+01 -0.3094052417157978E+00 -0.1727049583833422E-04
  0.1877193262197810E+01 -0.3016253443526109E+00 -0.1685697507775296E-04
  0.1869022677701083E+01 -0.2938253110233064E+00 -0.1610339981085489E-04
  0.1860852093166375E+01 -0.2860056624440968E+00 -0.1488536210190140E-04
  0.1852681508594969E+01 -0.2781669206406729E+00 -0.1373007350479053E-04
  0.1844510923988128E+01 -0.2703096089133553E+00 -0.1260779835439863E-04
  0.1836340339347093E+01 -0.2624342518021592E+00 -0.1092735538287833E-04
  0.1828169754673083E+01 -0.2545413750517773E+00 -0.8629913037607598E-05
  0.1819999169967299E+01 -0.2466315055764818E+00 -0.6220128054212746E-05
  0.1811828585230925E+01 -0.2387051714249486E+00 -0.4388283760606029E-05
  0.1803658000465123E+01 -0.2307629017450062E+00 -0.3354617633700828E-05
  0.1795487415671042E+01 -0.2228052267483099E+00 -0.2687207323015618E-05
  0.1787316830849811E+01 -0.2148326776749467E+00 -0.1779503972907714E-05
  0.1779146246002545E+01 -0.2068457867579697E+00 -0.1971984228258851E-06
  0.1770975661130345E+01 -0.1988450871878683E+00  0.2479797536386615E-05
  0.1762805076234296E+01 -0.1908311130769725E+00  0.6107836652594342E-05
  0.1754634491315471E+01 -0.1828043994237966E+00  0.9798140201695426E-05
  0.1746463906374929E+01 -0.1747654820773241E+00  0.1258096520963181E-04
  0.1738293321413718E+01 -0.1667148977012352E+00  0.1454922929055341E-04
  0.1730122736432872E+01 -0.1586531837380799E+00  0.1634373942671470E-04
  0.1721952151433418E+01 -0.1505808783733995E+00  0.1847767659941635E-04
  0.1713781566416370E+01 -0.1424985204997981E+00  0.2089927811033091E-04
  0.1705610981382731E+01 -0.1344066496809675E+00  0.2335503937925811E-04
  0.1697440396333499E+01 -0.1263058061156663E+00  0.2527829985729874E-04
  0.1689269811269659E+01 -0.1181965306016578E+00  0.2596358394484361E-04
  0.1681099226192191E+01 -0.1100793644996070E+00  0.2546107468438825E-04
  0.1672928641102067E+01 -0.1019548496969404E+00  0.2496242505845692E-04
  0.1664758056000250E+01 -0.9382352857167028E-01  0.2565157585065159E-04
  0.1656587470887701E+01 -0.8568594395618719E-01  0.2796664514657761E-04
  0.1648416885765370E+01 -0.7754263910102077E-01  0.3160295943432341E-04
  0.1640246300634206E+01 -0.6939415763857371E-01  0.3573169345406666E-04
  0.1632075715495151E+01 -0.6124104354682962E-01  0.3921385712346060E-04
  0.1623905130349143E+01 -0.5308384111303818E-01  0.4126749245366321E-04
  0.1615734545197117E+01 -0.4492309489737940E-01  0.4160749513010781E-04
  0.1607563960040004E+01 -0.3675934969660982E-01  0.4094347100612137E-04
  0.1599393374878733E+01 -0.2859315050769285E-01  0.4013464558493956E-04
  0.1591222789714229E+01 -0.2042504249141571E-01  0.3998463111380605E-04
  0.1583052204547419E+01 -0.1225557093599554E-01  0.4106253905324964E-04
  0.1574881619379224E+01 -0.4085281220676868E-02  0.4314735035895579E-04
  0.1566711034210569E+01  0.4085281220676868E-02  0.4517103653178697E-04
  0.1558540449042374E+01  0.1225557093599554E-01  0.4668558529140027E-04
  0.1550369863875564E+01  0.2042504249141571E-01  0.4791656638395220E-04
  0.1542199278711061E+01  0.2859315050769285E-01  0.4864257287887295E-04
  0.1534028693549790E+01  0.3675934969660982E-01  0.4832236560976220E-04
  0.1525858108392677E+01  0.4492309489737940E-01  0.4712716556937852E-04
  0.1517687523240650E+01  0.5308384111303818E-01  0.4566048167323671E-04
  0.1509516938094642E+01  0.6124104354682962E-01  0.4444998258363794E-04
  0.1501346352955587E+01  0.6939415763857371E-01  0.4320771643313893E-04
  0.1493175767824423E+01  0.7754263910102077E-01  0.4193468890226346E-04
  0.1485005182702093E+01  0.8568594395618719E-01  0.4141146233023935E-04
  0.1476834597589543E+01  0.9382352857167028E-01  0.4232160617475623E-04
  0.1468664012487727E+01  0.1019548496969404E+00  0.4361677231960564E-04
  0.1460493427397602E+01  0.1100793644996070E+00  0.4375634420037964E-04
  0.1452322842320134E+01  0.1181965306016578E+00  0.4234452497080635E-04
  0.1444152257256294E+01  0.1263058061156663E+00  0.4028626281939111E-04
  0.1435981672207062E+01  0.1344066496809675E+00  0.3815342693853626E-04
  0.1427811087173423E+01  0.1424985204997981E+00  0.3632968328410655E-04
  0.1419640502156375E+01  0.1505808783733995E+00  0.3545502479874187E-04
  0.1411469917156921E+01  0.1586531837380799E+00  0.3640111232394312E-04
  0.1403299332176076E+01  0.1667148977012352E+00  0.3861587438206279E-04
  0.1395128747214864E+01  0.1747654820773241E+00  0.4016378782619546E-04
  0.1386958162274323E+01  0.1828043994237966E+00  0.3962292619727404E-04
  0.1378787577355497E+01  0.1908311130769725E+00  0.3753475223245022E-04
  0.1370616992459449E+01  0.1988450871878683E+00  0.3538305970592609E-04
  0.1362446407587248E+01  0.2068457867579697E+00  0.3414978920543663E-04
  0.1354275822739983E+01  0.2148326776749467E+00  0.3357402381274385E-04
  0.1346105237918751E+01  0.2228052267483099E+00  0.3306409489112836E-04
  0.1337934653124670E+01  0.2307629017450062E+00  0.3187985909456583E-04
  0.1329764068358868E+01  0.2387051714249486E+00  0.2947487782655967E-04
  0.1321593483622494E+01  0.2466315055764818E+00  0.2623733899164413E-04
  0.1313422898916710E+01  0.2545413750517773E+00  0.2353114117416776E-04
  0.1305252314242701E+01  0.2624342518021592E+00  0.2144553791577446E-04
  0.1297081729601665E+01  0.2703096089133553E+00  0.1878720032592563E-04
  0.1288911144994824E+01  0.2781669206406729E+00  0.1479986979039385E-04
  0.1280740560423418E+01  0.2860056624440968E+00  0.1055590281706153E-04
  0.1272569975888710E+01  0.2938253110233064E+00  0.7435491830946423E-05
  0.1264399391391984E+01  0.3016253443526109E+00  0.5947784028481577E-05
  0.1256228806934547E+01  0.3094052417157978E+00  0.5813145001856041E-05
  0.1248058222517730E+01  0.3171644837408958E+00  0.6195681621687907E-05
  0.1239887638142892E+01  0.3249025524348469E+00  0.5936014610316474E-05
  0.1231717053811414E+01  0.3326189312180866E+00  0.4716185775664295E-05
  0.1223546469524707E+01  0.3403131049590297E+00  0.2741358642220705E-05
  0.1215375885284210E+01  0.3479845600084601E+00  0.3317028046263460E-06
  0.1207205301091390E+01  0.3556327842338202E+00 -0.2031407114875812E-05
  0.1199034716947747E+01  0.3632572670534011E+00 -0.4426161127962868E-05
  0.1190864132854811E+01  0.3708574994704271E+00 -0.7422114087948609E-05
  0.1182693548814147E+01  0.3784329741070359E+00 -0.1065635891913996E-04
  0.1174522964827352E+01  0.3859831852381501E+00 -0.1393149037146525E-04
  0.1166352380896063E+01  0.3935076288252386E+00 -0.1746747497397386E-04
  0.1158181797021950E+01  0.4010058025499653E+00 -0.2143133295253787E-04
  0.1150011213206726E+01  0.4084772058477228E+00 -0.2522585761372203E-04
  0.1141840629452141E+01  0.4159213399410494E+00 -0.2878278156200038E-04
  0.1133670045759989E+01  0.4233377078729265E+00 -0.3267347909981403E-04
  0.1125499462132108E+01  0.4307258145399545E+00 -0.3775701527146792E-04
  0.1117328878570381E+01  0.4380851667254050E+00 -0.4404285706113294E-04
  0.1109158295076737E+01  0.4454152731321473E+00 -0.5051878416212098E-04
  0.1100987711653159E+01  0.4527156444154464E+00 -0.5599661071035551E-04
  0.1092817128301675E+01  0.4599857932156304E+00 -0.6093571427126354E-04
  0.1084646545024371E+01  0.4672252341906264E+00 -0.6676202917632699E-04
  0.1076475961823386E+01  0.4744334840483606E+00 -0.7412960895440789E-04
  0.1068305378700920E+01  0.4816100615790221E+00 -0.8176381194155435E-04
  0.1060134795659229E+01  0.4887544876871878E+00 -0.8784855657072130E-04
  0.1051964212700635E+01  0.4958662854238058E+00 -0.9142427752537792E-04
  0.1043793629827524E+01  0.5029449800180356E+00 -0.9286161034627830E-04
  0.1035623047042350E+01  0.5099900989089429E+00 -0.9317991020046174E-04
  0.1027452464347638E+01  0.5170011717770473E+00 -0.9416943007462436E-04
  0.1019281881745987E+01  0.5239777305757194E+00 -0.9736729612413046E-04
  0.1011111299240073E+01  0.5309193095624275E+00 -0.1026546637178446E-03
  0.1002940716832650E+01  0.5378254453298289E+00 -0.1080863718832026E-03
  0.9947701345265596E+00  0.5446956768367068E+00 -0.1125162935153994E-03
  0.9865995523247275E+00  0.5515295454387482E+00 -0.1163628521862322E-03
  0.9784289702301714E+00  0.5583265949191624E+00 -0.1205217258289670E-03
  0.9702583882460036E+00  0.5650863715191369E+00 -0.1246579096047099E-03
  0.9620878063754359E+00  0.5718084239681300E+00 -0.1276443427015450E-03
  0.9539172246217830E+00  0.5784923035139965E+00 -0.1288731927476743E-03
  0.9457466429884676E+00  0.5851375639529456E+00 -0.1290439994673917E-03
  0.9375760614790253E+00  0.5917437616593286E+00 -0.1287524220855105E-03
  0.9294054800971098E+00  0.5983104556152549E+00 -0.1281694053726442E-03
  0.9212348988464978E+00  0.6048372074400329E+00 -0.1278445362668731E-03
  0.9130643177310944E+00  0.6113235814194364E+00 -0.1287445804687358E-03
  0.9048937367549402E+00  0.6177691445347914E+00 -0.1302527158965035E-03
  0.8967231559222163E+00  0.6241734664918837E+00 -0.1307846292867517E-03
  0.8885525752372514E+00  0.6305361197496849E+00 -0.1296256917879852E-03
  0.8803819947045285E+00  0.6368566795488945E+00 -0.1278826723181735E-03
  0.8722114143286931E+00  0.6431347239402948E+00 -0.1270880809513981E-03
  0.8640408341145595E+00  0.6493698338129212E+00 -0.1280166338744790E-03
  0.8558702540671204E+00  0.6555615929220400E+00 -0.1294147066853524E-03
  0.8476996741915547E+00  0.6617095879169366E+00 -0.1297187691940169E-03
  0.8395290944932369E+00  0.6678134083685102E+00 -0.1286076285112473E-03
  0.8313585149777468E+00  0.6738726467966731E+00 -0.1268642703043602E-03
  0.8231879356508802E+00  0.6798868986975534E+00 -0.1249979051362023E-03
  0.8150173565186587E+00  0.6858557625704990E+00 -0.1234222964650826E-03
  0.8068467775873427E+00  0.6917788399448808E+00 -0.1221852505124589E-03
  0.7986761988634423E+00  0.6976557354066943E+00 -0.1210615535087712E-03
  0.7905056203537315E+00  0.7034860566249567E+00 -0.1200213179076834E-03
  0.7823350420652612E+00  0.7092694143778975E+00 -0.1192914358460510E-03
  0.7741644640053743E+00  0.7150054225789432E+00 -0.1185574108079372E-03
  0.7659938861817212E+00  0.7206936983024912E+00 -0.1179071098281916E-03
  0.7578233086022768E+00  0.7263338618094733E+00 -0.1180045785799112E-03
  0.7496527312753575E+00  0.7319255365727068E+00 -0.1198112759491097E-03
  0.7414821542096410E+00  0.7374683493020299E+00 -0.1232474753278651E-03
  0.7333115774141861E+00  0.7429619299692227E+00 -0.1271243010551843E-03
  0.7251410008984539E+00  0.7484059118327094E+00 -0.1290180935215040E-03
  0.7169704246723316E+00  0.7537999314620412E+00 -0.1280434219603602E-03
  0.7087998487461566E+00  0.7591436287621580E+00 -0.1253156152401997E-03
  0.7006292731307425E+00  0.7644366469974285E+00 -0.1227307960014513E-03
  0.6924586978374083E+00  0.7696786328154644E+00 -0.1213548784671943E-03
  0.6842881228780077E+00  0.7748692362707100E+00 -0.1215281013367613E-03
  0.6761175482649616E+00  0.7800081108478040E+00 -0.1224897024475448E-03
  0.6679469740112938E+00  0.7850949134847117E+00 -0.1229898433594336E-03
  0.6597764001306670E+00  0.7901293045956280E+00 -0.1216351109662335E-03
  0.6516058266374236E+00  0.7951109480936471E+00 -0.1191993623093569E-03
  0.6434352535466297E+00  0.8000395114131988E+00 -0.1178441288098791E-03
  0.6352646808741202E+00  0.8049146655322506E+00 -0.1187978056390963E-03
  0.6270941086365502E+00  0.8097360849942720E+00 -0.1208135824570827E-03
  0.6189235368514482E+00  0.8145034479299620E+00 -0.1222358286178734E-03
  0.6107529655372755E+00  0.8192164360787360E+00 -0.1224128403092703E-03
  0.6025823947134890E+00  0.8238747348099726E+00 -0.1221671635074899E-03
  0.5944118244006098E+00  0.8284780331440178E+00 -0.1218159543071501E-03
  0.5862412546202973E+00  0.8330260237729452E+00 -0.1207386519183018E-03
  0.5780706853954301E+00  0.8375184030810715E+00 -0.1176184121716564E-03
  0.5699001167501928E+00  0.8419548711652254E+00 -0.1123124259232407E-03
  0.5617295487101719E+00  0.8463351318547683E+00 -0.1056308571547673E-03
  0.5535589813024583E+00  0.8506588927313666E+00 -0.9812705608150709E-04
  0.5453884145557613E+00  0.8549258651485127E+00 -0.8937765804774979E-04
  0.5372178485005299E+00  0.8591357642507945E+00 -0.7987095615337629E-04
  0.5290472831690897E+00  0.8632883089929120E+00 -0.7081034870249167E-04
  0.5208767185957875E+00  0.8673832221584393E+00 -0.6273700873232537E-04
  0.5127061548171545E+00  0.8714202303783312E+00 -0.5423332982309360E-04
  0.5045355918720822E+00  0.8753990641491725E+00 -0.4439848684889520E-04
  0.4963650298020162E+00  0.8793194578511700E+00 -0.3318198624582647E-04
  0.4881944686511717E+00  0.8831811497658847E+00 -0.2151262274502714E-04
  0.4800239084667671E+00  0.8869838820937034E+00 -0.9806345714258691E-05
  0.4718533492992859E+00  0.8907274009710492E+00  0.1482808307928155E-05
  0.4636827912027636E+00  0.8944114564873288E+00  0.1189433105203899E-04
  0.4555122342351060E+00  0.8980358027016164E+00  0.2088154818597091E-04
  0.4473416784584431E+00  0.9016001976590722E+00  0.2937640203935004E-04
  0.4391711239395221E+00  0.9051044034070944E+00  0.3732709125893817E-04
  0.4310005707501444E+00  0.9085481860112055E+00  0.4428886401245696E-04
  0.4228300189676551E+00  0.9119313155706682E+00  0.4999096535059036E-04
  0.4146594686754885E+00  0.9152535662338340E+00  0.5559162485507896E-04
  0.4064889199637791E+00  0.9185147162132208E+00  0.6105445054276652E-04
  0.3983183729300507E+00  0.9217145478003181E+00  0.6643634222321480E-04
  0.3901478276799883E+00  0.9248528473801222E+00  0.7266211965988709E-04
  0.3819772843283120E+00  0.9279294054453956E+00  0.8176479036699185E-04
  0.3738067429997641E+00  0.9309440166106540E+00  0.9285636250973975E-04
  0.3656362038302282E+00  0.9338964796258775E+00  0.1037582392109639E-03
  0.3574656669680030E+00  0.9367865973899459E+00  0.1128095580079129E-03
  0.3492951325752533E+00  0.9396141769637963E+00  0.1213783009654641E-03
  0.3411246008296713E+00  0.9423790295833044E+00  0.1311231630465151E-03
  0.3329540719263814E+00  0.9450809706718851E+00  0.1426866358907815E-03
  0.3247835460801308E+00  0.9477198198528157E+00  0.1547902852556201E-03
  0.3166130235278230E+00  0.9502954009612771E+00  0.1670636475483265E-03
  0.3084425045314506E+00  0.9528075420561144E+00  0.1794805599971221E-03
  0.3002719893815085E+00  0.9552560754313160E+00  0.1929292191489547E-03
  0.2921014784009779E+00  0.9576408376272095E+00  0.2078082617062956E-03
  0.2839309719500016E+00  0.9599616694413742E+00  0.2249635452746345E-03
  0.2757604704313845E+00  0.9622184159392698E+00  0.2432854880222220E-03
  0.2675899742971076E+00  0.9644109264645802E+00  0.2619382254183299E-03
  0.2594194840560681E+00  0.9665390546492710E+00  0.2810426589036205E-03
  0.2512490002833307E+00  0.9686026584233628E+00  0.3031610195527663E-03
  0.2430785236312446E+00  0.9706016000244151E+00  0.3287033740074100E-03
  0.2349080548428762E+00  0.9725357460067257E+00  0.3558203177871667E-03
  0.2267375947683499E+00  0.9744049672502397E+00  0.3816587199372546E-03
  0.2185671443848464E+00  0.9762091389691724E+00  0.4077203094774303E-03
  0.2103967048212628E+00  0.9779481407203411E+00  0.4362149445930680E-03
  0.2022262773888417E+00  0.9796218564112101E+00  0.4674069620596092E-03
  0.1940558636195398E+00  0.9812301743076443E+00  0.4987654619474003E-03
  0.1858854653144977E+00  0.9827729870413743E+00  0.5296959009801878E-03
  0.1777150846058812E+00  0.9842501916171713E+00  0.5598814103686507E-03
  0.1695447240365762E+00  0.9856616894197333E+00  0.5901192094695656E-03
  0.1613743866640789E+00  0.9870073862202815E+00  0.6200845660343361E-03
  0.1532040761975885E+00  0.9882871921828699E+00  0.6518999154334288E-03
  0.1450337971813853E+00  0.9895010218704087E+00  0.6857567576389351E-03
  0.1368635552438019E+00  0.9906487942504061E+00  0.7222761082501840E-03
  0.1286933574408989E+00  0.9917304327004320E+00  0.7611215815751527E-03
  0.1205232127396896E+00  0.9927458650133153E+00  0.8039628083240075E-03
  0.1123531327118049E+00  0.9936950234020883E+00  0.8498804060377452E-03
  0.1041831325528455E+00  0.9945778445047068E+00  0.9003384647676198E-03
  0.9601323262085862E-01  0.9953942693885953E+00  0.9563531906474179E-03
  0.8784346083082471E-01  0.9961442435551087E+00  0.1021681771769477E-02
  0.7967385651719167E-01  0.9968277169440913E+00  0.1096187214915385E-02
  0.7150447693306423E-01  0.9974446439389107E+00  0.1183519401518478E-02
  0.6333540875299180E-01  0.9979949833727938E+00  0.1284764613675960E-02
  0.5516678972815772E-01  0.9984786985384589E+00  0.1403765197797885E-02
  0.4699885272846815E-01  0.9988957572063257E+00  0.1541006757561377E-02
  0.3883202470742381E-01  0.9992461316671845E+00  0.1711475320973110E-02
  0.3066718105470672E-01  0.9995297988558859E+00  0.1960942199321062E-02
  0.2250643816359393E-01  0.9997467408113523E+00  0.2414114568392238E-02
  0.1435650599352885E-01  0.9998969471378596E+00  0.3149924379851193E-02
  0.6254421014113626E-02  0.9999804411726474E+00  0.3911489862976702E-02
