# nlmax, ncor, nside =         383           1         128
  0.3135338232575680E+01 -0.9999804411726474E+00 -0.2669264171832246E-03
  0.3127236147596264E+01 -0.9998969471378596E+00 -0.2662315954367224E-03
  0.3119086215426199E+01 -0.9997467408113523E+00 -0.2655669492418690E-03
  0.3110925472535087E+01 -0.9995297988558859E+00 -0.2674286903308087E-03
  0.3102760628882369E+01 -0.9992461316671845E+00 -0.2730283469975964E-03
  0.3094593800861325E+01 -0.9988957572063257E+00 -0.2798486715075561E-03
  0.3086425863861635E+01 -0.9984786985384589E+00 -0.2844930826208028E-03
  0.3078257244836801E+01 -0.9979949833727938E+00 -0.2863933331733884E-03
  0.3070088176656729E+01 -0.9974446439389107E+00 -0.2869512086082897E-03
  0.3061918797072602E+01 -0.9968277169440913E+00 -0.2873418801141133E-03
  0.3053749192758969E+01 -0.9961442435551087E+00 -0.2870833459353223E-03
  0.3045579420968934E+01 -0.9953942693885953E+00 -0.2850072422123455E-03
  0.3037409521036948E+01 -0.9945778445047068E+00 -0.2804219191046565E-03
  0.3029239520877988E+01 -0.9936950234020883E+00 -0.2733272486831382E-03
  0.3021069440850104E+01 -0.9927458650133153E+00 -0.2651740352253665E-03
  0.3012899296148894E+01 -0.9917304327004320E+00 -0.2581141895915120E-03
  0.3004729098345992E+01 -0.9906487942504061E+00 -0.2525084626398289E-03
  0.2996558856408408E+01 -0.9895010218704087E+00 -0.2470145567174690E-03
  0.2988388577392205E+01 -0.9882871921828699E+00 -0.2408830018208140E-03
  0.2980218266925714E+01 -0.9870073862202815E+00 -0.2335396384792492E-03
  0.2972047929553217E+01 -0.9856616894197333E+00 -0.2244325906727201E-03
  0.2963877568983912E+01 -0.9842501916171713E+00 -0.2142799791342623E-03
  0.2955707188275296E+01 -0.9827729870413743E+00 -0.2048732451422820E-03
  0.2947536789970254E+01 -0.9812301743076443E+00 -0.1979240767244398E-03
  0.2939366376200951E+01 -0.9796218564112101E+00 -0.1934066838079946E-03
  0.2931195948768531E+01 -0.9779481407203411E+00 -0.1888679030315764E-03
  0.2923025509204947E+01 -0.9762091389691724E+00 -0.1821543619859607E-03
  0.2914855058821443E+01 -0.9744049672502397E+00 -0.1740740114725765E-03
  0.2906684598746917E+01 -0.9725357460067257E+00 -0.1676238525427032E-03
  0.2898514129958549E+01 -0.9706016000244151E+00 -0.1650766905444608E-03
  0.2890343653306462E+01 -0.9686026584233628E+00 -0.1660276381816047E-03
  0.2882173169533725E+01 -0.9665390546492710E+00 -0.1680766759934514E-03
  0.2874002679292686E+01 -0.9644109264645802E+00 -0.1687462051756951E-03
  0.2865832183158409E+01 -0.9622184159392698E+00 -0.1663161326724782E-03
  0.2857661681639792E+01 -0.9599616694413742E+00 -0.1602635949296519E-03
  0.2849491175188815E+01 -0.9576408376272095E+00 -0.1521323833062525E-03
  0.2841320664208285E+01 -0.9552560754313160E+00 -0.1444148754782956E-03
  0.2833150149058343E+01 -0.9528075420561144E+00 -0.1380756839278737E-03
  0.2824979630061970E+01 -0.9502954009612771E+00 -0.1322053218273217E-03
  0.2816809107509663E+01 -0.9477198198528157E+00 -0.1257825187330467E-03
  0.2808638581663412E+01 -0.9450809706718851E+00 -0.1189662679752533E-03
  0.2800468052760122E+01 -0.9423790295833044E+00 -0.1126414635109622E-03
  0.2792297521014540E+01 -0.9396141769637963E+00 -0.1072327135967672E-03
  0.2784126986621790E+01 -0.9367865973899459E+00 -0.1024859933300988E-03
  0.2775956449759565E+01 -0.9338964796258775E+00 -0.9785749793579265E-04
  0.2767785910590029E+01 -0.9309440166106540E+00 -0.9276554252222017E-04
  0.2759615369261481E+01 -0.9279294054453956E+00 -0.8682790303142369E-04
  0.2751444825909805E+01 -0.9248528473801222E+00 -0.7988788104590221E-04
  0.2743274280659743E+01 -0.9217145478003181E+00 -0.7235017071909463E-04
  0.2735103733626014E+01 -0.9185147162132208E+00 -0.6471019626029652E-04
  0.2726933184914305E+01 -0.9152535662338340E+00 -0.5729500949408518E-04
  0.2718762634622138E+01 -0.9119313155706682E+00 -0.5038769156596240E-04
  0.2710592082839649E+01 -0.9085481860112055E+00 -0.4371339332242434E-04
  0.2702421529650271E+01 -0.9051044034070944E+00 -0.3646943990500550E-04
  0.2694250975131350E+01 -0.9016001976590722E+00 -0.2840616321935163E-04
  0.2686080419354687E+01 -0.8980358027016164E+00 -0.2009789840437955E-04
  0.2677909862387029E+01 -0.8944114564873288E+00 -0.1206199269198451E-04
  0.2669739304290507E+01 -0.8907274009710492E+00 -0.4481194992699854E-05
  0.2661568745123026E+01 -0.8869838820937034E+00  0.2033524284547728E-05
  0.2653398184938621E+01 -0.8831811497658847E+00  0.6943629505284759E-05
  0.2645227623787777E+01 -0.8793194578511700E+00  0.1064424399312206E-04
  0.2637057061717711E+01 -0.8753990641491725E+00  0.1376806940229120E-04
  0.2628886498772639E+01 -0.8714202303783312E+00  0.1663578505696085E-04
  0.2620715934994006E+01 -0.8673832221584393E+00  0.1992501429038966E-04
  0.2612545370420704E+01 -0.8632883089929120E+00  0.2438978250796664E-04
  0.2604374805089263E+01 -0.8591357642507945E+00  0.2973304075710009E-04
  0.2596204239034032E+01 -0.8549258651485127E+00  0.3470813418135628E-04
  0.2588033672287335E+01 -0.8506588927313666E+00  0.3848774790402842E-04
  0.2579863104879621E+01 -0.8463351318547683E+00  0.4158141140093125E-04
  0.2571692536839600E+01 -0.8419548711652254E+00  0.4518127353808152E-04
  0.2563521968194363E+01 -0.8375184030810715E+00  0.4977941196787519E-04
  0.2555351398969496E+01 -0.8330260237729452E+00  0.5505862462899027E-04
  0.2547180829189184E+01 -0.8284780331440178E+00  0.6035909247093583E-04
  0.2539010258876304E+01 -0.8238747348099726E+00  0.6479291762674201E-04
  0.2530839688052518E+01 -0.8192164360787360E+00  0.6786271997312614E-04
  0.2522669116738345E+01 -0.8145034479299620E+00  0.7005422849964334E-04
  0.2514498544953243E+01 -0.8097360849942720E+00  0.7170717919788980E-04
  0.2506327972715673E+01 -0.8049146655322506E+00  0.7218665868660957E-04
  0.2498157400043163E+01 -0.8000395114131988E+00  0.7116303842589012E-04
  0.2489986826952370E+01 -0.7951109480936471E+00  0.6970513140283494E-04
  0.2481816253459126E+01 -0.7901293045956280E+00  0.6902845905973366E-04
  0.2473645679578500E+01 -0.7850949134847117E+00  0.6922655671313107E-04
  0.2465475105324832E+01 -0.7800081108478040E+00  0.6971539956747083E-04
  0.2457304530711785E+01 -0.7748692362707100E+00  0.7002604160313292E-04
  0.2449133955752385E+01 -0.7696786328154644E+00  0.7013218620236887E-04
  0.2440963380459050E+01 -0.7644366469974285E+00  0.7061236564953484E-04
  0.2432792804843637E+01 -0.7591436287621580E+00  0.7202134721745468E-04
  0.2424622228917462E+01 -0.7537999314620412E+00  0.7404361157674688E-04
  0.2416451652691339E+01 -0.7484059118327094E+00  0.7596186088607949E-04
  0.2408281076175607E+01 -0.7429619299692227E+00  0.7740377177934324E-04
  0.2400110499380152E+01 -0.7374683493020299E+00  0.7838204066095576E-04
  0.2391939922314436E+01 -0.7319255365727068E+00  0.7894818329497649E-04
  0.2383769344987516E+01 -0.7263338618094733E+00  0.7884359700651951E-04
  0.2375598767408072E+01 -0.7206936983024912E+00  0.7797539326513546E-04
  0.2367428189584419E+01 -0.7150054225789432E+00  0.7679263808917716E-04
  0.2359257611524532E+01 -0.7092694143778975E+00  0.7579511812639003E-04
  0.2351087033236062E+01 -0.7034860566249567E+00  0.7508986386613748E-04
  0.2342916454726351E+01 -0.6976557354066943E+00  0.7432642222380955E-04
  0.2334745876002450E+01 -0.6917788399448808E+00  0.7291431885543884E-04
  0.2326575297071134E+01 -0.6858557625704990E+00  0.7089360032200540E-04
  0.2318404717938913E+01 -0.6798868986975534E+00  0.6917968254531357E-04
  0.2310234138612046E+01 -0.6738726467966731E+00  0.6834776094635496E-04
  0.2302063559096557E+01 -0.6678134083685102E+00  0.6795038014767880E-04
  0.2293892979398239E+01 -0.6617095879169366E+00  0.6735715471240004E-04
  0.2285722399522673E+01 -0.6555615929220400E+00  0.6642535372588772E-04
  0.2277551819475234E+01 -0.6493698338129212E+00  0.6549231865003914E-04
  0.2269381239261100E+01 -0.6431347239402948E+00  0.6467720545031050E-04
  0.2261210658885265E+01 -0.6368566795488945E+00  0.6351878427560961E-04
  0.2253040078352542E+01 -0.6305361197496849E+00  0.6191983931034178E-04
  0.2244869497667577E+01 -0.6241734664918837E+00  0.6066424580355407E-04
  0.2236698916834853E+01 -0.6177691445347914E+00  0.6027456313042858E-04
  0.2228528335858699E+01 -0.6113235814194364E+00  0.6046691739758729E-04
  0.2220357754743295E+01 -0.6048372074400329E+00  0.6056060703842565E-04
  0.2212187173492683E+01 -0.5983104556152549E+00  0.6011985778079686E-04
  0.2204016592110768E+01 -0.5917437616593286E+00  0.5930463140857453E-04
  0.2195846010601326E+01 -0.5851375639529456E+00  0.5853628991775024E-04
  0.2187675428968010E+01 -0.5784923035139965E+00  0.5788531084283733E-04
  0.2179504847214357E+01 -0.5718084239681300E+00  0.5693170986265680E-04
  0.2171334265343789E+01 -0.5650863715191369E+00  0.5518423995726306E-04
  0.2163163683359622E+01 -0.5583265949191624E+00  0.5271948323629853E-04
  0.2154993101265066E+01 -0.5515295454387482E+00  0.5000797212567133E-04
  0.2146822519063234E+01 -0.5446956768367068E+00  0.4730891516549824E-04
  0.2138651936757143E+01 -0.5378254453298289E+00  0.4435554519242595E-04
  0.2130481354349721E+01 -0.5309193095624275E+00  0.4063850848351311E-04
  0.2122310771843806E+01 -0.5239777305757194E+00  0.3623513013125561E-04
  0.2114140189242155E+01 -0.5170011717770473E+00  0.3211976190556933E-04
  0.2105969606547443E+01 -0.5099900989089429E+00  0.2900764252542852E-04
  0.2097799023762269E+01 -0.5029449800180356E+00  0.2681539025643884E-04
  0.2089628440889158E+01 -0.4958662854238058E+00  0.2562078043020123E-04
  0.2081457857930564E+01 -0.4887544876871878E+00  0.2562301329747289E-04
  0.2073287274888874E+01 -0.4816100615790221E+00  0.2626175774379921E-04
  0.2065116691766407E+01 -0.4744334840483606E+00  0.2684232591438281E-04
  0.2056946108565423E+01 -0.4672252341906264E+00  0.2748573983171545E-04
  0.2048775525288118E+01 -0.4599857932156304E+00  0.2867586056108866E-04
  0.2040604941936635E+01 -0.4527156444154464E+00  0.3023913589645140E-04
  0.2032434358513056E+01 -0.4454152731321473E+00  0.3139913324082637E-04
  0.2024263775019413E+01 -0.4380851667254050E+00  0.3148643542587387E-04
  0.2016093191457685E+01 -0.4307258145399545E+00  0.3054215491076937E-04
  0.2007922607829804E+01 -0.4233377078729265E+00  0.2918986621812970E-04
  0.1999752024137653E+01 -0.4159213399410494E+00  0.2797397340595084E-04
  0.1991581440383068E+01 -0.4084772058477228E+00  0.2695444396270471E-04
  0.1983410856567843E+01 -0.4010058025499653E+00  0.2620287517604278E-04
  0.1975240272693730E+01 -0.3935076288252386E+00  0.2580856855611677E-04
  0.1967069688762441E+01 -0.3859831852381501E+00  0.2562267819712854E-04
  0.1958899104775647E+01 -0.3784329741070359E+00  0.2557430877330752E-04
  0.1950728520734982E+01 -0.3708574994704271E+00  0.2586298546423884E-04
  0.1942557936642046E+01 -0.3632572670534011E+00  0.2665980770381704E-04
  0.1934387352498403E+01 -0.3556327842338202E+00  0.2775033766482738E-04
  0.1926216768305583E+01 -0.3479845600084601E+00  0.2872580435072618E-04
  0.1918046184065086E+01 -0.3403131049590297E+00  0.2976204937761886E-04
  0.1909875599778379E+01 -0.3326189312180866E+00  0.3147574707118588E-04
  0.1901705015446901E+01 -0.3249025524348469E+00  0.3384671085479883E-04
  0.1893534431072063E+01 -0.3171644837408958E+00  0.3578113107637878E-04
  0.1885363846655247E+01 -0.3094052417157978E+00  0.3619575527986835E-04
  0.1877193262197810E+01 -0.3016253443526109E+00  0.3517446559845604E-04
  0.1869022677701083E+01 -0.2938253110233064E+00  0.3362936747341108E-04
  0.1860852093166375E+01 -0.2860056624440968E+00  0.3204798420923321E-04
  0.1852681508594969E+01 -0.2781669206406729E+00  0.3048693234914332E-04
  0.1844510923988128E+01 -0.2703096089133553E+00  0.2928104710343237E-04
  0.1836340339347093E+01 -0.2624342518021592E+00  0.2882587176857842E-04
  0.1828169754673083E+01 -0.2545413750517773E+00  0.2908237319392182E-04
  0.1819999169967299E+01 -0.2466315055764818E+00  0.2981692906910209E-04
  0.1811828585230925E+01 -0.2387051714249486E+00  0.3077971835971381E-04
  0.1803658000465123E+01 -0.2307629017450062E+00  0.3171204470088821E-04
  0.1795487415671042E+01 -0.2228052267483099E+00  0.3238370856628703E-04
  0.1787316830849811E+01 -0.2148326776749467E+00  0.3288371535289812E-04
  0.1779146246002545E+01 -0.2068457867579697E+00  0.3352085605227599E-04
  0.1770975661130345E+01 -0.1988450871878683E+00  0.3442181852375225E-04
  0.1762805076234296E+01 -0.1908311130769725E+00  0.3512491500789669E-04
  0.1754634491315471E+01 -0.1828043994237966E+00  0.3484525157784109E-04
  0.1746463906374929E+01 -0.1747654820773241E+00  0.3357920225223043E-04
  0.1738293321413718E+01 -0.1667148977012352E+00  0.3224430493468353E-04
  0.1730122736432872E+01 -0.1586531837380799E+00  0.3130259403233580E-04
  0.1721952151433418E+01 -0.1505808783733995E+00  0.3024739628783493E-04
  0.1713781566416370E+01 -0.1424985204997981E+00  0.2859473641900940E-04
  0.1705610981382731E+01 -0.1344066496809675E+00  0.2655143455212519E-04
  0.1697440396333499E+01 -0.1263058061156663E+00  0.2434031650442271E-04
  0.1689269811269659E+01 -0.1181965306016578E+00  0.2165728136331889E-04
  0.1681099226192191E+01 -0.1100793644996070E+00  0.1838877006980469E-04
  0.1672928641102067E+01 -0.1019548496969404E+00  0.1517804743005993E-04
  0.1664758056000250E+01 -0.9382352857167028E-01  0.1294598803567559E-04
  0.1656587470887701E+01 -0.8568594395618719E-01  0.1210815954707603E-04
  0.1648416885765370E+01 -0.7754263910102077E-01  0.1221528974017001E-04
  0.1640246300634206E+01 -0.6939415763857371E-01  0.1252555361103910E-04
  0.1632075715495151E+01 -0.6124104354682962E-01  0.1262757049351434E-04
  0.1623905130349143E+01 -0.5308384111303818E-01  0.1232680073925695E-04
  0.1615734545197117E+01 -0.4492309489737940E-01  0.1147924380390799E-04
  0.1607563960040004E+01 -0.3675934969660982E-01  0.1004891257326103E-04
  0.1599393374878733E+01 -0.2859315050769285E-01  0.8151459146062488E-05
  0.1591222789714229E+01 -0.2042504249141571E-01  0.6366366214430246E-05
  0.1583052204547419E+01 -0.1225557093599554E-01  0.5373081137877495E-05
  0.1574881619379224E+01 -0.4085281220676868E-02  0.5078617649204573E-05
  0.1566711034210569E+01  0.4085281220676868E-02  0.4650462703248423E-05
  0.1558540449042374E+01  0.1225557093599554E-01  0.3561609986858589E-05
  0.1550369863875564E+01  0.2042504249141571E-01  0.1791652630272523E-05
  0.1542199278711061E+01  0.2859315050769285E-01 -0.5363750936278895E-06
  0.1534028693549790E+01  0.3675934969660982E-01 -0.3327620030783122E-05
  0.1525858108392677E+01  0.4492309489737940E-01 -0.6511527792508640E-05
  0.1517687523240650E+01  0.5308384111303818E-01 -0.9969142424674775E-05
  0.1509516938094642E+01  0.6124104354682962E-01 -0.1338295585512292E-04
  0.1501346352955587E+01  0.6939415763857371E-01 -0.1641021193941303E-04
  0.1493175767824423E+01  0.7754263910102077E-01 -0.1881125326686534E-04
  0.1485005182702093E+01  0.8568594395618719E-01 -0.2030508686320363E-04
  0.1476834597589543E+01  0.9382352857167028E-01 -0.2072339978890231E-04
  0.1468664012487727E+01  0.1019548496969404E+00 -0.2060047817739558E-04
  0.1460493427397602E+01  0.1100793644996070E+00 -0.2098106323819987E-04
  0.1452322842320134E+01  0.1181965306016578E+00 -0.2242293343815816E-04
  0.1444152257256294E+01  0.1263058061156663E+00 -0.2458670622511041E-04
  0.1435981672207062E+01  0.1344066496809675E+00 -0.2676701299048718E-04
  0.1427811087173423E+01  0.1424985204997981E+00 -0.2823029887584855E-04
  0.1419640502156375E+01  0.1505808783733995E+00 -0.2845460169459949E-04
  0.1411469917156921E+01  0.1586531837380799E+00 -0.2736919302184219E-04
  0.1403299332176076E+01  0.1667148977012352E+00 -0.2550971998084927E-04
  0.1395128747214864E+01  0.1747654820773241E+00 -0.2372061861086918E-04
  0.1386958162274323E+01  0.1828043994237966E+00 -0.2273909569649845E-04
  0.1378787577355497E+01  0.1908311130769725E+00 -0.2273043343622213E-04
  0.1370616992459449E+01  0.1988450871878683E+00 -0.2322305513523838E-04
  0.1362446407587248E+01  0.2068457867579697E+00 -0.2369408104472391E-04
  0.1354275822739983E+01  0.2148326776749467E+00 -0.2411746614308019E-04
  0.1346105237918751E+01  0.2228052267483099E+00 -0.2480371968437256E-04
  0.1337934653124670E+01  0.2307629017450062E+00 -0.2602204886936461E-04
  0.1329764068358868E+01  0.2387051714249486E+00 -0.2757655030638638E-04
  0.1321593483622494E+01  0.2466315055764818E+00 -0.2877050774252712E-04
  0.1313422898916710E+01  0.2545413750517773E+00 -0.2925782415144530E-04
  0.1305252314242701E+01  0.2624342518021592E+00 -0.2983450411864735E-04
  0.1297081729601665E+01  0.2703096089133553E+00 -0.3157433906789010E-04
  0.1288911144994824E+01  0.2781669206406729E+00 -0.3456795257901820E-04
  0.1280740560423418E+01  0.2860056624440968E+00 -0.3789538242801418E-04
  0.1272569975888710E+01  0.2938253110233064E+00 -0.4067049630375564E-04
  0.1264399391391984E+01  0.3016253443526109E+00 -0.4233196034032994E-04
  0.1256228806934547E+01  0.3094052417157978E+00 -0.4273686628565282E-04
  0.1248058222517730E+01  0.3171644837408958E+00 -0.4243744973987755E-04
  0.1239887638142892E+01  0.3249025524348469E+00 -0.4243660145532807E-04
  0.1231717053811414E+01  0.3326189312180866E+00 -0.4338297908825386E-04
  0.1223546469524707E+01  0.3403131049590297E+00 -0.4530052627746854E-04
  0.1215375885284210E+01  0.3479845600084601E+00 -0.4759872386828839E-04
  0.1207205301091390E+01  0.3556327842338202E+00 -0.4957905103220564E-04
  0.1199034716947747E+01  0.3632572670534011E+00 -0.5139338181178115E-04
  0.1190864132854811E+01  0.3708574994704271E+00 -0.5380028416808162E-04
  0.1182693548814147E+01  0.3784329741070359E+00 -0.5676856465753240E-04
  0.1174522964827352E+01  0.3859831852381501E+00 -0.5966260387097970E-04
  0.1166352380896063E+01  0.3935076288252386E+00 -0.6217500813675263E-04
  0.1158181797021950E+01  0.4010058025499653E+00 -0.6436544953125252E-04
  0.1150011213206726E+01  0.4084772058477228E+00 -0.6631695430989922E-04
  0.1141840629452141E+01  0.4159213399410494E+00 -0.6813266383619167E-04
  0.1133670045759989E+01  0.4233377078729265E+00 -0.7000420812432672E-04
  0.1125499462132108E+01  0.4307258145399545E+00 -0.7214240776734954E-04
  0.1117328878570381E+01  0.4380851667254050E+00 -0.7447799426264183E-04
  0.1109158295076737E+01  0.4454152731321473E+00 -0.7702947770412449E-04
  0.1100987711653159E+01  0.4527156444154464E+00 -0.7998555083930359E-04
  0.1092817128301675E+01  0.4599857932156304E+00 -0.8364704724189240E-04
  0.1084646545024371E+01  0.4672252341906264E+00 -0.8837531467890437E-04
  0.1076475961823386E+01  0.4744334840483606E+00 -0.9406172328939922E-04
  0.1068305378700920E+01  0.4816100615790221E+00 -0.9949647813258602E-04
  0.1060134795659229E+01  0.4887544876871878E+00 -0.1033991920155980E-03
  0.1051964212700635E+01  0.4958662854238058E+00 -0.1055371251905833E-03
  0.1043793629827524E+01  0.5029449800180356E+00 -0.1064854514558607E-03
  0.1035623047042350E+01  0.5099900989089429E+00 -0.1070162514685187E-03
  0.1027452464347638E+01  0.5170011717770473E+00 -0.1081465222795542E-03
  0.1019281881745987E+01  0.5239777305757194E+00 -0.1107027513122884E-03
  0.1011111299240073E+01  0.5309193095624275E+00 -0.1144968684883362E-03
  0.1002940716832650E+01  0.5378254453298289E+00 -0.1183592743399836E-03
  0.9947701345265596E+00  0.5446956768367068E+00 -0.1218298351989477E-03
  0.9865995523247275E+00  0.5515295454387482E+00 -0.1254919725755304E-03
  0.9784289702301714E+00  0.5583265949191624E+00 -0.1297079924031690E-03
  0.9702583882460036E+00  0.5650863715191369E+00 -0.1339832704776164E-03
  0.9620878063754359E+00  0.5718084239681300E+00 -0.1375387896457068E-03
  0.9539172246217830E+00  0.5784923035139965E+00 -0.1401280156444504E-03
  0.9457466429884676E+00  0.5851375639529456E+00 -0.1421744484936071E-03
  0.9375760614790253E+00  0.5917437616593286E+00 -0.1438514509775490E-03
  0.9294054800971098E+00  0.5983104556152549E+00 -0.1451853890086900E-03
  0.9212348988464978E+00  0.6048372074400329E+00 -0.1469039532240446E-03
  0.9130643177310944E+00  0.6113235814194364E+00 -0.1500576685340822E-03
  0.9048937367549402E+00  0.6177691445347914E+00 -0.1542082441744333E-03
  0.8967231559222163E+00  0.6241734664918837E+00 -0.1576805326434060E-03
  0.8885525752372514E+00  0.6305361197496849E+00 -0.1596604350131777E-03
  0.8803819947045285E+00  0.6368566795488945E+00 -0.1609144183211511E-03
  0.8722114143286931E+00  0.6431347239402948E+00 -0.1624460901850943E-03
  0.8640408341145595E+00  0.6493698338129212E+00 -0.1643829841652337E-03
  0.8558702540671204E+00  0.6555615929220400E+00 -0.1659966071813303E-03
  0.8476996741915547E+00  0.6617095879169366E+00 -0.1667582988466352E-03
  0.8395290944932369E+00  0.6678134083685102E+00 -0.1665178206383932E-03
  0.8313585149777468E+00  0.6738726467966731E+00 -0.1654257140826256E-03
  0.8231879356508802E+00  0.6798868986975534E+00 -0.1637037479356360E-03
  0.8150173565186587E+00  0.6858557625704990E+00 -0.1616386672037458E-03
  0.8068467775873427E+00  0.6917788399448808E+00 -0.1596126777405700E-03
  0.7986761988634423E+00  0.6976557354066943E+00 -0.1581212781688651E-03
  0.7905056203537315E+00  0.7034860566249567E+00 -0.1572224485446890E-03
  0.7823350420652612E+00  0.7092694143778975E+00 -0.1564718278482570E-03
  0.7741644640053743E+00  0.7150054225789432E+00 -0.1553429650637179E-03
  0.7659938861817212E+00  0.7206936983024912E+00 -0.1540889798840201E-03
  0.7578233086022768E+00  0.7263338618094733E+00 -0.1533849723648978E-03
  0.7496527312753575E+00  0.7319255365727068E+00 -0.1537123297996397E-03
  0.7414821542096410E+00  0.7374683493020299E+00 -0.1547684467084608E-03
  0.7333115774141861E+00  0.7429619299692227E+00 -0.1552467603914223E-03
  0.7251410008984539E+00  0.7484059118327094E+00 -0.1535590900886106E-03
  0.7169704246723316E+00  0.7537999314620412E+00 -0.1494642240270565E-03
  0.7087998487461566E+00  0.7591436287621580E+00 -0.1439378778439754E-03
  0.7006292731307425E+00  0.7644366469974285E+00 -0.1382772459584944E-03
  0.6924586978374083E+00  0.7696786328154644E+00 -0.1334532908732423E-03
  0.6842881228780077E+00  0.7748692362707100E+00 -0.1296952291465778E-03
  0.6761175482649616E+00  0.7800081108478040E+00 -0.1263023968681458E-03
  0.6679469740112938E+00  0.7850949134847117E+00 -0.1225976446113136E-03
  0.6597764001306670E+00  0.7901293045956280E+00 -0.1182858599495142E-03
  0.6516058266374236E+00  0.7951109480936471E+00 -0.1136645775714289E-03
  0.6434352535466297E+00  0.8000395114131988E+00 -0.1092692516322804E-03
  0.6352646808741202E+00  0.8049146655322506E+00 -0.1054856537536238E-03
  0.6270941086365502E+00  0.8097360849942720E+00 -0.1024871506380104E-03
  0.6189235368514482E+00  0.8145034479299620E+00 -0.1001748383443041E-03
  0.6107529655372755E+00  0.8192164360787360E+00 -0.9763254537103891E-04
  0.6025823947134890E+00  0.8238747348099726E+00 -0.9406826358938964E-04
  0.5944118244006098E+00  0.8284780331440178E+00 -0.8948914219443672E-04
  0.5862412546202973E+00  0.8330260237729452E+00 -0.8428303938326396E-04
  0.5780706853954301E+00  0.8375184030810715E+00 -0.7821771702409270E-04
  0.5699001167501928E+00  0.8419548711652254E+00 -0.7085589291854450E-04
  0.5617295487101719E+00  0.8463351318547683E+00 -0.6199158691878958E-04
  0.5535589813024583E+00  0.8506588927313666E+00 -0.5191830828882200E-04
  0.5453884145557613E+00  0.8549258651485127E+00 -0.4100760770093865E-04
  0.5372178485005299E+00  0.8591357642507945E+00 -0.3003053168750009E-04
  0.5290472831690897E+00  0.8632883089929120E+00 -0.1976899490796794E-04
  0.5208767185957875E+00  0.8673832221584393E+00 -0.1016126810395129E-04
  0.5127061548171545E+00  0.8714202303783312E+00 -0.1980525899204004E-06
  0.5045355918720822E+00  0.8753990641491725E+00  0.1026666347528251E-04
  0.4963650298020162E+00  0.8793194578511700E+00  0.2073039842248735E-04
  0.4881944686511717E+00  0.8831811497658847E+00  0.3116197248311041E-04
  0.4800239084667671E+00  0.8869838820937034E+00  0.4182478068235849E-04
  0.4718533492992859E+00  0.8907274009710492E+00  0.5244959059441874E-04
  0.4636827912027636E+00  0.8944114564873288E+00  0.6287730807388581E-04
  0.4555122342351060E+00  0.8980358027016164E+00  0.7365953034080843E-04
  0.4473416784584431E+00  0.9016001976590722E+00  0.8561650059163234E-04
  0.4391711239395221E+00  0.9051044034070944E+00  0.9820818774314628E-04
  0.4310005707501444E+00  0.9085481860112055E+00  0.1100315556208201E-03
  0.4228300189676551E+00  0.9119313155706682E+00  0.1205200625012832E-03
  0.4146594686754885E+00  0.9152535662338340E+00  0.1305600596824341E-03
  0.4064889199637791E+00  0.9185147162132208E+00  0.1409177016461375E-03
  0.3983183729300507E+00  0.9217145478003181E+00  0.1521904194110210E-03
  0.3901478276799883E+00  0.9248528473801222E+00  0.1653175654418884E-03
  0.3819772843283120E+00  0.9279294054453956E+00  0.1810499692176121E-03
  0.3738067429997641E+00  0.9309440166106540E+00  0.1981933484792647E-03
  0.3656362038302282E+00  0.9338964796258775E+00  0.2148978061922540E-03
  0.3574656669680030E+00  0.9367865973899459E+00  0.2304652029197706E-03
  0.3492951325752533E+00  0.9396141769637963E+00  0.2457511040853693E-03
  0.3411246008296713E+00  0.9423790295833044E+00  0.2616247612989652E-03
  0.3329540719263814E+00  0.9450809706718851E+00  0.2788467545051980E-03
  0.3247835460801308E+00  0.9477198198528157E+00  0.2974218937882962E-03
  0.3166130235278230E+00  0.9502954009612771E+00  0.3166916406220961E-03
  0.3084425045314506E+00  0.9528075420561144E+00  0.3360928223614073E-03
  0.3002719893815085E+00  0.9552560754313160E+00  0.3562317826568283E-03
  0.2921014784009779E+00  0.9576408376272095E+00  0.3775102033511093E-03
  0.2839309719500016E+00  0.9599616694413742E+00  0.4001233557289159E-03
  0.2757604704313845E+00  0.9622184159392698E+00  0.4241105107181398E-03
  0.2675899742971076E+00  0.9644109264645802E+00  0.4495582208562579E-03
  0.2594194840560681E+00  0.9665390546492710E+00  0.4761607648400711E-03
  0.2512490002833307E+00  0.9686026584233628E+00  0.5041889085541023E-03
  0.2430785236312446E+00  0.9706016000244151E+00  0.5338990920616077E-03
  0.2349080548428762E+00  0.9725357460067257E+00  0.5654229072451428E-03
  0.2267375947683499E+00  0.9744049672502397E+00  0.5979680225804148E-03
  0.2185671443848464E+00  0.9762091389691724E+00  0.6310257677857827E-03
  0.2103967048212628E+00  0.9779481407203411E+00  0.6644054720423996E-03
  0.2022262773888417E+00  0.9796218564112101E+00  0.6983668756423311E-03
  0.1940558636195398E+00  0.9812301743076443E+00  0.7328000381953397E-03
  0.1858854653144977E+00  0.9827729870413743E+00  0.7677735559673469E-03
  0.1777150846058812E+00  0.9842501916171713E+00  0.8029285934775752E-03
  0.1695447240365762E+00  0.9856616894197333E+00  0.8380883444237753E-03
  0.1613743866640789E+00  0.9870073862202815E+00  0.8729275344817672E-03
  0.1532040761975885E+00  0.9882871921828699E+00  0.9082990045810625E-03
  0.1450337971813853E+00  0.9895010218704087E+00  0.9449420092906831E-03
  0.1368635552438019E+00  0.9906487942504061E+00  0.9839257198129626E-03
  0.1286933574408989E+00  0.9917304327004320E+00  0.1025690600270962E-02
  0.1205232127396896E+00  0.9927458650133153E+00  0.1070842758387232E-02
  0.1123531327118049E+00  0.9936950234020883E+00  0.1119020340873973E-02
  0.1041831325528455E+00  0.9945778445047068E+00  0.1170648826547238E-02
  0.9601323262085862E-01  0.9953942693885953E+00  0.1226257787144513E-02
  0.8784346083082471E-01  0.9961442435551087E+00  0.1288326409359617E-02
  0.7967385651719167E-01  0.9968277169440913E+00  0.1358962516007396E-02
  0.7150447693306423E-01  0.9974446439389107E+00  0.1441038665506986E-02
  0.6333540875299180E-01  0.9979949833727938E+00  0.1536595275167061E-02
  0.5516678972815772E-01  0.9984786985384589E+00  0.1649688195391686E-02
  0.4699885272846815E-01  0.9988957572063257E+00  0.1784268093635258E-02
  0.3883202470742381E-01  0.9992461316671845E+00  0.1952445458979108E-02
  0.3066718105470672E-01  0.9995297988558859E+00  0.2198763862954347E-02
  0.2250643816359393E-01  0.9997467408113523E+00  0.2645111498969158E-02
  0.1435650599352885E-01  0.9998969471378596E+00  0.3377216370677190E-02
  0.6254421014113626E-02  0.9999804411726474E+00  0.4136649210636741E-02
