# nlmax, ncor, nside =         383           1         128
  0.3135338232575680E+01 -0.9999804411726474E+00 -0.2772182856238785E-03
  0.3127236147596264E+01 -0.9998969471378596E+00 -0.2769622511596189E-03
  0.3119086215426199E+01 -0.9997467408113523E+00 -0.2765247339764267E-03
  0.3110925472535087E+01 -0.9995297988558859E+00 -0.2785501133596058E-03
  0.3102760628882369E+01 -0.9992461316671845E+00 -0.2842045505384782E-03
  0.3094593800861325E+01 -0.9988957572063257E+00 -0.2907700405590057E-03
  0.3086425863861635E+01 -0.9984786985384589E+00 -0.2951089576835981E-03
  0.3078257244836801E+01 -0.9979949833727938E+00 -0.2967035918106481E-03
  0.3070088176656729E+01 -0.9974446439389107E+00 -0.2971317728744995E-03
  0.3061918797072602E+01 -0.9968277169440913E+00 -0.2974350544320718E-03
  0.3053749192758969E+01 -0.9961442435551087E+00 -0.2970590834799782E-03
  0.3045579420968934E+01 -0.9953942693885953E+00 -0.2947208017594561E-03
  0.3037409521036948E+01 -0.9945778445047068E+00 -0.2898247682343445E-03
  0.3029239520877988E+01 -0.9936950234020883E+00 -0.2825459022075894E-03
  0.3021069440850104E+01 -0.9927458650133153E+00 -0.2742091667671970E-03
  0.3012899296148894E+01 -0.9917304327004320E+00 -0.2668437067408929E-03
  0.3004729098345992E+01 -0.9906487942504061E+00 -0.2610287975889123E-03
  0.2996558856408408E+01 -0.9895010218704087E+00 -0.2554651009084075E-03
  0.2988388577392205E+01 -0.9882871921828699E+00 -0.2493489467235353E-03
  0.2980218266925714E+01 -0.9870073862202815E+00 -0.2420450546556145E-03
  0.2972047929553217E+01 -0.9856616894197333E+00 -0.2329612940478755E-03
  0.2963877568983912E+01 -0.9842501916171713E+00 -0.2228664654815923E-03
  0.2955707188275296E+01 -0.9827729870413743E+00 -0.2135918946331142E-03
  0.2947536789970254E+01 -0.9812301743076443E+00 -0.2067254357979904E-03
  0.2939366376200951E+01 -0.9796218564112101E+00 -0.2022087978368382E-03
  0.2931195948768531E+01 -0.9779481407203411E+00 -0.1976573240505513E-03
  0.2923025509204947E+01 -0.9762091389691724E+00 -0.1909034540917386E-03
  0.2914855058821443E+01 -0.9744049672502397E+00 -0.1827328417847011E-03
  0.2906684598746917E+01 -0.9725357460067257E+00 -0.1761030897453699E-03
  0.2898514129958549E+01 -0.9706016000244151E+00 -0.1732930236035445E-03
  0.2890343653306462E+01 -0.9686026584233628E+00 -0.1740631413631481E-03
  0.2882173169533725E+01 -0.9665390546492710E+00 -0.1761500557386500E-03
  0.2874002679292686E+01 -0.9644109264645802E+00 -0.1768970288490067E-03
  0.2865832183158409E+01 -0.9622184159392698E+00 -0.1743502856366214E-03
  0.2857661681639792E+01 -0.9599616694413742E+00 -0.1681225439393313E-03
  0.2849491175188815E+01 -0.9576408376272095E+00 -0.1598826988416991E-03
  0.2841320664208285E+01 -0.9552560754313160E+00 -0.1520513853705111E-03
  0.2833150149058343E+01 -0.9528075420561144E+00 -0.1455680144532880E-03
  0.2824979630061970E+01 -0.9502954009612771E+00 -0.1396132746049153E-03
  0.2816809107509663E+01 -0.9477198198528157E+00 -0.1330789996266706E-03
  0.2808638581663412E+01 -0.9450809706718851E+00 -0.1260645481588263E-03
  0.2800468052760122E+01 -0.9423790295833044E+00 -0.1194779809865876E-03
  0.2792297521014540E+01 -0.9396141769637963E+00 -0.1137302240831776E-03
  0.2784126986621790E+01 -0.9367865973899459E+00 -0.1085674568410506E-03
  0.2775956449759565E+01 -0.9338964796258775E+00 -0.1034917882123399E-03
  0.2767785910590029E+01 -0.9309440166106540E+00 -0.9794563215041535E-04
  0.2759615369261481E+01 -0.9279294054453956E+00 -0.9161181319605794E-04
  0.2751444825909805E+01 -0.9248528473801222E+00 -0.8439685699449899E-04
  0.2743274280659743E+01 -0.9217145478003181E+00 -0.7663938744415591E-04
  0.2735103733626014E+01 -0.9185147162132208E+00 -0.6878387417671518E-04
  0.2726933184914305E+01 -0.9152535662338340E+00 -0.6116971972557249E-04
  0.2718762634622138E+01 -0.9119313155706682E+00 -0.5405102782282494E-04
  0.2710592082839649E+01 -0.9085481860112055E+00 -0.4719809305910435E-04
  0.2702421529650271E+01 -0.9051044034070944E+00 -0.3978064890860369E-04
  0.2694250975131350E+01 -0.9016001976590722E+00 -0.3148814751187496E-04
  0.2686080419354687E+01 -0.8980358027016164E+00 -0.2289008144405857E-04
  0.2677909862387029E+01 -0.8944114564873288E+00 -0.1459518266328413E-04
  0.2669739304290507E+01 -0.8907274009710492E+00 -0.6943565796551070E-05
  0.2661568745123026E+01 -0.8869838820937034E+00 -0.4886600114504092E-06
  0.2653398184938621E+01 -0.8831811497658847E+00  0.4444073096080842E-05
  0.2645227623787777E+01 -0.8793194578511700E+00  0.8193794421823815E-05
  0.2637057061717711E+01 -0.8753990641491725E+00  0.1130862450925813E-04
  0.2628886498772639E+01 -0.8714202303783312E+00  0.1418869860717449E-04
  0.2620715934994006E+01 -0.8673832221584393E+00  0.1747930359840886E-04
  0.2612545370420704E+01 -0.8632883089929120E+00  0.2184715715269906E-04
  0.2604374805089263E+01 -0.8591357642507945E+00  0.2699800202738103E-04
  0.2596204239034032E+01 -0.8549258651485127E+00  0.3176045420295360E-04
  0.2588033672287335E+01 -0.8506588927313666E+00  0.3538663191679921E-04
  0.2579863104879621E+01 -0.8463351318547683E+00  0.3838229568232343E-04
  0.2571692536839600E+01 -0.8419548711652254E+00  0.4182295451605065E-04
  0.2563521968194363E+01 -0.8375184030810715E+00  0.4614515747238229E-04
  0.2555351398969496E+01 -0.8330260237729452E+00  0.5115262062769815E-04
  0.2547180829189184E+01 -0.8284780331440178E+00  0.5631342105786304E-04
  0.2539010258876304E+01 -0.8238747348099726E+00  0.6069977893339110E-04
  0.2530839688052518E+01 -0.8192164360787360E+00  0.6373065795371202E-04
  0.2522669116738345E+01 -0.8145034479299620E+00  0.6586019682132765E-04
  0.2514498544953243E+01 -0.8097360849942720E+00  0.6743134370003756E-04
  0.2506327972715673E+01 -0.8049146655322506E+00  0.6777335983565317E-04
  0.2498157400043163E+01 -0.8000395114131988E+00  0.6658065563988094E-04
  0.2489986826952370E+01 -0.7951109480936471E+00  0.6499320665297806E-04
  0.2481816253459126E+01 -0.7901293045956280E+00  0.6416558249772554E-04
  0.2473645679578500E+01 -0.7850949134847117E+00  0.6418424132157981E-04
  0.2465475105324832E+01 -0.7800081108478040E+00  0.6448088222284960E-04
  0.2457304530711785E+01 -0.7748692362707100E+00  0.6458422680750164E-04
  0.2449133955752385E+01 -0.7696786328154644E+00  0.6448473796273529E-04
  0.2440963380459050E+01 -0.7644366469974285E+00  0.6485492653278387E-04
  0.2432792804843637E+01 -0.7591436287621580E+00  0.6624652563339238E-04
  0.2424622228917462E+01 -0.7537999314620412E+00  0.6823388812923794E-04
  0.2416451652691339E+01 -0.7484059118327094E+00  0.7007633506420721E-04
  0.2408281076175607E+01 -0.7429619299692227E+00  0.7147099862178523E-04
  0.2400110499380152E+01 -0.7374683493020299E+00  0.7246098905369897E-04
  0.2391939922314436E+01 -0.7319255365727068E+00  0.7305526442373849E-04
  0.2383769344987516E+01 -0.7263338618094733E+00  0.7290820370840128E-04
  0.2375598767408072E+01 -0.7206936983024912E+00  0.7194168619831927E-04
  0.2367428189584419E+01 -0.7150054225789432E+00  0.7074777111385508E-04
  0.2359257611524532E+01 -0.7092694143778975E+00  0.6982931383946087E-04
  0.2351087033236062E+01 -0.7034860566249567E+00  0.6917589462481238E-04
  0.2342916454726351E+01 -0.6976557354066943E+00  0.6845900875212816E-04
  0.2334745876002450E+01 -0.6917788399448808E+00  0.6713716388965611E-04
  0.2326575297071134E+01 -0.6858557625704990E+00  0.6525108272041539E-04
  0.2318404717938913E+01 -0.6798868986975534E+00  0.6373824129839835E-04
  0.2310234138612046E+01 -0.6738726467966731E+00  0.6312007866818726E-04
  0.2302063559096557E+01 -0.6678134083685102E+00  0.6291078627931454E-04
  0.2293892979398239E+01 -0.6617095879169366E+00  0.6250902011781777E-04
  0.2285722399522673E+01 -0.6555615929220400E+00  0.6178385418205270E-04
  0.2277551819475234E+01 -0.6493698338129212E+00  0.6101962477819327E-04
  0.2269381239261100E+01 -0.6431347239402948E+00  0.6024681562241485E-04
  0.2261210658885265E+01 -0.6368566795488945E+00  0.5904272177189213E-04
  0.2253040078352542E+01 -0.6305361197496849E+00  0.5746941219234510E-04
  0.2244869497667577E+01 -0.6241734664918837E+00  0.5632119200636975E-04
  0.2236698916834853E+01 -0.6177691445347914E+00  0.5599107922406727E-04
  0.2228528335858699E+01 -0.6113235814194364E+00  0.5616502294480298E-04
  0.2220357754743295E+01 -0.6048372074400329E+00  0.5622472478127601E-04
  0.2212187173492683E+01 -0.5983104556152549E+00  0.5573544819536565E-04
  0.2204016592110768E+01 -0.5917437616593286E+00  0.5486420111598656E-04
  0.2195846010601326E+01 -0.5851375639529456E+00  0.5406760746585337E-04
  0.2187675428968010E+01 -0.5784923035139965E+00  0.5340673891995307E-04
  0.2179504847214357E+01 -0.5718084239681300E+00  0.5247369618939251E-04
  0.2171334265343789E+01 -0.5650863715191369E+00  0.5081659108325619E-04
  0.2163163683359622E+01 -0.5583265949191624E+00  0.4845825461791505E-04
  0.2154993101265066E+01 -0.5515295454387482E+00  0.4575490280688820E-04
  0.2146822519063234E+01 -0.5446956768367068E+00  0.4303403221488749E-04
  0.2138651936757143E+01 -0.5378254453298289E+00  0.4014959726664041E-04
  0.2130481354349721E+01 -0.5309193095624275E+00  0.3658220687651774E-04
  0.2122310771843806E+01 -0.5239777305757194E+00  0.3233992762748905E-04
  0.2114140189242155E+01 -0.5170011717770473E+00  0.2836163348593328E-04
  0.2105969606547443E+01 -0.5099900989089429E+00  0.2535043639378954E-04
  0.2097799023762269E+01 -0.5029449800180356E+00  0.2326288571992779E-04
  0.2089628440889158E+01 -0.4958662854238058E+00  0.2222068541522409E-04
  0.2081457857930564E+01 -0.4887544876871878E+00  0.2243367050785199E-04
  0.2073287274888874E+01 -0.4816100615790221E+00  0.2330837833812616E-04
  0.2065116691766407E+01 -0.4744334840483606E+00  0.2406937821128644E-04
  0.2056946108565423E+01 -0.4672252341906264E+00  0.2482892188086309E-04
  0.2048775525288118E+01 -0.4599857932156304E+00  0.2610909001442987E-04
  0.2040604941936635E+01 -0.4527156444154464E+00  0.2775085317911192E-04
  0.2032434358513056E+01 -0.4454152731321473E+00  0.2901247410797358E-04
  0.2024263775019413E+01 -0.4380851667254050E+00  0.2929152975338687E-04
  0.2016093191457685E+01 -0.4307258145399545E+00  0.2857156114143203E-04
  0.2007922607829804E+01 -0.4233377078729265E+00  0.2740489779673671E-04
  0.1999752024137653E+01 -0.4159213399410494E+00  0.2638568310719806E-04
  0.1991581440383068E+01 -0.4084772058477228E+00  0.2565015199956726E-04
  0.1983410856567843E+01 -0.4010058025499653E+00  0.2525214562433601E-04
  0.1975240272693730E+01 -0.3935076288252386E+00  0.2520823290044230E-04
  0.1967069688762441E+01 -0.3859831852381501E+00  0.2534774198400484E-04
  0.1958899104775647E+01 -0.3784329741070359E+00  0.2561863254282039E-04
  0.1950728520734982E+01 -0.3708574994704271E+00  0.2622821616862737E-04
  0.1942557936642046E+01 -0.3632572670534011E+00  0.2736126531932008E-04
  0.1934387352498403E+01 -0.3556327842338202E+00  0.2879508596535559E-04
  0.1926216768305583E+01 -0.3479845600084601E+00  0.3005742775428455E-04
  0.1918046184065086E+01 -0.3403131049590297E+00  0.3135116380691482E-04
  0.1909875599778379E+01 -0.3326189312180866E+00  0.3339523740298399E-04
  0.1901705015446901E+01 -0.3249025524348469E+00  0.3615686171439198E-04
  0.1893534431072063E+01 -0.3171644837408958E+00  0.3844599298395232E-04
  0.1885363846655247E+01 -0.3094052417157978E+00  0.3916128405367280E-04
  0.1877193262197810E+01 -0.3016253443526109E+00  0.3841393131539782E-04
  0.1869022677701083E+01 -0.2938253110233064E+00  0.3707538982134764E-04
  0.1860852093166375E+01 -0.2860056624440968E+00  0.3560798072098340E-04
  0.1852681508594969E+01 -0.2781669206406729E+00  0.3414488258365062E-04
  0.1844510923988128E+01 -0.2703096089133553E+00  0.3307398437764563E-04
  0.1836340339347093E+01 -0.2624342518021592E+00  0.3281091062680063E-04
  0.1828169754673083E+01 -0.2545413750517773E+00  0.3335569567436075E-04
  0.1819999169967299E+01 -0.2466315055764818E+00  0.3439977180907440E-04
  0.1811828585230925E+01 -0.2387051714249486E+00  0.3563813277614752E-04
  0.1803658000465123E+01 -0.2307629017450062E+00  0.3681583338632729E-04
  0.1795487415671042E+01 -0.2228052267483099E+00  0.3770960436207776E-04
  0.1787316830849811E+01 -0.2148326776749467E+00  0.3842558497829816E-04
  0.1779146246002545E+01 -0.2068457867579697E+00  0.3926905378252788E-04
  0.1770975661130345E+01 -0.1988450871878683E+00  0.4037194975578464E-04
  0.1762805076234296E+01 -0.1908311130769725E+00  0.4126232576776007E-04
  0.1754634491315471E+01 -0.1828043994237966E+00  0.4115927551797998E-04
  0.1746463906374929E+01 -0.1747654820773241E+00  0.4009438446789055E-04
  0.1738293321413718E+01 -0.1667148977012352E+00  0.3900104764572589E-04
  0.1730122736432872E+01 -0.1586531837380799E+00  0.3838979657091995E-04
  0.1721952151433418E+01 -0.1505808783733995E+00  0.3775980207213498E-04
  0.1713781566416370E+01 -0.1424985204997981E+00  0.3651124859145280E-04
  0.1705610981382731E+01 -0.1344066496809675E+00  0.3478703845675286E-04
  0.1697440396333499E+01 -0.1263058061156663E+00  0.3284373123516110E-04
  0.1689269811269659E+01 -0.1181965306016578E+00  0.3047416693010896E-04
  0.1681099226192191E+01 -0.1100793644996070E+00  0.2752865132548932E-04
  0.1672928641102067E+01 -0.1019548496969404E+00  0.2453910702808740E-04
  0.1664758056000250E+01 -0.9382352857167028E-01  0.2247249035339282E-04
  0.1656587470887701E+01 -0.8568594395618719E-01  0.2189928595683981E-04
  0.1648416885765370E+01 -0.7754263910102077E-01  0.2234507149841545E-04
  0.1640246300634206E+01 -0.6939415763857371E-01  0.2299357894647077E-04
  0.1632075715495151E+01 -0.6124104354682962E-01  0.2339530977837264E-04
  0.1623905130349143E+01 -0.5308384111303818E-01  0.2336922639983653E-04
  0.1615734545197117E+01 -0.4492309489737940E-01  0.2279337061696171E-04
  0.1607563960040004E+01 -0.3675934969660982E-01  0.2162588647922228E-04
  0.1599393374878733E+01 -0.2859315050769285E-01  0.1995289113762229E-04
  0.1591222789714229E+01 -0.2042504249141571E-01  0.1834681069508026E-04
  0.1583052204547419E+01 -0.1225557093599554E-01  0.1749049211993751E-04
  0.1574881619379224E+01 -0.4085281220676868E-02  0.1730585397484108E-04
  0.1566711034210569E+01  0.4085281220676868E-02  0.1697712827732233E-04
  0.1558540449042374E+01  0.1225557093599554E-01  0.1589239823114924E-04
  0.1550369863875564E+01  0.2042504249141571E-01  0.1397199644681715E-04
  0.1542199278711061E+01  0.2859315050769285E-01  0.1143295299832020E-04
  0.1534028693549790E+01  0.3675934969660982E-01  0.8460068200559516E-05
  0.1525858108392677E+01  0.4492309489737940E-01  0.5090316333808479E-05
  0.1517687523240650E+01  0.5308384111303818E-01  0.1460133819046609E-05
  0.1509516938094642E+01  0.6124104354682962E-01 -0.2078146889156773E-05
  0.1501346352955587E+01  0.6939415763857371E-01 -0.5245852260016743E-05
  0.1493175767824423E+01  0.7754263910102077E-01 -0.7806879486756533E-05
  0.1485005182702093E+01  0.8568594395618719E-01 -0.9430042251609449E-05
  0.1476834597589543E+01  0.9382352857167028E-01 -0.9979130642742035E-05
  0.1468664012487727E+01  0.1019548496969404E+00 -0.1005689258514016E-04
  0.1460493427397602E+01  0.1100793644996070E+00 -0.1067332888177325E-04
  0.1452322842320134E+01  0.1181965306016578E+00 -0.1237701620120920E-04
  0.1444152257256294E+01  0.1263058061156663E+00 -0.1483351578088917E-04
  0.1435981672207062E+01  0.1344066496809675E+00 -0.1737036577112827E-04
  0.1427811087173423E+01  0.1424985204997981E+00 -0.1928257209526902E-04
  0.1419640502156375E+01  0.1505808783733995E+00 -0.1995929171459188E-04
  0.1411469917156921E+01  0.1586531837380799E+00 -0.1922259322772503E-04
  0.1403299332176076E+01  0.1667148977012352E+00 -0.1759167708546278E-04
  0.1395128747214864E+01  0.1747654820773241E+00 -0.1598299802493722E-04
  0.1386958162274323E+01  0.1828043994237966E+00 -0.1519958262417949E-04
  0.1378787577355497E+01  0.1908311130769725E+00 -0.1540331003475982E-04
  0.1370616992459449E+01  0.1988450871878683E+00 -0.1611622498469423E-04
  0.1362446407587248E+01  0.2068457867579697E+00 -0.1676704592535111E-04
  0.1354275822739983E+01  0.2148326776749467E+00 -0.1735740433633155E-04
  0.1346105237918751E+01  0.2228052267483099E+00 -0.1822211850905007E-04
  0.1337934653124670E+01  0.2307629017450062E+00 -0.1959567307849526E-04
  0.1329764068358868E+01  0.2387051714249486E+00 -0.2133050156226889E-04
  0.1321593483622494E+01  0.2466315055764818E+00 -0.2278334734725391E-04
  0.1313422898916710E+01  0.2545413750517773E+00 -0.2354552784519629E-04
  0.1305252314242701E+01  0.2624342518021592E+00 -0.2438591317807545E-04
  0.1297081729601665E+01  0.2703096089133553E+00 -0.2638254486065156E-04
  0.1288911144994824E+01  0.2781669206406729E+00 -0.2958066128500857E-04
  0.1280740560423418E+01  0.2860056624440968E+00 -0.3307654350842455E-04
  0.1272569975888710E+01  0.2938253110233064E+00 -0.3603857572469116E-04
  0.1264399391391984E+01  0.3016253443526109E+00 -0.3789235211780733E-04
  0.1256228806934547E+01  0.3094052417157978E+00 -0.3846354411414947E-04
  0.1248058222517730E+01  0.3171644837408958E+00 -0.3831716392947045E-04
  0.1239887638142892E+01  0.3249025524348469E+00 -0.3850658092683978E-04
  0.1231717053811414E+01  0.3326189312180866E+00 -0.3968806637871864E-04
  0.1223546469524707E+01  0.3403131049590297E+00 -0.4185857618727333E-04
  0.1215375885284210E+01  0.3479845600084601E+00 -0.4438682670253467E-04
  0.1207205301091390E+01  0.3556327842338202E+00 -0.4655717757290794E-04
  0.1199034716947747E+01  0.3632572670534011E+00 -0.4855136259012445E-04
  0.1190864132854811E+01  0.3708574994704271E+00 -0.5119559483589627E-04
  0.1182693548814147E+01  0.3784329741070359E+00 -0.5444729665602339E-04
  0.1174522964827352E+01  0.3859831852381501E+00 -0.5769602444237987E-04
  0.1166352380896063E+01  0.3935076288252386E+00 -0.6062616888053920E-04
  0.1158181797021950E+01  0.4010058025499653E+00 -0.6323590737168282E-04
  0.1150011213206726E+01  0.4084772058477228E+00 -0.6559348244922321E-04
  0.1141840629452141E+01  0.4159213399410494E+00 -0.6779148420983687E-04
  0.1133670045759989E+01  0.4233377078729265E+00 -0.7001388197049328E-04
  0.1125499462132108E+01  0.4307258145399545E+00 -0.7249510179672123E-04
  0.1117328878570381E+01  0.4380851667254050E+00 -0.7520006490928868E-04
  0.1109158295076737E+01  0.4454152731321473E+00 -0.7815053122667353E-04
  0.1100987711653159E+01  0.4527156444154464E+00 -0.8152357971498229E-04
  0.1092817128301675E+01  0.4599857932156304E+00 -0.8559242852288368E-04
  0.1084646545024371E+01  0.4672252341906264E+00 -0.9068729494038275E-04
  0.1076475961823386E+01  0.4744334840483606E+00 -0.9665645072946505E-04
  0.1068305378700920E+01  0.4816100615790221E+00 -0.1022739065350340E-03
  0.1060134795659229E+01  0.4887544876871878E+00 -0.1062855476613414E-03
  0.1051964212700635E+01  0.4958662854238058E+00 -0.1085487081987211E-03
  0.1043793629827524E+01  0.5029449800180356E+00 -0.1097258466595661E-03
  0.1035623047042350E+01  0.5099900989089429E+00 -0.1105414185053669E-03
  0.1027452464347638E+01  0.5170011717770473E+00 -0.1118655470841953E-03
  0.1019281881745987E+01  0.5239777305757194E+00 -0.1145377427901656E-03
  0.1011111299240073E+01  0.5309193095624275E+00 -0.1184631413055634E-03
  0.1002940716832650E+01  0.5378254453298289E+00 -0.1224682517053417E-03
  0.9947701345265596E+00  0.5446956768367068E+00 -0.1260587115308066E-03
  0.9865995523247275E+00  0.5515295454387482E+00 -0.1298124130122209E-03
  0.9784289702301714E+00  0.5583265949191624E+00 -0.1340777198752266E-03
  0.9702583882460036E+00  0.5650863715191369E+00 -0.1383360593394586E-03
  0.9620878063754359E+00  0.5718084239681300E+00 -0.1418539406196383E-03
  0.9539172246217830E+00  0.5784923035139965E+00 -0.1444263633175630E-03
  0.9457466429884676E+00  0.5851375639529456E+00 -0.1464968048592760E-03
  0.9375760614790253E+00  0.5917437616593286E+00 -0.1482292393333069E-03
  0.9294054800971098E+00  0.5983104556152549E+00 -0.1495772268243945E-03
  0.9212348988464978E+00  0.6048372074400329E+00 -0.1512386236707974E-03
  0.9130643177310944E+00  0.6113235814194364E+00 -0.1542615988013149E-03
  0.9048937367549402E+00  0.6177691445347914E+00 -0.1582090996743794E-03
  0.8967231559222163E+00  0.6241734664918837E+00 -0.1614850103789526E-03
  0.8885525752372514E+00  0.6305361197496849E+00 -0.1632954134310854E-03
  0.8803819947045285E+00  0.6368566795488945E+00 -0.1644249663789851E-03
  0.8722114143286931E+00  0.6431347239402948E+00 -0.1659067673178553E-03
  0.8640408341145595E+00  0.6493698338129212E+00 -0.1678337047180372E-03
  0.8558702540671204E+00  0.6555615929220400E+00 -0.1694330045472421E-03
  0.8476996741915547E+00  0.6617095879169366E+00 -0.1701888993112929E-03
  0.8395290944932369E+00  0.6678134083685102E+00 -0.1699958853178563E-03
  0.8313585149777468E+00  0.6738726467966731E+00 -0.1690015511275188E-03
  0.8231879356508802E+00  0.6798868986975534E+00 -0.1674042960113157E-03
  0.8150173565186587E+00  0.6858557625704990E+00 -0.1654361171209924E-03
  0.8068467775873427E+00  0.6917788399448808E+00 -0.1634601512446858E-03
  0.7986761988634423E+00  0.6976557354066943E+00 -0.1619909008032445E-03
  0.7905056203537315E+00  0.7034860566249567E+00 -0.1611363701973950E-03
  0.7823350420652612E+00  0.7092694143778975E+00 -0.1604439736085594E-03
  0.7741644640053743E+00  0.7150054225789432E+00 -0.1593711693091659E-03
  0.7659938861817212E+00  0.7206936983024912E+00 -0.1581065425570465E-03
  0.7578233086022768E+00  0.7263338618094733E+00 -0.1573158257910759E-03
  0.7496527312753575E+00  0.7319255365727068E+00 -0.1575741288909101E-03
  0.7414821542096410E+00  0.7374683493020299E+00 -0.1586400366852353E-03
  0.7333115774141861E+00  0.7429619299692227E+00 -0.1591625927894359E-03
  0.7251410008984539E+00  0.7484059118327094E+00 -0.1574606039766263E-03
  0.7169704246723316E+00  0.7537999314620412E+00 -0.1532867648652164E-03
  0.7087998487461566E+00  0.7591436287621580E+00 -0.1476900798149090E-03
  0.7006292731307425E+00  0.7644366469974285E+00 -0.1419727640492461E-03
  0.6924586978374083E+00  0.7696786328154644E+00 -0.1370842289253237E-03
  0.6842881228780077E+00  0.7748692362707100E+00 -0.1333285184081524E-03
  0.6761175482649616E+00  0.7800081108478040E+00 -0.1299811748075490E-03
  0.6679469740112938E+00  0.7850949134847117E+00 -0.1262998981091145E-03
  0.6597764001306670E+00  0.7901293045956280E+00 -0.1219526965867648E-03
  0.6516058266374236E+00  0.7951109480936471E+00 -0.1172749083121552E-03
  0.6434352535466297E+00  0.8000395114131988E+00 -0.1128835435096236E-03
  0.6352646808741202E+00  0.8049146655322506E+00 -0.1091519070057543E-03
  0.6270941086365502E+00  0.8097360849942720E+00 -0.1061456280552641E-03
  0.6189235368514482E+00  0.8145034479299620E+00 -0.1037478544936772E-03
  0.6107529655372755E+00  0.8192164360787360E+00 -0.1011597373277866E-03
  0.6025823947134890E+00  0.8238747348099726E+00 -0.9763306803891046E-04
  0.5944118244006098E+00  0.8284780331440178E+00 -0.9307199694111044E-04
  0.5862412546202973E+00  0.8330260237729452E+00 -0.8778940403830133E-04
  0.5780706853954301E+00  0.8375184030810715E+00 -0.8163878461856097E-04
  0.5699001167501928E+00  0.8419548711652254E+00 -0.7419240458723220E-04
  0.5617295487101719E+00  0.8463351318547683E+00 -0.6529344060243766E-04
  0.5535589813024583E+00  0.8506588927313666E+00 -0.5522668720672280E-04
  0.5453884145557613E+00  0.8549258651485127E+00 -0.4427631334870192E-04
  0.5372178485005299E+00  0.8591357642507945E+00 -0.3323791780197008E-04
  0.5290472831690897E+00  0.8632883089929120E+00 -0.2293904578476908E-04
  0.5208767185957875E+00  0.8673832221584393E+00 -0.1337757579185294E-04
  0.5127061548171545E+00  0.8714202303783312E+00 -0.3568091978489148E-05
  0.5045355918720822E+00  0.8753990641491725E+00  0.6678361439551782E-05
  0.4963650298020162E+00  0.8793194578511700E+00  0.1699717074667592E-04
  0.4881944686511717E+00  0.8831811497658847E+00  0.2737413715326711E-04
  0.4800239084667671E+00  0.8869838820937034E+00  0.3800105370549835E-04
  0.4718533492992859E+00  0.8907274009710492E+00  0.4857863449777886E-04
  0.4636827912027636E+00  0.8944114564873288E+00  0.5893279730195239E-04
  0.4555122342351060E+00  0.8980358027016164E+00  0.6962221797615077E-04
  0.4473416784584431E+00  0.9016001976590722E+00  0.8146236698935172E-04
  0.4391711239395221E+00  0.9051044034070944E+00  0.9381603932682979E-04
  0.4310005707501444E+00  0.9085481860112055E+00  0.1053245547949296E-03
  0.4228300189676551E+00  0.9119313155706682E+00  0.1155473417484433E-03
  0.4146594686754885E+00  0.9152535662338340E+00  0.1253591478852847E-03
  0.4064889199637791E+00  0.9185147162132208E+00  0.1353889765921845E-03
  0.3983183729300507E+00  0.9217145478003181E+00  0.1462517371510796E-03
  0.3901478276799883E+00  0.9248528473801222E+00  0.1590134708930138E-03
  0.3819772843283120E+00  0.9279294054453956E+00  0.1743717326295514E-03
  0.3738067429997641E+00  0.9309440166106540E+00  0.1910477543189744E-03
  0.3656362038302282E+00  0.9338964796258775E+00  0.2071957817875220E-03
  0.3574656669680030E+00  0.9367865973899459E+00  0.2222066490030487E-03
  0.3492951325752533E+00  0.9396141769637963E+00  0.2370462581886899E-03
  0.3411246008296713E+00  0.9423790295833044E+00  0.2526342666519594E-03
  0.3329540719263814E+00  0.9450809706718851E+00  0.2696233477912239E-03
  0.3247835460801308E+00  0.9477198198528157E+00  0.2878698869838782E-03
  0.3166130235278230E+00  0.9502954009612771E+00  0.3067716987458974E-03
  0.3084425045314506E+00  0.9528075420561144E+00  0.3258426274743388E-03
  0.3002719893815085E+00  0.9552560754313160E+00  0.3456035281995490E-03
  0.2921014784009779E+00  0.9576408376272095E+00  0.3664074291871379E-03
  0.2839309719500016E+00  0.9599616694413742E+00  0.3885950350417256E-03
  0.2757604704313845E+00  0.9622184159392698E+00  0.4122217373226688E-03
  0.2675899742971076E+00  0.9644109264645802E+00  0.4373067596793277E-03
  0.2594194840560681E+00  0.9665390546492710E+00  0.4634114274203259E-03
  0.2512490002833307E+00  0.9686026584233628E+00  0.4908669377624047E-03
  0.2430785236312446E+00  0.9706016000244151E+00  0.5201647087556746E-03
  0.2349080548428762E+00  0.9725357460067257E+00  0.5514449660860739E-03
  0.2267375947683499E+00  0.9744049672502397E+00  0.5837772034617296E-03
  0.2185671443848464E+00  0.9762091389691724E+00  0.6165104004706423E-03
  0.2103967048212628E+00  0.9779481407203411E+00  0.6494724901362088E-03
  0.2022262773888417E+00  0.9796218564112101E+00  0.6832048583264535E-03
  0.1940558636195398E+00  0.9812301743076443E+00  0.7175791311154256E-03
  0.1858854653144977E+00  0.9827729870413743E+00  0.7524849798070045E-03
  0.1777150846058812E+00  0.9842501916171713E+00  0.7874299104225334E-03
  0.1695447240365762E+00  0.9856616894197333E+00  0.8223983807274014E-03
  0.1613743866640789E+00  0.9870073862202815E+00  0.8569836938621360E-03
  0.1532040761975885E+00  0.9882871921828699E+00  0.8920150142665435E-03
  0.1450337971813853E+00  0.9895010218704087E+00  0.9284446018575169E-03
  0.1368635552438019E+00  0.9906487942504061E+00  0.9673808528571858E-03
  0.1286933574408989E+00  0.9917304327004320E+00  0.1009124241695802E-02
  0.1205232127396896E+00  0.9927458650133153E+00  0.1054408847860496E-02
  0.1123531327118049E+00  0.9936950234020883E+00  0.1102692465484212E-02
  0.1041831325528455E+00  0.9945778445047068E+00  0.1154095416210691E-02
  0.9601323262085862E-01  0.9953942693885953E+00  0.1209176553767648E-02
  0.8784346083082471E-01  0.9961442435551087E+00  0.1270781730908257E-02
  0.7967385651719167E-01  0.9968277169440913E+00  0.1341187553151012E-02
  0.7150447693306423E-01  0.9974446439389107E+00  0.1423150439860168E-02
  0.6333540875299180E-01  0.9979949833727938E+00  0.1518733665231623E-02
  0.5516678972815772E-01  0.9984786985384589E+00  0.1631860230219473E-02
  0.4699885272846815E-01  0.9988957572063257E+00  0.1766356663632009E-02
  0.3883202470742381E-01  0.9992461316671845E+00  0.1934543827896158E-02
  0.3066718105470672E-01  0.9995297988558859E+00  0.2180650559170804E-02
  0.2250643816359393E-01  0.9997467408113523E+00  0.2626478064104990E-02
  0.1435650599352885E-01  0.9998969471378596E+00  0.3358243317954270E-02
  0.6254421014113626E-02  0.9999804411726474E+00  0.4116768324388373E-02
