# nlmax, ncor, nside =         383           1         128
  0.3135338232575680E+01 -0.9999804411726474E+00 -0.2826827684643141E+03
  0.3127236147596264E+01 -0.9998969471378596E+00 -0.2817092761101348E+03
  0.3119086215426199E+01 -0.9997467408113523E+00 -0.2811732638701814E+03
  0.3110925472535087E+01 -0.9995297988558859E+00 -0.2832289714740064E+03
  0.3102760628882369E+01 -0.9992461316671845E+00 -0.2881232484038003E+03
  0.3094593800861325E+01 -0.9988957572063257E+00 -0.2940836335743764E+03
  0.3086425863861635E+01 -0.9984786985384589E+00 -0.2980985876655480E+03
  0.3078257244836801E+01 -0.9979949833727938E+00 -0.2989020376416678E+03
  0.3070088176656729E+01 -0.9974446439389107E+00 -0.2980677346628877E+03
  0.3061918797072602E+01 -0.9968277169440913E+00 -0.2974353327760556E+03
  0.3053749192758969E+01 -0.9961442435551087E+00 -0.2966861500461082E+03
  0.3045579420968934E+01 -0.9953942693885953E+00 -0.2941911671303928E+03
  0.3037409521036948E+01 -0.9945778445047068E+00 -0.2888539358792250E+03
  0.3029239520877988E+01 -0.9936950234020883E+00 -0.2808841952552734E+03
  0.3021069440850104E+01 -0.9927458650133153E+00 -0.2717230274483743E+03
  0.3012899296148894E+01 -0.9917304327004320E+00 -0.2634797223468780E+03
  0.3004729098345992E+01 -0.9906487942504061E+00 -0.2565421028665692E+03
  0.2996558856408408E+01 -0.9895010218704087E+00 -0.2499206096743816E+03
  0.2988388577392205E+01 -0.9882871921828699E+00 -0.2429831373721985E+03
  0.2980218266925714E+01 -0.9870073862202815E+00 -0.2349646179797082E+03
  0.2972047929553217E+01 -0.9856616894197333E+00 -0.2250909871847363E+03
  0.2963877568983912E+01 -0.9842501916171713E+00 -0.2140882008828775E+03
  0.2955707188275296E+01 -0.9827729870413743E+00 -0.2039858402877113E+03
  0.2947536789970254E+01 -0.9812301743076443E+00 -0.1967278809891039E+03
  0.2939366376200951E+01 -0.9796218564112101E+00 -0.1921264360847412E+03
  0.2931195948768531E+01 -0.9779481407203411E+00 -0.1874196367318376E+03
  0.2923025509204947E+01 -0.9762091389691724E+00 -0.1802850420626361E+03
  0.2914855058821443E+01 -0.9744049672502397E+00 -0.1716571673578373E+03
  0.2906684598746917E+01 -0.9725357460067257E+00 -0.1646590001017423E+03
  0.2898514129958549E+01 -0.9706016000244151E+00 -0.1614084787882408E+03
  0.2890343653306462E+01 -0.9686026584233628E+00 -0.1614589317552200E+03
  0.2882173169533725E+01 -0.9665390546492710E+00 -0.1627056367688451E+03
  0.2874002679292686E+01 -0.9644109264645802E+00 -0.1626499404522432E+03
  0.2865832183158409E+01 -0.9622184159392698E+00 -0.1592280236678004E+03
  0.2857661681639792E+01 -0.9599616694413742E+00 -0.1521528102380373E+03
  0.2849491175188815E+01 -0.9576408376272095E+00 -0.1434193721234857E+03
  0.2841320664208285E+01 -0.9552560754313160E+00 -0.1353504295519134E+03
  0.2833150149058343E+01 -0.9528075420561144E+00 -0.1284839598976010E+03
  0.2824979630061970E+01 -0.9502954009612771E+00 -0.1219024433481107E+03
  0.2816809107509663E+01 -0.9477198198528157E+00 -0.1149309937621330E+03
  0.2808638581663412E+01 -0.9450809706718851E+00 -0.1079443156432067E+03
  0.2800468052760122E+01 -0.9423790295833044E+00 -0.1016668644560970E+03
  0.2792297521014540E+01 -0.9396141769637963E+00 -0.9623516639876678E+02
  0.2784126986621790E+01 -0.9367865973899459E+00 -0.9122429832330792E+02
  0.2775956449759565E+01 -0.9338964796258775E+00 -0.8614723327703516E+02
  0.2767785910590029E+01 -0.9309440166106540E+00 -0.8055975480251162E+02
  0.2759615369261481E+01 -0.9279294054453956E+00 -0.7410511193379574E+02
  0.2751444825909805E+01 -0.9248528473801222E+00 -0.6661031257762437E+02
  0.2743274280659743E+01 -0.9217145478003181E+00 -0.5851137162165338E+02
  0.2735103733626014E+01 -0.9185147162132208E+00 -0.5035754651198382E+02
  0.2726933184914305E+01 -0.9152535662338340E+00 -0.4248055943827836E+02
  0.2718762634622138E+01 -0.9119313155706682E+00 -0.3521795216105760E+02
  0.2710592082839649E+01 -0.9085481860112055E+00 -0.2838705399662779E+02
  0.2702421529650271E+01 -0.9051044034070944E+00 -0.2108350942328121E+02
  0.2694250975131350E+01 -0.9016001976590722E+00 -0.1281389300212260E+02
  0.2686080419354687E+01 -0.8980358027016164E+00 -0.4240446201011753E+01
  0.2677909862387029E+01 -0.8944114564873288E+00  0.3831078739333222E+01
  0.2669739304290507E+01 -0.8907274009710492E+00  0.1111608167791587E+02
  0.2661568745123026E+01 -0.8869838820937034E+00  0.1721577359195476E+02
  0.2653398184938621E+01 -0.8831811497658847E+00  0.2176121184579779E+02
  0.2645227623787777E+01 -0.8793194578511700E+00  0.2511116161768631E+02
  0.2637057061717711E+01 -0.8753990641491725E+00  0.2792292250719258E+02
  0.2628886498772639E+01 -0.8714202303783312E+00  0.3054428579100786E+02
  0.2620715934994006E+01 -0.8673832221584393E+00  0.3352122758883105E+02
  0.2612545370420704E+01 -0.8632883089929120E+00  0.3749475281973759E+02
  0.2604374805089263E+01 -0.8591357642507945E+00  0.4237004586000145E+02
  0.2596204239034032E+01 -0.8549258651485127E+00  0.4720793964453744E+02
  0.2588033672287335E+01 -0.8506588927313666E+00  0.5113213458862396E+02
  0.2579863104879621E+01 -0.8463351318547683E+00  0.5432904513361488E+02
  0.2571692536839600E+01 -0.8419548711652254E+00  0.5790195930537915E+02
  0.2563521968194363E+01 -0.8375184030810715E+00  0.6258963134706292E+02
  0.2555351398969496E+01 -0.8330260237729452E+00  0.6810879394614065E+02
  0.2547180829189184E+01 -0.8284780331440178E+00  0.7363727388133296E+02
  0.2539010258876304E+01 -0.8238747348099726E+00  0.7813751210553606E+02
  0.2530839688052518E+01 -0.8192164360787360E+00  0.8110464079322151E+02
  0.2522669116738345E+01 -0.8145034479299620E+00  0.8307422725047719E+02
  0.2514498544953243E+01 -0.8097360849942720E+00  0.8441600194953043E+02
  0.2506327972715673E+01 -0.8049146655322506E+00  0.8446173905190560E+02
  0.2498157400043163E+01 -0.8000395114131988E+00  0.8289206773339384E+02
  0.2489986826952370E+01 -0.7951109480936471E+00  0.8081388443449835E+02
  0.2481816253459126E+01 -0.7901293045956280E+00  0.7953548217361997E+02
  0.2473645679578500E+01 -0.7850949134847117E+00  0.7922283561879365E+02
  0.2465475105324832E+01 -0.7800081108478040E+00  0.7919324264574689E+02
  0.2457304530711785E+01 -0.7748692362707100E+00  0.7889935842948307E+02
  0.2449133955752385E+01 -0.7696786328154644E+00  0.7845835758239629E+02
  0.2440963380459050E+01 -0.7644366469974285E+00  0.7862594798238426E+02
  0.2432792804843637E+01 -0.7591436287621580E+00  0.7988574526970777E+02
  0.2424622228917462E+01 -0.7537999314620412E+00  0.8173324917349683E+02
  0.2416451652691339E+01 -0.7484059118327094E+00  0.8342130646388627E+02
  0.2408281076175607E+01 -0.7429619299692227E+00  0.8471348256389665E+02
  0.2400110499380152E+01 -0.7374683493020299E+00  0.8572127599247266E+02
  0.2391939922314436E+01 -0.7319255365727068E+00  0.8635992462898398E+02
  0.2383769344987516E+01 -0.7263338618094733E+00  0.8616458309717235E+02
  0.2375598767408072E+01 -0.7206936983024912E+00  0.8502458643484248E+02
  0.2367428189584419E+01 -0.7150054225789432E+00  0.8353337527780144E+02
  0.2359257611524532E+01 -0.7092694143778975E+00  0.8231512414354577E+02
  0.2351087033236062E+01 -0.7034860566249567E+00  0.8139354786311905E+02
  0.2342916454726351E+01 -0.6976557354066943E+00  0.8028616510273785E+02
  0.2334745876002450E+01 -0.6917788399448808E+00  0.7847661693153877E+02
  0.2326575297071134E+01 -0.6858557625704990E+00  0.7619790927449429E+02
  0.2318404717938913E+01 -0.6798868986975534E+00  0.7433396094205092E+02
  0.2310234138612046E+01 -0.6738726467966731E+00  0.7330744957589043E+02
  0.2302063559096557E+01 -0.6678134083685102E+00  0.7267489761338628E+02
  0.2293892979398239E+01 -0.6617095879169366E+00  0.7177594676561439E+02
  0.2285722399522673E+01 -0.6555615929220400E+00  0.7046860930715590E+02
  0.2277551819475234E+01 -0.6493698338129212E+00  0.6920205938855553E+02
  0.2269381239261100E+01 -0.6431347239402948E+00  0.6816971865213321E+02
  0.2261210658885265E+01 -0.6368566795488945E+00  0.6696873511887604E+02
  0.2253040078352542E+01 -0.6305361197496849E+00  0.6551876602551343E+02
  0.2244869497667577E+01 -0.6241734664918837E+00  0.6441159029336239E+02
  0.2236698916834853E+01 -0.6177691445347914E+00  0.6406471009792700E+02
  0.2228528335858699E+01 -0.6113235814194364E+00  0.6418789553278243E+02
  0.2220357754743295E+01 -0.6048372074400329E+00  0.6412225270560741E+02
  0.2212187173492683E+01 -0.5983104556152549E+00  0.6355629247271337E+02
  0.2204016592110768E+01 -0.5917437616593286E+00  0.6270568197677171E+02
  0.2195846010601326E+01 -0.5851375639529456E+00  0.6186079761873693E+02
  0.2187675428968010E+01 -0.5784923035139965E+00  0.6107867134848482E+02
  0.2179504847214357E+01 -0.5718084239681300E+00  0.6002535097072808E+02
  0.2171334265343789E+01 -0.5650863715191369E+00  0.5819837504792877E+02
  0.2163163683359622E+01 -0.5583265949191624E+00  0.5553836293770596E+02
  0.2154993101265066E+01 -0.5515295454387482E+00  0.5239576904249512E+02
  0.2146822519063234E+01 -0.5446956768367068E+00  0.4902393527625041E+02
  0.2138651936757143E+01 -0.5378254453298289E+00  0.4533202253417117E+02
  0.2130481354349721E+01 -0.5309193095624275E+00  0.4103769017914741E+02
  0.2122310771843806E+01 -0.5239777305757194E+00  0.3624389194393164E+02
  0.2114140189242155E+01 -0.5170011717770473E+00  0.3178356012044727E+02
  0.2105969606547443E+01 -0.5099900989089429E+00  0.2825870014480966E+02
  0.2097799023762269E+01 -0.5029449800180356E+00  0.2572784228460081E+02
  0.2089628440889158E+01 -0.4958662854238058E+00  0.2439684570425054E+02
  0.2081457857930564E+01 -0.4887544876871878E+00  0.2434435622224358E+02
  0.2073287274888874E+01 -0.4816100615790221E+00  0.2484616030033769E+02
  0.2065116691766407E+01 -0.4744334840483606E+00  0.2510139498893115E+02
  0.2056946108565423E+01 -0.4672252341906264E+00  0.2530968151627053E+02
  0.2048775525288118E+01 -0.4599857932156304E+00  0.2611308252519498E+02
  0.2040604941936635E+01 -0.4527156444154464E+00  0.2739310621400544E+02
  0.2032434358513056E+01 -0.4454152731321473E+00  0.2827228107120376E+02
  0.2024263775019413E+01 -0.4380851667254050E+00  0.2800935759686412E+02
  0.2016093191457685E+01 -0.4307258145399545E+00  0.2667648485988531E+02
  0.2007922607829804E+01 -0.4233377078729265E+00  0.2494746561483129E+02
  0.1999752024137653E+01 -0.4159213399410494E+00  0.2336858809482530E+02
  0.1991581440383068E+01 -0.4084772058477228E+00  0.2205518318393887E+02
  0.1983410856567843E+01 -0.4010058025499653E+00  0.2101875402073411E+02
  0.1975240272693730E+01 -0.3935076288252386E+00  0.2026687232397691E+02
  0.1967069688762441E+01 -0.3859831852381501E+00  0.1974017247397762E+02
  0.1958899104775647E+01 -0.3784329741070359E+00  0.1944588854033866E+02
  0.1950728520734982E+01 -0.3708574994704271E+00  0.1948300403029038E+02
  0.1942557936642046E+01 -0.3632572670534011E+00  0.1985353356533260E+02
  0.1934387352498403E+01 -0.3556327842338202E+00  0.2029970828848564E+02
  0.1926216768305583E+01 -0.3479845600084601E+00  0.2053038112401380E+02
  0.1918046184065086E+01 -0.3403131049590297E+00  0.2094118224591247E+02
  0.1909875599778379E+01 -0.3326189312180866E+00  0.2231976572641041E+02
  0.1901705015446901E+01 -0.3249025524348469E+00  0.2458193710888366E+02
  0.1893534431072063E+01 -0.3171644837408958E+00  0.2648081212011801E+02
  0.1885363846655247E+01 -0.3094052417157978E+00  0.2689161398920834E+02
  0.1877193262197810E+01 -0.3016253443526109E+00  0.2590845547773788E+02
  0.1869022677701083E+01 -0.2938253110233064E+00  0.2438816324003977E+02
  0.1860852093166375E+01 -0.2860056624440968E+00  0.2280675104015805E+02
  0.1852681508594969E+01 -0.2781669206406729E+00  0.2131403609677963E+02
  0.1844510923988128E+01 -0.2703096089133553E+00  0.2029040126026403E+02
  0.1836340339347093E+01 -0.2624342518021592E+00  0.2014337545764110E+02
  0.1828169754673083E+01 -0.2545413750517773E+00  0.2078371911273770E+02
  0.1819999169967299E+01 -0.2466315055764818E+00  0.2177130886838361E+02
  0.1811828585230925E+01 -0.2387051714249486E+00  0.2278823749218058E+02
  0.1803658000465123E+01 -0.2307629017450062E+00  0.2374481828790942E+02
  0.1795487415671042E+01 -0.2228052267483099E+00  0.2455119723810536E+02
  0.1787316830849811E+01 -0.2148326776749467E+00  0.2519261737999503E+02
  0.1779146246002545E+01 -0.2068457867579697E+00  0.2581592354199665E+02
  0.1770975661130345E+01 -0.1988450871878683E+00  0.2648340056066050E+02
  0.1762805076234296E+01 -0.1908311130769725E+00  0.2683690503407011E+02
  0.1754634491315471E+01 -0.1828043994237966E+00  0.2633493866813110E+02
  0.1746463906374929E+01 -0.1747654820773241E+00  0.2499876607043705E+02
  0.1738293321413718E+01 -0.1667148977012352E+00  0.2364228936298359E+02
  0.1730122736432872E+01 -0.1586531837380799E+00  0.2281971551154619E+02
  0.1721952151433418E+01 -0.1505808783733995E+00  0.2209580334925692E+02
  0.1713781566416370E+01 -0.1424985204997981E+00  0.2083248784821729E+02
  0.1705610981382731E+01 -0.1344066496809675E+00  0.1912079071064421E+02
  0.1697440396333499E+01 -0.1263058061156663E+00  0.1720402555127078E+02
  0.1689269811269659E+01 -0.1181965306016578E+00  0.1480462933893835E+02
  0.1681099226192191E+01 -0.1100793644996070E+00  0.1171223010133374E+02
  0.1672928641102067E+01 -0.1019548496969404E+00  0.8546026214205281E+01
  0.1664758056000250E+01 -0.9382352857167028E-01  0.6237318290936892E+01
  0.1656587470887701E+01 -0.8568594395618719E-01  0.5270231475761714E+01
  0.1648416885765370E+01 -0.7754263910102077E-01  0.5254374161686852E+01
  0.1640246300634206E+01 -0.6939415763857371E-01  0.5465672415955838E+01
  0.1632075715495151E+01 -0.6124104354682962E-01  0.5487517346424021E+01
  0.1623905130349143E+01 -0.5308384111303818E-01  0.5207209449663226E+01
  0.1615734545197117E+01 -0.4492309489737940E-01  0.4524756712422050E+01
  0.1607563960040004E+01 -0.3675934969660982E-01  0.3273980632956505E+01
  0.1599393374878733E+01 -0.2859315050769285E-01  0.1511401667833532E+01
  0.1591222789714229E+01 -0.2042504249141571E-01 -0.7221329963449603E-01
  0.1583052204547419E+01 -0.1225557093599554E-01 -0.7511354384801812E+00
  0.1574881619379224E+01 -0.4085281220676868E-02 -0.7091277695071254E+00
  0.1566711034210569E+01  0.4085281220676868E-02 -0.8079878443405082E+00
  0.1558540449042374E+01  0.1225557093599554E-01 -0.1576891556797955E+01
  0.1550369863875564E+01  0.2042504249141571E-01 -0.3092995388848998E+01
  0.1542199278711061E+01  0.2859315050769285E-01 -0.5185257188980229E+01
  0.1534028693549790E+01  0.3675934969660982E-01 -0.7744371535352114E+01
  0.1525858108392677E+01  0.4492309489737940E-01 -0.1072596858886356E+02
  0.1517687523240650E+01  0.5308384111303818E-01 -0.1397109640464668E+02
  0.1509516938094642E+01  0.6124104354682962E-01 -0.1719401634834705E+02
  0.1501346352955587E+01  0.6939415763857371E-01 -0.2014559448774354E+02
  0.1493175767824423E+01  0.7754263910102077E-01 -0.2258879358178811E+02
  0.1485005182702093E+01  0.8568594395618719E-01 -0.2414598919399702E+02
  0.1476834597589543E+01  0.9382352857167028E-01 -0.2455579912285444E+02
  0.1468664012487727E+01  0.1019548496969404E+00 -0.2438839923294585E+02
  0.1460493427397602E+01  0.1100793644996070E+00 -0.2476833501172288E+02
  0.1452322842320134E+01  0.1181965306016578E+00 -0.2626164461799539E+02
  0.1444152257256294E+01  0.1263058061156663E+00 -0.2853124957521933E+02
  0.1435981672207062E+01  0.1344066496809675E+00 -0.3090468443393675E+02
  0.1427811087173423E+01  0.1424985204997981E+00 -0.3264181723852340E+02
  0.1419640502156375E+01  0.1505808783733995E+00 -0.3314732022512965E+02
  0.1411469917156921E+01  0.1586531837380799E+00 -0.3231936313898077E+02
  0.1403299332176076E+01  0.1667148977012352E+00 -0.3069415425587680E+02
  0.1395128747214864E+01  0.1747654820773241E+00 -0.2914381781902570E+02
  0.1386958162274323E+01  0.1828043994237966E+00 -0.2844702826701690E+02
  0.1378787577355497E+01  0.1908311130769725E+00 -0.2872442739364182E+02
  0.1370616992459449E+01  0.1988450871878683E+00 -0.2941698469141372E+02
  0.1362446407587248E+01  0.2068457867579697E+00 -0.2999102001824514E+02
  0.1354275822739983E+01  0.2148326776749467E+00 -0.3052841827817999E+02
  0.1346105237918751E+01  0.2228052267483099E+00 -0.3133819460297106E+02
  0.1337934653124670E+01  0.2307629017450062E+00 -0.3259720218136560E+02
  0.1329764068358868E+01  0.2387051714249486E+00 -0.3417705539231161E+02
  0.1321593483622494E+01  0.2466315055764818E+00 -0.3548683492580890E+02
  0.1313422898916710E+01  0.2545413750517773E+00 -0.3615729550857475E+02
  0.1305252314242701E+01  0.2624342518021592E+00 -0.3690789430048489E+02
  0.1297081729601665E+01  0.2703096089133553E+00 -0.3877288377556220E+02
  0.1288911144994824E+01  0.2781669206406729E+00 -0.4185202829745843E+02
  0.1280740560423418E+01  0.2860056624440968E+00 -0.4533125214550262E+02
  0.1272569975888710E+01  0.2938253110233064E+00 -0.4840262200663309E+02
  0.1264399391391984E+01  0.3016253443526109E+00 -0.5049412846500520E+02
  0.1256228806934547E+01  0.3094052417157978E+00 -0.5133223139452692E+02
  0.1248058222517730E+01  0.3171644837408958E+00 -0.5132266881522789E+02
  0.1239887638142892E+01  0.3249025524348469E+00 -0.5150009837744075E+02
  0.1231717053811414E+01  0.3326189312180866E+00 -0.5267663202292904E+02
  0.1223546469524707E+01  0.3403131049590297E+00 -0.5497064760545759E+02
  0.1215375885284210E+01  0.3479845600084601E+00 -0.5761031989392728E+02
  0.1207205301091390E+01  0.3556327842338202E+00 -0.5963420308810606E+02
  0.1199034716947747E+01  0.3632572670534011E+00 -0.6118296198811156E+02
  0.1190864132854811E+01  0.3708574994704271E+00 -0.6318896321319688E+02
  0.1182693548814147E+01  0.3784329741070359E+00 -0.6586710645070494E+02
  0.1174522964827352E+01  0.3859831852381501E+00 -0.6873562086888025E+02
  0.1166352380896063E+01  0.3935076288252386E+00 -0.7131044137555018E+02
  0.1158181797021950E+01  0.4010058025499653E+00 -0.7339083536155172E+02
  0.1150011213206726E+01  0.4084772058477228E+00 -0.7506326646968543E+02
  0.1141840629452141E+01  0.4159213399410494E+00 -0.7657270702398736E+02
  0.1133670045759989E+01  0.4233377078729265E+00 -0.7814761707332525E+02
  0.1125499462132108E+01  0.4307258145399545E+00 -0.7998364460201999E+02
  0.1117328878570381E+01  0.4380851667254050E+00 -0.8204257224162866E+02
  0.1109158295076737E+01  0.4454152731321473E+00 -0.8437994437926284E+02
  0.1100987711653159E+01  0.4527156444154464E+00 -0.8719363934216388E+02
  0.1092817128301675E+01  0.4599857932156304E+00 -0.9060383714747330E+02
  0.1084646545024371E+01  0.4672252341906264E+00 -0.9488334052269606E+02
  0.1076475961823386E+01  0.4744334840483606E+00 -0.1000380593402880E+03
  0.1068305378700920E+01  0.4816100615790221E+00 -0.1049632258348923E+03
  0.1060134795659229E+01  0.4887544876871878E+00 -0.1082929027291069E+03
  0.1051964212700635E+01  0.4958662854238058E+00 -0.1098064370660475E+03
  0.1043793629827524E+01  0.5029449800180356E+00 -0.1102883059994458E+03
  0.1035623047042350E+01  0.5099900989089429E+00 -0.1105641485481182E+03
  0.1027452464347638E+01  0.5170011717770473E+00 -0.1115218175942031E+03
  0.1019281881745987E+01  0.5239777305757194E+00 -0.1139846105309497E+03
  0.1011111299240073E+01  0.5309193095624275E+00 -0.1177740968954854E+03
  0.1002940716832650E+01  0.5378254453298289E+00 -0.1216956853860983E+03
  0.9947701345265596E+00  0.5446956768367068E+00 -0.1252639290217659E+03
  0.9865995523247275E+00  0.5515295454387482E+00 -0.1290097226189108E+03
  0.9784289702301714E+00  0.5583265949191624E+00 -0.1332359079740647E+03
  0.9702583882460036E+00  0.5650863715191369E+00 -0.1373302054733069E+03
  0.9620878063754359E+00  0.5718084239681300E+00 -0.1405580069513132E+03
  0.9539172246217830E+00  0.5784923035139965E+00 -0.1428563387524056E+03
  0.9457466429884676E+00  0.5851375639529456E+00 -0.1447688442212605E+03
  0.9375760614790253E+00  0.5917437616593286E+00 -0.1463790258445034E+03
  0.9294054800971098E+00  0.5983104556152549E+00 -0.1475935474082457E+03
  0.9212348988464978E+00  0.6048372074400329E+00 -0.1491001280856977E+03
  0.9130643177310944E+00  0.6113235814194364E+00 -0.1518724274205920E+03
  0.9048937367549402E+00  0.6177691445347914E+00 -0.1555503720567892E+03
  0.8967231559222163E+00  0.6241734664918837E+00 -0.1586677116027604E+03
  0.8885525752372514E+00  0.6305361197496849E+00 -0.1603823324606692E+03
  0.8803819947045285E+00  0.6368566795488945E+00 -0.1613036939771825E+03
  0.8722114143286931E+00  0.6431347239402948E+00 -0.1624323839784177E+03
  0.8640408341145595E+00  0.6493698338129212E+00 -0.1639936703737663E+03
  0.8558702540671204E+00  0.6555615929220400E+00 -0.1653790891516311E+03
  0.8476996741915547E+00  0.6617095879169366E+00 -0.1660708620938234E+03
  0.8395290944932369E+00  0.6678134083685102E+00 -0.1659064061810849E+03
  0.8313585149777468E+00  0.6738726467966731E+00 -0.1649280476108347E+03
  0.8231879356508802E+00  0.6798868986975534E+00 -0.1632260639493177E+03
  0.8150173565186587E+00  0.6858557625704990E+00 -0.1610318150255890E+03
  0.8068467775873427E+00  0.6917788399448808E+00 -0.1587471367478258E+03
  0.7986761988634423E+00  0.6976557354066943E+00 -0.1569265046244445E+03
  0.7905056203537315E+00  0.7034860566249567E+00 -0.1557232225440440E+03
  0.7823350420652612E+00  0.7092694143778975E+00 -0.1547895041570828E+03
  0.7741644640053743E+00  0.7150054225789432E+00 -0.1536808122965473E+03
  0.7659938861817212E+00  0.7206936983024912E+00 -0.1525197261369077E+03
  0.7578233086022768E+00  0.7263338618094733E+00 -0.1517276774478907E+03
  0.7496527312753575E+00  0.7319255365727068E+00 -0.1516483373944022E+03
  0.7414821542096410E+00  0.7374683493020299E+00 -0.1521531708090056E+03
  0.7333115774141861E+00  0.7429619299692227E+00 -0.1522754564460712E+03
  0.7251410008984539E+00  0.7484059118327094E+00 -0.1504695936871825E+03
  0.7169704246723316E+00  0.7537999314620412E+00 -0.1462430885605927E+03
  0.7087998487461566E+00  0.7591436287621580E+00 -0.1404180576333807E+03
  0.7006292731307425E+00  0.7644366469974285E+00 -0.1343765948482484E+03
  0.6924586978374083E+00  0.7696786328154644E+00 -0.1292214433075654E+03
  0.6842881228780077E+00  0.7748692362707100E+00 -0.1252217794471551E+03
  0.6761175482649616E+00  0.7800081108478040E+00 -0.1216644126372168E+03
  0.6679469740112938E+00  0.7850949134847117E+00 -0.1177445406072460E+03
  0.6597764001306670E+00  0.7901293045956280E+00 -0.1131171269831900E+03
  0.6516058266374236E+00  0.7951109480936471E+00 -0.1081635050974096E+03
  0.6434352535466297E+00  0.8000395114131988E+00 -0.1035413630296069E+03
  0.6352646808741202E+00  0.8049146655322506E+00 -0.9962142034918126E+02
  0.6270941086365502E+00  0.8097360849942720E+00 -0.9637753246059526E+02
  0.6189235368514482E+00  0.8145034479299620E+00 -0.9362014163817508E+02
  0.6107529655372755E+00  0.8192164360787360E+00 -0.9060898898202625E+02
  0.6025823947134890E+00  0.8238747348099726E+00 -0.8664045655608172E+02
  0.5944118244006098E+00  0.8284780331440178E+00 -0.8175614722655142E+02
  0.5862412546202973E+00  0.8330260237729452E+00 -0.7635832342559311E+02
  0.5780706853954301E+00  0.8375184030810715E+00 -0.7019142781703987E+02
  0.5699001167501928E+00  0.8419548711652254E+00 -0.6278060633843257E+02
  0.5617295487101719E+00  0.8463351318547683E+00 -0.5391419731826937E+02
  0.5535589813024583E+00  0.8506588927313666E+00 -0.4375797838333258E+02
  0.5453884145557613E+00  0.8549258651485127E+00 -0.3262586142767501E+02
  0.5372178485005299E+00  0.8591357642507945E+00 -0.2131286563790126E+02
  0.5290472831690897E+00  0.8632883089929120E+00 -0.1060461671534009E+02
  0.5208767185957875E+00  0.8673832221584393E+00 -0.4890657388258808E+00
  0.5127061548171545E+00  0.8714202303783312E+00  0.9909620087056494E+01
  0.5045355918720822E+00  0.8753990641491725E+00  0.2078738250578152E+02
  0.4963650298020162E+00  0.8793194578511700E+00  0.3176859234375068E+02
  0.4881944686511717E+00  0.8831811497658847E+00  0.4278261946648055E+02
  0.4800239084667671E+00  0.8869838820937034E+00  0.5393350082327587E+02
  0.4718533492992859E+00  0.8907274009710492E+00  0.6497592068989854E+02
  0.4636827912027636E+00  0.8944114564873288E+00  0.7593441114409289E+02
  0.4555122342351060E+00  0.8980358027016164E+00  0.8727853131863988E+02
  0.4473416784584431E+00  0.9016001976590722E+00  0.9951225841653100E+02
  0.4391711239395221E+00  0.9051044034070944E+00  0.1120851433546066E+03
  0.4310005707501444E+00  0.9085481860112055E+00  0.1239747990720247E+03
  0.4228300189676551E+00  0.9119313155706682E+00  0.1347910599090312E+03
  0.4146594686754885E+00  0.9152535662338340E+00  0.1452893177181639E+03
  0.4064889199637791E+00  0.9185147162132208E+00  0.1561178445568944E+03
  0.3983183729300507E+00  0.9217145478003181E+00  0.1678406072513528E+03
  0.3901478276799883E+00  0.9248528473801222E+00  0.1814421625911543E+03
  0.3819772843283120E+00  0.9279294054453956E+00  0.1975713025039794E+03
  0.3738067429997641E+00  0.9309440166106540E+00  0.2151022116026393E+03
  0.3656362038302282E+00  0.9338964796258775E+00  0.2322302903687811E+03
  0.3574656669680030E+00  0.9367865973899459E+00  0.2481992726015739E+03
  0.3492951325752533E+00  0.9396141769637963E+00  0.2639843207958966E+03
  0.3411246008296713E+00  0.9423790295833044E+00  0.2808027589830727E+03
  0.3329540719263814E+00  0.9450809706718851E+00  0.2993297774587601E+03
  0.3247835460801308E+00  0.9477198198528157E+00  0.3190882193231867E+03
  0.3166130235278230E+00  0.9502954009612771E+00  0.3391142655750837E+03
  0.3084425045314506E+00  0.9528075420561144E+00  0.3588871534955472E+03
  0.3002719893815085E+00  0.9552560754313160E+00  0.3791826351988890E+03
  0.2921014784009779E+00  0.9576408376272095E+00  0.4006680426131209E+03
  0.2839309719500016E+00  0.9599616694413742E+00  0.4236457998157973E+03
  0.2757604704313845E+00  0.9622184159392698E+00  0.4480356755904479E+03
  0.2675899742971076E+00  0.9644109264645802E+00  0.4736563417826601E+03
  0.2594194840560681E+00  0.9665390546492710E+00  0.5001690638738415E+03
  0.2512490002833307E+00  0.9686026584233628E+00  0.5281080587663326E+03
  0.2430785236312446E+00  0.9706016000244151E+00  0.5581190403574980E+03
  0.2349080548428762E+00  0.9725357460067257E+00  0.5901415428343342E+03
  0.2267375947683499E+00  0.9744049672502397E+00  0.6231415216588997E+03
  0.2185671443848464E+00  0.9762091389691724E+00  0.6566914118410274E+03
  0.2103967048212628E+00  0.9779481407203411E+00  0.6909152260327049E+03
  0.2022262773888417E+00  0.9796218564112101E+00  0.7261799673188818E+03
  0.1940558636195398E+00  0.9812301743076443E+00  0.7620613994218979E+03
  0.1858854653144977E+00  0.9827729870413743E+00  0.7980846507541772E+03
  0.1777150846058812E+00  0.9842501916171713E+00  0.8337556874314228E+03
  0.1695447240365762E+00  0.9856616894197333E+00  0.8693553489579059E+03
  0.1613743866640789E+00  0.9870073862202815E+00  0.9049284430386085E+03
  0.1532040761975885E+00  0.9882871921828699E+00  0.9408509509421282E+03
  0.1450337971813853E+00  0.9895010218704087E+00  0.9777102763069066E+03
  0.1368635552438019E+00  0.9906487942504061E+00  0.1016646094990150E+04
  0.1286933574408989E+00  0.9917304327004320E+00  0.1058233484659107E+04
  0.1205232127396896E+00  0.9927458650133153E+00  0.1103318493392599E+04
  0.1123531327118049E+00  0.9936950234020883E+00  0.1151622231719629E+04
  0.1041831325528455E+00  0.9945778445047068E+00  0.1203457946435699E+04
  0.9601323262085862E-01  0.9953942693885953E+00  0.1259421245009819E+04
  0.8784346083082471E-01  0.9961442435551087E+00  0.1322115468506075E+04
  0.7967385651719167E-01  0.9968277169440913E+00  0.1393645949417809E+04
  0.7150447693306423E-01  0.9974446439389107E+00  0.1476802420512544E+04
  0.6333540875299180E-01  0.9979949833727938E+00  0.1573908687938780E+04
  0.5516678972815772E-01  0.9984786985384589E+00  0.1688755185487214E+04
  0.4699885272846815E-01  0.9988957572063257E+00  0.1824723693288266E+04
  0.3883202470742381E-01  0.9992461316671845E+00  0.1993774159418756E+04
  0.3066718105470672E-01  0.9995297988558859E+00  0.2241504762664063E+04
  0.2250643816359393E-01  0.9997467408113523E+00  0.2690497449314347E+04
  0.1435650599352885E-01  0.9998969471378596E+00  0.3427541315585671E+04
  0.6254421014113626E-02  0.9999804411726474E+00  0.4187983562866944E+04
