# nlmax, ncor, nside =         383           1         128
  0.3135338232575680E+01 -0.9999804411726474E+00 -0.2794277712383643E+03
  0.3127236147596264E+01 -0.9998969471378596E+00 -0.2794304648946425E+03
  0.3119086215426199E+01 -0.9997467408113523E+00 -0.2802676300206612E+03
  0.3110925472535087E+01 -0.9995297988558859E+00 -0.2828634208549532E+03
  0.3102760628882369E+01 -0.9992461316671845E+00 -0.2872977185398254E+03
  0.3094593800861325E+01 -0.9988957572063257E+00 -0.2923607467284237E+03
  0.3086425863861635E+01 -0.9984786985384589E+00 -0.2963599740129860E+03
  0.3078257244836801E+01 -0.9979949833727938E+00 -0.2984284526056418E+03
  0.3070088176656729E+01 -0.9974446439389107E+00 -0.2989082642925305E+03
  0.3061918797072602E+01 -0.9968277169440913E+00 -0.2985173924783109E+03
  0.3053749192758969E+01 -0.9961442435551087E+00 -0.2973620507278628E+03
  0.3045579420968934E+01 -0.9953942693885953E+00 -0.2948641816409810E+03
  0.3037409521036948E+01 -0.9945778445047068E+00 -0.2904574380819394E+03
  0.3029239520877988E+01 -0.9936950234020883E+00 -0.2842479836435456E+03
  0.3021069440850104E+01 -0.9927458650133153E+00 -0.2770659120894433E+03
  0.3012899296148894E+01 -0.9917304327004320E+00 -0.2698590044012166E+03
  0.3004729098345992E+01 -0.9906487942504061E+00 -0.2630028467958802E+03
  0.2996558856408408E+01 -0.9895010218704087E+00 -0.2562225299528612E+03
  0.2988388577392205E+01 -0.9882871921828699E+00 -0.2489510441129266E+03
  0.2980218266925714E+01 -0.9870073862202815E+00 -0.2406309988232087E+03
  0.2972047929553217E+01 -0.9856616894197333E+00 -0.2310697780953798E+03
  0.2963877568983912E+01 -0.9842501916171713E+00 -0.2208643801448865E+03
  0.2955707188275296E+01 -0.9827729870413743E+00 -0.2112749967749440E+03
  0.2947536789970254E+01 -0.9812301743076443E+00 -0.2033000865450892E+03
  0.2939366376200951E+01 -0.9796218564112101E+00 -0.1967511792171517E+03
  0.2931195948768531E+01 -0.9779481407203411E+00 -0.1904386065041448E+03
  0.2923025509204947E+01 -0.9762091389691724E+00 -0.1834824617635357E+03
  0.2914855058821443E+01 -0.9744049672502397E+00 -0.1763736220165090E+03
  0.2906684598746917E+01 -0.9725357460067257E+00 -0.1706030226756936E+03
  0.2898514129958549E+01 -0.9706016000244151E+00 -0.1673127114175516E+03
  0.2890343653306462E+01 -0.9686026584233628E+00 -0.1663080582094289E+03
  0.2882173169533725E+01 -0.9665390546492710E+00 -0.1661098619660650E+03
  0.2874002679292686E+01 -0.9644109264645802E+00 -0.1647784432846057E+03
  0.2865832183158409E+01 -0.9622184159392698E+00 -0.1609520956729098E+03
  0.2857661681639792E+01 -0.9599616694413742E+00 -0.1545524635203522E+03
  0.2849491175188815E+01 -0.9576408376272095E+00 -0.1466726952571516E+03
  0.2841320664208285E+01 -0.9552560754313160E+00 -0.1386504788928063E+03
  0.2833150149058343E+01 -0.9528075420561144E+00 -0.1311443918050871E+03
  0.2824979630061970E+01 -0.9502954009612771E+00 -0.1240594800911465E+03
  0.2816809107509663E+01 -0.9477198198528157E+00 -0.1171482949672706E+03
  0.2808638581663412E+01 -0.9450809706718851E+00 -0.1104478757685314E+03
  0.2800468052760122E+01 -0.9423790295833044E+00 -0.1041979884139679E+03
  0.2792297521014540E+01 -0.9396141769637963E+00 -0.9853506794533597E+02
  0.2784126986621790E+01 -0.9367865973899459E+00 -0.9330448573154410E+02
  0.2775956449759565E+01 -0.9338964796258775E+00 -0.8809652085702585E+02
  0.2767785910590029E+01 -0.9309440166106540E+00 -0.8243440755025009E+02
  0.2759615369261481E+01 -0.9279294054453956E+00 -0.7598893742410323E+02
  0.2751444825909805E+01 -0.9248528473801222E+00 -0.6874267762752032E+02
  0.2743274280659743E+01 -0.9217145478003181E+00 -0.6098825338303978E+02
  0.2735103733626014E+01 -0.9185147162132208E+00 -0.5311583135886197E+02
  0.2726933184914305E+01 -0.9152535662338340E+00 -0.4538864026898374E+02
  0.2718762634622138E+01 -0.9119313155706682E+00 -0.3784702432330961E+02
  0.2710592082839649E+01 -0.9085481860112055E+00 -0.3029243577634803E+02
  0.2702421529650271E+01 -0.9051044034070944E+00 -0.2242639785222291E+02
  0.2694250975131350E+01 -0.9016001976590722E+00 -0.1416521778778904E+02
  0.2686080419354687E+01 -0.8980358027016164E+00 -0.5799751899920444E+01
  0.2677909862387029E+01 -0.8944114564873288E+00  0.2195318159693097E+01
  0.2669739304290507E+01 -0.8907274009710492E+00  0.9395638693198253E+01
  0.2661568745123026E+01 -0.8869838820937034E+00  0.1549368846419137E+02
  0.2653398184938621E+01 -0.8831811497658847E+00  0.2038047730764096E+02
  0.2645227623787777E+01 -0.8793194578511700E+00  0.2425381258301745E+02
  0.2637057061717711E+01 -0.8753990641491725E+00  0.2754462802228011E+02
  0.2628886498772639E+01 -0.8714202303783312E+00  0.3074593397730222E+02
  0.2620715934994006E+01 -0.8673832221584393E+00  0.3430525449432155E+02
  0.2612545370420704E+01 -0.8632883089929120E+00  0.3846827257459326E+02
  0.2604374805089263E+01 -0.8591357642507945E+00  0.4308934712099207E+02
  0.2596204239034032E+01 -0.8549258651485127E+00  0.4771108367110338E+02
  0.2588033672287335E+01 -0.8506588927313666E+00  0.5197220628735260E+02
  0.2579863104879621E+01 -0.8463351318547683E+00  0.5595263059291516E+02
  0.2571692536839600E+01 -0.8419548711652254E+00  0.6007444238492425E+02
  0.2563521968194363E+01 -0.8375184030810715E+00  0.6466469339423068E+02
  0.2555351398969496E+01 -0.8330260237729452E+00  0.6962120850118562E+02
  0.2547180829189184E+01 -0.8284780331440178E+00  0.7443492311998179E+02
  0.2539010258876304E+01 -0.8238747348099726E+00  0.7850762752434817E+02
  0.2530839688052518E+01 -0.8192164360787360E+00  0.8151918889221771E+02
  0.2522669116738345E+01 -0.8145034479299620E+00  0.8347743135390739E+02
  0.2514498544953243E+01 -0.8097360849942720E+00  0.8441361283385854E+02
  0.2506327972715673E+01 -0.8049146655322506E+00  0.8426974097500516E+02
  0.2498157400043163E+01 -0.8000395114131988E+00  0.8322698800815327E+02
  0.2489986826952370E+01 -0.7951109480936471E+00  0.8188800955268306E+02
  0.2481816253459126E+01 -0.7901293045956280E+00  0.8089866214673448E+02
  0.2473645679578500E+01 -0.7850949134847117E+00  0.8047372988038103E+02
  0.2465475105324832E+01 -0.7800081108478040E+00  0.8038982244198625E+02
  0.2457304530711785E+01 -0.7748692362707100E+00  0.8037052225866526E+02
  0.2449133955752385E+01 -0.7696786328154644E+00  0.8043051914172510E+02
  0.2440963380459050E+01 -0.7644366469974285E+00  0.8085945047821265E+02
  0.2432792804843637E+01 -0.7591436287621580E+00  0.8186781162702577E+02
  0.2424622228917462E+01 -0.7537999314620412E+00  0.8330809159200221E+02
  0.2416451652691339E+01 -0.7484059118327094E+00  0.8480677466819535E+02
  0.2408281076175607E+01 -0.7429619299692227E+00  0.8607436850052085E+02
  0.2400110499380152E+01 -0.7374683493020299E+00  0.8698001459598659E+02
  0.2391939922314436E+01 -0.7319255365727068E+00  0.8740875126590517E+02
  0.2383769344987516E+01 -0.7263338618094733E+00  0.8722295004781967E+02
  0.2375598767408072E+01 -0.7206936983024912E+00  0.8641325488702624E+02
  0.2367428189584419E+01 -0.7150054225789432E+00  0.8517878119184340E+02
  0.2359257611524532E+01 -0.7092694143778975E+00  0.8377400243890806E+02
  0.2351087033236062E+01 -0.7034860566249567E+00  0.8228665820602359E+02
  0.2342916454726351E+01 -0.6976557354066943E+00  0.8059439997717868E+02
  0.2334745876002450E+01 -0.6917788399448808E+00  0.7858846578408884E+02
  0.2326575297071134E+01 -0.6858557625704990E+00  0.7643579701659219E+02
  0.2318404717938913E+01 -0.6798868986975534E+00  0.7449979978512177E+02
  0.2310234138612046E+01 -0.6738726467966731E+00  0.7297208337924270E+02
  0.2302063559096557E+01 -0.6678134083685102E+00  0.7170429257594883E+02
  0.2293892979398239E+01 -0.6617095879169366E+00  0.7043400332034757E+02
  0.2285722399522673E+01 -0.6555615929220400E+00  0.6907257570513326E+02
  0.2277551819475234E+01 -0.6493698338129212E+00  0.6770713892431583E+02
  0.2269381239261100E+01 -0.6431347239402948E+00  0.6639468161985404E+02
  0.2261210658885265E+01 -0.6368566795488945E+00  0.6511443797951293E+02
  0.2253040078352542E+01 -0.6305361197496849E+00  0.6393938783480152E+02
  0.2244869497667577E+01 -0.6241734664918837E+00  0.6307064245053098E+02
  0.2236698916834853E+01 -0.6177691445347914E+00  0.6261688126909329E+02
  0.2228528335858699E+01 -0.6113235814194364E+00  0.6244114262395401E+02
  0.2220357754743295E+01 -0.6048372074400329E+00  0.6226990711877280E+02
  0.2212187173492683E+01 -0.5983104556152549E+00  0.6189988688684345E+02
  0.2204016592110768E+01 -0.5917437616593286E+00  0.6128745754950181E+02
  0.2195846010601326E+01 -0.5851375639529456E+00  0.6047820365675164E+02
  0.2187675428968010E+01 -0.5784923035139965E+00  0.5946459705598772E+02
  0.2179504847214357E+01 -0.5718084239681300E+00  0.5809893478467669E+02
  0.2171334265343789E+01 -0.5650863715191369E+00  0.5617038050666304E+02
  0.2163163683359622E+01 -0.5583265949191624E+00  0.5359690466452780E+02
  0.2154993101265066E+01 -0.5515295454387482E+00  0.5049880485875249E+02
  0.2146822519063234E+01 -0.5446956768367068E+00  0.4704818635938096E+02
  0.2138651936757143E+01 -0.5378254453298289E+00  0.4329997541292282E+02
  0.2130481354349721E+01 -0.5309193095624275E+00  0.3925342084437952E+02
  0.2122310771843806E+01 -0.5239777305757194E+00  0.3507504720014178E+02
  0.2114140189242155E+01 -0.5170011717770473E+00  0.3114611692692410E+02
  0.2105969606547443E+01 -0.5099900989089429E+00  0.2785865793069755E+02
  0.2097799023762269E+01 -0.5029449800180356E+00  0.2548044303511156E+02
  0.2089628440889158E+01 -0.4958662854238058E+00  0.2415974682561512E+02
  0.2081457857930564E+01 -0.4887544876871878E+00  0.2382869516621348E+02
  0.2073287274888874E+01 -0.4816100615790221E+00  0.2414542463828930E+02
  0.2065116691766407E+01 -0.4744334840483606E+00  0.2476338822608005E+02
  0.2056946108565423E+01 -0.4672252341906264E+00  0.2561621519289849E+02
  0.2048775525288118E+01 -0.4599857932156304E+00  0.2675811703115902E+02
  0.2040604941936635E+01 -0.4527156444154464E+00  0.2798687053401104E+02
  0.2032434358513056E+01 -0.4454152731321473E+00  0.2882187017772388E+02
  0.2024263775019413E+01 -0.4380851667254050E+00  0.2888591111142621E+02
  0.2016093191457685E+01 -0.4307258145399545E+00  0.2820470255958112E+02
  0.2007922607829804E+01 -0.4233377078729265E+00  0.2711128871849973E+02
  0.1999752024137653E+01 -0.4159213399410494E+00  0.2595224728261879E+02
  0.1991581440383068E+01 -0.4084772058477228E+00  0.2492955797879809E+02
  0.1983410856567843E+01 -0.4010058025499653E+00  0.2412156482534999E+02
  0.1975240272693730E+01 -0.3935076288252386E+00  0.2352596698300587E+02
  0.1967069688762441E+01 -0.3859831852381501E+00  0.2309814768438574E+02
  0.1958899104775647E+01 -0.3784329741070359E+00  0.2282904629086186E+02
  0.1950728520734982E+01 -0.3708574994704271E+00  0.2277267966389907E+02
  0.1942557936642046E+01 -0.3632572670534011E+00  0.2295736513736016E+02
  0.1934387352498403E+01 -0.3556327842338202E+00  0.2332140064663953E+02
  0.1926216768305583E+01 -0.3479845600084601E+00  0.2382466013942169E+02
  0.1918046184065086E+01 -0.3403131049590297E+00  0.2459290086642208E+02
  0.1909875599778379E+01 -0.3326189312180866E+00  0.2577437228043336E+02
  0.1901705015446901E+01 -0.3249025524348469E+00  0.2717938420021183E+02
  0.1893534431072063E+01 -0.3171644837408958E+00  0.2822625191428196E+02
  0.1885363846655247E+01 -0.3094052417157978E+00  0.2838565014009318E+02
  0.1877193262197810E+01 -0.3016253443526109E+00  0.2760103067675669E+02
  0.1869022677701083E+01 -0.2938253110233064E+00  0.2621470418485790E+02
  0.1860852093166375E+01 -0.2860056624440968E+00  0.2464690370758330E+02
  0.1852681508594969E+01 -0.2781669206406729E+00  0.2325814634203528E+02
  0.1844510923988128E+01 -0.2703096089133553E+00  0.2234249624812983E+02
  0.1836340339347093E+01 -0.2624342518021592E+00  0.2204770559648174E+02
  0.1828169754673083E+01 -0.2545413750517773E+00  0.2231051210003663E+02
  0.1819999169967299E+01 -0.2466315055764818E+00  0.2294328885626071E+02
  0.1811828585230925E+01 -0.2387051714249486E+00  0.2376884110670699E+02
  0.1803658000465123E+01 -0.2307629017450062E+00  0.2465746966927654E+02
  0.1795487415671042E+01 -0.2228052267483099E+00  0.2551090880925438E+02
  0.1787316830849811E+01 -0.2148326776749467E+00  0.2628849964068015E+02
  0.1779146246002545E+01 -0.2068457867579697E+00  0.2700232884049628E+02
  0.1770975661130345E+01 -0.1988450871878683E+00  0.2758989111288520E+02
  0.1762805076234296E+01 -0.1908311130769725E+00  0.2782076873462045E+02
  0.1754634491315471E+01 -0.1828043994237966E+00  0.2746549667386693E+02
  0.1746463906374929E+01 -0.1747654820773241E+00  0.2658111684477898E+02
  0.1738293321413718E+01 -0.1667148977012352E+00  0.2548891332667300E+02
  0.1730122736432872E+01 -0.1586531837380799E+00  0.2440760070609350E+02
  0.1721952151433418E+01 -0.1505808783733995E+00  0.2323684706558931E+02
  0.1713781566416370E+01 -0.1424985204997981E+00  0.2175519067756123E+02
  0.1705610981382731E+01 -0.1344066496809675E+00  0.1986999667865224E+02
  0.1697440396333499E+01 -0.1263058061156663E+00  0.1758672723132496E+02
  0.1689269811269659E+01 -0.1181965306016578E+00  0.1492558373053872E+02
  0.1681099226192191E+01 -0.1100793644996070E+00  0.1204706169747150E+02
  0.1672928641102067E+01 -0.1019548496969404E+00  0.9365104182717348E+01
  0.1664758056000250E+01 -0.9382352857167028E-01  0.7361256228122699E+01
  0.1656587470887701E+01 -0.8568594395618719E-01  0.6237481992804666E+01
  0.1648416885765370E+01 -0.7754263910102077E-01  0.5783782109297229E+01
  0.1640246300634206E+01 -0.6939415763857371E-01  0.5595232700664694E+01
  0.1632075715495151E+01 -0.6124104354682962E-01  0.5351616007423896E+01
  0.1623905130349143E+01 -0.5308384111303818E-01  0.4873189036235202E+01
  0.1615734545197117E+01 -0.4492309489737940E-01  0.4041077514750596E+01
  0.1607563960040004E+01 -0.3675934969660982E-01  0.2808681510543107E+01
  0.1599393374878733E+01 -0.2859315050769285E-01  0.1330383357631354E+01
  0.1591222789714229E+01 -0.2042504249141571E-01 -0.8041771265767210E-02
  0.1583052204547419E+01 -0.1225557093599554E-01 -0.8580684815606410E+00
  0.1574881619379224E+01 -0.4085281220676868E-02 -0.1255121902256079E+01
  0.1566711034210569E+01  0.4085281220676868E-02 -0.1599080613201638E+01
  0.1558540449042374E+01  0.1225557093599554E-01 -0.2301413373717608E+01
  0.1550369863875564E+01  0.2042504249141571E-01 -0.3555301883512628E+01
  0.1542199278711061E+01  0.2859315050769285E-01 -0.5383373894626147E+01
  0.1534028693549790E+01  0.3675934969660982E-01 -0.7731996131913037E+01
  0.1525858108392677E+01  0.4492309489737940E-01 -0.1047039884570377E+02
  0.1517687523240650E+01  0.5308384111303818E-01 -0.1337657374014340E+02
  0.1509516938094642E+01  0.6124104354682962E-01 -0.1619319637314898E+02
  0.1501346352955587E+01  0.6939415763857371E-01 -0.1869997673640737E+02
  0.1493175767824423E+01  0.7754263910102077E-01 -0.2070822182305446E+02
  0.1485005182702093E+01  0.8568594395618719E-01 -0.2205541830400270E+02
  0.1476834597589543E+01  0.9382352857167028E-01 -0.2275604542928814E+02
  0.1468664012487727E+01  0.1019548496969404E+00 -0.2317086418554722E+02
  0.1460493427397602E+01  0.1100793644996070E+00 -0.2385996440961993E+02
  0.1452322842320134E+01  0.1181965306016578E+00 -0.2517460514317954E+02
  0.1444152257256294E+01  0.1263058061156663E+00 -0.2701661603977086E+02
  0.1435981672207062E+01  0.1344066496809675E+00 -0.2893593152683871E+02
  0.1427811087173423E+01  0.1424985204997981E+00 -0.3036928810898619E+02
  0.1419640502156375E+01  0.1505808783733995E+00 -0.3088467803283145E+02
  0.1411469917156921E+01  0.1586531837380799E+00 -0.3040568908913338E+02
  0.1403299332176076E+01  0.1667148977012352E+00 -0.2929883992324431E+02
  0.1395128747214864E+01  0.1747654820773241E+00 -0.2819741625171345E+02
  0.1386958162274323E+01  0.1828043994237966E+00 -0.2762738255330256E+02
  0.1378787577355497E+01  0.1908311130769725E+00 -0.2770674306302137E+02
  0.1370616992459449E+01  0.1988450871878683E+00 -0.2819209792794005E+02
  0.1362446407587248E+01  0.2068457867579697E+00 -0.2881163732892986E+02
  0.1354275822739983E+01  0.2148326776749467E+00 -0.2951224949913584E+02
  0.1346105237918751E+01  0.2228052267483099E+00 -0.3041019698452127E+02
  0.1337934653124670E+01  0.2307629017450062E+00 -0.3157706747293566E+02
  0.1329764068358868E+01  0.2387051714249486E+00 -0.3288141982362709E+02
  0.1321593483622494E+01  0.2466315055764818E+00 -0.3407695000062728E+02
  0.1313422898916710E+01  0.2545413750517773E+00 -0.3512785458879965E+02
  0.1305252314242701E+01  0.2624342518021592E+00 -0.3638437023395309E+02
  0.1297081729601665E+01  0.2703096089133553E+00 -0.3828686596487968E+02
  0.1288911144994824E+01  0.2781669206406729E+00 -0.4090065958846522E+02
  0.1280740560423418E+01  0.2860056624440968E+00 -0.4382165589845464E+02
  0.1272569975888710E+01  0.2938253110233064E+00 -0.4647946921727612E+02
  0.1264399391391984E+01  0.3016253443526109E+00 -0.4846089809563475E+02
  0.1256228806934547E+01  0.3094052417157978E+00 -0.4969277125017880E+02
  0.1248058222517730E+01  0.3171644837408958E+00 -0.5050326088176796E+02
  0.1239887638142892E+01  0.3249025524348469E+00 -0.5147088969458872E+02
  0.1231717053811414E+01  0.3326189312180866E+00 -0.5306530762014054E+02
  0.1223546469524707E+01  0.3403131049590297E+00 -0.5533230985224209E+02
  0.1215375885284210E+01  0.3479845600084601E+00 -0.5790237446587874E+02
  0.1207205301091390E+01  0.3556327842338202E+00 -0.6038474204281193E+02
  0.1199034716947747E+01  0.3632572670534011E+00 -0.6276080781651586E+02
  0.1190864132854811E+01  0.3708574994704271E+00 -0.6527893479441715E+02
  0.1182693548814147E+01  0.3784329741070359E+00 -0.6803553660407614E+02
  0.1174522964827352E+01  0.3859831852381501E+00 -0.7084703377170493E+02
  0.1166352380896063E+01  0.3935076288252386E+00 -0.7346679270122651E+02
  0.1158181797021950E+01  0.4010058025499653E+00 -0.7577892539801215E+02
  0.1150011213206726E+01  0.4084772058477228E+00 -0.7781631426440130E+02
  0.1141840629452141E+01  0.4159213399410494E+00 -0.7968820529017948E+02
  0.1133670045759989E+01  0.4233377078729265E+00 -0.8152088918401110E+02
  0.1125499462132108E+01  0.4307258145399545E+00 -0.8343642038658996E+02
  0.1117328878570381E+01  0.4380851667254050E+00 -0.8554546886123804E+02
  0.1109158295076737E+01  0.4454152731321473E+00 -0.8796506846890031E+02
  0.1100987711653159E+01  0.4527156444154464E+00 -0.9084740678802990E+02
  0.1092817128301675E+01  0.4599857932156304E+00 -0.9436391986496577E+02
  0.1084646545024371E+01  0.4672252341906264E+00 -0.9857123196435013E+02
  0.1076475961823386E+01  0.4744334840483606E+00 -0.1031735863574514E+03
  0.1068305378700920E+01  0.4816100615790221E+00 -0.1074628135557692E+03
  0.1060134795659229E+01  0.4887544876871878E+00 -0.1106922307348280E+03
  0.1051964212700635E+01  0.4958662854238058E+00 -0.1125848624890110E+03
  0.1043793629827524E+01  0.5029449800180356E+00 -0.1134772269838958E+03
  0.1035623047042350E+01  0.5099900989089429E+00 -0.1140892790244439E+03
  0.1027452464347638E+01  0.5170011717770473E+00 -0.1151854171317284E+03
  0.1019281881745987E+01  0.5239777305757194E+00 -0.1172136962585444E+03
  0.1011111299240073E+01  0.5309193095624275E+00 -0.1200888358700379E+03
  0.1002940716832650E+01  0.5378254453298289E+00 -0.1234076989047557E+03
  0.9947701345265596E+00  0.5446956768367068E+00 -0.1269129033185944E+03
  0.9865995523247275E+00  0.5515295454387482E+00 -0.1306118282812691E+03
  0.9784289702301714E+00  0.5583265949191624E+00 -0.1344700169672376E+03
  0.9702583882460036E+00  0.5650863715191369E+00 -0.1382050416564312E+03
  0.9620878063754359E+00  0.5718084239681300E+00 -0.1414658430761581E+03
  0.9539172246217830E+00  0.5784923035139965E+00 -0.1441026332785164E+03
  0.9457466429884676E+00  0.5851375639529456E+00 -0.1461919684406041E+03
  0.9375760614790253E+00  0.5917437616593286E+00 -0.1479207399503133E+03
  0.9294054800971098E+00  0.5983104556152549E+00 -0.1496095524349957E+03
  0.9212348988464978E+00  0.6048372074400329E+00 -0.1517296773297337E+03
  0.9130643177310944E+00  0.6113235814194364E+00 -0.1545763217513716E+03
  0.9048937367549402E+00  0.6177691445347914E+00 -0.1578644640254890E+03
  0.8967231559222163E+00  0.6241734664918837E+00 -0.1608897034279209E+03
  0.8885525752372514E+00  0.6305361197496849E+00 -0.1631773053940151E+03
  0.8803819947045285E+00  0.6368566795488945E+00 -0.1648307389247748E+03
  0.8722114143286931E+00  0.6431347239402948E+00 -0.1662136221196903E+03
  0.8640408341145595E+00  0.6493698338129212E+00 -0.1674556255447324E+03
  0.8558702540671204E+00  0.6555615929220400E+00 -0.1683504520373459E+03
  0.8476996741915547E+00  0.6617095879169366E+00 -0.1686110627491085E+03
  0.8395290944932369E+00  0.6678134083685102E+00 -0.1680944577020300E+03
  0.8313585149777468E+00  0.6738726467966731E+00 -0.1668373996028943E+03
  0.8231879356508802E+00  0.6798868986975534E+00 -0.1650029854646762E+03
  0.8150173565186587E+00  0.6858557625704990E+00 -0.1628396586138491E+03
  0.8068467775873427E+00  0.6917788399448808E+00 -0.1606488571195669E+03
  0.7986761988634423E+00  0.6976557354066943E+00 -0.1586998026792326E+03
  0.7905056203537315E+00  0.7034860566249567E+00 -0.1570932556636441E+03
  0.7823350420652612E+00  0.7092694143778975E+00 -0.1557325684673341E+03
  0.7741644640053743E+00  0.7150054225789432E+00 -0.1544986463829279E+03
  0.7659938861817212E+00  0.7206936983024912E+00 -0.1534443573269296E+03
  0.7578233086022768E+00  0.7263338618094733E+00 -0.1527641163052938E+03
  0.7496527312753575E+00  0.7319255365727068E+00 -0.1525466918841746E+03
  0.7414821542096410E+00  0.7374683493020299E+00 -0.1524833606222768E+03
  0.7333115774141861E+00  0.7429619299692227E+00 -0.1518043049117716E+03
  0.7251410008984539E+00  0.7484059118327094E+00 -0.1496774099692653E+03
  0.7169704246723316E+00  0.7537999314620412E+00 -0.1458292580650916E+03
  0.7087998487461566E+00  0.7591436287621580E+00 -0.1407641214047075E+03
  0.7006292731307425E+00  0.7644366469974285E+00 -0.1353799014210789E+03
  0.6924586978374083E+00  0.7696786328154644E+00 -0.1303817980124521E+03
  0.6842881228780077E+00  0.7748692362707100E+00 -0.1259383167415535E+03
  0.6761175482649616E+00  0.7800081108478040E+00 -0.1217367517108290E+03
  0.6679469740112938E+00  0.7850949134847117E+00 -0.1173467338712806E+03
  0.6597764001306670E+00  0.7901293045956280E+00 -0.1126117671101277E+03
  0.6516058266374236E+00  0.7951109480936471E+00 -0.1077723293793647E+03
  0.6434352535466297E+00  0.8000395114131988E+00 -0.1032386380198728E+03
  0.6352646808741202E+00  0.8049146655322506E+00 -0.9926216359988649E+02
  0.6270941086365502E+00  0.8097360849942720E+00 -0.9578333306950941E+02
  0.6189235368514482E+00  0.8145034479299620E+00 -0.9246910221565027E+02
  0.6107529655372755E+00  0.8192164360787360E+00 -0.8886735655627527E+02
  0.6025823947134890E+00  0.8238747348099726E+00 -0.8464751523179218E+02
  0.5944118244006098E+00  0.8284780331440178E+00 -0.7971680079049339E+02
  0.5862412546202973E+00  0.8330260237729452E+00 -0.7405159548045282E+02
  0.5780706853954301E+00  0.8375184030810715E+00 -0.6749115197296145E+02
  0.5699001167501928E+00  0.8419548711652254E+00 -0.5980275808956445E+02
  0.5617295487101719E+00  0.8463351318547683E+00 -0.5089457677417111E+02
  0.5535589813024583E+00  0.8506588927313666E+00 -0.4091440907235925E+02
  0.5453884145557613E+00  0.8549258651485127E+00 -0.3022022938697584E+02
  0.5372178485005299E+00  0.8591357642507945E+00 -0.1928205687323013E+02
  0.5290472831690897E+00  0.8632883089929120E+00 -0.8465489883785226E+01
  0.5208767185957875E+00  0.8673832221584393E+00  0.2161911856803123E+01
  0.5127061548171545E+00  0.8714202303783312E+00  0.1273610404357640E+02
  0.5045355918720822E+00  0.8753990641491725E+00  0.2334742692517129E+02
  0.4963650298020162E+00  0.8793194578511700E+00  0.3401349278378957E+02
  0.4881944686511717E+00  0.8831811497658847E+00  0.4477175825110045E+02
  0.4800239084667671E+00  0.8869838820937034E+00  0.5560691140269539E+02
  0.4718533492992859E+00  0.8907274009710492E+00  0.6639950608061710E+02
  0.4636827912027636E+00  0.8944114564873288E+00  0.7714120889938694E+02
  0.4555122342351060E+00  0.8980358027016164E+00  0.8808905295624022E+02
  0.4473416784584431E+00  0.9016001976590722E+00  0.9948656363160254E+02
  0.4391711239395221E+00  0.9051044034070944E+00  0.1111635810609067E+03
  0.4310005707501444E+00  0.9085481860112055E+00  0.1226494960025587E+03
  0.4228300189676551E+00  0.9119313155706682E+00  0.1337211265219590E+03
  0.4146594686754885E+00  0.9152535662338340E+00  0.1446774165445917E+03
  0.4064889199637791E+00  0.9185147162132208E+00  0.1561125646091488E+03
  0.3983183729300507E+00  0.9217145478003181E+00  0.1686481735617896E+03
  0.3901478276799883E+00  0.9248528473801222E+00  0.1827566525915974E+03
  0.3819772843283120E+00  0.9279294054453956E+00  0.1984439857453153E+03
  0.3738067429997641E+00  0.9309440166106540E+00  0.2150525827276624E+03
  0.3656362038302282E+00  0.9338964796258775E+00  0.2316971513144676E+03
  0.3574656669680030E+00  0.9367865973899459E+00  0.2480290466154918E+03
  0.3492951325752533E+00  0.9396141769637963E+00  0.2644746714194236E+03
  0.3411246008296713E+00  0.9423790295833044E+00  0.2817239409064034E+03
  0.3329540719263814E+00  0.9450809706718851E+00  0.3001074690269408E+03
  0.3247835460801308E+00  0.9477198198528157E+00  0.3194279745548355E+03
  0.3166130235278230E+00  0.9502954009612771E+00  0.3392724261115150E+03
  0.3084425045314506E+00  0.9528075420561144E+00  0.3594670031099971E+03
  0.3002719893815085E+00  0.9552560754313160E+00  0.3802652951798079E+03
  0.2921014784009779E+00  0.9576408376272095E+00  0.4021180860834379E+03
  0.2839309719500016E+00  0.9599616694413742E+00  0.4253386248424554E+03
  0.2757604704313845E+00  0.9622184159392698E+00  0.4499668918070554E+03
  0.2675899742971076E+00  0.9644109264645802E+00  0.4758815804168673E+03
  0.2594194840560681E+00  0.9665390546492710E+00  0.5030598968897400E+03
  0.2512490002833307E+00  0.9686026584233628E+00  0.5317297739077538E+03
  0.2430785236312446E+00  0.9706016000244151E+00  0.5621281219920102E+03
  0.2349080548428762E+00  0.9725357460067257E+00  0.5941302047107664E+03
  0.2267375947683499E+00  0.9744049672502397E+00  0.6272873699052960E+03
  0.2185671443848464E+00  0.9762091389691724E+00  0.6612384202078575E+03
  0.2103967048212628E+00  0.9779481407203411E+00  0.6958987787364623E+03
  0.2022262773888417E+00  0.9796218564112101E+00  0.7312546932026297E+03
  0.1940558636195398E+00  0.9812301743076443E+00  0.7671234605740797E+03
  0.1858854653144977E+00  0.9827729870413743E+00  0.8031791813945072E+03
  0.1777150846058812E+00  0.9842501916171713E+00  0.8391275769855445E+03
  0.1695447240365762E+00  0.9856616894197333E+00  0.8748448450564589E+03
  0.1613743866640789E+00  0.9870073862202815E+00  0.9104480327557563E+03
  0.1532040761975885E+00  0.9882871921828699E+00  0.9463704269745904E+03
  0.1450337971813853E+00  0.9895010218704087E+00  0.9833422773279058E+03
  0.1368635552438019E+00  0.9906487942504061E+00  0.1022237404292780E+04
  0.1286933574408989E+00  0.9917304327004320E+00  0.1063840672000796E+04
  0.1205232127396896E+00  0.9927458650133153E+00  0.1108663911503274E+04
  0.1123531327118049E+00  0.9936950234020883E+00  0.1156948647736853E+04
  0.1041831325528455E+00  0.9945778445047068E+00  0.1209029993657698E+04
  0.9601323262085862E-01  0.9953942693885953E+00  0.1265807911383734E+04
  0.8784346083082471E-01  0.9961442435551087E+00  0.1328931529092404E+04
  0.7967385651719167E-01  0.9968277169440913E+00  0.1400616384912643E+04
  0.7150447693306423E-01  0.9974446439389107E+00  0.1483467414303686E+04
  0.6333540875299180E-01  0.9979949833727938E+00  0.1580467075863216E+04
  0.5516678972815772E-01  0.9984786985384589E+00  0.1695588843385465E+04
  0.4699885272846815E-01  0.9988957572063257E+00  0.1836861861183705E+04
  0.3883202470742381E-01  0.9992461316671845E+00  0.2024627756753870E+04
  0.3066718105470672E-01  0.9995297988558859E+00  0.2298873810297483E+04
  0.2250643816359393E-01  0.9997467408113523E+00  0.2697104565039215E+04
  0.1435650599352885E-01  0.9998969471378596E+00  0.3180400994918022E+04
  0.6254421014113626E-02  0.9999804411726474E+00  0.3576801660329597E+04
