# nlmax, ncor, nside =         383           1         128
  0.3135338232575680E+01 -0.9999804411726474E+00 -0.3049345291729339E+03
  0.3127236147596264E+01 -0.9998969471378596E+00 -0.3038586826555340E+03
  0.3119086215426199E+01 -0.9997467408113523E+00 -0.3015923531849027E+03
  0.3110925472535087E+01 -0.9995297988558859E+00 -0.3009376977183961E+03
  0.3102760628882369E+01 -0.9992461316671845E+00 -0.3043050778918369E+03
  0.3094593800861325E+01 -0.9988957572063257E+00 -0.3100225082958836E+03
  0.3086425863861635E+01 -0.9984786985384589E+00 -0.3143857433094421E+03
  0.3078257244836801E+01 -0.9979949833727938E+00 -0.3161722448958651E+03
  0.3070088176656729E+01 -0.9974446439389107E+00 -0.3167555751582404E+03
  0.3061918797072602E+01 -0.9968277169440913E+00 -0.3171515248806706E+03
  0.3053749192758969E+01 -0.9961442435551087E+00 -0.3173282840681150E+03
  0.3045579420968934E+01 -0.9953942693885953E+00 -0.3166503205978560E+03
  0.3037409521036948E+01 -0.9945778445047068E+00 -0.3140101817852620E+03
  0.3029239520877988E+01 -0.9936950234020883E+00 -0.3087272404242064E+03
  0.3021069440850104E+01 -0.9927458650133153E+00 -0.3017703456394847E+03
  0.3012899296148894E+01 -0.9917304327004320E+00 -0.2948299090057700E+03
  0.3004729098345992E+01 -0.9906487942504061E+00 -0.2881541174726149E+03
  0.2996558856408408E+01 -0.9895010218704087E+00 -0.2810412243459525E+03
  0.2988388577392205E+01 -0.9882871921828699E+00 -0.2735619997447575E+03
  0.2980218266925714E+01 -0.9870073862202815E+00 -0.2656855764941121E+03
  0.2972047929553217E+01 -0.9856616894197333E+00 -0.2565172344494689E+03
  0.2963877568983912E+01 -0.9842501916171713E+00 -0.2459031674972269E+03
  0.2955707188275296E+01 -0.9827729870413743E+00 -0.2354213192482412E+03
  0.2947536789970254E+01 -0.9812301743076443E+00 -0.2270913302933009E+03
  0.2939366376200951E+01 -0.9796218564112101E+00 -0.2210458868750335E+03
  0.2931195948768531E+01 -0.9779481407203411E+00 -0.2150603392097229E+03
  0.2923025509204947E+01 -0.9762091389691724E+00 -0.2071056077433569E+03
  0.2914855058821443E+01 -0.9744049672502397E+00 -0.1981631592504288E+03
  0.2906684598746917E+01 -0.9725357460067257E+00 -0.1911863889803776E+03
  0.2898514129958549E+01 -0.9706016000244151E+00 -0.1879760572348027E+03
  0.2890343653306462E+01 -0.9686026584233628E+00 -0.1882108609039415E+03
  0.2882173169533725E+01 -0.9665390546492710E+00 -0.1899206483001724E+03
  0.2874002679292686E+01 -0.9644109264645802E+00 -0.1903804722074385E+03
  0.2865832183158409E+01 -0.9622184159392698E+00 -0.1875258171194110E+03
  0.2857661681639792E+01 -0.9599616694413742E+00 -0.1811225374495005E+03
  0.2849491175188815E+01 -0.9576408376272095E+00 -0.1730320041294717E+03
  0.2841320664208285E+01 -0.9552560754313160E+00 -0.1656444637466498E+03
  0.2833150149058343E+01 -0.9528075420561144E+00 -0.1595423568807983E+03
  0.2824979630061970E+01 -0.9502954009612771E+00 -0.1535903546982900E+03
  0.2816809107509663E+01 -0.9477198198528157E+00 -0.1470410812594102E+03
  0.2808638581663412E+01 -0.9450809706718851E+00 -0.1402427967774009E+03
  0.2800468052760122E+01 -0.9423790295833044E+00 -0.1337896206057211E+03
  0.2792297521014540E+01 -0.9396141769637963E+00 -0.1281166345845645E+03
  0.2784126986621790E+01 -0.9367865973899459E+00 -0.1234862960599471E+03
  0.2775956449759565E+01 -0.9338964796258775E+00 -0.1196333291639321E+03
  0.2767785910590029E+01 -0.9309440166106540E+00 -0.1157292629795085E+03
  0.2759615369261481E+01 -0.9279294054453956E+00 -0.1107659361615372E+03
  0.2751444825909805E+01 -0.9248528473801222E+00 -0.1041660504036303E+03
  0.2743274280659743E+01 -0.9217145478003181E+00 -0.9638139248067735E+02
  0.2735103733626014E+01 -0.9185147162132208E+00 -0.8836779661200684E+02
  0.2726933184914305E+01 -0.9152535662338340E+00 -0.8070206404313932E+02
  0.2718762634622138E+01 -0.9119313155706682E+00 -0.7344154766324591E+02
  0.2710592082839649E+01 -0.9085481860112055E+00 -0.6621881249361829E+02
  0.2702421529650271E+01 -0.9051044034070944E+00 -0.5846562469265167E+02
  0.2694250975131350E+01 -0.9016001976590722E+00 -0.5003538309105514E+02
  0.2686080419354687E+01 -0.8980358027016164E+00 -0.4147931537373863E+02
  0.2677909862387029E+01 -0.8944114564873288E+00 -0.3328950030082346E+02
  0.2669739304290507E+01 -0.8907274009710492E+00 -0.2555690773731885E+02
  0.2661568745123026E+01 -0.8869838820937034E+00 -0.1874872931983356E+02
  0.2653398184938621E+01 -0.8831811497658847E+00 -0.1349107467262998E+02
  0.2645227623787777E+01 -0.8793194578511700E+00 -0.9504448048015599E+01
  0.2637057061717711E+01 -0.8753990641491725E+00 -0.5892516800300788E+01
  0.2628886498772639E+01 -0.8714202303783312E+00 -0.2044426644263141E+01
  0.2620715934994006E+01 -0.8673832221584393E+00  0.2446850935483649E+01
  0.2612545370420704E+01 -0.8632883089929120E+00  0.7822622518002326E+01
  0.2604374805089263E+01 -0.8591357642507945E+00  0.1373768963143768E+02
  0.2596204239034032E+01 -0.8549258651485127E+00  0.1924967217637775E+02
  0.2588033672287335E+01 -0.8506588927313666E+00  0.2352442073367643E+02
  0.2579863104879621E+01 -0.8463351318547683E+00  0.2691408874389825E+02
  0.2571692536839600E+01 -0.8419548711652254E+00  0.3070733896941430E+02
  0.2563521968194363E+01 -0.8375184030810715E+00  0.3560304654905286E+02
  0.2555351398969496E+01 -0.8330260237729452E+00  0.4127894410256357E+02
  0.2547180829189184E+01 -0.8284780331440178E+00  0.4688924126870106E+02
  0.2539010258876304E+01 -0.8238747348099726E+00  0.5148357703607891E+02
  0.2530839688052518E+01 -0.8192164360787360E+00  0.5477652208176997E+02
  0.2522669116738345E+01 -0.8145034479299620E+00  0.5741377702852634E+02
  0.2514498544953243E+01 -0.8097360849942720E+00  0.5964884546875685E+02
  0.2506327972715673E+01 -0.8049146655322506E+00  0.6064544320902586E+02
  0.2498157400043163E+01 -0.8000395114131988E+00  0.5992686123210942E+02
  0.2489986826952370E+01 -0.7951109480936471E+00  0.5851677193867567E+02
  0.2481816253459126E+01 -0.7901293045956280E+00  0.5785054908992431E+02
  0.2473645679578500E+01 -0.7850949134847117E+00  0.5831935912634794E+02
  0.2465475105324832E+01 -0.7800081108478040E+00  0.5938923366674636E+02
  0.2457304530711785E+01 -0.7748692362707100E+00  0.6040390832067746E+02
  0.2449133955752385E+01 -0.7696786328154644E+00  0.6119937659740946E+02
  0.2440963380459050E+01 -0.7644366469974285E+00  0.6232635777319076E+02
  0.2432792804843637E+01 -0.7591436287621580E+00  0.6411477700286508E+02
  0.2424622228917462E+01 -0.7537999314620412E+00  0.6606324023564589E+02
  0.2416451652691339E+01 -0.7484059118327094E+00  0.6767024041331581E+02
  0.2408281076175607E+01 -0.7429619299692227E+00  0.6891539837238271E+02
  0.2400110499380152E+01 -0.7374683493020299E+00  0.6997031667004509E+02
  0.2391939922314436E+01 -0.7319255365727068E+00  0.7079011144464739E+02
  0.2383769344987516E+01 -0.7263338618094733E+00  0.7097290073785638E+02
  0.2375598767408072E+01 -0.7206936983024912E+00  0.7042601355619666E+02
  0.2367428189584419E+01 -0.7150054225789432E+00  0.6961568671518364E+02
  0.2359257611524532E+01 -0.7092694143778975E+00  0.6890495939235389E+02
  0.2351087033236062E+01 -0.7034860566249567E+00  0.6836801911216850E+02
  0.2342916454726351E+01 -0.6976557354066943E+00  0.6770630040021055E+02
  0.2334745876002450E+01 -0.6917788399448808E+00  0.6621078190512875E+02
  0.2326575297071134E+01 -0.6858557625704990E+00  0.6390972609507919E+02
  0.2318404717938913E+01 -0.6798868986975534E+00  0.6188480459210930E+02
  0.2310234138612046E+01 -0.6738726467966731E+00  0.6071072058542254E+02
  0.2302063559096557E+01 -0.6678134083685102E+00  0.5989673787465690E+02
  0.2293892979398239E+01 -0.6617095879169366E+00  0.5898951841861003E+02
  0.2285722399522673E+01 -0.6555615929220400E+00  0.5811888341663575E+02
  0.2277551819475234E+01 -0.6493698338129212E+00  0.5759857472162982E+02
  0.2269381239261100E+01 -0.6431347239402948E+00  0.5728259783937511E+02
  0.2261210658885265E+01 -0.6368566795488945E+00  0.5661023653302976E+02
  0.2253040078352542E+01 -0.6305361197496849E+00  0.5558597619997454E+02
  0.2244869497667577E+01 -0.6241734664918837E+00  0.5490552670259719E+02
  0.2236698916834853E+01 -0.6177691445347914E+00  0.5488653148331328E+02
  0.2228528335858699E+01 -0.6113235814194364E+00  0.5515567854214567E+02
  0.2220357754743295E+01 -0.6048372074400329E+00  0.5520229213399620E+02
  0.2212187173492683E+01 -0.5983104556152549E+00  0.5483854390510955E+02
  0.2204016592110768E+01 -0.5917437616593286E+00  0.5423368320131630E+02
  0.2195846010601326E+01 -0.5851375639529456E+00  0.5364709573128071E+02
  0.2187675428968010E+01 -0.5784923035139965E+00  0.5315939345856768E+02
  0.2179504847214357E+01 -0.5718084239681300E+00  0.5254938646845770E+02
  0.2171334265343789E+01 -0.5650863715191369E+00  0.5135328289321141E+02
  0.2163163683359622E+01 -0.5583265949191624E+00  0.4933282692189040E+02
  0.2154993101265066E+01 -0.5515295454387482E+00  0.4673827972521288E+02
  0.2146822519063234E+01 -0.5446956768367068E+00  0.4392271751656305E+02
  0.2138651936757143E+01 -0.5378254453298289E+00  0.4087797313281211E+02
  0.2130481354349721E+01 -0.5309193095624275E+00  0.3727736556858333E+02
  0.2122310771843806E+01 -0.5239777305757194E+00  0.3322512520755910E+02
  0.2114140189242155E+01 -0.5170011717770473E+00  0.2957819533526276E+02
  0.2105969606547443E+01 -0.5099900989089429E+00  0.2687117405066477E+02
  0.2097799023762269E+01 -0.5029449800180356E+00  0.2493412402347720E+02
  0.2089628440889158E+01 -0.4958662854238058E+00  0.2394052269138483E+02
  0.2081457857930564E+01 -0.4887544876871878E+00  0.2424909307563950E+02
  0.2073287274888874E+01 -0.4816100615790221E+00  0.2538724457133970E+02
  0.2065116691766407E+01 -0.4744334840483606E+00  0.2662953597462698E+02
  0.2056946108565423E+01 -0.4672252341906264E+00  0.2805625390195370E+02
  0.2048775525288118E+01 -0.4599857932156304E+00  0.3011902198565353E+02
  0.2040604941936635E+01 -0.4527156444154464E+00  0.3259611537425593E+02
  0.2032434358513056E+01 -0.4454152731321473E+00  0.3460629978665474E+02
  0.2024263775019413E+01 -0.4380851667254050E+00  0.3561230658288804E+02
  0.2016093191457685E+01 -0.4307258145399545E+00  0.3584408205583681E+02
  0.2007922607829804E+01 -0.4233377078729265E+00  0.3574590691139267E+02
  0.1999752024137653E+01 -0.4159213399410494E+00  0.3560537893647840E+02
  0.1991581440383068E+01 -0.4084772058477228E+00  0.3548190361173842E+02
  0.1983410856567843E+01 -0.4010058025499653E+00  0.3541401232871210E+02
  0.1975240272693730E+01 -0.3935076288252386E+00  0.3551857865296981E+02
  0.1967069688762441E+01 -0.3859831852381501E+00  0.3576405102502843E+02
  0.1958899104775647E+01 -0.3784329741070359E+00  0.3609616674641158E+02
  0.1950728520734982E+01 -0.3708574994704271E+00  0.3671125777564893E+02
  0.1942557936642046E+01 -0.3632572670534011E+00  0.3784146615724767E+02
  0.1934387352498403E+01 -0.3556327842338202E+00  0.3926111236262012E+02
  0.1926216768305583E+01 -0.3479845600084601E+00  0.4042751951749740E+02
  0.1918046184065086E+01 -0.3403131049590297E+00  0.4141680784850865E+02
  0.1909875599778379E+01 -0.3326189312180866E+00  0.4296904953741188E+02
  0.1901705015446901E+01 -0.3249025524348469E+00  0.4524776883237449E+02
  0.1893534431072063E+01 -0.3171644837408958E+00  0.4726592816953558E+02
  0.1885363846655247E+01 -0.3094052417157978E+00  0.4805340545631277E+02
  0.1877193262197810E+01 -0.3016253443526109E+00  0.4772990340187669E+02
  0.1869022677701083E+01 -0.2938253110233064E+00  0.4690043995019703E+02
  0.1860852093166375E+01 -0.2860056624440968E+00  0.4582074422348116E+02
  0.1852681508594969E+01 -0.2781669206406729E+00  0.4470914231244583E+02
  0.1844510923988128E+01 -0.2703096089133553E+00  0.4404844583993838E+02
  0.1836340339347093E+01 -0.2624342518021592E+00  0.4413839851415948E+02
  0.1828169754673083E+01 -0.2545413750517773E+00  0.4480529414482177E+02
  0.1819999169967299E+01 -0.2466315055764818E+00  0.4569233834635647E+02
  0.1811828585230925E+01 -0.2387051714249486E+00  0.4659632839735660E+02
  0.1803658000465123E+01 -0.2307629017450062E+00  0.4744850451678727E+02
  0.1795487415671042E+01 -0.2228052267483099E+00  0.4810530621273647E+02
  0.1787316830849811E+01 -0.2148326776749467E+00  0.4855825008150846E+02
  0.1779146246002545E+01 -0.2068457867579697E+00  0.4914513176576997E+02
  0.1770975661130345E+01 -0.1988450871878683E+00  0.5001470580838421E+02
  0.1762805076234296E+01 -0.1908311130769725E+00  0.5063148842364751E+02
  0.1754634491315471E+01 -0.1828043994237966E+00  0.5033373157514134E+02
  0.1746463906374929E+01 -0.1747654820773241E+00  0.4922276602941252E+02
  0.1738293321413718E+01 -0.1667148977012352E+00  0.4806109402274141E+02
  0.1730122736432872E+01 -0.1586531837380799E+00  0.4720661735942905E+02
  0.1721952151433418E+01 -0.1505808783733995E+00  0.4619268350872527E+02
  0.1713781566416370E+01 -0.1424985204997981E+00  0.4452569060760206E+02
  0.1705610981382731E+01 -0.1344066496809675E+00  0.4243959889709357E+02
  0.1697440396333499E+01 -0.1263058061156663E+00  0.4028613086352866E+02
  0.1689269811269659E+01 -0.1181965306016578E+00  0.3775456947361548E+02
  0.1681099226192191E+01 -0.1100793644996070E+00  0.3448753329138724E+02
  0.1672928641102067E+01 -0.1019548496969404E+00  0.3092674585347063E+02
  0.1664758056000250E+01 -0.9382352857167028E-01  0.2805867032465215E+02
  0.1656587470887701E+01 -0.8568594395618719E-01  0.2648240570514136E+02
  0.1648416885765370E+01 -0.7754263910102077E-01  0.2580409581724534E+02
  0.1640246300634206E+01 -0.6939415763857371E-01  0.2534505574860617E+02
  0.1632075715495151E+01 -0.6124104354682962E-01  0.2492387110935124E+02
  0.1623905130349143E+01 -0.5308384111303818E-01  0.2455655134393611E+02
  0.1615734545197117E+01 -0.4492309489737940E-01  0.2395598417315701E+02
  0.1607563960040004E+01 -0.3675934969660982E-01  0.2259948457843172E+02
  0.1599393374878733E+01 -0.2859315050769285E-01  0.2030127501189986E+02
  0.1591222789714229E+01 -0.2042504249141571E-01  0.1782561513980346E+02
  0.1583052204547419E+01 -0.1225557093599554E-01  0.1621521158411043E+02
  0.1574881619379224E+01 -0.4085281220676868E-02  0.1553250027413323E+02
  0.1566711034210569E+01  0.4085281220676868E-02  0.1499685909418095E+02
  0.1558540449042374E+01  0.1225557093599554E-01  0.1400513331028314E+02
  0.1550369863875564E+01  0.2042504249141571E-01  0.1227734694137919E+02
  0.1542199278711061E+01  0.2859315050769285E-01  0.9685788878940215E+01
  0.1534028693549790E+01  0.3675934969660982E-01  0.6335869400513521E+01
  0.1525858108392677E+01  0.4492309489737940E-01  0.2509182138087869E+01
  0.1517687523240650E+01  0.5308384111303818E-01 -0.1387440175353706E+01
  0.1509516938094642E+01  0.6124104354682962E-01 -0.4936168411768610E+01
  0.1501346352955587E+01  0.6939415763857371E-01 -0.7994474227962880E+01
  0.1493175767824423E+01  0.7754263910102077E-01 -0.1059227881429832E+02
  0.1485005182702093E+01  0.8568594395618719E-01 -0.1250199256665135E+02
  0.1476834597589543E+01  0.9382352857167028E-01 -0.1346198228883804E+02
  0.1468664012487727E+01  0.1019548496969404E+00 -0.1391913752765026E+02
  0.1460493427397602E+01  0.1100793644996070E+00 -0.1475823264637426E+02
  0.1452322842320134E+01  0.1181965306016578E+00 -0.1636112583778354E+02
  0.1444152257256294E+01  0.1263058061156663E+00 -0.1842567280235373E+02
  0.1435981672207062E+01  0.1344066496809675E+00 -0.2041415387271935E+02
  0.1427811087173423E+01  0.1424985204997981E+00 -0.2177779738826654E+02
  0.1419640502156375E+01  0.1505808783733995E+00 -0.2206710757070307E+02
  0.1411469917156921E+01  0.1586531837380799E+00 -0.2119602536371267E+02
  0.1403299332176076E+01  0.1667148977012352E+00 -0.1964704122329547E+02
  0.1395128747214864E+01  0.1747654820773241E+00 -0.1825362902496590E+02
  0.1386958162274323E+01  0.1828043994237966E+00 -0.1765059291728879E+02
  0.1378787577355497E+01  0.1908311130769725E+00 -0.1782737035661239E+02
  0.1370616992459449E+01  0.1988450871878683E+00 -0.1828335271233320E+02
  0.1362446407587248E+01  0.2068457867579697E+00 -0.1872875314421446E+02
  0.1354275822739983E+01  0.2148326776749467E+00 -0.1929788501172414E+02
  0.1346105237918751E+01  0.2228052267483099E+00 -0.2008379911266723E+02
  0.1337934653124670E+01  0.2307629017450062E+00 -0.2113172411920908E+02
  0.1329764068358868E+01  0.2387051714249486E+00 -0.2236041516810400E+02
  0.1321593483622494E+01  0.2466315055764818E+00 -0.2326473414521150E+02
  0.1313422898916710E+01  0.2545413750517773E+00 -0.2356860763123962E+02
  0.1305252314242701E+01  0.2624342518021592E+00 -0.2407780528850617E+02
  0.1297081729601665E+01  0.2703096089133553E+00 -0.2595172257703642E+02
  0.1288911144994824E+01  0.2781669206406729E+00 -0.2917433077681423E+02
  0.1280740560423418E+01  0.2860056624440968E+00 -0.3259236092467288E+02
  0.1272569975888710E+01  0.2938253110233064E+00 -0.3525809788215822E+02
  0.1264399391391984E+01  0.3016253443526109E+00 -0.3677311285569144E+02
  0.1256228806934547E+01  0.3094052417157978E+00 -0.3709951831825184E+02
  0.1248058222517730E+01  0.3171644837408958E+00 -0.3678684543635916E+02
  0.1239887638142892E+01  0.3249025524348469E+00 -0.3685920887484933E+02
  0.1231717053811414E+01  0.3326189312180866E+00 -0.3823663972538687E+02
  0.1223546469524707E+01  0.3403131049590297E+00 -0.4111054319199813E+02
  0.1215375885284210E+01  0.3479845600084601E+00 -0.4452239081346403E+02
  0.1207205301091390E+01  0.3556327842338202E+00 -0.4725240469240973E+02
  0.1199034716947747E+01  0.3632572670534011E+00 -0.4940482381342738E+02
  0.1190864132854811E+01  0.3708574994704271E+00 -0.5196433073943219E+02
  0.1182693548814147E+01  0.3784329741070359E+00 -0.5505849590878208E+02
  0.1174522964827352E+01  0.3859831852381501E+00 -0.5807254698557894E+02
  0.1166352380896063E+01  0.3935076288252386E+00 -0.6065694631433998E+02
  0.1158181797021950E+01  0.4010058025499653E+00 -0.6290197981478793E+02
  0.1150011213206726E+01  0.4084772058477228E+00 -0.6505470388578777E+02
  0.1141840629452141E+01  0.4159213399410494E+00 -0.6724038054340613E+02
  0.1133670045759989E+01  0.4233377078729265E+00 -0.6954806166201659E+02
  0.1125499462132108E+01  0.4307258145399545E+00 -0.7217844087215650E+02
  0.1117328878570381E+01  0.4380851667254050E+00 -0.7512159230155702E+02
  0.1109158295076737E+01  0.4454152731321473E+00 -0.7818838448311573E+02
  0.1100987711653159E+01  0.4527156444154464E+00 -0.8136396469949990E+02
  0.1092817128301675E+01  0.4599857932156304E+00 -0.8499111708369999E+02
  0.1084646545024371E+01  0.4672252341906264E+00 -0.8965035623047009E+02
  0.1076475961823386E+01  0.4744334840483606E+00 -0.9529567164973992E+02
  0.1068305378700920E+01  0.4816100615790221E+00 -0.1006456521560836E+03
  0.1060134795659229E+01  0.4887544876871878E+00 -0.1043796730382846E+03
  0.1051964212700635E+01  0.4958662854238058E+00 -0.1063777343339823E+03
  0.1043793629827524E+01  0.5029449800180356E+00 -0.1073500916904386E+03
  0.1035623047042350E+01  0.5099900989089429E+00 -0.1079964060967660E+03
  0.1027452464347638E+01  0.5170011717770473E+00 -0.1090829915050665E+03
  0.1019281881745987E+01  0.5239777305757194E+00 -0.1113818388576441E+03
  0.1011111299240073E+01  0.5309193095624275E+00 -0.1147416836424521E+03
  0.1002940716832650E+01  0.5378254453298289E+00 -0.1182167127564405E+03
  0.9947701345265596E+00  0.5446956768367068E+00 -0.1215071844728682E+03
  0.9865995523247275E+00  0.5515295454387482E+00 -0.1250967110718193E+03
  0.9784289702301714E+00  0.5583265949191624E+00 -0.1291368685064707E+03
  0.9702583882460036E+00  0.5650863715191369E+00 -0.1331577530420421E+03
  0.9620878063754359E+00  0.5718084239681300E+00 -0.1366666769443320E+03
  0.9539172246217830E+00  0.5784923035139965E+00 -0.1394483789615045E+03
  0.9457466429884676E+00  0.5851375639529456E+00 -0.1415330429278642E+03
  0.9375760614790253E+00  0.5917437616593286E+00 -0.1430445261810496E+03
  0.9294054800971098E+00  0.5983104556152549E+00 -0.1443727358854479E+03
  0.9212348988464978E+00  0.6048372074400329E+00 -0.1464569792050485E+03
  0.9130643177310944E+00  0.6113235814194364E+00 -0.1500552423266465E+03
  0.9048937367549402E+00  0.6177691445347914E+00 -0.1545299877775226E+03
  0.8967231559222163E+00  0.6241734664918837E+00 -0.1583978039981809E+03
  0.8885525752372514E+00  0.6305361197496849E+00 -0.1609848830092782E+03
  0.8803819947045285E+00  0.6368566795488945E+00 -0.1628843087239399E+03
  0.8722114143286931E+00  0.6431347239402948E+00 -0.1649297905525908E+03
  0.8640408341145595E+00  0.6493698338129212E+00 -0.1671590019216756E+03
  0.8558702540671204E+00  0.6555615929220400E+00 -0.1689347477843619E+03
  0.8476996741915547E+00  0.6617095879169366E+00 -0.1697973578197250E+03
  0.8395290944932369E+00  0.6678134083685102E+00 -0.1696788011703627E+03
  0.8313585149777468E+00  0.6738726467966731E+00 -0.1688019089729064E+03
  0.8231879356508802E+00  0.6798868986975534E+00 -0.1674603656039452E+03
  0.8150173565186587E+00  0.6858557625704990E+00 -0.1657621820379791E+03
  0.8068467775873427E+00  0.6917788399448808E+00 -0.1638149797823366E+03
  0.7986761988634423E+00  0.6976557354066943E+00 -0.1620478881641775E+03
  0.7905056203537315E+00  0.7034860566249567E+00 -0.1608317376990831E+03
  0.7823350420652612E+00  0.7092694143778975E+00 -0.1599749613938739E+03
  0.7741644640053743E+00  0.7150054225789432E+00 -0.1590399052598812E+03
  0.7659938861817212E+00  0.7206936983024912E+00 -0.1579984832796260E+03
  0.7578233086022768E+00  0.7263338618094733E+00 -0.1571498178027268E+03
  0.7496527312753575E+00  0.7319255365727068E+00 -0.1568776152194486E+03
  0.7414821542096410E+00  0.7374683493020299E+00 -0.1572095404663831E+03
  0.7333115774141861E+00  0.7429619299692227E+00 -0.1571414173035815E+03
  0.7251410008984539E+00  0.7484059118327094E+00 -0.1550962830336178E+03
  0.7169704246723316E+00  0.7537999314620412E+00 -0.1505640197294523E+03
  0.7087998487461566E+00  0.7591436287621580E+00 -0.1445712063173111E+03
  0.7006292731307425E+00  0.7644366469974285E+00 -0.1386348934678774E+03
  0.6924586978374083E+00  0.7696786328154644E+00 -0.1336732432774164E+03
  0.6842881228780077E+00  0.7748692362707100E+00 -0.1296493878041236E+03
  0.6761175482649616E+00  0.7800081108478040E+00 -0.1258554807268458E+03
  0.6679469740112938E+00  0.7850949134847117E+00 -0.1215683359050900E+03
  0.6597764001306670E+00  0.7901293045956280E+00 -0.1164850892367679E+03
  0.6516058266374236E+00  0.7951109480936471E+00 -0.1109740530366772E+03
  0.6434352535466297E+00  0.8000395114131988E+00 -0.1056993507326116E+03
  0.6352646808741202E+00  0.8049146655322506E+00 -0.1011075774773795E+03
  0.6270941086365502E+00  0.8097360849942720E+00 -0.9735174927107533E+02
  0.6189235368514482E+00  0.8145034479299620E+00 -0.9418133831990033E+02
  0.6107529655372755E+00  0.8192164360787360E+00 -0.9078572906576909E+02
  0.6025823947134890E+00  0.8238747348099726E+00 -0.8648461586570876E+02
  0.5944118244006098E+00  0.8284780331440178E+00 -0.8125205137174959E+02
  0.5862412546202973E+00  0.8330260237729452E+00 -0.7532031252186435E+02
  0.5780706853954301E+00  0.8375184030810715E+00 -0.6861019697619270E+02
  0.5699001167501928E+00  0.8419548711652254E+00 -0.6086274051202165E+02
  0.5617295487101719E+00  0.8463351318547683E+00 -0.5193606590190485E+02
  0.5535589813024583E+00  0.8506588927313666E+00 -0.4192460731568609E+02
  0.5453884145557613E+00  0.8549258651485127E+00 -0.3112019603689276E+02
  0.5372178485005299E+00  0.8591357642507945E+00 -0.2004675767522918E+02
  0.5290472831690897E+00  0.8632883089929120E+00 -0.9208200350294936E+01
  0.5208767185957875E+00  0.8673832221584393E+00  0.1364735802567006E+01
  0.5127061548171545E+00  0.8714202303783312E+00  0.1204579875788144E+02
  0.5045355918720822E+00  0.8753990641491725E+00  0.2283429183496873E+02
  0.4963650298020162E+00  0.8793194578511700E+00  0.3352505532684038E+02
  0.4881944686511717E+00  0.8831811497658847E+00  0.4416167606916824E+02
  0.4800239084667671E+00  0.8869838820937034E+00  0.5478138277862781E+02
  0.4718533492992859E+00  0.8907274009710492E+00  0.6520568521049607E+02
  0.4636827912027636E+00  0.8944114564873288E+00  0.7545235477809814E+02
  0.4555122342351060E+00  0.8980358027016164E+00  0.8607988939117116E+02
  0.4473416784584431E+00  0.9016001976590722E+00  0.9785617065038625E+02
  0.4391711239395221E+00  0.9051044034070944E+00  0.1104833860062561E+03
  0.4310005707501444E+00  0.9085481860112055E+00  0.1225269344877354E+03
  0.4228300189676551E+00  0.9119313155706682E+00  0.1332287352654817E+03
  0.4146594686754885E+00  0.9152535662338340E+00  0.1434522561333268E+03
  0.4064889199637791E+00  0.9185147162132208E+00  0.1542412431883734E+03
  0.3983183729300507E+00  0.9217145478003181E+00  0.1662794900529824E+03
  0.3901478276799883E+00  0.9248528473801222E+00  0.1804114708100887E+03
  0.3819772843283120E+00  0.9279294054453956E+00  0.1968538218004671E+03
  0.3738067429997641E+00  0.9309440166106540E+00  0.2141512995205179E+03
  0.3656362038302282E+00  0.9338964796258775E+00  0.2304598320104105E+03
  0.3574656669680030E+00  0.9367865973899459E+00  0.2454134104451133E+03
  0.3492951325752533E+00  0.9396141769637963E+00  0.2602150338088530E+03
  0.3411246008296713E+00  0.9423790295833044E+00  0.2759968484374147E+03
  0.3329540719263814E+00  0.9450809706718851E+00  0.2932168851760692E+03
  0.3247835460801308E+00  0.9477198198528157E+00  0.3119174526105754E+03
  0.3166130235278230E+00  0.9502954009612771E+00  0.3316999614089140E+03
  0.3084425045314506E+00  0.9528075420561144E+00  0.3518971468618176E+03
  0.3002719893815085E+00  0.9552560754313160E+00  0.3725808086735648E+03
  0.2921014784009779E+00  0.9576408376272095E+00  0.3944251683732285E+03
  0.2839309719500016E+00  0.9599616694413742E+00  0.4178512422163366E+03
  0.2757604704313845E+00  0.9622184159392698E+00  0.4427783005673249E+03
  0.2675899742971076E+00  0.9644109264645802E+00  0.4689214746601383E+03
  0.2594194840560681E+00  0.9665390546492710E+00  0.4958594562195055E+03
  0.2512490002833307E+00  0.9686026584233628E+00  0.5238382747273254E+03
  0.2430785236312446E+00  0.9706016000244151E+00  0.5536735890907771E+03
  0.2349080548428762E+00  0.9725357460067257E+00  0.5855168487617151E+03
  0.2267375947683499E+00  0.9744049672502397E+00  0.6184745188555629E+03
  0.2185671443848464E+00  0.9762091389691724E+00  0.6519063248896730E+03
  0.2103967048212628E+00  0.9779481407203411E+00  0.6856351479530579E+03
  0.2022262773888417E+00  0.9796218564112101E+00  0.7196757798302681E+03
  0.1940558636195398E+00  0.9812301743076443E+00  0.7541569818886472E+03
  0.1858854653144977E+00  0.9827729870413743E+00  0.7893661681637626E+03
  0.1777150846058812E+00  0.9842501916171713E+00  0.8251546830581034E+03
  0.1695447240365762E+00  0.9856616894197333E+00  0.8609107841398686E+03
  0.1613743866640789E+00  0.9870073862202815E+00  0.8959798913813303E+03
  0.1532040761975885E+00  0.9882871921828699E+00  0.9309411100498573E+03
  0.1450337971813853E+00  0.9895010218704087E+00  0.9672347552139179E+03
  0.1368635552438019E+00  0.9906487942504061E+00  0.1006136461604388E+04
  0.1286933574408989E+00  0.9917304327004320E+00  0.1047944151486409E+04
  0.1205232127396896E+00  0.9927458650133153E+00  0.1092870523807896E+04
  0.1123531327118049E+00  0.9936950234020883E+00  0.1141183989664545E+04
  0.1041831325528455E+00  0.9945778445047068E+00  0.1193285550789335E+04
  0.9601323262085862E-01  0.9953942693885953E+00  0.1249944154889656E+04
  0.8784346083082471E-01  0.9961442435551087E+00  0.1313241722905256E+04
  0.7967385651719167E-01  0.9968277169440913E+00  0.1385142650999588E+04
  0.7150447693306423E-01  0.9974446439389107E+00  0.1467805321398842E+04
  0.6333540875299180E-01  0.9979949833727938E+00  0.1564373004676599E+04
  0.5516678972815772E-01  0.9984786985384589E+00  0.1679312335596115E+04
  0.4699885272846815E-01  0.9988957572063257E+00  0.1816885199071707E+04
  0.3883202470742381E-01  0.9992461316671845E+00  0.1988281902486332E+04
  0.3066718105470672E-01  0.9995297988558859E+00  0.2240350814218395E+04
  0.2250643816359393E-01  0.9997467408113523E+00  0.2696353118662052E+04
  0.1435650599352885E-01  0.9998969471378596E+00  0.3447159903116944E+04
  0.6254421014113626E-02  0.9999804411726474E+00  0.4227707517524787E+04
