# nlmax, ncor, nside =         383           1         128
  0.3135338232575680E+01 -0.9999804411726474E+00 -0.2790761952527582E+03
  0.3127236147596264E+01 -0.9998969471378596E+00 -0.2806920665611609E+03
  0.3119086215426199E+01 -0.9997467408113523E+00 -0.2834004073980440E+03
  0.3110925472535087E+01 -0.9995297988558859E+00 -0.2873025754506468E+03
  0.3102760628882369E+01 -0.9992461316671845E+00 -0.2922981321160475E+03
  0.3094593800861325E+01 -0.9988957572063257E+00 -0.2974526653649034E+03
  0.3086425863861635E+01 -0.9984786985384589E+00 -0.3014032520935810E+03
  0.3078257244836801E+01 -0.9979949833727938E+00 -0.3033895710107020E+03
  0.3070088176656729E+01 -0.9974446439389107E+00 -0.3036091817135901E+03
  0.3061918797072602E+01 -0.9968277169440913E+00 -0.3027403671362343E+03
  0.3053749192758969E+01 -0.9961442435551087E+00 -0.3012339510661171E+03
  0.3045579420968934E+01 -0.9953942693885953E+00 -0.2988912202977695E+03
  0.3037409521036948E+01 -0.9945778445047068E+00 -0.2951044504590017E+03
  0.3029239520877988E+01 -0.9936950234020883E+00 -0.2896652203316744E+03
  0.3021069440850104E+01 -0.9927458650133153E+00 -0.2831927063734310E+03
  0.3012899296148894E+01 -0.9917304327004320E+00 -0.2765372528148933E+03
  0.3004729098345992E+01 -0.9906487942504061E+00 -0.2699700811433156E+03
  0.2996558856408408E+01 -0.9895010218704087E+00 -0.2632558647974435E+03
  0.2988388577392205E+01 -0.9882871921828699E+00 -0.2561698482863177E+03
  0.2980218266925714E+01 -0.9870073862202815E+00 -0.2485707005063459E+03
  0.2972047929553217E+01 -0.9856616894197333E+00 -0.2403475669593564E+03
  0.2963877568983912E+01 -0.9842501916171713E+00 -0.2317478723742294E+03
  0.2955707188275296E+01 -0.9827729870413743E+00 -0.2235675235261070E+03
  0.2947536789970254E+01 -0.9812301743076443E+00 -0.2166096287796579E+03
  0.2939366376200951E+01 -0.9796218564112101E+00 -0.2108398767288184E+03
  0.2931195948768531E+01 -0.9779481407203411E+00 -0.2053327462524256E+03
  0.2923025509204947E+01 -0.9762091389691724E+00 -0.1993080428064844E+03
  0.2914855058821443E+01 -0.9744049672502397E+00 -0.1931317378898175E+03
  0.2906684598746917E+01 -0.9725357460067257E+00 -0.1880896898816410E+03
  0.2898514129958549E+01 -0.9706016000244151E+00 -0.1852224128202135E+03
  0.2890343653306462E+01 -0.9686026584233628E+00 -0.1844369961412643E+03
  0.2882173169533725E+01 -0.9665390546492710E+00 -0.1845209546129585E+03
  0.2874002679292686E+01 -0.9644109264645802E+00 -0.1837845166322797E+03
  0.2865832183158409E+01 -0.9622184159392698E+00 -0.1809011301043345E+03
  0.2857661681639792E+01 -0.9599616694413742E+00 -0.1756287788746707E+03
  0.2849491175188815E+01 -0.9576408376272095E+00 -0.1689174185295711E+03
  0.2841320664208285E+01 -0.9552560754313160E+00 -0.1620925135228459E+03
  0.2833150149058343E+01 -0.9528075420561144E+00 -0.1558102397134323E+03
  0.2824979630061970E+01 -0.9502954009612771E+00 -0.1498669180204215E+03
  0.2816809107509663E+01 -0.9477198198528157E+00 -0.1438298681918164E+03
  0.2808638581663412E+01 -0.9450809706718851E+00 -0.1375435079754774E+03
  0.2800468052760122E+01 -0.9423790295833044E+00 -0.1311463215387262E+03
  0.2792297521014540E+01 -0.9396141769637963E+00 -0.1249296695668162E+03
  0.2784126986621790E+01 -0.9367865973899459E+00 -0.1191782644989577E+03
  0.2775956449759565E+01 -0.9338964796258775E+00 -0.1139417672897599E+03
  0.2767785910590029E+01 -0.9309440166106540E+00 -0.1088905854783962E+03
  0.2759615369261481E+01 -0.9279294054453956E+00 -0.1034281101158365E+03
  0.2751444825909805E+01 -0.9248528473801222E+00 -0.9704636781472468E+02
  0.2743274280659743E+01 -0.9217145478003181E+00 -0.8968148047243832E+02
  0.2735103733626014E+01 -0.9185147162132208E+00 -0.8173058835221472E+02
  0.2726933184914305E+01 -0.9152535662338340E+00 -0.7369883416912089E+02
  0.2718762634622138E+01 -0.9119313155706682E+00 -0.6581969296866609E+02
  0.2710592082839649E+01 -0.9085481860112055E+00 -0.5797369334160163E+02
  0.2702421529650271E+01 -0.9051044034070944E+00 -0.4993363839748415E+02
  0.2694250975131350E+01 -0.9016001976590722E+00 -0.4165472070245699E+02
  0.2686080419354687E+01 -0.8980358027016164E+00 -0.3329435903224759E+02
  0.2677909862387029E+01 -0.8944114564873288E+00 -0.2506185173238993E+02
  0.2669739304290507E+01 -0.8907274009710492E+00 -0.1725634843064790E+02
  0.2661568745123026E+01 -0.8869838820937034E+00 -0.1034488547298966E+02
  0.2653398184938621E+01 -0.8831811497658847E+00 -0.4666933052006176E+01
  0.2645227623787777E+01 -0.8793194578511700E+00 -0.5215537641737166E-01
  0.2637057061717711E+01 -0.8753990641491725E+00  0.4079250118106945E+01
  0.2628886498772639E+01 -0.8714202303783312E+00  0.8319481639166245E+01
  0.2620715934994006E+01 -0.8673832221584393E+00  0.1305489317293410E+02
  0.2612545370420704E+01 -0.8632883089929120E+00  0.1837413865339719E+02
  0.2604374805089263E+01 -0.8591357642507945E+00  0.2394893848697173E+02
  0.2596204239034032E+01 -0.8549258651485127E+00  0.2914846038396863E+02
  0.2588033672287335E+01 -0.8506588927313666E+00  0.3356115246949339E+02
  0.2579863104879621E+01 -0.8463351318547683E+00  0.3743515914205535E+02
  0.2571692536839600E+01 -0.8419548711652254E+00  0.4142943749470147E+02
  0.2563521968194363E+01 -0.8375184030810715E+00  0.4593938891176950E+02
  0.2555351398969496E+01 -0.8330260237729452E+00  0.5077958409691535E+02
  0.2547180829189184E+01 -0.8284780331440178E+00  0.5540523339022169E+02
  0.2539010258876304E+01 -0.8238747348099726E+00  0.5932482012148478E+02
  0.2530839688052518E+01 -0.8192164360787360E+00  0.6241550462103549E+02
  0.2522669116738345E+01 -0.8145034479299620E+00  0.6486627540021296E+02
  0.2514498544953243E+01 -0.8097360849942720E+00  0.6675135461322090E+02
  0.2506327972715673E+01 -0.8049146655322506E+00  0.6785146592950967E+02
  0.2498157400043163E+01 -0.8000395114131988E+00  0.6807614501706624E+02
  0.2489986826952370E+01 -0.7951109480936471E+00  0.6784462324091496E+02
  0.2481816253459126E+01 -0.7901293045956280E+00  0.6779877871593662E+02
  0.2473645679578500E+01 -0.7850949134847117E+00  0.6824511382614767E+02
  0.2465475105324832E+01 -0.7800081108478040E+00  0.6905729875551074E+02
  0.2457304530711785E+01 -0.7748692362707100E+00  0.7004719498773042E+02
  0.2449133955752385E+01 -0.7696786328154644E+00  0.7125274635724581E+02
  0.2440963380459050E+01 -0.7644366469974285E+00  0.7282743469938598E+02
  0.2432792804843637E+01 -0.7591436287621580E+00  0.7475399111860376E+02
  0.2424622228917462E+01 -0.7537999314620412E+00  0.7678778045104467E+02
  0.2416451652691339E+01 -0.7484059118327094E+00  0.7866539960053143E+02
  0.2408281076175607E+01 -0.7429619299692227E+00  0.8025991798851739E+02
  0.2400110499380152E+01 -0.7374683493020299E+00  0.8151927584670271E+02
  0.2391939922314436E+01 -0.7319255365727068E+00  0.8233398254145987E+02
  0.2383769344987516E+01 -0.7263338618094733E+00  0.8255939669163439E+02
  0.2375598767408072E+01 -0.7206936983024912E+00  0.8220316624476932E+02
  0.2367428189584419E+01 -0.7150054225789432E+00  0.8150539597931740E+02
  0.2359257611524532E+01 -0.7092694143778975E+00  0.8074390126025855E+02
  0.2351087033236062E+01 -0.7034860566249567E+00  0.7995659545754199E+02
  0.2342916454726351E+01 -0.6976557354066943E+00  0.7888857299290615E+02
  0.2334745876002450E+01 -0.6917788399448808E+00  0.7729857752547410E+02
  0.2326575297071134E+01 -0.6858557625704990E+00  0.7534743322343935E+02
  0.2318404717938913E+01 -0.6798868986975534E+00  0.7354130114225106E+02
  0.2310234138612046E+01 -0.6738726467966731E+00  0.7224469241118436E+02
  0.2302063559096557E+01 -0.6678134083685102E+00  0.7141269785066363E+02
  0.2293892979398239E+01 -0.6617095879169366E+00  0.7081455885232563E+02
  0.2285722399522673E+01 -0.6555615929220400E+00  0.7030317169045469E+02
  0.2277551819475234E+01 -0.6493698338129212E+00  0.6977720445663280E+02
  0.2269381239261100E+01 -0.6431347239402948E+00  0.6905551559644286E+02
  0.2261210658885265E+01 -0.6368566795488945E+00  0.6800611335565297E+02
  0.2253040078352542E+01 -0.6305361197496849E+00  0.6680782993436982E+02
  0.2244869497667577E+01 -0.6241734664918837E+00  0.6590493389496147E+02
  0.2236698916834853E+01 -0.6177691445347914E+00  0.6560887452974393E+02
  0.2228528335858699E+01 -0.6113235814194364E+00  0.6580640145666776E+02
  0.2220357754743295E+01 -0.6048372074400329E+00  0.6606976704050108E+02
  0.2212187173492683E+01 -0.5983104556152549E+00  0.6600313595896323E+02
  0.2204016592110768E+01 -0.5917437616593286E+00  0.6550351428755157E+02
  0.2195846010601326E+01 -0.5851375639529456E+00  0.6472714231709337E+02
  0.2187675428968010E+01 -0.5784923035139965E+00  0.6381903991041874E+02
  0.2179504847214357E+01 -0.5718084239681300E+00  0.6271683247546893E+02
  0.2171334265343789E+01 -0.5650863715191369E+00  0.6123756243676837E+02
  0.2163163683359622E+01 -0.5583265949191624E+00  0.5928644622787200E+02
  0.2154993101265066E+01 -0.5515295454387482E+00  0.5690410715149709E+02
  0.2146822519063234E+01 -0.5446956768367068E+00  0.5413564792659849E+02
  0.2138651936757143E+01 -0.5378254453298289E+00  0.5095085901809968E+02
  0.2130481354349721E+01 -0.5309193095624275E+00  0.4737672784694484E+02
  0.2122310771843806E+01 -0.5239777305757194E+00  0.4369428434612250E+02
  0.2114140189242155E+01 -0.5170011717770473E+00  0.4036879786977536E+02
  0.2105969606547443E+01 -0.5099900989089429E+00  0.3773734278914410E+02
  0.2097799023762269E+01 -0.5029449800180356E+00  0.3590213998524856E+02
  0.2089628440889158E+01 -0.4958662854238058E+00  0.3489763327897250E+02
  0.2081457857930564E+01 -0.4887544876871878E+00  0.3471547615142706E+02
  0.2073287274888874E+01 -0.4816100615790221E+00  0.3519627708074368E+02
  0.2065116691766407E+01 -0.4744334840483606E+00  0.3614453465650246E+02
  0.2056946108565423E+01 -0.4672252341906264E+00  0.3750416507986029E+02
  0.2048775525288118E+01 -0.4599857932156304E+00  0.3921081085340094E+02
  0.2040604941936635E+01 -0.4527156444154464E+00  0.4093718880561739E+02
  0.2032434358513056E+01 -0.4454152731321473E+00  0.4219223187228810E+02
  0.2024263775019413E+01 -0.4380851667254050E+00  0.4266998072274223E+02
  0.2016093191457685E+01 -0.4307258145399545E+00  0.4241004663848844E+02
  0.2007922607829804E+01 -0.4233377078729265E+00  0.4167518437630265E+02
  0.1999752024137653E+01 -0.4159213399410494E+00  0.4075250404494957E+02
  0.1991581440383068E+01 -0.4084772058477228E+00  0.3982690127310131E+02
  0.1983410856567843E+01 -0.4010058025499653E+00  0.3896979367424473E+02
  0.1975240272693730E+01 -0.3935076288252386E+00  0.3820656595042582E+02
  0.1967069688762441E+01 -0.3859831852381501E+00  0.3759164622330614E+02
  0.1958899104775647E+01 -0.3784329741070359E+00  0.3724467449147440E+02
  0.1950728520734982E+01 -0.3708574994704271E+00  0.3729920637676295E+02
  0.1942557936642046E+01 -0.3632572670534011E+00  0.3777185138665491E+02
  0.1934387352498403E+01 -0.3556327842338202E+00  0.3851347061706422E+02
  0.1926216768305583E+01 -0.3479845600084601E+00  0.3938601898391908E+02
  0.1918046184065086E+01 -0.3403131049590297E+00  0.4046576975160989E+02
  0.1909875599778379E+01 -0.3326189312180866E+00  0.4188847099836131E+02
  0.1901705015446901E+01 -0.3249025524348469E+00  0.4344250963918421E+02
  0.1893534431072063E+01 -0.3171644837408958E+00  0.4452066249489535E+02
  0.1885363846655247E+01 -0.3094052417157978E+00  0.4462118986379032E+02
  0.1877193262197810E+01 -0.3016253443526109E+00  0.4378562964130425E+02
  0.1869022677701083E+01 -0.2938253110233064E+00  0.4244584831539874E+02
  0.1860852093166375E+01 -0.2860056624440968E+00  0.4100097158479319E+02
  0.1852681508594969E+01 -0.2781669206406729E+00  0.3967673972313378E+02
  0.1844510923988128E+01 -0.2703096089133553E+00  0.3861313277005582E+02
  0.1836340339347093E+01 -0.2624342518021592E+00  0.3788270572852920E+02
  0.1828169754673083E+01 -0.2545413750517773E+00  0.3748099675983952E+02
  0.1819999169967299E+01 -0.2466315055764818E+00  0.3739718259110644E+02
  0.1811828585230925E+01 -0.2387051714249486E+00  0.3762872491549359E+02
  0.1803658000465123E+01 -0.2307629017450062E+00  0.3807286342163464E+02
  0.1795487415671042E+01 -0.2228052267483099E+00  0.3851136293385980E+02
  0.1787316830849811E+01 -0.2148326776749467E+00  0.3881288685799923E+02
  0.1779146246002545E+01 -0.2068457867579697E+00  0.3907151013708753E+02
  0.1770975661130345E+01 -0.1988450871878683E+00  0.3940896501823767E+02
  0.1762805076234296E+01 -0.1908311130769725E+00  0.3969074909626445E+02
  0.1754634491315471E+01 -0.1828043994237966E+00  0.3959880462252811E+02
  0.1746463906374929E+01 -0.1747654820773241E+00  0.3898671047671695E+02
  0.1738293321413718E+01 -0.1667148977012352E+00  0.3799471931450243E+02
  0.1730122736432872E+01 -0.1586531837380799E+00  0.3677474437913951E+02
  0.1721952151433418E+01 -0.1505808783733995E+00  0.3529962290341883E+02
  0.1713781566416370E+01 -0.1424985204997981E+00  0.3353320682287447E+02
  0.1705610981382731E+01 -0.1344066496809675E+00  0.3157818009650444E+02
  0.1697440396333499E+01 -0.1263058061156663E+00  0.2949451873827741E+02
  0.1689269811269659E+01 -0.1181965306016578E+00  0.2714887102558893E+02
  0.1681099226192191E+01 -0.1100793644996070E+00  0.2446077009606526E+02
  0.1672928641102067E+01 -0.1019548496969404E+00  0.2172062372163427E+02
  0.1664758056000250E+01 -0.9382352857167028E-01  0.1948222675100310E+02
  0.1656587470887701E+01 -0.8568594395618719E-01  0.1811787253760251E+02
  0.1648416885765370E+01 -0.7754263910102077E-01  0.1753825799459458E+02
  0.1640246300634206E+01 -0.6939415763857371E-01  0.1733624037245532E+02
  0.1632075715495151E+01 -0.6124104354682962E-01  0.1710837936404708E+02
  0.1623905130349143E+01 -0.5308384111303818E-01  0.1659909739799687E+02
  0.1615734545197117E+01 -0.4492309489737940E-01  0.1565428473906339E+02
  0.1607563960040004E+01 -0.3675934969660982E-01  0.1421497586047644E+02
  0.1599393374878733E+01 -0.2859315050769285E-01  0.1243960773243657E+02
  0.1591222789714229E+01 -0.2042504249141571E-01  0.1072550802794067E+02
  0.1583052204547419E+01 -0.1225557093599554E-01  0.9421615547268170E+01
  0.1574881619379224E+01 -0.4085281220676868E-02  0.8504269774971085E+01
  0.1566711034210569E+01  0.4085281220676868E-02  0.7614402283500957E+01
  0.1558540449042374E+01  0.1225557093599554E-01  0.6343277430629481E+01
  0.1550369863875564E+01  0.2042504249141571E-01  0.4412931118148788E+01
  0.1542199278711061E+01  0.2859315050769285E-01  0.1717029253782461E+01
  0.1534028693549790E+01  0.3675934969660982E-01 -0.1664871492307575E+01
  0.1525858108392677E+01  0.4492309489737940E-01 -0.5500124229676759E+01
  0.1517687523240650E+01  0.5308384111303818E-01 -0.9503450457350880E+01
  0.1509516938094642E+01  0.6124104354682962E-01 -0.1343148313648360E+02
  0.1501346352955587E+01  0.6939415763857371E-01 -0.1707255076103580E+02
  0.1493175767824423E+01  0.7754263910102077E-01 -0.2015486570980879E+02
  0.1485005182702093E+01  0.8568594395618719E-01 -0.2238647723291218E+02
  0.1476834597589543E+01  0.9382352857167028E-01 -0.2373556975046355E+02
  0.1468664012487727E+01  0.1019548496969404E+00 -0.2464880959205982E+02
  0.1460493427397602E+01  0.1100793644996070E+00 -0.2581800030936645E+02
  0.1452322842320134E+01  0.1181965306016578E+00 -0.2763162684736583E+02
  0.1444152257256294E+01  0.1263058061156663E+00 -0.2986901465006933E+02
  0.1435981672207062E+01  0.1344066496809675E+00 -0.3189680860951423E+02
  0.1427811087173423E+01  0.1424985204997981E+00 -0.3310225917073172E+02
  0.1419640502156375E+01  0.1505808783733995E+00 -0.3320940213365052E+02
  0.1411469917156921E+01  0.1586531837380799E+00 -0.3234864033473671E+02
  0.1403299332176076E+01  0.1667148977012352E+00 -0.3095159551218734E+02
  0.1395128747214864E+01  0.1747654820773241E+00 -0.2957833589123844E+02
  0.1386958162274323E+01  0.1828043994237966E+00 -0.2870136222814474E+02
  0.1378787577355497E+01  0.1908311130769725E+00 -0.2849900950825117E+02
  0.1370616992459449E+01  0.1988450871878683E+00 -0.2884174283446656E+02
  0.1362446407587248E+01  0.2068457867579697E+00 -0.2952849094909877E+02
  0.1354275822739983E+01  0.2148326776749467E+00 -0.3050727148878351E+02
  0.1346105237918751E+01  0.2228052267483099E+00 -0.3183211010228129E+02
  0.1337934653124670E+01  0.2307629017450062E+00 -0.3345930693116647E+02
  0.1329764068358868E+01  0.2387051714249486E+00 -0.3513998319128436E+02
  0.1321593483622494E+01  0.2466315055764818E+00 -0.3656831451078256E+02
  0.1313422898916710E+01  0.2545413750517773E+00 -0.3771922353930243E+02
  0.1305252314242701E+01  0.2624342518021592E+00 -0.3899557427986277E+02
  0.1297081729601665E+01  0.2703096089133553E+00 -0.4087778884282647E+02
  0.1288911144994824E+01  0.2781669206406729E+00 -0.4340947469924580E+02
  0.1280740560423418E+01  0.2860056624440968E+00 -0.4613037024770977E+02
  0.1272569975888710E+01  0.2938253110233064E+00 -0.4844976092513825E+02
  0.1264399391391984E+01  0.3016253443526109E+00 -0.4998224599662682E+02
  0.1256228806934547E+01  0.3094052417157978E+00 -0.5069970480826348E+02
  0.1248058222517730E+01  0.3171644837408958E+00 -0.5098010231038860E+02
  0.1239887638142892E+01  0.3249025524348469E+00 -0.5146024865473307E+02
  0.1231717053811414E+01  0.3326189312180866E+00 -0.5267643113589975E+02
  0.1223546469524707E+01  0.3403131049590297E+00 -0.5472891221500490E+02
  0.1215375885284210E+01  0.3479845600084601E+00 -0.5726119599752279E+02
  0.1207205301091390E+01  0.3556327842338202E+00 -0.5984728257935201E+02
  0.1199034716947747E+01  0.3632572670534011E+00 -0.6239676106004618E+02
  0.1190864132854811E+01  0.3708574994704271E+00 -0.6506481741039680E+02
  0.1182693548814147E+01  0.3784329741070359E+00 -0.6785576542176665E+02
  0.1174522964827352E+01  0.3859831852381501E+00 -0.7052863848109577E+02
  0.1166352380896063E+01  0.3935076288252386E+00 -0.7285493607644338E+02
  0.1158181797021950E+01  0.4010058025499653E+00 -0.7480861780226738E+02
  0.1150011213206726E+01  0.4084772058477228E+00 -0.7651237529539533E+02
  0.1141840629452141E+01  0.4159213399410494E+00 -0.7812564254419999E+02
  0.1133670045759989E+01  0.4233377078729265E+00 -0.7982137694276088E+02
  0.1125499462132108E+01  0.4307258145399545E+00 -0.8176483524690850E+02
  0.1117328878570381E+01  0.4380851667254050E+00 -0.8404093687468537E+02
  0.1109158295076737E+01  0.4454152731321473E+00 -0.8665951368224914E+02
  0.1100987711653159E+01  0.4527156444154464E+00 -0.8967817793258401E+02
  0.1092817128301675E+01  0.4599857932156304E+00 -0.9328234333419117E+02
  0.1084646545024371E+01  0.4672252341906264E+00 -0.9762269735004300E+02
  0.1076475961823386E+01  0.4744334840483606E+00 -0.1024675772381818E+03
  0.1068305378700920E+01  0.4816100615790221E+00 -0.1071214774113979E+03
  0.1060134795659229E+01  0.4887544876871878E+00 -0.1108693113176852E+03
  0.1051964212700635E+01  0.4958662854238058E+00 -0.1134698888000957E+03
  0.1043793629827524E+01  0.5029449800180356E+00 -0.1151783652853538E+03
  0.1035623047042350E+01  0.5099900989089429E+00 -0.1164964449422267E+03
  0.1027452464347638E+01  0.5170011717770473E+00 -0.1180084939318397E+03
  0.1019281881745987E+01  0.5239777305757194E+00 -0.1201816094229824E+03
  0.1011111299240073E+01  0.5309193095624275E+00 -0.1230820605165494E+03
  0.1002940716832650E+01  0.5378254453298289E+00 -0.1264052448133055E+03
  0.9947701345265596E+00  0.5446956768367068E+00 -0.1298891748264279E+03
  0.9865995523247275E+00  0.5515295454387482E+00 -0.1335475132230033E+03
  0.9784289702301714E+00  0.5583265949191624E+00 -0.1374355808303596E+03
  0.9702583882460036E+00  0.5650863715191369E+00 -0.1413528561187894E+03
  0.9620878063754359E+00  0.5718084239681300E+00 -0.1448893556266595E+03
  0.9539172246217830E+00  0.5784923035139965E+00 -0.1477102032089590E+03
  0.9457466429884676E+00  0.5851375639529456E+00 -0.1497477817281900E+03
  0.9375760614790253E+00  0.5917437616593286E+00 -0.1512176212438000E+03
  0.9294054800971098E+00  0.5983104556152549E+00 -0.1525938827983623E+03
  0.9212348988464978E+00  0.6048372074400329E+00 -0.1544766400282080E+03
  0.9130643177310944E+00  0.6113235814194364E+00 -0.1571997814164822E+03
  0.9048937367549402E+00  0.6177691445347914E+00 -0.1604988251415905E+03
  0.8967231559222163E+00  0.6241734664918837E+00 -0.1637367658203373E+03
  0.8885525752372514E+00  0.6305361197496849E+00 -0.1664887410732259E+03
  0.8803819947045285E+00  0.6368566795488945E+00 -0.1687965260514068E+03
  0.8722114143286931E+00  0.6431347239402948E+00 -0.1708885944523655E+03
  0.8640408341145595E+00  0.6493698338129212E+00 -0.1727973912517078E+03
  0.8558702540671204E+00  0.6555615929220400E+00 -0.1742621825155480E+03
  0.8476996741915547E+00  0.6617095879169366E+00 -0.1749119181103200E+03
  0.8395290944932369E+00  0.6678134083685102E+00 -0.1745320530284097E+03
  0.8313585149777468E+00  0.6738726467966731E+00 -0.1732239794540900E+03
  0.8231879356508802E+00  0.6798868986975534E+00 -0.1713276822400864E+03
  0.8150173565186587E+00  0.6858557625704990E+00 -0.1692112803328493E+03
  0.8068467775873427E+00  0.6917788399448808E+00 -0.1671564434233286E+03
  0.7986761988634423E+00  0.6976557354066943E+00 -0.1653417641029098E+03
  0.7905056203537315E+00  0.7034860566249567E+00 -0.1637983704191852E+03
  0.7823350420652612E+00  0.7092694143778975E+00 -0.1624202053157078E+03
  0.7741644640053743E+00  0.7150054225789432E+00 -0.1611362566476248E+03
  0.7659938861817212E+00  0.7206936983024912E+00 -0.1600727822132695E+03
  0.7578233086022768E+00  0.7263338618094733E+00 -0.1594594749734987E+03
  0.7496527312753575E+00  0.7319255365727068E+00 -0.1593215453845741E+03
  0.7414821542096410E+00  0.7374683493020299E+00 -0.1592253511889290E+03
  0.7333115774141861E+00  0.7429619299692227E+00 -0.1583585581429560E+03
  0.7251410008984539E+00  0.7484059118327094E+00 -0.1560037937230462E+03
  0.7169704246723316E+00  0.7537999314620412E+00 -0.1520428879784838E+03
  0.7087998487461566E+00  0.7591436287621580E+00 -0.1470128701791739E+03
  0.7006292731307425E+00  0.7644366469974285E+00 -0.1417125609587185E+03
  0.6924586978374083E+00  0.7696786328154644E+00 -0.1367434908397007E+03
  0.6842881228780077E+00  0.7748692362707100E+00 -0.1322669076853229E+03
  0.6761175482649616E+00  0.7800081108478040E+00 -0.1280409672735071E+03
  0.6679469740112938E+00  0.7850949134847117E+00 -0.1236829075634212E+03
  0.6597764001306670E+00  0.7901293045956280E+00 -0.1189906511412365E+03
  0.6516058266374236E+00  0.7951109480936471E+00 -0.1141092092489655E+03
  0.6434352535466297E+00  0.8000395114131988E+00 -0.1094137147807279E+03
  0.6352646808741202E+00  0.8049146655322506E+00 -0.1052380022983598E+03
  0.6270941086365502E+00  0.8097360849942720E+00 -0.1016670335039103E+03
  0.6189235368514482E+00  0.8145034479299620E+00 -0.9844861372563743E+02
  0.6107529655372755E+00  0.8192164360787360E+00 -0.9506390064822622E+02
  0.6025823947134890E+00  0.8238747348099726E+00 -0.9100587079194806E+02
  0.5944118244006098E+00  0.8284780331440178E+00 -0.8602133829366473E+02
  0.5862412546202973E+00  0.8330260237729452E+00 -0.8004148097108069E+02
  0.5780706853954301E+00  0.8375184030810715E+00 -0.7296589144955603E+02
  0.5699001167501928E+00  0.8419548711652254E+00 -0.6466274925609238E+02
  0.5617295487101719E+00  0.8463351318547683E+00 -0.5517295087169984E+02
  0.5535589813024583E+00  0.8506588927313666E+00 -0.4480322641765211E+02
  0.5453884145557613E+00  0.8549258651485127E+00 -0.3399124152080037E+02
  0.5372178485005299E+00  0.8591357642507945E+00 -0.2312051476815648E+02
  0.5290472831690897E+00  0.8632883089929120E+00 -0.1239862248176244E+02
  0.5208767185957875E+00  0.8673832221584393E+00 -0.1818052653004124E+01
  0.5127061548171545E+00  0.8714202303783312E+00  0.8754437521723421E+01
  0.5045355918720822E+00  0.8753990641491725E+00  0.1944047750106690E+02
  0.4963650298020162E+00  0.8793194578511700E+00  0.3032226932082250E+02
  0.4881944686511717E+00  0.8831811497658847E+00  0.4143658122073640E+02
  0.4800239084667671E+00  0.8869838820937034E+00  0.5268998668098900E+02
  0.4718533492992859E+00  0.8907274009710492E+00  0.6387380658129148E+02
  0.4636827912027636E+00  0.8944114564873288E+00  0.7491427870103639E+02
  0.4555122342351060E+00  0.8980358027016164E+00  0.8607249132977823E+02
  0.4473416784584431E+00  0.9016001976590722E+00  0.9770529624901543E+02
  0.4391711239395221E+00  0.9051044034070944E+00  0.1097698672606610E+03
  0.4310005707501444E+00  0.9085481860112055E+00  0.1217804444417819E+03
  0.4228300189676551E+00  0.9119313155706682E+00  0.1333531093467418E+03
  0.4146594686754885E+00  0.9152535662338340E+00  0.1446202856629713E+03
  0.4064889199637791E+00  0.9185147162132208E+00  0.1561409047154037E+03
  0.3983183729300507E+00  0.9217145478003181E+00  0.1686802926622481E+03
  0.3901478276799883E+00  0.9248528473801222E+00  0.1829229317523529E+03
  0.3819772843283120E+00  0.9279294054453956E+00  0.1989485833367519E+03
  0.3738067429997641E+00  0.9309440166106540E+00  0.2159817870418994E+03
  0.3656362038302282E+00  0.9338964796258775E+00  0.2329652235269526E+03
  0.3574656669680030E+00  0.9367865973899459E+00  0.2494063645851722E+03
  0.3492951325752533E+00  0.9396141769637963E+00  0.2655920186079005E+03
  0.3411246008296713E+00  0.9423790295833044E+00  0.2821623649533961E+03
  0.3329540719263814E+00  0.9450809706718851E+00  0.2996494460254265E+03
  0.3247835460801308E+00  0.9477198198528157E+00  0.3182247708184415E+03
  0.3166130235278230E+00  0.9502954009612771E+00  0.3376635697017157E+03
  0.3084425045314506E+00  0.9528075420561144E+00  0.3576346923279170E+03
  0.3002719893815085E+00  0.9552560754313160E+00  0.3781167713135613E+03
  0.2921014784009779E+00  0.9576408376272095E+00  0.3994273026396597E+03
  0.2839309719500016E+00  0.9599616694413742E+00  0.4218921029446453E+03
  0.2757604704313845E+00  0.9622184159392698E+00  0.4456232358898367E+03
  0.2675899742971076E+00  0.9644109264645802E+00  0.4705796688263338E+03
  0.2594194840560681E+00  0.9665390546492710E+00  0.4967760811117044E+03
  0.2512490002833307E+00  0.9686026584233628E+00  0.5244141206061576E+03
  0.2430785236312446E+00  0.9706016000244151E+00  0.5536569184129072E+03
  0.2349080548428762E+00  0.9725357460067257E+00  0.5842638067477600E+03
  0.2267375947683499E+00  0.9744049672502397E+00  0.6156934167226827E+03
  0.2185671443848464E+00  0.9762091389691724E+00  0.6476521791515651E+03
  0.2103967048212628E+00  0.9779481407203411E+00  0.6803112270452110E+03
  0.2022262773888417E+00  0.9796218564112101E+00  0.7139033287018923E+03
  0.1940558636195398E+00  0.9812301743076443E+00  0.7482619974961087E+03
  0.1858854653144977E+00  0.9827729870413743E+00  0.7828589878592417E+03
  0.1777150846058812E+00  0.9842501916171713E+00  0.8171851323598614E+03
  0.1695447240365762E+00  0.9856616894197333E+00  0.8510381371820743E+03
  0.1613743866640789E+00  0.9870073862202815E+00  0.8846291000453739E+03
  0.1532040761975885E+00  0.9882871921828699E+00  0.9186323640614891E+03
  0.1450337971813853E+00  0.9895010218704087E+00  0.9540138428937158E+03
  0.1368635552438019E+00  0.9906487942504061E+00  0.9916471248865098E+03
  0.1286933574408989E+00  0.9917304327004320E+00  0.1032094874148083E+04
  0.1205232127396896E+00  0.9927458650133153E+00  0.1075724631770571E+04
  0.1123531327118049E+00  0.9936950234020883E+00  0.1122888002432978E+04
  0.1041831325528455E+00  0.9945778445047068E+00  0.1174086452530384E+04
  0.9601323262085862E-01  0.9953942693885953E+00  0.1230219082206168E+04
  0.8784346083082471E-01  0.9961442435551087E+00  0.1292797897649986E+04
  0.7967385651719167E-01  0.9968277169440913E+00  0.1363887951475292E+04
  0.7150447693306423E-01  0.9974446439389107E+00  0.1446005944414987E+04
  0.6333540875299180E-01  0.9979949833727938E+00  0.1542288422289997E+04
  0.5516678972815772E-01  0.9984786985384589E+00  0.1657159561143432E+04
  0.4699885272846815E-01  0.9988957572063257E+00  0.1799064076002898E+04
  0.3883202470742381E-01  0.9992461316671845E+00  0.1988689790856880E+04
  0.3066718105470672E-01  0.9995297988558859E+00  0.2267329857608809E+04
  0.2250643816359393E-01  0.9997467408113523E+00  0.2675158138608204E+04
  0.1435650599352885E-01  0.9998969471378596E+00  0.3173960084442414E+04
  0.6254421014113626E-02  0.9999804411726474E+00  0.3585434876810759E+04
