# nlmax, ncor, nside =         383           1         128
  0.3135338232575680E+01 -0.9999804411726474E+00 -0.2651501790940694E+03
  0.3127236147596264E+01 -0.9998969471378596E+00 -0.2654427345095139E+03
  0.3119086215426199E+01 -0.9997467408113523E+00 -0.2668210473037622E+03
  0.3110925472535087E+01 -0.9995297988558859E+00 -0.2700736887586530E+03
  0.3102760628882369E+01 -0.9992461316671845E+00 -0.2750037421825260E+03
  0.3094593800861325E+01 -0.9988957572063257E+00 -0.2803225875701780E+03
  0.3086425863861635E+01 -0.9984786985384589E+00 -0.2845458489740853E+03
  0.3078257244836801E+01 -0.9979949833727938E+00 -0.2871059232496928E+03
  0.3070088176656729E+01 -0.9974446439389107E+00 -0.2882719099247212E+03
  0.3061918797072602E+01 -0.9968277169440913E+00 -0.2885380106378951E+03
  0.3053749192758969E+01 -0.9961442435551087E+00 -0.2877938961068579E+03
  0.3045579420968934E+01 -0.9953942693885953E+00 -0.2854749691571705E+03
  0.3037409521036948E+01 -0.9945778445047068E+00 -0.2811494848663854E+03
  0.3029239520877988E+01 -0.9936950234020883E+00 -0.2750025520043839E+03
  0.3021069440850104E+01 -0.9927458650133153E+00 -0.2680135708788169E+03
  0.3012899296148894E+01 -0.9917304327004320E+00 -0.2613527636675603E+03
  0.3004729098345992E+01 -0.9906487942504061E+00 -0.2554343081807206E+03
  0.2996558856408408E+01 -0.9895010218704087E+00 -0.2496897943091577E+03
  0.2988388577392205E+01 -0.9882871921828699E+00 -0.2432523240197062E+03
  0.2980218266925714E+01 -0.9870073862202815E+00 -0.2355470275509415E+03
  0.2972047929553217E+01 -0.9856616894197333E+00 -0.2266005221868675E+03
  0.2963877568983912E+01 -0.9842501916171713E+00 -0.2172453362421048E+03
  0.2955707188275296E+01 -0.9827729870413743E+00 -0.2086271993439106E+03
  0.2947536789970254E+01 -0.9812301743076443E+00 -0.2015168651378190E+03
  0.2939366376200951E+01 -0.9796218564112101E+00 -0.1957159938772675E+03
  0.2931195948768531E+01 -0.9779481407203411E+00 -0.1900963368744704E+03
  0.2923025509204947E+01 -0.9762091389691724E+00 -0.1838321318821195E+03
  0.2914855058821443E+01 -0.9744049672502397E+00 -0.1773845597779469E+03
  0.2906684598746917E+01 -0.9725357460067257E+00 -0.1722387662019617E+03
  0.2898514129958549E+01 -0.9706016000244151E+00 -0.1696076366222962E+03
  0.2890343653306462E+01 -0.9686026584233628E+00 -0.1693103376955099E+03
  0.2882173169533725E+01 -0.9665390546492710E+00 -0.1698041126630086E+03
  0.2874002679292686E+01 -0.9644109264645802E+00 -0.1692686673474362E+03
  0.2865832183158409E+01 -0.9622184159392698E+00 -0.1664941120000574E+03
  0.2857661681639792E+01 -0.9599616694413742E+00 -0.1613084945640582E+03
  0.2849491175188815E+01 -0.9576408376272095E+00 -0.1546284033993025E+03
  0.2841320664208285E+01 -0.9552560754313160E+00 -0.1477130718948256E+03
  0.2833150149058343E+01 -0.9528075420561144E+00 -0.1412756113290264E+03
  0.2824979630061970E+01 -0.9502954009612771E+00 -0.1351890389027344E+03
  0.2816809107509663E+01 -0.9477198198528157E+00 -0.1289798634378983E+03
  0.2808638581663412E+01 -0.9450809706718851E+00 -0.1226219475306959E+03
  0.2800468052760122E+01 -0.9423790295833044E+00 -0.1165716555897880E+03
  0.2792297521014540E+01 -0.9396141769637963E+00 -0.1111470255869661E+03
  0.2784126986621790E+01 -0.9367865973899459E+00 -0.1062321829212737E+03
  0.2775956449759565E+01 -0.9338964796258775E+00 -0.1014869889174548E+03
  0.2767785910590029E+01 -0.9309440166106540E+00 -0.9641367432041145E+02
  0.2759615369261481E+01 -0.9279294054453956E+00 -0.9066262530726860E+02
  0.2751444825909805E+01 -0.9248528473801222E+00 -0.8410113340071892E+02
  0.2743274280659743E+01 -0.9217145478003181E+00 -0.7691759890538104E+02
  0.2735103733626014E+01 -0.9185147162132208E+00 -0.6948468795246637E+02
  0.2726933184914305E+01 -0.9152535662338340E+00 -0.6216371257619418E+02
  0.2718762634622138E+01 -0.9119313155706682E+00 -0.5511498840744082E+02
  0.2710592082839649E+01 -0.9085481860112055E+00 -0.4814649543600955E+02
  0.2702421529650271E+01 -0.9051044034070944E+00 -0.4090289689281114E+02
  0.2694250975131350E+01 -0.9016001976590722E+00 -0.3322318252024094E+02
  0.2686080419354687E+01 -0.8980358027016164E+00 -0.2528676458418433E+02
  0.2677909862387029E+01 -0.8944114564873288E+00 -0.1747744739380244E+02
  0.2669739304290507E+01 -0.8907274009710492E+00 -0.1024926650787813E+02
  0.2661568745123026E+01 -0.8869838820937034E+00 -0.4063278634679775E+01
  0.2653398184938621E+01 -0.8831811497658847E+00  0.8864599804555826E+00
  0.2645227623787777E+01 -0.8793194578511700E+00  0.4813881529936542E+01
  0.2637057061717711E+01 -0.8753990641491725E+00  0.8125030385498771E+01
  0.2628886498772639E+01 -0.8714202303783312E+00  0.1125103783179950E+02
  0.2620715934994006E+01 -0.8673832221584393E+00  0.1471292312788551E+02
  0.2612545370420704E+01 -0.8632883089929120E+00  0.1885232132374273E+02
  0.2604374805089263E+01 -0.8591357642507945E+00  0.2345435664505833E+02
  0.2596204239034032E+01 -0.8549258651485127E+00  0.2790087267170375E+02
  0.2588033672287335E+01 -0.8506588927313666E+00  0.3178301223626948E+02
  0.2579863104879621E+01 -0.8463351318547683E+00  0.3530898135488809E+02
  0.2571692536839600E+01 -0.8419548711652254E+00  0.3904431144689165E+02
  0.2563521968194363E+01 -0.8375184030810715E+00  0.4332444136315488E+02
  0.2555351398969496E+01 -0.8330260237729452E+00  0.4804174481079479E+02
  0.2547180829189184E+01 -0.8284780331440178E+00  0.5271997809835577E+02
  0.2539010258876304E+01 -0.8238747348099726E+00  0.5678917633194049E+02
  0.2530839688052518E+01 -0.8192164360787360E+00  0.5990724193052449E+02
  0.2522669116738345E+01 -0.8145034479299620E+00  0.6207325398875275E+02
  0.2514498544953243E+01 -0.8097360849942720E+00  0.6332192263184213E+02
  0.2506327972715673E+01 -0.8049146655322506E+00  0.6355536224762417E+02
  0.2498157400043163E+01 -0.8000395114131988E+00  0.6287124214481135E+02
  0.2489986826952370E+01 -0.7951109480936471E+00  0.6187640314522685E+02
  0.2481816253459126E+01 -0.7901293045956280E+00  0.6122908949683465E+02
  0.2473645679578500E+01 -0.7850949134847117E+00  0.6111831722655507E+02
  0.2465475105324832E+01 -0.7800081108478040E+00  0.6131784189346653E+02
  0.2457304530711785E+01 -0.7748692362707100E+00  0.6158093544250444E+02
  0.2449133955752385E+01 -0.7696786328154644E+00  0.6191381337294598E+02
  0.2440963380459050E+01 -0.7644366469974285E+00  0.6256651236267538E+02
  0.2432792804843637E+01 -0.7591436287621580E+00  0.6376237534029666E+02
  0.2424622228917462E+01 -0.7537999314620412E+00  0.6539123798547431E+02
  0.2416451652691339E+01 -0.7484059118327094E+00  0.6708625534663290E+02
  0.2408281076175607E+01 -0.7429619299692227E+00  0.6851775744810547E+02
  0.2400110499380152E+01 -0.7374683493020299E+00  0.6951718222198915E+02
  0.2391939922314436E+01 -0.7319255365727068E+00  0.7001067062929711E+02
  0.2383769344987516E+01 -0.7263338618094733E+00  0.6992836976823614E+02
  0.2375598767408072E+01 -0.7206936983024912E+00  0.6930516962566554E+02
  0.2367428189584419E+01 -0.7150054225789432E+00  0.6839924802113340E+02
  0.2359257611524532E+01 -0.7092694143778975E+00  0.6752724222812456E+02
  0.2351087033236062E+01 -0.7034860566249567E+00  0.6675969352736479E+02
  0.2342916454726351E+01 -0.6976557354066943E+00  0.6589629174500125E+02
  0.2334745876002450E+01 -0.6917788399448808E+00  0.6470879249827597E+02
  0.2326575297071134E+01 -0.6858557625704990E+00  0.6327188000047183E+02
  0.2318404717938913E+01 -0.6798868986975534E+00  0.6196032277483823E+02
  0.2310234138612046E+01 -0.6738726467966731E+00  0.6106714653989874E+02
  0.2302063559096557E+01 -0.6678134083685102E+00  0.6046263943386167E+02
  0.2293892979398239E+01 -0.6617095879169366E+00  0.5985224647083604E+02
  0.2285722399522673E+01 -0.6555615929220400E+00  0.5910071520830137E+02
  0.2277551819475234E+01 -0.6493698338129212E+00  0.5827170782435664E+02
  0.2269381239261100E+01 -0.6431347239402948E+00  0.5737927677962769E+02
  0.2261210658885265E+01 -0.6368566795488945E+00  0.5632337931982905E+02
  0.2253040078352542E+01 -0.6305361197496849E+00  0.5515425598074013E+02
  0.2244869497667577E+01 -0.6241734664918837E+00  0.5421888378154949E+02
  0.2236698916834853E+01 -0.6177691445347914E+00  0.5378608410886721E+02
  0.2228528335858699E+01 -0.6113235814194364E+00  0.5373388161024512E+02
  0.2220357754743295E+01 -0.6048372074400329E+00  0.5366321233939412E+02
  0.2212187173492683E+01 -0.5983104556152549E+00  0.5330068667441729E+02
  0.2204016592110768E+01 -0.5917437616593286E+00  0.5268188699786015E+02
  0.2195846010601326E+01 -0.5851375639529456E+00  0.5199044619251943E+02
  0.2187675428968010E+01 -0.5784923035139965E+00  0.5120109286263305E+02
  0.2179504847214357E+01 -0.5718084239681300E+00  0.5008688748861530E+02
  0.2171334265343789E+01 -0.5650863715191369E+00  0.4844721146389178E+02
  0.2163163683359622E+01 -0.5583265949191624E+00  0.4632843135028116E+02
  0.2154993101265066E+01 -0.5515295454387482E+00  0.4390097312959611E+02
  0.2146822519063234E+01 -0.5446956768367068E+00  0.4122566579893518E+02
  0.2138651936757143E+01 -0.5378254453298289E+00  0.3816972058070861E+02
  0.2130481354349721E+01 -0.5309193095624275E+00  0.3463269651143460E+02
  0.2122310771843806E+01 -0.5239777305757194E+00  0.3083529417437164E+02
  0.2114140189242155E+01 -0.5170011717770473E+00  0.2728276409420666E+02
  0.2105969606547443E+01 -0.5099900989089429E+00  0.2442529705624092E+02
  0.2097799023762269E+01 -0.5029449800180356E+00  0.2247453356898692E+02
  0.2089628440889158E+01 -0.4958662854238058E+00  0.2149411625087917E+02
  0.2081457857930564E+01 -0.4887544876871878E+00  0.2142660538915729E+02
  0.2073287274888874E+01 -0.4816100615790221E+00  0.2196778356932893E+02
  0.2065116691766407E+01 -0.4744334840483606E+00  0.2279802770917286E+02
  0.2056946108565423E+01 -0.4672252341906264E+00  0.2382670963170764E+02
  0.2048775525288118E+01 -0.4599857932156304E+00  0.2511917778115135E+02
  0.2040604941936635E+01 -0.4527156444154464E+00  0.2654761913026588E+02
  0.2032434358513056E+01 -0.4454152731321473E+00  0.2773139336589155E+02
  0.2024263775019413E+01 -0.4380851667254050E+00  0.2827144919097864E+02
  0.2016093191457685E+01 -0.4307258145399545E+00  0.2811048107977917E+02
  0.2007922607829804E+01 -0.4233377078729265E+00  0.2753787155478519E+02
  0.1999752024137653E+01 -0.4159213399410494E+00  0.2693780000225141E+02
  0.1991581440383068E+01 -0.4084772058477228E+00  0.2648748542513353E+02
  0.1983410856567843E+01 -0.4010058025499653E+00  0.2624914515180243E+02
  0.1975240272693730E+01 -0.3935076288252386E+00  0.2626267768125998E+02
  0.1967069688762441E+01 -0.3859831852381501E+00  0.2656415582966570E+02
  0.1958899104775647E+01 -0.3784329741070359E+00  0.2716161157143093E+02
  0.1950728520734982E+01 -0.3708574994704271E+00  0.2808990316802817E+02
  0.1942557936642046E+01 -0.3632572670534011E+00  0.2933555175815323E+02
  0.1934387352498403E+01 -0.3556327842338202E+00  0.3078936351217756E+02
  0.1926216768305583E+01 -0.3479845600084601E+00  0.3234253830737319E+02
  0.1918046184065086E+01 -0.3403131049590297E+00  0.3409845013208287E+02
  0.1909875599778379E+01 -0.3326189312180866E+00  0.3619806898337769E+02
  0.1901705015446901E+01 -0.3249025524348469E+00  0.3846654503018043E+02
  0.1893534431072063E+01 -0.3171644837408958E+00  0.4031099530303152E+02
  0.1885363846655247E+01 -0.3094052417157978E+00  0.4115739712007219E+02
  0.1877193262197810E+01 -0.3016253443526109E+00  0.4088976349981284E+02
  0.1869022677701083E+01 -0.2938253110233064E+00  0.3991304315216592E+02
  0.1860852093166375E+01 -0.2860056624440968E+00  0.3872024125868310E+02
  0.1852681508594969E+01 -0.2781669206406729E+00  0.3764507547094719E+02
  0.1844510923988128E+01 -0.2703096089133553E+00  0.3691548647385024E+02
  0.1836340339347093E+01 -0.2624342518021592E+00  0.3671231855696716E+02
  0.1828169754673083E+01 -0.2545413750517773E+00  0.3704328396337673E+02
  0.1819999169967299E+01 -0.2466315055764818E+00  0.3777814769244598E+02
  0.1811828585230925E+01 -0.2387051714249486E+00  0.3872002195554369E+02
  0.1803658000465123E+01 -0.2307629017450062E+00  0.3970765761108801E+02
  0.1795487415671042E+01 -0.2228052267483099E+00  0.4061669116779630E+02
  0.1787316830849811E+01 -0.2148326776749467E+00  0.4145693096110908E+02
  0.1779146246002545E+01 -0.2068457867579697E+00  0.4226963244303169E+02
  0.1770975661130345E+01 -0.1988450871878683E+00  0.4303251951093102E+02
  0.1762805076234296E+01 -0.1908311130769725E+00  0.4352806011908675E+02
  0.1754634491315471E+01 -0.1828043994237966E+00  0.4346013353279470E+02
  0.1746463906374929E+01 -0.1747654820773241E+00  0.4280429983868546E+02
  0.1738293321413718E+01 -0.1667148977012352E+00  0.4189013430488674E+02
  0.1730122736432872E+01 -0.1586531837380799E+00  0.4094625455070508E+02
  0.1721952151433418E+01 -0.1505808783733995E+00  0.3990170315462110E+02
  0.1713781566416370E+01 -0.1424985204997981E+00  0.3856052227091497E+02
  0.1705610981382731E+01 -0.1344066496809675E+00  0.3685474833972685E+02
  0.1697440396333499E+01 -0.1263058061156663E+00  0.3477895635432235E+02
  0.1689269811269659E+01 -0.1181965306016578E+00  0.3233226276664851E+02
  0.1681099226192191E+01 -0.1100793644996070E+00  0.2965161197540433E+02
  0.1672928641102067E+01 -0.1019548496969404E+00  0.2714897367519893E+02
  0.1664758056000250E+01 -0.9382352857167028E-01  0.2532839359641068E+02
  0.1656587470887701E+01 -0.8568594395618719E-01  0.2443314646680736E+02
  0.1648416885765370E+01 -0.7754263910102077E-01  0.2428893409051215E+02
  0.1640246300634206E+01 -0.6939415763857371E-01  0.2449005137815941E+02
  0.1632075715495151E+01 -0.6124104354682962E-01  0.2461237046729568E+02
  0.1623905130349143E+01 -0.5308384111303818E-01  0.2435991531870461E+02
  0.1615734545197117E+01 -0.4492309489737940E-01  0.2358252944506640E+02
  0.1607563960040004E+01 -0.3675934969660982E-01  0.2233757276982719E+02
  0.1599393374878733E+01 -0.2859315050769285E-01  0.2085746781790076E+02
  0.1591222789714229E+01 -0.2042504249141571E-01  0.1947525054326705E+02
  0.1583052204547419E+01 -0.1225557093599554E-01  0.1844044073801958E+02
  0.1574881619379224E+01 -0.4085281220676868E-02  0.1773401170686600E+02
  0.1566711034210569E+01  0.4085281220676868E-02  0.1700195670114909E+02
  0.1558540449042374E+01  0.1225557093599554E-01  0.1585613361796957E+02
  0.1550369863875564E+01  0.2042504249141571E-01  0.1408836175652615E+02
  0.1542199278711061E+01  0.2859315050769285E-01  0.1169682224932501E+02
  0.1534028693549790E+01  0.3675934969660982E-01  0.8752691907438427E+01
  0.1525858108392677E+01  0.4492309489737940E-01  0.5389784655312931E+01
  0.1517687523240650E+01  0.5308384111303818E-01  0.1819981106031018E+01
  0.1509516938094642E+01  0.6124104354682962E-01 -0.1652381247852527E+01
  0.1501346352955587E+01  0.6939415763857371E-01 -0.4744343002581952E+01
  0.1493175767824423E+01  0.7754263910102077E-01 -0.7186239413776504E+01
  0.1485005182702093E+01  0.8568594395618719E-01 -0.8805618999679663E+01
  0.1476834597589543E+01  0.9382352857167028E-01 -0.9671305124222965E+01
  0.1468664012487727E+01  0.1019548496969404E+00 -0.1022923592478170E+02
  0.1460493427397602E+01  0.1100793644996070E+00 -0.1108773183991322E+02
  0.1452322842320134E+01  0.1181965306016578E+00 -0.1260514439561994E+02
  0.1444152257256294E+01  0.1263058061156663E+00 -0.1462147285974598E+02
  0.1435981672207062E+01  0.1344066496809675E+00 -0.1662394156520418E+02
  0.1427811087173423E+01  0.1424985204997981E+00 -0.1803083585657597E+02
  0.1419640502156375E+01  0.1505808783733995E+00 -0.1849514901503048E+02
  0.1411469917156921E+01  0.1586531837380799E+00 -0.1797956775444075E+02
  0.1403299332176076E+01  0.1667148977012352E+00 -0.1681784686555751E+02
  0.1395128747214864E+01  0.1747654820773241E+00 -0.1555895588916277E+02
  0.1386958162274323E+01  0.1828043994237966E+00 -0.1471997099563344E+02
  0.1378787577355497E+01  0.1908311130769725E+00 -0.1450950859066566E+02
  0.1370616992459449E+01  0.1988450871878683E+00 -0.1481884757119125E+02
  0.1362446407587248E+01  0.2068457867579697E+00 -0.1540183828340646E+02
  0.1354275822739983E+01  0.2148326776749467E+00 -0.1614817327964802E+02
  0.1346105237918751E+01  0.2228052267483099E+00 -0.1712667189284088E+02
  0.1337934653124670E+01  0.2307629017450062E+00 -0.1839418767210967E+02
  0.1329764068358868E+01  0.2387051714249486E+00 -0.1975685545215920E+02
  0.1321593483622494E+01  0.2466315055764818E+00 -0.2093519932386904E+02
  0.1313422898916710E+01  0.2545413750517773E+00 -0.2192126778677333E+02
  0.1305252314242701E+01  0.2624342518021592E+00 -0.2313727540221994E+02
  0.1297081729601665E+01  0.2703096089133553E+00 -0.2502478849984299E+02
  0.1288911144994824E+01  0.2781669206406729E+00 -0.2766438681397083E+02
  0.1280740560423418E+01  0.2860056624440968E+00 -0.3062827694440589E+02
  0.1272569975888710E+01  0.2938253110233064E+00 -0.3328877107546504E+02
  0.1264399391391984E+01  0.3016253443526109E+00 -0.3513457698774710E+02
  0.1256228806934547E+01  0.3094052417157978E+00 -0.3609558034340216E+02
  0.1248058222517730E+01  0.3171644837408958E+00 -0.3658797104971440E+02
  0.1239887638142892E+01  0.3249025524348469E+00 -0.3726900655266392E+02
  0.1231717053811414E+01  0.3326189312180866E+00 -0.3858602448353901E+02
  0.1223546469524707E+01  0.3403131049590297E+00 -0.4056794379116889E+02
  0.1215375885284210E+01  0.3479845600084601E+00 -0.4290752118304322E+02
  0.1207205301091390E+01  0.3556327842338202E+00 -0.4534536412649942E+02
  0.1199034716947747E+01  0.3632572670534011E+00 -0.4788802661896958E+02
  0.1190864132854811E+01  0.3708574994704271E+00 -0.5074470528845858E+02
  0.1182693548814147E+01  0.3784329741070359E+00 -0.5391435328230755E+02
  0.1174522964827352E+01  0.3859831852381501E+00 -0.5712600475455298E+02
  0.1166352380896063E+01  0.3935076288252386E+00 -0.6011848688205772E+02
  0.1158181797021950E+01  0.4010058025499653E+00 -0.6283219856507115E+02
  0.1150011213206726E+01  0.4084772058477228E+00 -0.6530755463417229E+02
  0.1141840629452141E+01  0.4159213399410494E+00 -0.6767737944308234E+02
  0.1133670045759989E+01  0.4233377078729265E+00 -0.7009659579485242E+02
  0.1125499462132108E+01  0.4307258145399545E+00 -0.7268961275999966E+02
  0.1117328878570381E+01  0.4380851667254050E+00 -0.7548593707079239E+02
  0.1109158295076737E+01  0.4454152731321473E+00 -0.7857777589896594E+02
  0.1100987711653159E+01  0.4527156444154464E+00 -0.8211918228731641E+02
  0.1092817128301675E+01  0.4599857932156304E+00 -0.8634067390140551E+02
  0.1084646545024371E+01  0.4672252341906264E+00 -0.9132399118883069E+02
  0.1076475961823386E+01  0.4744334840483606E+00 -0.9676897528873528E+02
  0.1068305378700920E+01  0.4816100615790221E+00 -0.1018987901381800E+03
  0.1060134795659229E+01  0.4887544876871878E+00 -0.1059591459432497E+03
  0.1051964212700635E+01  0.4958662854238058E+00 -0.1086432064920689E+03
  0.1043793629827524E+01  0.5029449800180356E+00 -0.1102881845972519E+03
  0.1035623047042350E+01  0.5099900989089429E+00 -0.1116156350164395E+03
  0.1027452464347638E+01  0.5170011717770473E+00 -0.1134240956316795E+03
  0.1019281881745987E+01  0.5239777305757194E+00 -0.1161312576579626E+03
  0.1011111299240073E+01  0.5309193095624275E+00 -0.1196330216824298E+03
  0.1002940716832650E+01  0.5378254453298289E+00 -0.1234241789584324E+03
  0.9947701345265596E+00  0.5446956768367068E+00 -0.1272193969506686E+03
  0.9865995523247275E+00  0.5515295454387482E+00 -0.1311006347450480E+03
  0.9784289702301714E+00  0.5583265949191624E+00 -0.1351843612642850E+03
  0.9702583882460036E+00  0.5650863715191369E+00 -0.1392221277535165E+03
  0.9620878063754359E+00  0.5718084239681300E+00 -0.1427671851470498E+03
  0.9539172246217830E+00  0.5784923035139965E+00 -0.1455629794903540E+03
  0.9457466429884676E+00  0.5851375639529456E+00 -0.1477421608751198E+03
  0.9375760614790253E+00  0.5917437616593286E+00 -0.1495473666311050E+03
  0.9294054800971098E+00  0.5983104556152549E+00 -0.1513233642897067E+03
  0.9212348988464978E+00  0.6048372074400329E+00 -0.1535170878610020E+03
  0.9130643177310944E+00  0.6113235814194364E+00 -0.1564816638238894E+03
  0.9048937367549402E+00  0.6177691445347914E+00 -0.1598925905666524E+03
  0.8967231559222163E+00  0.6241734664918837E+00 -0.1629766321345826E+03
  0.8885525752372514E+00  0.6305361197496849E+00 -0.1652697007838823E+03
  0.8803819947045285E+00  0.6368566795488945E+00 -0.1669988497911662E+03
  0.8722114143286931E+00  0.6431347239402948E+00 -0.1686010946443842E+03
  0.8640408341145595E+00  0.6493698338129212E+00 -0.1702293715611996E+03
  0.8558702540671204E+00  0.6555615929220400E+00 -0.1715683259592451E+03
  0.8476996741915547E+00  0.6617095879169366E+00 -0.1722630544556794E+03
  0.8395290944932369E+00  0.6678134083685102E+00 -0.1721159308262961E+03
  0.8313585149777468E+00  0.6738726467966731E+00 -0.1711937301057140E+03
  0.8231879356508802E+00  0.6798868986975534E+00 -0.1696658547738043E+03
  0.8150173565186587E+00  0.6858557625704990E+00 -0.1678276371356792E+03
  0.8068467775873427E+00  0.6917788399448808E+00 -0.1659904976009112E+03
  0.7986761988634423E+00  0.6976557354066943E+00 -0.1644430931722055E+03
  0.7905056203537315E+00  0.7034860566249567E+00 -0.1631954193933170E+03
  0.7823350420652612E+00  0.7092694143778975E+00 -0.1621088573389686E+03
  0.7741644640053743E+00  0.7150054225789432E+00 -0.1609947989803241E+03
  0.7659938861817212E+00  0.7206936983024912E+00 -0.1600027725306464E+03
  0.7578233086022768E+00  0.7263338618094733E+00 -0.1594594292404427E+03
  0.7496527312753575E+00  0.7319255365727068E+00 -0.1595194568653317E+03
  0.7414821542096410E+00  0.7374683493020299E+00 -0.1597353792700256E+03
  0.7333115774141861E+00  0.7429619299692227E+00 -0.1592358179654983E+03
  0.7251410008984539E+00  0.7484059118327094E+00 -0.1572125363183378E+03
  0.7169704246723316E+00  0.7537999314620412E+00 -0.1535058938423806E+03
  0.7087998487461566E+00  0.7591436287621580E+00 -0.1485788551612060E+03
  0.7006292731307425E+00  0.7644366469974285E+00 -0.1432945173425616E+03
  0.6924586978374083E+00  0.7696786328154644E+00 -0.1383809775722942E+03
  0.6842881228780077E+00  0.7748692362707100E+00 -0.1341222900057312E+03
  0.6761175482649616E+00  0.7800081108478040E+00 -0.1302273589006962E+03
  0.6679469740112938E+00  0.7850949134847117E+00 -0.1262496304562858E+03
  0.6597764001306670E+00  0.7901293045956280E+00 -0.1218976925397243E+03
  0.6516058266374236E+00  0.7951109480936471E+00 -0.1173061242999760E+03
  0.6434352535466297E+00  0.8000395114131988E+00 -0.1128131493271512E+03
  0.6352646808741202E+00  0.8049146655322506E+00 -0.1088148133449243E+03
  0.6270941086365502E+00  0.8097360849942720E+00 -0.1054418416697995E+03
  0.6189235368514482E+00  0.8145034479299620E+00 -0.1025322709611095E+03
  0.6107529655372755E+00  0.8192164360787360E+00 -0.9950262524561953E+02
  0.6025823947134890E+00  0.8238747348099726E+00 -0.9582119408506799E+02
  0.5944118244006098E+00  0.8284780331440178E+00 -0.9126366149804181E+02
  0.5862412546202973E+00  0.8330260237729452E+00 -0.8588196742117667E+02
  0.5780706853954301E+00  0.8375184030810715E+00 -0.7952302284419314E+02
  0.5699001167501928E+00  0.8419548711652254E+00 -0.7199258657671189E+02
  0.5617295487101719E+00  0.8463351318547683E+00 -0.6316922498913205E+02
  0.5535589813024583E+00  0.8506588927313666E+00 -0.5330040351769224E+02
  0.5453884145557613E+00  0.8549258651485127E+00 -0.4278920170914272E+02
  0.5372178485005299E+00  0.8591357642507945E+00 -0.3223565770354528E+02
  0.5290472831690897E+00  0.8632883089929120E+00 -0.2206276238696769E+02
  0.5208767185957875E+00  0.8673832221584393E+00 -0.1229625557227560E+02
  0.5127061548171545E+00  0.8714202303783312E+00 -0.2525881466383244E+01
  0.5045355918720822E+00  0.8753990641491725E+00  0.7426813399315606E+01
  0.4963650298020162E+00  0.8793194578511700E+00  0.1750417146055102E+02
  0.4881944686511717E+00  0.8831811497658847E+00  0.2760997476930938E+02
  0.4800239084667671E+00  0.8869838820937034E+00  0.3780502454563631E+02
  0.4718533492992859E+00  0.8907274009710492E+00  0.4807023994472480E+02
  0.4636827912027636E+00  0.8944114564873288E+00  0.5848793132929396E+02
  0.4555122342351060E+00  0.8980358027016164E+00  0.6926810534043558E+02
  0.4473416784584431E+00  0.9016001976590722E+00  0.8061425935270506E+02
  0.4391711239395221E+00  0.9051044034070944E+00  0.9210050487146141E+02
  0.4310005707501444E+00  0.9085481860112055E+00  0.1030929039681773E+03
  0.4228300189676551E+00  0.9119313155706682E+00  0.1132832985958254E+03
  0.4146594686754885E+00  0.9152535662338340E+00  0.1231744873551385E+03
  0.4064889199637791E+00  0.9185147162132208E+00  0.1334760511142932E+03
  0.3983183729300507E+00  0.9217145478003181E+00  0.1449543693784440E+03
  0.3901478276799883E+00  0.9248528473801222E+00  0.1580657381897976E+03
  0.3819772843283120E+00  0.9279294054453956E+00  0.1728691001895868E+03
  0.3738067429997641E+00  0.9309440166106540E+00  0.1886039962516375E+03
  0.3656362038302282E+00  0.9338964796258775E+00  0.2044276697024335E+03
  0.3574656669680030E+00  0.9367865973899459E+00  0.2198731390917854E+03
  0.3492951325752533E+00  0.9396141769637963E+00  0.2352811795528391E+03
  0.3411246008296713E+00  0.9423790295833044E+00  0.2511043590577163E+03
  0.3329540719263814E+00  0.9450809706718851E+00  0.2678993064645064E+03
  0.3247835460801308E+00  0.9477198198528157E+00  0.2856766776788469E+03
  0.3166130235278230E+00  0.9502954009612771E+00  0.3042725330314746E+03
  0.3084425045314506E+00  0.9528075420561144E+00  0.3234553102842750E+03
  0.3002719893815085E+00  0.9552560754313160E+00  0.3435197741556233E+03
  0.2921014784009779E+00  0.9576408376272095E+00  0.3646138721565458E+03
  0.2839309719500016E+00  0.9599616694413742E+00  0.3869198502380508E+03
  0.2757604704313845E+00  0.9622184159392698E+00  0.4104574167670998E+03
  0.2675899742971076E+00  0.9644109264645802E+00  0.4354075350543864E+03
  0.2594194840560681E+00  0.9665390546492710E+00  0.4617532359487572E+03
  0.2512490002833307E+00  0.9686026584233628E+00  0.4896192750321552E+03
  0.2430785236312446E+00  0.9706016000244151E+00  0.5189413951277083E+03
  0.2349080548428762E+00  0.9725357460067257E+00  0.5498072801491542E+03
  0.2267375947683499E+00  0.9744049672502397E+00  0.5818559087191527E+03
  0.2185671443848464E+00  0.9762091389691724E+00  0.6147879274939226E+03
  0.2103967048212628E+00  0.9779481407203411E+00  0.6482065191255597E+03
  0.2022262773888417E+00  0.9796218564112101E+00  0.6821098518787513E+03
  0.1940558636195398E+00  0.9812301743076443E+00  0.7163376413052117E+03
  0.1858854653144977E+00  0.9827729870413743E+00  0.7509870886975364E+03
  0.1777150846058812E+00  0.9842501916171713E+00  0.7858807397924782E+03
  0.1695447240365762E+00  0.9856616894197333E+00  0.8210397694093591E+03
  0.1613743866640789E+00  0.9870073862202815E+00  0.8564284883453342E+03
  0.1532040761975885E+00  0.9882871921828699E+00  0.8926789762419997E+03
  0.1450337971813853E+00  0.9895010218704087E+00  0.9301291046008556E+03
  0.1368635552438019E+00  0.9906487942504061E+00  0.9696676989180658E+03
  0.1286933574408989E+00  0.9917304327004320E+00  0.1011692452911212E+04
  0.1205232127396896E+00  0.9927458650133153E+00  0.1056944336067771E+04
  0.1123531327118049E+00  0.9936950234020883E+00  0.1105431706456294E+04
  0.1041831325528455E+00  0.9945778445047068E+00  0.1157786710922943E+04
  0.9601323262085862E-01  0.9953942693885953E+00  0.1214665410698854E+04
  0.8784346083082471E-01  0.9961442435551087E+00  0.1278053759104788E+04
  0.7967385651719167E-01  0.9968277169440913E+00  0.1349693769174554E+04
  0.7150447693306423E-01  0.9974446439389107E+00  0.1432390616966293E+04
  0.6333540875299180E-01  0.9979949833727938E+00  0.1528431406948787E+04
  0.5516678972815772E-01  0.9984786985384589E+00  0.1642317573839453E+04
  0.4699885272846815E-01  0.9988957572063257E+00  0.1781972527277453E+04
  0.3883202470742381E-01  0.9992461316671845E+00  0.1968911909705688E+04
  0.3066718105470672E-01  0.9995297988558859E+00  0.2242015455003057E+04
  0.2250643816359393E-01  0.9997467408113523E+00  0.2641211226128087E+04
  0.1435650599352885E-01  0.9998969471378596E+00  0.3125922034229355E+04
  0.6254421014113626E-02  0.9999804411726474E+00  0.3529211055172118E+04
