# nlmax, ncor, nside =         383           1         128
  0.3135338232575680E+01 -0.9999804411726474E+00 -0.2773273377333540E+03
  0.3127236147596264E+01 -0.9998969471378596E+00 -0.2774919091984339E+03
  0.3119086215426199E+01 -0.9997467408113523E+00 -0.2784572848643787E+03
  0.3110925472535087E+01 -0.9995297988558859E+00 -0.2810670689185844E+03
  0.3102760628882369E+01 -0.9992461316671845E+00 -0.2851383408183773E+03
  0.3094593800861325E+01 -0.9988957572063257E+00 -0.2893071597184997E+03
  0.3086425863861635E+01 -0.9984786985384589E+00 -0.2923049634056727E+03
  0.3078257244836801E+01 -0.9979949833727938E+00 -0.2936916702800573E+03
  0.3070088176656729E+01 -0.9974446439389107E+00 -0.2939153633071995E+03
  0.3061918797072602E+01 -0.9968277169440913E+00 -0.2934154299650057E+03
  0.3053749192758969E+01 -0.9961442435551087E+00 -0.2919011751294041E+03
  0.3045579420968934E+01 -0.9953942693885953E+00 -0.2885341764138557E+03
  0.3037409521036948E+01 -0.9945778445047068E+00 -0.2829230305273201E+03
  0.3029239520877988E+01 -0.9936950234020883E+00 -0.2756078679528934E+03
  0.3021069440850104E+01 -0.9927458650133153E+00 -0.2676599966911685E+03
  0.3012899296148894E+01 -0.9917304327004320E+00 -0.2601174094847374E+03
  0.3004729098345992E+01 -0.9906487942504061E+00 -0.2533470125147847E+03
  0.2996558856408408E+01 -0.9895010218704087E+00 -0.2468404229387118E+03
  0.2988388577392205E+01 -0.9882871921828699E+00 -0.2398642131282209E+03
  0.2980218266925714E+01 -0.9870073862202815E+00 -0.2318426674927128E+03
  0.2972047929553217E+01 -0.9856616894197333E+00 -0.2226284151840634E+03
  0.2963877568983912E+01 -0.9842501916171713E+00 -0.2129463884276144E+03
  0.2955707188275296E+01 -0.9827729870413743E+00 -0.2040159772572048E+03
  0.2947536789970254E+01 -0.9812301743076443E+00 -0.1966921551494313E+03
  0.2939366376200951E+01 -0.9796218564112101E+00 -0.1907378409961336E+03
  0.2931195948768531E+01 -0.9779481407203411E+00 -0.1849076518266196E+03
  0.2923025509204947E+01 -0.9762091389691724E+00 -0.1782335004592239E+03
  0.2914855058821443E+01 -0.9744049672502397E+00 -0.1712146757742367E+03
  0.2906684598746917E+01 -0.9725357460067257E+00 -0.1653957530939091E+03
  0.2898514129958549E+01 -0.9706016000244151E+00 -0.1621009034947689E+03
  0.2890343653306462E+01 -0.9686026584233628E+00 -0.1612709907344351E+03
  0.2882173169533725E+01 -0.9665390546492710E+00 -0.1614037799521814E+03
  0.2874002679292686E+01 -0.9644109264645802E+00 -0.1605033581792949E+03
  0.2865832183158409E+01 -0.9622184159392698E+00 -0.1571705251781249E+03
  0.2857661681639792E+01 -0.9599616694413742E+00 -0.1512740662669758E+03
  0.2849491175188815E+01 -0.9576408376272095E+00 -0.1438456926068590E+03
  0.2841320664208285E+01 -0.9552560754313160E+00 -0.1361830830773964E+03
  0.2833150149058343E+01 -0.9528075420561144E+00 -0.1289578255182028E+03
  0.2824979630061970E+01 -0.9502954009612771E+00 -0.1220860670963933E+03
  0.2816809107509663E+01 -0.9477198198528157E+00 -0.1152225302216415E+03
  0.2808638581663412E+01 -0.9450809706718851E+00 -0.1084351106807796E+03
  0.2800468052760122E+01 -0.9423790295833044E+00 -0.1021222063395250E+03
  0.2792297521014540E+01 -0.9396141769637963E+00 -0.9641481027590940E+02
  0.2784126986621790E+01 -0.9367865973899459E+00 -0.9104912570752442E+02
  0.2775956449759565E+01 -0.9338964796258775E+00 -0.8564047633650480E+02
  0.2767785910590029E+01 -0.9309440166106540E+00 -0.7977124761503367E+02
  0.2759615369261481E+01 -0.9279294054453956E+00 -0.7322490025065771E+02
  0.2751444825909805E+01 -0.9248528473801222E+00 -0.6602048499240310E+02
  0.2743274280659743E+01 -0.9217145478003181E+00 -0.5835469629777420E+02
  0.2735103733626014E+01 -0.9185147162132208E+00 -0.5051967493125197E+02
  0.2726933184914305E+01 -0.9152535662338340E+00 -0.4281767005196091E+02
  0.2718762634622138E+01 -0.9119313155706682E+00 -0.3539315873297707E+02
  0.2710592082839649E+01 -0.9085481860112055E+00 -0.2804120616138024E+02
  0.2702421529650271E+01 -0.9051044034070944E+00 -0.2035864498445955E+02
  0.2694250975131350E+01 -0.9016001976590722E+00 -0.1220807334550801E+02
  0.2686080419354687E+01 -0.8980358027016164E+00 -0.3889108172389774E+01
  0.2677909862387029E+01 -0.8944114564873288E+00  0.4064004462911059E+01
  0.2669739304290507E+01 -0.8907274009710492E+00  0.1113901741060336E+02
  0.2661568745123026E+01 -0.8869838820937034E+00  0.1693250967186560E+02
  0.2653398184938621E+01 -0.8831811497658847E+00  0.2139554549345724E+02
  0.2645227623787777E+01 -0.8793194578511700E+00  0.2480624299908760E+02
  0.2637057061717711E+01 -0.8753990641491725E+00  0.2760003995648157E+02
  0.2628886498772639E+01 -0.8714202303783312E+00  0.3032278281913995E+02
  0.2620715934994006E+01 -0.8673832221584393E+00  0.3354702852372672E+02
  0.2612545370420704E+01 -0.8632883089929120E+00  0.3756337673259500E+02
  0.2604374805089263E+01 -0.8591357642507945E+00  0.4211186662569003E+02
  0.2596204239034032E+01 -0.8549258651485127E+00  0.4658929187485712E+02
  0.2588033672287335E+01 -0.8506588927313666E+00  0.5060092484486341E+02
  0.2579863104879621E+01 -0.8463351318547683E+00  0.5432024952821792E+02
  0.2571692536839600E+01 -0.8419548711652254E+00  0.5821928496986851E+02
  0.2563521968194363E+01 -0.8375184030810715E+00  0.6260904413350531E+02
  0.2555351398969496E+01 -0.8330260237729452E+00  0.6743485926979255E+02
  0.2547180829189184E+01 -0.8284780331440178E+00  0.7228710128861992E+02
  0.2539010258876304E+01 -0.8238747348099726E+00  0.7654545153736896E+02
  0.2530839688052518E+01 -0.8192164360787360E+00  0.7976744024000097E+02
  0.2522669116738345E+01 -0.8145034479299620E+00  0.8191037023183641E+02
  0.2514498544953243E+01 -0.8097360849942720E+00  0.8304893064180310E+02
  0.2506327972715673E+01 -0.8049146655322506E+00  0.8309212606470373E+02
  0.2498157400043163E+01 -0.8000395114131988E+00  0.8212605755832497E+02
  0.2489986826952370E+01 -0.7951109480936471E+00  0.8074418073114411E+02
  0.2481816253459126E+01 -0.7901293045956280E+00  0.7961495011686007E+02
  0.2473645679578500E+01 -0.7850949134847117E+00  0.7895016993203129E+02
  0.2465475105324832E+01 -0.7800081108478040E+00  0.7851077934072769E+02
  0.2457304530711785E+01 -0.7748692362707100E+00  0.7809256005317010E+02
  0.2449133955752385E+01 -0.7696786328154644E+00  0.7783868274956301E+02
  0.2440963380459050E+01 -0.7644366469974285E+00  0.7811677897176708E+02
  0.2432792804843637E+01 -0.7591436287621580E+00  0.7909851398962705E+02
  0.2424622228917462E+01 -0.7537999314620412E+00  0.8056079255145448E+02
  0.2416451652691339E+01 -0.7484059118327094E+00  0.8208218240322219E+02
  0.2408281076175607E+01 -0.7429619299692227E+00  0.8338924092424243E+02
  0.2400110499380152E+01 -0.7374683493020299E+00  0.8434896966801466E+02
  0.2391939922314436E+01 -0.7319255365727068E+00  0.8480702196987112E+02
  0.2383769344987516E+01 -0.7263338618094733E+00  0.8456998361365891E+02
  0.2375598767408072E+01 -0.7206936983024912E+00  0.8367948087512953E+02
  0.2367428189584419E+01 -0.7150054225789432E+00  0.8247859396566272E+02
  0.2359257611524532E+01 -0.7092694143778975E+00  0.8129583745921087E+02
  0.2351087033236062E+01 -0.7034860566249567E+00  0.8016041576715335E+02
  0.2342916454726351E+01 -0.6976557354066943E+00  0.7886790359476603E+02
  0.2334745876002450E+01 -0.6917788399448808E+00  0.7726524439785443E+02
  0.2326575297071134E+01 -0.6858557625704990E+00  0.7549852337919378E+02
  0.2318404717938913E+01 -0.6798868986975534E+00  0.7396196806211078E+02
  0.2310234138612046E+01 -0.6738726467966731E+00  0.7288112837553510E+02
  0.2302063559096557E+01 -0.6678134083685102E+00  0.7210118933594848E+02
  0.2293892979398239E+01 -0.6617095879169366E+00  0.7132811567205962E+02
  0.2285722399522673E+01 -0.6555615929220400E+00  0.7038798463909487E+02
  0.2277551819475234E+01 -0.6493698338129212E+00  0.6930592635224019E+02
  0.2269381239261100E+01 -0.6431347239402948E+00  0.6814729518215891E+02
  0.2261210658885265E+01 -0.6368566795488945E+00  0.6692618781216397E+02
  0.2253040078352542E+01 -0.6305361197496849E+00  0.6574959840677425E+02
  0.2244869497667577E+01 -0.6241734664918837E+00  0.6485119736744846E+02
  0.2236698916834853E+01 -0.6177691445347914E+00  0.6433048611120626E+02
  0.2228528335858699E+01 -0.6113235814194364E+00  0.6403924145137972E+02
  0.2220357754743295E+01 -0.6048372074400329E+00  0.6368478439768668E+02
  0.2212187173492683E+01 -0.5983104556152549E+00  0.6308104498561045E+02
  0.2204016592110768E+01 -0.5917437616593286E+00  0.6226458169145604E+02
  0.2195846010601326E+01 -0.5851375639529456E+00  0.6133615806721527E+02
  0.2187675428968010E+01 -0.5784923035139965E+00  0.6024619578272593E+02
  0.2179504847214357E+01 -0.5718084239681300E+00  0.5883205628269623E+02
  0.2171334265343789E+01 -0.5650863715191369E+00  0.5694436393034124E+02
  0.2163163683359622E+01 -0.5583265949191624E+00  0.5457456549228581E+02
  0.2154993101265066E+01 -0.5515295454387482E+00  0.5177295246597741E+02
  0.2146822519063234E+01 -0.5446956768367068E+00  0.4857750569017502E+02
  0.2138651936757143E+01 -0.5378254453298289E+00  0.4496653441293031E+02
  0.2130481354349721E+01 -0.5309193095624275E+00  0.4094242028808709E+02
  0.2122310771843806E+01 -0.5239777305757194E+00  0.3668638828395197E+02
  0.2114140189242155E+01 -0.5170011717770473E+00  0.3261297506983262E+02
  0.2105969606547443E+01 -0.5099900989089429E+00  0.2915937761224586E+02
  0.2097799023762269E+01 -0.5029449800180356E+00  0.2662908484988911E+02
  0.2089628440889158E+01 -0.4958662854238058E+00  0.2517217527675587E+02
  0.2081457857930564E+01 -0.4887544876871878E+00  0.2469453362323273E+02
  0.2073287274888874E+01 -0.4816100615790221E+00  0.2481089508085109E+02
  0.2065116691766407E+01 -0.4744334840483606E+00  0.2511800184076708E+02
  0.2056946108565423E+01 -0.4672252341906264E+00  0.2553083763966182E+02
  0.2048775525288118E+01 -0.4599857932156304E+00  0.2616109705349263E+02
  0.2040604941936635E+01 -0.4527156444154464E+00  0.2689480613703763E+02
  0.2032434358513056E+01 -0.4454152731321473E+00  0.2731758081763348E+02
  0.2024263775019413E+01 -0.4380851667254050E+00  0.2701851963769574E+02
  0.2016093191457685E+01 -0.4307258145399545E+00  0.2592289568446854E+02
  0.2007922607829804E+01 -0.4233377078729265E+00  0.2436461442567811E+02
  0.1999752024137653E+01 -0.4159213399410494E+00  0.2279664458693069E+02
  0.1991581440383068E+01 -0.4084772058477228E+00  0.2146682376641455E+02
  0.1983410856567843E+01 -0.4010058025499653E+00  0.2043354444853215E+02
  0.1975240272693730E+01 -0.3935076288252386E+00  0.1966004274417818E+02
  0.1967069688762441E+01 -0.3859831852381501E+00  0.1909454767420500E+02
  0.1958899104775647E+01 -0.3784329741070359E+00  0.1873351847242397E+02
  0.1950728520734982E+01 -0.3708574994704271E+00  0.1865643327197365E+02
  0.1942557936642046E+01 -0.3632572670534011E+00  0.1888536098087703E+02
  0.1934387352498403E+01 -0.3556327842338202E+00  0.1932294869138739E+02
  0.1926216768305583E+01 -0.3479845600084601E+00  0.1989781499991398E+02
  0.1918046184065086E+01 -0.3403131049590297E+00  0.2079336072827756E+02
  0.1909875599778379E+01 -0.3326189312180866E+00  0.2221328985758650E+02
  0.1901705015446901E+01 -0.3249025524348469E+00  0.2395818497765224E+02
  0.1893534431072063E+01 -0.3171644837408958E+00  0.2535439314390310E+02
  0.1885363846655247E+01 -0.3094052417157978E+00  0.2581270719423291E+02
  0.1877193262197810E+01 -0.3016253443526109E+00  0.2525096417852391E+02
  0.1869022677701083E+01 -0.2938253110233064E+00  0.2404336919977291E+02
  0.1860852093166375E+01 -0.2860056624440968E+00  0.2265585251100164E+02
  0.1852681508594969E+01 -0.2781669206406729E+00  0.2144565424992943E+02
  0.1844510923988128E+01 -0.2703096089133553E+00  0.2066649843304317E+02
  0.1836340339347093E+01 -0.2624342518021592E+00  0.2049642225002009E+02
  0.1828169754673083E+01 -0.2545413750517773E+00  0.2093089869733945E+02
  0.1819999169967299E+01 -0.2466315055764818E+00  0.2178609354906571E+02
  0.1811828585230925E+01 -0.2387051714249486E+00  0.2282621034498084E+02
  0.1803658000465123E+01 -0.2307629017450062E+00  0.2389594659808651E+02
  0.1795487415671042E+01 -0.2228052267483099E+00  0.2489553515967496E+02
  0.1787316830849811E+01 -0.2148326776749467E+00  0.2577924739771420E+02
  0.1779146246002545E+01 -0.2068457867579697E+00  0.2649899066660539E+02
  0.1770975661130345E+01 -0.1988450871878683E+00  0.2696636752537458E+02
  0.1762805076234296E+01 -0.1908311130769725E+00  0.2696849720032529E+02
  0.1754634491315471E+01 -0.1828043994237966E+00  0.2634722908747849E+02
  0.1746463906374929E+01 -0.1747654820773241E+00  0.2525832710999799E+02
  0.1738293321413718E+01 -0.1667148977012352E+00  0.2410170765558626E+02
  0.1730122736432872E+01 -0.1586531837380799E+00  0.2307586783511990E+02
  0.1721952151433418E+01 -0.1505808783733995E+00  0.2204199727071044E+02
  0.1713781566416370E+01 -0.1424985204997981E+00  0.2074279550654757E+02
  0.1705610981382731E+01 -0.1344066496809675E+00  0.1907003322637573E+02
  0.1697440396333499E+01 -0.1263058061156663E+00  0.1700754698709389E+02
  0.1689269811269659E+01 -0.1181965306016578E+00  0.1455259804404601E+02
  0.1681099226192191E+01 -0.1100793644996070E+00  0.1178954015293214E+02
  0.1672928641102067E+01 -0.1019548496969404E+00  0.9109841249093190E+01
  0.1664758056000250E+01 -0.9382352857167028E-01  0.7081620421031775E+01
  0.1656587470887701E+01 -0.8568594395618719E-01  0.6037645862741120E+01
  0.1648416885765370E+01 -0.7754263910102077E-01  0.5775530185729346E+01
  0.1640246300634206E+01 -0.6939415763857371E-01  0.5826904755863890E+01
  0.1632075715495151E+01 -0.6124104354682962E-01  0.5781567772212385E+01
  0.1623905130349143E+01 -0.5308384111303818E-01  0.5423541013319191E+01
  0.1615734545197117E+01 -0.4492309489737940E-01  0.4629705792312705E+01
  0.1607563960040004E+01 -0.3675934969660982E-01  0.3407186873985127E+01
  0.1599393374878733E+01 -0.2859315050769285E-01  0.1944439155845699E+01
  0.1591222789714229E+01 -0.2042504249141571E-01  0.6361487732000338E+00
  0.1583052204547419E+01 -0.1225557093599554E-01 -0.2305090745561440E+00
  0.1574881619379224E+01 -0.4085281220676868E-02 -0.7076739181241564E+00
  0.1566711034210569E+01  0.4085281220676868E-02 -0.1193774839911439E+01
  0.1558540449042374E+01  0.1225557093599554E-01 -0.2109037118515637E+01
  0.1550369863875564E+01  0.2042504249141571E-01 -0.3625800685018553E+01
  0.1542199278711061E+01  0.2859315050769285E-01 -0.5697237635294279E+01
  0.1534028693549790E+01  0.3675934969660982E-01 -0.8233851089908404E+01
  0.1525858108392677E+01  0.4492309489737940E-01 -0.1113256679824661E+02
  0.1517687523240650E+01  0.5308384111303818E-01 -0.1421958623694445E+02
  0.1509516938094642E+01  0.6124104354682962E-01 -0.1724401400703081E+02
  0.1501346352955587E+01  0.6939415763857371E-01 -0.1996796956371724E+02
  0.1493175767824423E+01  0.7754263910102077E-01 -0.2212472525671795E+02
  0.1485005182702093E+01  0.8568594395618719E-01 -0.2351847531243614E+02
  0.1476834597589543E+01  0.9382352857167028E-01 -0.2419859281548294E+02
  0.1468664012487727E+01  0.1019548496969404E+00 -0.2459296859022810E+02
  0.1460493427397602E+01  0.1100793644996070E+00 -0.2529784434033152E+02
  0.1452322842320134E+01  0.1181965306016578E+00 -0.2667467500858906E+02
  0.1444152257256294E+01  0.1263058061156663E+00 -0.2858432206777033E+02
  0.1435981672207062E+01  0.1344066496809675E+00 -0.3054733682250155E+02
  0.1427811087173423E+01  0.1424985204997981E+00 -0.3198583267904377E+02
  0.1419640502156375E+01  0.1505808783733995E+00 -0.3245886661383162E+02
  0.1411469917156921E+01  0.1586531837380799E+00 -0.3187412938145355E+02
  0.1403299332176076E+01  0.1667148977012352E+00 -0.3060918227727444E+02
  0.1395128747214864E+01  0.1747654820773241E+00 -0.2932196520194104E+02
  0.1386958162274323E+01  0.1828043994237966E+00 -0.2856566171643780E+02
  0.1378787577355497E+01  0.1908311130769725E+00 -0.2848226146897622E+02
  0.1370616992459449E+01  0.1988450871878683E+00 -0.2883613689351670E+02
  0.1362446407587248E+01  0.2068457867579697E+00 -0.2932088821451649E+02
  0.1354275822739983E+01  0.2148326776749467E+00 -0.2991049964845377E+02
  0.1346105237918751E+01  0.2228052267483099E+00 -0.3076499530732738E+02
  0.1337934653124670E+01  0.2307629017450062E+00 -0.3195724836398594E+02
  0.1329764068358868E+01  0.2387051714249486E+00 -0.3330318359734003E+02
  0.1321593483622494E+01  0.2466315055764818E+00 -0.3452447359041611E+02
  0.1313422898916710E+01  0.2545413750517773E+00 -0.3557177381939820E+02
  0.1305252314242701E+01  0.2624342518021592E+00 -0.3682655480046947E+02
  0.1297081729601665E+01  0.2703096089133553E+00 -0.3874062067318748E+02
  0.1288911144994824E+01  0.2781669206406729E+00 -0.4137870582712790E+02
  0.1280740560423418E+01  0.2860056624440968E+00 -0.4431929121629500E+02
  0.1272569975888710E+01  0.2938253110233064E+00 -0.4698778373782824E+02
  0.1264399391391984E+01  0.3016253443526109E+00 -0.4889995761434662E+02
  0.1256228806934547E+01  0.3094052417157978E+00 -0.4993835804856504E+02
  0.1248058222517730E+01  0.3171644837408958E+00 -0.5044190016859920E+02
  0.1239887638142892E+01  0.3249025524348469E+00 -0.5103394024388030E+02
  0.1231717053811414E+01  0.3326189312180866E+00 -0.5216760746779423E+02
  0.1223546469524707E+01  0.3403131049590297E+00 -0.5388351313840626E+02
  0.1215375885284210E+01  0.3479845600084601E+00 -0.5586950993161135E+02
  0.1207205301091390E+01  0.3556327842338202E+00 -0.5781515691341579E+02
  0.1199034716947747E+01  0.3632572670534011E+00 -0.5970973167537461E+02
  0.1190864132854811E+01  0.3708574994704271E+00 -0.6180778854851653E+02
  0.1182693548814147E+01  0.3784329741070359E+00 -0.6420933332249751E+02
  0.1174522964827352E+01  0.3859831852381501E+00 -0.6674865843833312E+02
  0.1166352380896063E+01  0.3935076288252386E+00 -0.6916572667927312E+02
  0.1158181797021950E+01  0.4010058025499653E+00 -0.7131195707845319E+02
  0.1150011213206726E+01  0.4084772058477228E+00 -0.7317889953424503E+02
  0.1141840629452141E+01  0.4159213399410494E+00 -0.7487990043929400E+02
  0.1133670045759989E+01  0.4233377078729265E+00 -0.7657736786225590E+02
  0.1125499462132108E+01  0.4307258145399545E+00 -0.7842744118802962E+02
  0.1117328878570381E+01  0.4380851667254050E+00 -0.8053735347080006E+02
  0.1109158295076737E+01  0.4454152731321473E+00 -0.8303265600304334E+02
  0.1100987711653159E+01  0.4527156444154464E+00 -0.8602388920020024E+02
  0.1092817128301675E+01  0.4599857932156304E+00 -0.8962991210603452E+02
  0.1084646545024371E+01  0.4672252341906264E+00 -0.9389522025284126E+02
  0.1076475961823386E+01  0.4744334840483606E+00 -0.9854685063911741E+02
  0.1068305378700920E+01  0.4816100615790221E+00 -0.1028418182443656E+03
  0.1060134795659229E+01  0.4887544876871878E+00 -0.1060333349909691E+03
  0.1051964212700635E+01  0.4958662854238058E+00 -0.1079008624280459E+03
  0.1043793629827524E+01  0.5029449800180356E+00 -0.1088812296289220E+03
  0.1035623047042350E+01  0.5099900989089429E+00 -0.1097318162757318E+03
  0.1027452464347638E+01  0.5170011717770473E+00 -0.1112039634364083E+03
  0.1019281881745987E+01  0.5239777305757194E+00 -0.1137172353135828E+03
  0.1011111299240073E+01  0.5309193095624275E+00 -0.1171566520571283E+03
  0.1002940716832650E+01  0.5378254453298289E+00 -0.1209832793593135E+03
  0.9947701345265596E+00  0.5446956768367068E+00 -0.1248259052730438E+03
  0.9865995523247275E+00  0.5515295454387482E+00 -0.1286846970873376E+03
  0.9784289702301714E+00  0.5583265949191624E+00 -0.1326161656263264E+03
  0.9702583882460036E+00  0.5650863715191369E+00 -0.1363833115610418E+03
  0.9620878063754359E+00  0.5718084239681300E+00 -0.1396297072437401E+03
  0.9539172246217830E+00  0.5784923035139965E+00 -0.1422081565456829E+03
  0.9457466429884676E+00  0.5851375639529456E+00 -0.1442737009826130E+03
  0.9375760614790253E+00  0.5917437616593286E+00 -0.1460007829821446E+03
  0.9294054800971098E+00  0.5983104556152549E+00 -0.1476220138976642E+03
  0.9212348988464978E+00  0.6048372074400329E+00 -0.1495509468064896E+03
  0.9130643177310944E+00  0.6113235814194364E+00 -0.1521415338519947E+03
  0.9048937367549402E+00  0.6177691445347914E+00 -0.1551183090702106E+03
  0.8967231559222163E+00  0.6241734664918837E+00 -0.1577931345606205E+03
  0.8885525752372514E+00  0.6305361197496849E+00 -0.1597122035398694E+03
  0.8803819947045285E+00  0.6368566795488945E+00 -0.1610989878340174E+03
  0.8722114143286931E+00  0.6431347239402948E+00 -0.1623971774918918E+03
  0.8640408341145595E+00  0.6493698338129212E+00 -0.1637592568398739E+03
  0.8558702540671204E+00  0.6555615929220400E+00 -0.1649141320654371E+03
  0.8476996741915547E+00  0.6617095879169366E+00 -0.1655571796408991E+03
  0.8395290944932369E+00  0.6678134083685102E+00 -0.1654886821411600E+03
  0.8313585149777468E+00  0.6738726467966731E+00 -0.1646771010100777E+03
  0.8231879356508802E+00  0.6798868986975534E+00 -0.1631837466245173E+03
  0.8150173565186587E+00  0.6858557625704990E+00 -0.1612535228935878E+03
  0.8068467775873427E+00  0.6917788399448808E+00 -0.1592355009186379E+03
  0.7986761988634423E+00  0.6976557354066943E+00 -0.1575192444441761E+03
  0.7905056203537315E+00  0.7034860566249567E+00 -0.1562360856404476E+03
  0.7823350420652612E+00  0.7092694143778975E+00 -0.1552410497697548E+03
  0.7741644640053743E+00  0.7150054225789432E+00 -0.1542813617602444E+03
  0.7659938861817212E+00  0.7206936983024912E+00 -0.1533700670236557E+03
  0.7578233086022768E+00  0.7263338618094733E+00 -0.1527524830554698E+03
  0.7496527312753575E+00  0.7319255365727068E+00 -0.1526303563917411E+03
  0.7414821542096410E+00  0.7374683493020299E+00 -0.1527014147508443E+03
  0.7333115774141861E+00  0.7429619299692227E+00 -0.1521550680849014E+03
  0.7251410008984539E+00  0.7484059118327094E+00 -0.1501124126370005E+03
  0.7169704246723316E+00  0.7537999314620412E+00 -0.1463397291661720E+03
  0.7087998487461566E+00  0.7591436287621580E+00 -0.1412961527369780E+03
  0.7006292731307425E+00  0.7644366469974285E+00 -0.1358651300967562E+03
  0.6924586978374083E+00  0.7696786328154644E+00 -0.1307682374514603E+03
  0.6842881228780077E+00  0.7748692362707100E+00 -0.1262973777291071E+03
  0.6761175482649616E+00  0.7800081108478040E+00 -0.1221953796090018E+03
  0.6679469740112938E+00  0.7850949134847117E+00 -0.1180777404905919E+03
  0.6597764001306670E+00  0.7901293045956280E+00 -0.1137000906909794E+03
  0.6516058266374236E+00  0.7951109480936471E+00 -0.1092132982795672E+03
  0.6434352535466297E+00  0.8000395114131988E+00 -0.1049394298432007E+03
  0.6352646808741202E+00  0.8049146655322506E+00 -0.1011694212858354E+03
  0.6270941086365502E+00  0.8097360849942720E+00 -0.9788938519917598E+02
  0.6189235368514482E+00  0.8145034479299620E+00 -0.9484157399664080E+02
  0.6107529655372755E+00  0.8192164360787360E+00 -0.9153627264302963E+02
  0.6025823947134890E+00  0.8238747348099726E+00 -0.8760429157253381E+02
  0.5944118244006098E+00  0.8284780331440178E+00 -0.8289059700161084E+02
  0.5862412546202973E+00  0.8330260237729452E+00 -0.7738446933165727E+02
  0.5780706853954301E+00  0.8375184030810715E+00 -0.7091371783818833E+02
  0.5699001167501928E+00  0.8419548711652254E+00 -0.6325867722928712E+02
  0.5617295487101719E+00  0.8463351318547683E+00 -0.5430780186433906E+02
  0.5535589813024583E+00  0.8506588927313666E+00 -0.4424718458319060E+02
  0.5453884145557613E+00  0.8549258651485127E+00 -0.3342689338945605E+02
  0.5372178485005299E+00  0.8591357642507945E+00 -0.2243686105828612E+02
  0.5290472831690897E+00  0.8632883089929120E+00 -0.1166571198963766E+02
  0.5208767185957875E+00  0.8673832221584393E+00 -0.1175340417754118E+01
  0.5127061548171545E+00  0.8714202303783312E+00  0.9347991506360236E+01
  0.5045355918720822E+00  0.8753990641491725E+00  0.2006801716999890E+02
  0.4963650298020162E+00  0.8793194578511700E+00  0.3095841077069326E+02
  0.4881944686511717E+00  0.8831811497658847E+00  0.4195201032776591E+02
  0.4800239084667671E+00  0.8869838820937034E+00  0.5305580049665348E+02
  0.4718533492992859E+00  0.8907274009710492E+00  0.6414680032396777E+02
  0.4636827912027636E+00  0.8944114564873288E+00  0.7525975780898351E+02
  0.4555122342351060E+00  0.8980358027016164E+00  0.8661847940666146E+02
  0.4473416784584431E+00  0.9016001976590722E+00  0.9845664115143947E+02
  0.4391711239395221E+00  0.9051044034070944E+00  0.1104445622412094E+03
  0.4310005707501444E+00  0.9085481860112055E+00  0.1220712125157289E+03
  0.4228300189676551E+00  0.9119313155706682E+00  0.1331077478546504E+03
  0.4146594686754885E+00  0.9152535662338340E+00  0.1439546057771143E+03
  0.4064889199637791E+00  0.9185147162132208E+00  0.1551803977297600E+03
  0.3983183729300507E+00  0.9217145478003181E+00  0.1674840403932147E+03
  0.3901478276799883E+00  0.9248528473801222E+00  0.1813850031864086E+03
  0.3819772843283120E+00  0.9279294054453956E+00  0.1969405063717127E+03
  0.3738067429997641E+00  0.9309440166106540E+00  0.2134236537195571E+03
  0.3656362038302282E+00  0.9338964796258775E+00  0.2300081485364470E+03
  0.3574656669680030E+00  0.9367865973899459E+00  0.2463495400243687E+03
  0.3492951325752533E+00  0.9396141769637963E+00  0.2628569128094672E+03
  0.3411246008296713E+00  0.9423790295833044E+00  0.2800709181263320E+03
  0.3329540719263814E+00  0.9450809706718851E+00  0.2984073661544851E+03
  0.3247835460801308E+00  0.9477198198528157E+00  0.3176600935395243E+03
  0.3166130235278230E+00  0.9502954009612771E+00  0.3374877500824618E+03
  0.3084425045314506E+00  0.9528075420561144E+00  0.3576227042956043E+03
  0.3002719893815085E+00  0.9552560754313160E+00  0.3783517279343920E+03
  0.2921014784009779E+00  0.9576408376272095E+00  0.3999910344687773E+03
  0.2839309719500016E+00  0.9599616694413742E+00  0.4229061374589652E+03
  0.2757604704313845E+00  0.9622184159392698E+00  0.4471119690010173E+03
  0.2675899742971076E+00  0.9644109264645802E+00  0.4726159895446135E+03
  0.2594194840560681E+00  0.9665390546492710E+00  0.4993319889684008E+03
  0.2512490002833307E+00  0.9686026584233628E+00  0.5275196971198368E+03
  0.2430785236312446E+00  0.9706016000244151E+00  0.5572933998711050E+03
  0.2349080548428762E+00  0.9725357460067257E+00  0.5886443186410040E+03
  0.2267375947683499E+00  0.9744049672502397E+00  0.6211674244143909E+03
  0.2185671443848464E+00  0.9762091389691724E+00  0.6545969147818264E+03
  0.2103967048212628E+00  0.9779481407203411E+00  0.6887567435791522E+03
  0.2022262773888417E+00  0.9796218564112101E+00  0.7237420324742516E+03
  0.1940558636195398E+00  0.9812301743076443E+00  0.7592395772010151E+03
  0.1858854653144977E+00  0.9827729870413743E+00  0.7949484524681410E+03
  0.1777150846058812E+00  0.9842501916171713E+00  0.8304947645512882E+03
  0.1695447240365762E+00  0.9856616894197333E+00  0.8660421916569957E+03
  0.1613743866640789E+00  0.9870073862202815E+00  0.9016633336042917E+03
  0.1532040761975885E+00  0.9882871921828699E+00  0.9379089249294636E+03
  0.1450337971813853E+00  0.9895010218704087E+00  0.9753004870361684E+03
  0.1368635552438019E+00  0.9906487942504061E+00  0.1014840086361162E+04
  0.1286933574408989E+00  0.9917304327004320E+00  0.1057045571346027E+04
  0.1205232127396896E+00  0.9927458650133153E+00  0.1102406357589791E+04
  0.1123531327118049E+00  0.9936950234020883E+00  0.1150851492729259E+04
  0.1041831325528455E+00  0.9945778445047068E+00  0.1202976869934476E+04
  0.9601323262085862E-01  0.9953942693885953E+00  0.1259749509675310E+04
  0.8784346083082471E-01  0.9961442435551087E+00  0.1323286847425509E+04
  0.7967385651719167E-01  0.9968277169440913E+00  0.1395681108809357E+04
  0.7150447693306423E-01  0.9974446439389107E+00  0.1479399956148718E+04
  0.6333540875299180E-01  0.9979949833727938E+00  0.1576758051920407E+04
  0.5516678972815772E-01  0.9984786985384589E+00  0.1691807801308930E+04
  0.4699885272846815E-01  0.9988957572063257E+00  0.1832248351729891E+04
  0.3883202470742381E-01  0.9992461316671845E+00  0.2019305527236155E+04
  0.3066718105470672E-01  0.9995297988558859E+00  0.2293029372737483E+04
  0.2250643816359393E-01  0.9997467408113523E+00  0.2692229592720359E+04
  0.1435650599352885E-01  0.9998969471378596E+00  0.3177473640154077E+04
  0.6254421014113626E-02  0.9999804411726474E+00  0.3576849626022231E+04
