# nlmax, ncor, nside =         383           1         128
  0.3135338232575680E+01 -0.9999804411726474E+00 -0.1829651937481082E+03
  0.3127236147596264E+01 -0.9998969471378596E+00 -0.1794953862137166E+03
  0.3119086215426199E+01 -0.9997467408113523E+00 -0.1754956514760244E+03
  0.3110925472535087E+01 -0.9995297988558859E+00 -0.1729292158207478E+03
  0.3102760628882369E+01 -0.9992461316671845E+00 -0.1731109612931236E+03
  0.3094593800861325E+01 -0.9988957572063257E+00 -0.1758176380478643E+03
  0.3086425863861635E+01 -0.9984786985384589E+00 -0.1799830287754868E+03
  0.3078257244836801E+01 -0.9979949833727938E+00 -0.1841984925084606E+03
  0.3070088176656729E+01 -0.9974446439389107E+00 -0.1881495312226507E+03
  0.3061918797072602E+01 -0.9968277169440913E+00 -0.1907797854138609E+03
  0.3053749192758969E+01 -0.9961442435551087E+00 -0.1902340179922109E+03
  0.3045579420968934E+01 -0.9953942693885953E+00 -0.1857161739262209E+03
  0.3037409521036948E+01 -0.9945778445047068E+00 -0.1779199777781660E+03
  0.3029239520877988E+01 -0.9936950234020883E+00 -0.1674230927138965E+03
  0.3021069440850104E+01 -0.9927458650133153E+00 -0.1555604142272669E+03
  0.3012899296148894E+01 -0.9917304327004320E+00 -0.1444779044429888E+03
  0.3004729098345992E+01 -0.9906487942504061E+00 -0.1351095528394484E+03
  0.2996558856408408E+01 -0.9895010218704087E+00 -0.1268584448905908E+03
  0.2988388577392205E+01 -0.9882871921828699E+00 -0.1180544803390672E+03
  0.2980218266925714E+01 -0.9870073862202815E+00 -0.1075562782916305E+03
  0.2972047929553217E+01 -0.9856616894197333E+00 -0.9623585931317294E+02
  0.2963877568983912E+01 -0.9842501916171713E+00 -0.8571039383052930E+02
  0.2955707188275296E+01 -0.9827729870413743E+00 -0.7619594440298610E+02
  0.2947536789970254E+01 -0.9812301743076443E+00 -0.6794179521054737E+02
  0.2939366376200951E+01 -0.9796218564112101E+00 -0.6068042745996842E+02
  0.2931195948768531E+01 -0.9779481407203411E+00 -0.5251393249539221E+02
  0.2923025509204947E+01 -0.9762091389691724E+00 -0.4181858053865187E+02
  0.2914855058821443E+01 -0.9744049672502397E+00 -0.3004386508900741E+02
  0.2906684598746917E+01 -0.9725357460067257E+00 -0.2062915052649279E+02
  0.2898514129958549E+01 -0.9706016000244151E+00 -0.1664047663594704E+02
  0.2890343653306462E+01 -0.9686026584233628E+00 -0.1762261698166416E+02
  0.2882173169533725E+01 -0.9665390546492710E+00 -0.2020112260848674E+02
  0.2874002679292686E+01 -0.9644109264645802E+00 -0.2112182814998578E+02
  0.2865832183158409E+01 -0.9622184159392698E+00 -0.1851150885186737E+02
  0.2857661681639792E+01 -0.9599616694413742E+00 -0.1248104470927269E+02
  0.2849491175188815E+01 -0.9576408376272095E+00 -0.5333864539971624E+01
  0.2841320664208285E+01 -0.9552560754313160E+00  0.8238320615684898E+00
  0.2833150149058343E+01 -0.9528075420561144E+00  0.5167348574686595E+01
  0.2824979630061970E+01 -0.9502954009612771E+00  0.8105457936968294E+01
  0.2816809107509663E+01 -0.9477198198528157E+00  0.1014561884430102E+02
  0.2808638581663412E+01 -0.9450809706718851E+00  0.1155593227716591E+02
  0.2800468052760122E+01 -0.9423790295833044E+00  0.1170527302089734E+02
  0.2792297521014540E+01 -0.9396141769637963E+00  0.1003875670222672E+02
  0.2784126986621790E+01 -0.9367865973899459E+00  0.7648581332627888E+01
  0.2775956449759565E+01 -0.9338964796258775E+00  0.6495033557620703E+01
  0.2767785910590029E+01 -0.9309440166106540E+00  0.7382658717077553E+01
  0.2759615369261481E+01 -0.9279294054453956E+00  0.9814677874255457E+01
  0.2751444825909805E+01 -0.9248528473801222E+00  0.1265961952900129E+02
  0.2743274280659743E+01 -0.9217145478003181E+00  0.1469488251740318E+02
  0.2735103733626014E+01 -0.9185147162132208E+00  0.1529337880466543E+02
  0.2726933184914305E+01 -0.9152535662338340E+00  0.1533944366370525E+02
  0.2718762634622138E+01 -0.9119313155706682E+00  0.1561380443247088E+02
  0.2710592082839649E+01 -0.9085481860112055E+00  0.1646567000613611E+02
  0.2702421529650271E+01 -0.9051044034070944E+00  0.1799652025611394E+02
  0.2694250975131350E+01 -0.9016001976590722E+00  0.2004588952665481E+02
  0.2686080419354687E+01 -0.8980358027016164E+00  0.2247038543027563E+02
  0.2677909862387029E+01 -0.8944114564873288E+00  0.2520461082377829E+02
  0.2669739304290507E+01 -0.8907274009710492E+00  0.2784741771750897E+02
  0.2661568745123026E+01 -0.8869838820937034E+00  0.2957273265870674E+02
  0.2653398184938621E+01 -0.8831811497658847E+00  0.2968777879696335E+02
  0.2645227623787777E+01 -0.8793194578511700E+00  0.2868318304552836E+02
  0.2637057061717711E+01 -0.8753990641491725E+00  0.2729098270208679E+02
  0.2628886498772639E+01 -0.8714202303783312E+00  0.2532340298901958E+02
  0.2620715934994006E+01 -0.8673832221584393E+00  0.2308983857499980E+02
  0.2612545370420704E+01 -0.8632883089929120E+00  0.2181842866919436E+02
  0.2604374805089263E+01 -0.8591357642507945E+00  0.2174142352506028E+02
  0.2596204239034032E+01 -0.8549258651485127E+00  0.2156001554567978E+02
  0.2588033672287335E+01 -0.8506588927313666E+00  0.2006283662440997E+02
  0.2579863104879621E+01 -0.8463351318547683E+00  0.1755773200417895E+02
  0.2571692536839600E+01 -0.8419548711652254E+00  0.1632755557931716E+02
  0.2563521968194363E+01 -0.8375184030810715E+00  0.1767212311500901E+02
  0.2555351398969496E+01 -0.8330260237729452E+00  0.2027526518619341E+02
  0.2547180829189184E+01 -0.8284780331440178E+00  0.2219706303506598E+02
  0.2539010258876304E+01 -0.8238747348099726E+00  0.2246653622661230E+02
  0.2530839688052518E+01 -0.8192164360787360E+00  0.2105794354078723E+02
  0.2522669116738345E+01 -0.8145034479299620E+00  0.1917443570170256E+02
  0.2514498544953243E+01 -0.8097360849942720E+00  0.1720781539629888E+02
  0.2506327972715673E+01 -0.8049146655322506E+00  0.1413056778446612E+02
  0.2498157400043163E+01 -0.8000395114131988E+00  0.9576057655896879E+01
  0.2489986826952370E+01 -0.7951109480936471E+00  0.4682267370493292E+01
  0.2481816253459126E+01 -0.7901293045956280E+00  0.8999480319559988E+00
  0.2473645679578500E+01 -0.7850949134847117E+00 -0.1476450294883332E+01
  0.2465475105324832E+01 -0.7800081108478040E+00 -0.3279300346476091E+01
  0.2457304530711785E+01 -0.7748692362707100E+00 -0.5014504160280830E+01
  0.2449133955752385E+01 -0.7696786328154644E+00 -0.6546821325178017E+01
  0.2440963380459050E+01 -0.7644366469974285E+00 -0.6912720085144530E+01
  0.2432792804843637E+01 -0.7591436287621580E+00 -0.5079718146522231E+01
  0.2424622228917462E+01 -0.7537999314620412E+00 -0.1403134395385637E+01
  0.2416451652691339E+01 -0.7484059118327094E+00  0.2622700465803057E+01
  0.2408281076175607E+01 -0.7429619299692227E+00  0.6116370264395530E+01
  0.2400110499380152E+01 -0.7374683493020299E+00  0.8893465533965189E+01
  0.2391939922314436E+01 -0.7319255365727068E+00  0.1096393226232371E+02
  0.2383769344987516E+01 -0.7263338618094733E+00  0.1198949116703120E+02
  0.2375598767408072E+01 -0.7206936983024912E+00  0.1207039600490251E+02
  0.2367428189584419E+01 -0.7150054225789432E+00  0.1222640051547036E+02
  0.2359257611524532E+01 -0.7092694143778975E+00  0.1302382643390034E+02
  0.2351087033236062E+01 -0.7034860566249567E+00  0.1416002103420608E+02
  0.2342916454726351E+01 -0.6976557354066943E+00  0.1514771307308349E+02
  0.2334745876002450E+01 -0.6917788399448808E+00  0.1565814848803656E+02
  0.2326575297071134E+01 -0.6858557625704990E+00  0.1608937857427143E+02
  0.2318404717938913E+01 -0.6798868986975534E+00  0.1755610993308596E+02
  0.2310234138612046E+01 -0.6738726467966731E+00  0.2071995050292467E+02
  0.2302063559096557E+01 -0.6678134083685102E+00  0.2464018592042836E+02
  0.2293892979398239E+01 -0.6617095879169366E+00  0.2787243215311988E+02
  0.2285722399522673E+01 -0.6555615929220400E+00  0.3022774027771012E+02
  0.2277551819475234E+01 -0.6493698338129212E+00  0.3218457983881459E+02
  0.2269381239261100E+01 -0.6431347239402948E+00  0.3313521831834787E+02
  0.2261210658885265E+01 -0.6368566795488945E+00  0.3249837991830220E+02
  0.2253040078352542E+01 -0.6305361197496849E+00  0.3130396103495928E+02
  0.2244869497667577E+01 -0.6241734664918837E+00  0.3107353316436824E+02
  0.2236698916834853E+01 -0.6177691445347914E+00  0.3238456016379546E+02
  0.2228528335858699E+01 -0.6113235814194364E+00  0.3495165313919288E+02
  0.2220357754743295E+01 -0.6048372074400329E+00  0.3721908960817698E+02
  0.2212187173492683E+01 -0.5983104556152549E+00  0.3765198038434664E+02
  0.2204016592110768E+01 -0.5917437616593286E+00  0.3678916628094829E+02
  0.2195846010601326E+01 -0.5851375639529456E+00  0.3648760568659301E+02
  0.2187675428968010E+01 -0.5784923035139965E+00  0.3748938789767666E+02
  0.2179504847214357E+01 -0.5718084239681300E+00  0.3864528497737328E+02
  0.2171334265343789E+01 -0.5650863715191369E+00  0.3837193114076378E+02
  0.2163163683359622E+01 -0.5583265949191624E+00  0.3657497170014733E+02
  0.2154993101265066E+01 -0.5515295454387482E+00  0.3418342825283475E+02
  0.2146822519063234E+01 -0.5446956768367068E+00  0.3218464803457587E+02
  0.2138651936757143E+01 -0.5378254453298289E+00  0.3038286094290109E+02
  0.2130481354349721E+01 -0.5309193095624275E+00  0.2760048956066093E+02
  0.2122310771843806E+01 -0.5239777305757194E+00  0.2294057911798769E+02
  0.2114140189242155E+01 -0.5170011717770473E+00  0.1677810870027608E+02
  0.2105969606547443E+01 -0.5099900989089429E+00  0.1011756496823876E+02
  0.2097799023762269E+01 -0.5029449800180356E+00  0.3625263536494286E+01
  0.2089628440889158E+01 -0.4958662854238058E+00 -0.1860439963953063E+01
  0.2081457857930564E+01 -0.4887544876871878E+00 -0.5588131131240264E+01
  0.2073287274888874E+01 -0.4816100615790221E+00 -0.8068535321630009E+01
  0.2065116691766407E+01 -0.4744334840483606E+00 -0.1021388759298501E+02
  0.2056946108565423E+01 -0.4672252341906264E+00 -0.1221110133989378E+02
  0.2048775525288118E+01 -0.4599857932156304E+00 -0.1332528333336143E+02
  0.2040604941936635E+01 -0.4527156444154464E+00 -0.1357176685172150E+02
  0.2032434358513056E+01 -0.4454152731321473E+00 -0.1421967897448106E+02
  0.2024263775019413E+01 -0.4380851667254050E+00 -0.1603086740490794E+02
  0.2016093191457685E+01 -0.4307258145399545E+00 -0.1836905474341167E+02
  0.2007922607829804E+01 -0.4233377078729265E+00 -0.2050877541405046E+02
  0.1999752024137653E+01 -0.4159213399410494E+00 -0.2236361594052124E+02
  0.1991581440383068E+01 -0.4084772058477228E+00 -0.2429701481721110E+02
  0.1983410856567843E+01 -0.4010058025499653E+00 -0.2609308845833156E+02
  0.1975240272693730E+01 -0.3935076288252386E+00 -0.2718761820319347E+02
  0.1967069688762441E+01 -0.3859831852381501E+00 -0.2761176042691809E+02
  0.1958899104775647E+01 -0.3784329741070359E+00 -0.2788641391509645E+02
  0.1950728520734982E+01 -0.3708574994704271E+00 -0.2810820687289646E+02
  0.1942557936642046E+01 -0.3632572670534011E+00 -0.2781790796202603E+02
  0.1934387352498403E+01 -0.3556327842338202E+00 -0.2652538093779734E+02
  0.1926216768305583E+01 -0.3479845600084601E+00 -0.2421277370820074E+02
  0.1918046184065086E+01 -0.3403131049590297E+00 -0.2109183807200318E+02
  0.1909875599778379E+01 -0.3326189312180866E+00 -0.1759290504272626E+02
  0.1901705015446901E+01 -0.3249025524348469E+00 -0.1428168360060231E+02
  0.1893534431072063E+01 -0.3171644837408958E+00 -0.1202354812153036E+02
  0.1885363846655247E+01 -0.3094052417157978E+00 -0.1127557444753986E+02
  0.1877193262197810E+01 -0.3016253443526109E+00 -0.1124089246569194E+02
  0.1869022677701083E+01 -0.2938253110233064E+00 -0.1069081354395107E+02
  0.1860852093166375E+01 -0.2860056624440968E+00 -0.9593358886596576E+01
  0.1852681508594969E+01 -0.2781669206406729E+00 -0.8441815061889416E+01
  0.1844510923988128E+01 -0.2703096089133553E+00 -0.7379760601673031E+01
  0.1836340339347093E+01 -0.2624342518021592E+00 -0.5966522482433854E+01
  0.1828169754673083E+01 -0.2545413750517773E+00 -0.3963964515606231E+01
  0.1819999169967299E+01 -0.2466315055764818E+00 -0.1783116951196936E+01
  0.1811828585230925E+01 -0.2387051714249486E+00 -0.8510316288520323E-01
  0.1803658000465123E+01 -0.2307629017450062E+00  0.9138020857877853E+00
  0.1795487415671042E+01 -0.2228052267483099E+00  0.1457214582114275E+01
  0.1787316830849811E+01 -0.2148326776749467E+00  0.2183372127415077E+01
  0.1779146246002545E+01 -0.2068457867579697E+00  0.3657522687859250E+01
  0.1770975661130345E+01 -0.1988450871878683E+00  0.6244626120632696E+01
  0.1762805076234296E+01 -0.1908311130769725E+00  0.9459955484326873E+01
  0.1754634491315471E+01 -0.1828043994237966E+00  0.1241487296777608E+02
  0.1746463906374929E+01 -0.1747654820773241E+00  0.1441068440575187E+02
  0.1738293321413718E+01 -0.1667148977012352E+00  0.1568303456454510E+02
  0.1730122736432872E+01 -0.1586531837380799E+00  0.1681837106215479E+02
  0.1721952151433418E+01 -0.1505808783733995E+00  0.1817024914563179E+02
  0.1713781566416370E+01 -0.1424985204997981E+00  0.1968372597454321E+02
  0.1705610981382731E+01 -0.1344066496809675E+00  0.2129650079366711E+02
  0.1697440396333499E+01 -0.1263058061156663E+00  0.2240868012923839E+02
  0.1689269811269659E+01 -0.1181965306016578E+00  0.2208837123549582E+02
  0.1681099226192191E+01 -0.1100793644996070E+00  0.2050153422070153E+02
  0.1672928641102067E+01 -0.1019548496969404E+00  0.1918914033868354E+02
  0.1664758056000250E+01 -0.9382352857167028E-01  0.1926906099070968E+02
  0.1656587470887701E+01 -0.8568594395618719E-01  0.2108447856274043E+02
  0.1648416885765370E+01 -0.7754263910102077E-01  0.2429250753437092E+02
  0.1640246300634206E+01 -0.6939415763857371E-01  0.2795887922316312E+02
  0.1632075715495151E+01 -0.6124104354682962E-01  0.3096324729266469E+02
  0.1623905130349143E+01 -0.5308384111303818E-01  0.3259187446117051E+02
  0.1615734545197117E+01 -0.4492309489737940E-01  0.3261576603759005E+02
  0.1607563960040004E+01 -0.3675934969660982E-01  0.3161800585745737E+02
  0.1599393374878733E+01 -0.2859315050769285E-01  0.3034593892482000E+02
  0.1591222789714229E+01 -0.2042504249141571E-01  0.2969083549631804E+02
  0.1583052204547419E+01 -0.1225557093599554E-01  0.3049399135751879E+02
  0.1574881619379224E+01 -0.4085281220676868E-02  0.3264261605743098E+02
  0.1566711034210569E+01  0.4085281220676868E-02  0.3490891036022297E+02
  0.1558540449042374E+01  0.1225557093599554E-01  0.3656702331432643E+02
  0.1550369863875564E+01  0.2042504249141571E-01  0.3774394542971652E+02
  0.1542199278711061E+01  0.2859315050769285E-01  0.3846743898784379E+02
  0.1534028693549790E+01  0.3675934969660982E-01  0.3837728263325710E+02
  0.1525858108392677E+01  0.4492309489737940E-01  0.3749624557708438E+02
  0.1517687523240650E+01  0.5308384111303818E-01  0.3625177336596167E+02
  0.1509516938094642E+01  0.6124104354682962E-01  0.3524100301273534E+02
  0.1501346352955587E+01  0.6939415763857371E-01  0.3424770128573845E+02
  0.1493175767824423E+01  0.7754263910102077E-01  0.3313653108620237E+02
  0.1485005182702093E+01  0.8568594395618719E-01  0.3259888831774366E+02
  0.1476834597589543E+01  0.9382352857167028E-01  0.3339116386093973E+02
  0.1468664012487727E+01  0.1019548496969404E+00  0.3456839160039139E+02
  0.1460493427397602E+01  0.1100793644996070E+00  0.3464200825577917E+02
  0.1452322842320134E+01  0.1181965306016578E+00  0.3329216071374329E+02
  0.1444152257256294E+01  0.1263058061156663E+00  0.3118811435899353E+02
  0.1435981672207062E+01  0.1344066496809675E+00  0.2889024331121811E+02
  0.1427811087173423E+01  0.1424985204997981E+00  0.2701835726727111E+02
  0.1419640502156375E+01  0.1505808783733995E+00  0.2648757438388812E+02
  0.1411469917156921E+01  0.1586531837380799E+00  0.2791225981696252E+02
  0.1403299332176076E+01  0.1667148977012352E+00  0.3027167962033542E+02
  0.1395128747214864E+01  0.1747654820773241E+00  0.3171243946187434E+02
  0.1386958162274323E+01  0.1828043994237966E+00  0.3113438758359041E+02
  0.1378787577355497E+01  0.1908311130769725E+00  0.2912781175171764E+02
  0.1370616992459449E+01  0.1988450871878683E+00  0.2710720205408085E+02
  0.1362446407587248E+01  0.2068457867579697E+00  0.2590803273196314E+02
  0.1354275822739983E+01  0.2148326776749467E+00  0.2512579680456925E+02
  0.1346105237918751E+01  0.2228052267483099E+00  0.2436610402921936E+02
  0.1337934653124670E+01  0.2307629017450062E+00  0.2297212422670022E+02
  0.1329764068358868E+01  0.2387051714249486E+00  0.2038890876725687E+02
  0.1321593483622494E+01  0.2466315055764818E+00  0.1705933251071751E+02
  0.1313422898916710E+01  0.2545413750517773E+00  0.1445356692635123E+02
  0.1305252314242701E+01  0.2624342518021592E+00  0.1279190193597146E+02
  0.1297081729601665E+01  0.2703096089133553E+00  0.1058036816960575E+02
  0.1288911144994824E+01  0.2781669206406729E+00  0.6820480780771201E+01
  0.1280740560423418E+01  0.2860056624440968E+00  0.2709523555868686E+01
  0.1272569975888710E+01  0.2938253110233064E+00 -0.2817270476005933E+00
  0.1264399391391984E+01  0.3016253443526109E+00 -0.1614570658033135E+01
  0.1256228806934547E+01  0.3094052417157978E+00 -0.1650962953145642E+01
  0.1248058222517730E+01  0.3171644837408958E+00 -0.1366148565048443E+01
  0.1239887638142892E+01  0.3249025524348469E+00 -0.1797346673387485E+01
  0.1231717053811414E+01  0.3326189312180866E+00 -0.2979112268929673E+01
  0.1223546469524707E+01  0.3403131049590297E+00 -0.4681385176253024E+01
  0.1215375885284210E+01  0.3479845600084601E+00 -0.6750047491845743E+01
  0.1207205301091390E+01  0.3556327842338202E+00 -0.8552105095233033E+01
  0.1199034716947747E+01  0.3632572670534011E+00 -0.1018709603338008E+02
  0.1190864132854811E+01  0.3708574994704271E+00 -0.1252868103185708E+02
  0.1182693548814147E+01  0.3784329741070359E+00 -0.1538069129243235E+02
  0.1174522964827352E+01  0.3859831852381501E+00 -0.1822135701152146E+02
  0.1166352380896063E+01  0.3935076288252386E+00 -0.2112687731372896E+02
  0.1158181797021950E+01  0.4010058025499653E+00 -0.2421458902980214E+02
  0.1150011213206726E+01  0.4084772058477228E+00 -0.2722493541156879E+02
  0.1141840629452141E+01  0.4159213399410494E+00 -0.3018516519746538E+02
  0.1133670045759989E+01  0.4233377078729265E+00 -0.3367776067145405E+02
  0.1125499462132108E+01  0.4307258145399545E+00 -0.3838610502488095E+02
  0.1117328878570381E+01  0.4380851667254050E+00 -0.4424362747597917E+02
  0.1109158295076737E+01  0.4454152731321473E+00 -0.5026038392212339E+02
  0.1100987711653159E+01  0.4527156444154464E+00 -0.5532317483073585E+02
  0.1092817128301675E+01  0.4599857932156304E+00 -0.5978600274092838E+02
  0.1084646545024371E+01  0.4672252341906264E+00 -0.6502775932027561E+02
  0.1076475961823386E+01  0.4744334840483606E+00 -0.7175566587026167E+02
  0.1068305378700920E+01  0.4816100615790221E+00 -0.7878339002327129E+02
  0.1060134795659229E+01  0.4887544876871878E+00 -0.8439221053942050E+02
  0.1051964212700635E+01  0.4958662854238058E+00 -0.8776252588500870E+02
  0.1043793629827524E+01  0.5029449800180356E+00 -0.8922249002414421E+02
  0.1035623047042350E+01  0.5099900989089429E+00 -0.8941722276698300E+02
  0.1027452464347638E+01  0.5170011717770473E+00 -0.9008281795830435E+02
  0.1019281881745987E+01  0.5239777305757194E+00 -0.9301087038732301E+02
  0.1011111299240073E+01  0.5309193095624275E+00 -0.9804014228237574E+02
  0.1002940716832650E+01  0.5378254453298289E+00 -0.1032200948008498E+03
  0.9947701345265596E+00  0.5446956768367068E+00 -0.1073638566186380E+03
  0.9865995523247275E+00  0.5515295454387482E+00 -0.1108217775295185E+03
  0.9784289702301714E+00  0.5583265949191624E+00 -0.1145716398182879E+03
  0.9702583882460036E+00  0.5650863715191369E+00 -0.1182921608993230E+03
  0.9620878063754359E+00  0.5718084239681300E+00 -0.1208608358825457E+03
  0.9539172246217830E+00  0.5784923035139965E+00 -0.1215970741687792E+03
  0.9457466429884676E+00  0.5851375639529456E+00 -0.1214525471719336E+03
  0.9375760614790253E+00  0.5917437616593286E+00 -0.1210602606734633E+03
  0.9294054800971098E+00  0.5983104556152549E+00 -0.1204732382435570E+03
  0.9212348988464978E+00  0.6048372074400329E+00 -0.1201417858689557E+03
  0.9130643177310944E+00  0.6113235814194364E+00 -0.1210515569998276E+03
  0.9048937367549402E+00  0.6177691445347914E+00 -0.1225391944356870E+03
  0.8967231559222163E+00  0.6241734664918837E+00 -0.1229333609482532E+03
  0.8885525752372514E+00  0.6305361197496849E+00 -0.1214304035938564E+03
  0.8803819947045285E+00  0.6368566795488945E+00 -0.1193858900865876E+03
  0.8722114143286931E+00  0.6431347239402948E+00 -0.1183302637419245E+03
  0.8640408341145595E+00  0.6493698338129212E+00 -0.1189555332239682E+03
  0.8558702540671204E+00  0.6555615929220400E+00 -0.1200905716198198E+03
  0.8476996741915547E+00  0.6617095879169366E+00 -0.1201801089358702E+03
  0.8395290944932369E+00  0.6678134083685102E+00 -0.1187284411242631E+03
  0.8313585149777468E+00  0.6738726467966731E+00 -0.1166001699106320E+03
  0.8231879356508802E+00  0.6798868986975534E+00 -0.1144509577976100E+03
  0.8150173565186587E+00  0.6858557625704990E+00 -0.1127031223919405E+03
  0.8068467775873427E+00  0.6917788399448808E+00 -0.1111270079884188E+03
  0.7986761988634423E+00  0.6976557354066943E+00 -0.1095951725058519E+03
  0.7905056203537315E+00  0.7034860566249567E+00 -0.1080541955809204E+03
  0.7823350420652612E+00  0.7092694143778975E+00 -0.1069376231608892E+03
  0.7741644640053743E+00  0.7150054225789432E+00 -0.1057719080434341E+03
  0.7659938861817212E+00  0.7206936983024912E+00 -0.1045888622178543E+03
  0.7578233086022768E+00  0.7263338618094733E+00 -0.1043193538593654E+03
  0.7496527312753575E+00  0.7319255365727068E+00 -0.1059872890324277E+03
  0.7414821542096410E+00  0.7374683493020299E+00 -0.1093964987555456E+03
  0.7333115774141861E+00  0.7429619299692227E+00 -0.1131391332962017E+03
  0.7251410008984539E+00  0.7484059118327094E+00 -0.1148669080725053E+03
  0.7169704246723316E+00  0.7537999314620412E+00 -0.1136006636195605E+03
  0.7087998487461566E+00  0.7591436287621580E+00 -0.1107870509382604E+03
  0.7006292731307425E+00  0.7644366469974285E+00 -0.1083443536402546E+03
  0.6924586978374083E+00  0.7696786328154644E+00 -0.1068827713174188E+03
  0.6842881228780077E+00  0.7748692362707100E+00 -0.1068232949463950E+03
  0.6761175482649616E+00  0.7800081108478040E+00 -0.1076422933865358E+03
  0.6679469740112938E+00  0.7850949134847117E+00 -0.1079671013814623E+03
  0.6597764001306670E+00  0.7901293045956280E+00 -0.1064793635135678E+03
  0.6516058266374236E+00  0.7951109480936471E+00 -0.1040551009805453E+03
  0.6434352535466297E+00  0.8000395114131988E+00 -0.1028592909226055E+03
  0.6352646808741202E+00  0.8049146655322506E+00 -0.1037982574705501E+03
  0.6270941086365502E+00  0.8097360849942720E+00 -0.1057428899221048E+03
  0.6189235368514482E+00  0.8145034479299620E+00 -0.1074006216419739E+03
  0.6107529655372755E+00  0.8192164360787360E+00 -0.1078258382961427E+03
  0.6025823947134890E+00  0.8238747348099726E+00 -0.1079583942556887E+03
  0.5944118244006098E+00  0.8284780331440178E+00 -0.1082180378863714E+03
  0.5862412546202973E+00  0.8330260237729452E+00 -0.1076785667823606E+03
  0.5780706853954301E+00  0.8375184030810715E+00 -0.1047393601775388E+03
  0.5699001167501928E+00  0.8419548711652254E+00 -0.9958904005887761E+02
  0.5617295487101719E+00  0.8463351318547683E+00 -0.9312399683029993E+02
  0.5535589813024583E+00  0.8506588927313666E+00 -0.8598138810401983E+02
  0.5453884145557613E+00  0.8549258651485127E+00 -0.7772114357918012E+02
  0.5372178485005299E+00  0.8591357642507945E+00 -0.6872466183533925E+02
  0.5290472831690897E+00  0.8632883089929120E+00 -0.6016288707024230E+02
  0.5208767185957875E+00  0.8673832221584393E+00 -0.5259112478849015E+02
  0.5127061548171545E+00  0.8714202303783312E+00 -0.4452403401463242E+02
  0.5045355918720822E+00  0.8753990641491725E+00 -0.3492846368716731E+02
  0.4963650298020162E+00  0.8793194578511700E+00 -0.2404079588603117E+02
  0.4881944686511717E+00  0.8831811497658847E+00 -0.1276763624242802E+02
  0.4800239084667671E+00  0.8869838820937034E+00 -0.1296918578586941E+01
  0.4718533492992859E+00  0.8907274009710492E+00  0.9818439856294345E+01
  0.4636827912027636E+00  0.8944114564873288E+00  0.1983875870065852E+02
  0.4555122342351060E+00  0.8980358027016164E+00  0.2822428083676359E+02
  0.4473416784584431E+00  0.9016001976590722E+00  0.3619959718687820E+02
  0.4391711239395221E+00  0.9051044034070944E+00  0.4384357034830606E+02
  0.4310005707501444E+00  0.9085481860112055E+00  0.5063449898999446E+02
  0.4228300189676551E+00  0.9119313155706682E+00  0.5632786335268013E+02
  0.4146594686754885E+00  0.9152535662338340E+00  0.6193000828517423E+02
  0.4064889199637791E+00  0.9185147162132208E+00  0.6742408032193174E+02
  0.3983183729300507E+00  0.9217145478003181E+00  0.7279946603092409E+02
  0.3901478276799883E+00  0.9248528473801222E+00  0.7904298795588635E+02
  0.3819772843283120E+00  0.9279294054453956E+00  0.8799520629759287E+02
  0.3738067429997641E+00  0.9309440166106540E+00  0.9892111036013711E+02
  0.3656362038302282E+00  0.9338964796258775E+00  0.1097271609763512E+03
  0.3574656669680030E+00  0.9367865973899459E+00  0.1186534345718309E+03
  0.3492951325752533E+00  0.9396141769637963E+00  0.1272042945948211E+03
  0.3411246008296713E+00  0.9423790295833044E+00  0.1367276444397650E+03
  0.3329540719263814E+00  0.9450809706718851E+00  0.1480235940169482E+03
  0.3247835460801308E+00  0.9477198198528157E+00  0.1601011472811242E+03
  0.3166130235278230E+00  0.9502954009612771E+00  0.1726086370596187E+03
  0.3084425045314506E+00  0.9528075420561144E+00  0.1850468269154264E+03
  0.3002719893815085E+00  0.9552560754313160E+00  0.1983290037201719E+03
  0.2921014784009779E+00  0.9576408376272095E+00  0.2131095038063132E+03
  0.2839309719500016E+00  0.9599616694413742E+00  0.2302471736727595E+03
  0.2757604704313845E+00  0.9622184159392698E+00  0.2485779802386070E+03
  0.2675899742971076E+00  0.9644109264645802E+00  0.2675692977754338E+03
  0.2594194840560681E+00  0.9665390546492710E+00  0.2870384341555541E+03
  0.2512490002833307E+00  0.9686026584233628E+00  0.3094240072559198E+03
  0.2430785236312446E+00  0.9706016000244151E+00  0.3354207260844140E+03
  0.2349080548428762E+00  0.9725357460067257E+00  0.3629834677345186E+03
  0.2267375947683499E+00  0.9744049672502397E+00  0.3889682411192071E+03
  0.2185671443848464E+00  0.9762091389691724E+00  0.4153671369559129E+03
  0.2103967048212628E+00  0.9779481407203411E+00  0.4442398807303322E+03
  0.2022262773888417E+00  0.9796218564112101E+00  0.4758801178012509E+03
  0.1940558636195398E+00  0.9812301743076443E+00  0.5074383049968703E+03
  0.1858854653144977E+00  0.9827729870413743E+00  0.5385883732854553E+03
  0.1777150846058812E+00  0.9842501916171713E+00  0.5692212788426169E+03
  0.1695447240365762E+00  0.9856616894197333E+00  0.5998215311055906E+03
  0.1613743866640789E+00  0.9870073862202815E+00  0.6297355613156142E+03
  0.1532040761975885E+00  0.9882871921828699E+00  0.6613972941668324E+03
  0.1450337971813853E+00  0.9895010218704087E+00  0.6952983694834179E+03
  0.1368635552438019E+00  0.9906487942504061E+00  0.7321608418068026E+03
  0.1286933574408989E+00  0.9917304327004320E+00  0.7709920209967537E+03
  0.1205232127396896E+00  0.9927458650133153E+00  0.8136779902770012E+03
  0.1123531327118049E+00  0.9936950234020883E+00  0.8598595447399903E+03
  0.1041831325528455E+00  0.9945778445047068E+00  0.9112523988587523E+03
  0.9601323262085862E-01  0.9953942693885953E+00  0.9682259709701896E+03
  0.8784346083082471E-01  0.9961442435551087E+00  0.1034304305066706E+04
  0.7967385651719167E-01  0.9968277169440913E+00  0.1109184214171475E+04
  0.7150447693306423E-01  0.9974446439389107E+00  0.1196991292778608E+04
  0.6333540875299180E-01  0.9979949833727938E+00  0.1298304787839347E+04
  0.5516678972815772E-01  0.9984786985384589E+00  0.1417409265287311E+04
  0.4699885272846815E-01  0.9988957572063257E+00  0.1553914215338645E+04
  0.3883202470742381E-01  0.9992461316671845E+00  0.1722954664941896E+04
  0.3066718105470672E-01  0.9995297988558859E+00  0.1969424329608838E+04
  0.2250643816359393E-01  0.9997467408113523E+00  0.2419617133580657E+04
  0.1435650599352885E-01  0.9998969471378596E+00  0.3153377472820292E+04
  0.6254421014113626E-02  0.9999804411726474E+00  0.3915638528806550E+04
