# nlmax, ncor, nside =         383           1         128
  0.3135338232575680E+01 -0.9999804411726474E+00 -0.2004083394220829E-03
  0.3127236147596264E+01 -0.9998969471378596E+00 -0.2018084818617160E-03
  0.3119086215426199E+01 -0.9997467408113523E+00 -0.2044392652639484E-03
  0.3110925472535087E+01 -0.9995297988558859E+00 -0.2095797569387363E-03
  0.3102760628882369E+01 -0.9992461316671845E+00 -0.2171791169381792E-03
  0.3094593800861325E+01 -0.9988957572063257E+00 -0.2246433408593326E-03
  0.3086425863861635E+01 -0.9984786985384589E+00 -0.2296809333996587E-03
  0.3078257244836801E+01 -0.9979949833727938E+00 -0.2324683487237613E-03
  0.3070088176656729E+01 -0.9974446439389107E+00 -0.2343044030167990E-03
  0.3061918797072602E+01 -0.9968277169440913E+00 -0.2361513290408945E-03
  0.3053749192758969E+01 -0.9961442435551087E+00 -0.2374694284301612E-03
  0.3045579420968934E+01 -0.9953942693885953E+00 -0.2371370530013980E-03
  0.3037409521036948E+01 -0.9945778445047068E+00 -0.2343817860050768E-03
  0.3029239520877988E+01 -0.9936950234020883E+00 -0.2286627085826915E-03
  0.3021069440850104E+01 -0.9927458650133153E+00 -0.2211111373944829E-03
  0.3012899296148894E+01 -0.9917304327004320E+00 -0.2140530460850943E-03
  0.3004729098345992E+01 -0.9906487942504061E+00 -0.2080773898073262E-03
  0.2996558856408408E+01 -0.9895010218704087E+00 -0.2020820168200509E-03
  0.2988388577392205E+01 -0.9882871921828699E+00 -0.1956895955942034E-03
  0.2980218266925714E+01 -0.9870073862202815E+00 -0.1884788582932997E-03
  0.2972047929553217E+01 -0.9856616894197333E+00 -0.1797321042437149E-03
  0.2963877568983912E+01 -0.9842501916171713E+00 -0.1699100690455775E-03
  0.2955707188275296E+01 -0.9827729870413743E+00 -0.1607253756612492E-03
  0.2947536789970254E+01 -0.9812301743076443E+00 -0.1540858771137353E-03
  0.2939366376200951E+01 -0.9796218564112101E+00 -0.1500902746874725E-03
  0.2931195948768531E+01 -0.9779481407203411E+00 -0.1461212105145255E-03
  0.2923025509204947E+01 -0.9762091389691724E+00 -0.1399095899276260E-03
  0.2914855058821443E+01 -0.9744049672502397E+00 -0.1322086709381033E-03
  0.2906684598746917E+01 -0.9725357460067257E+00 -0.1261216530544884E-03
  0.2898514129958549E+01 -0.9706016000244151E+00 -0.1241441592374814E-03
  0.2890343653306462E+01 -0.9686026584233628E+00 -0.1259816138374344E-03
  0.2882173169533725E+01 -0.9665390546492710E+00 -0.1289498012878251E-03
  0.2874002679292686E+01 -0.9644109264645802E+00 -0.1301903792030713E-03
  0.2865832183158409E+01 -0.9622184159392698E+00 -0.1280506087757114E-03
  0.2857661681639792E+01 -0.9599616694413742E+00 -0.1224029979442688E-03
  0.2849491175188815E+01 -0.9576408376272095E+00 -0.1149952451761507E-03
  0.2841320664208285E+01 -0.9552560754313160E+00 -0.1082190552865460E-03
  0.2833150149058343E+01 -0.9528075420561144E+00 -0.1028354043268594E-03
  0.2824979630061970E+01 -0.9502954009612771E+00 -0.9777056496346507E-04
  0.2816809107509663E+01 -0.9477198198528157E+00 -0.9187567182740874E-04
  0.2808638581663412E+01 -0.9450809706718851E+00 -0.8528656072922550E-04
  0.2800468052760122E+01 -0.9423790295833044E+00 -0.7888540298172927E-04
  0.2792297521014540E+01 -0.9396141769637963E+00 -0.7321030408021190E-04
  0.2784126986621790E+01 -0.9367865973899459E+00 -0.6826620132352355E-04
  0.2775956449759565E+01 -0.9338964796258775E+00 -0.6368920048613928E-04
  0.2767785910590029E+01 -0.9309440166106540E+00 -0.5880251841522177E-04
  0.2759615369261481E+01 -0.9279294054453956E+00 -0.5300262389046341E-04
  0.2751444825909805E+01 -0.9248528473801222E+00 -0.4610480723359362E-04
  0.2743274280659743E+01 -0.9217145478003181E+00 -0.3875830316473454E-04
  0.2735103733626014E+01 -0.9185147162132208E+00 -0.3164921840798916E-04
  0.2726933184914305E+01 -0.9152535662338340E+00 -0.2487391379064694E-04
  0.2718762634622138E+01 -0.9119313155706682E+00 -0.1824233747191554E-04
  0.2710592082839649E+01 -0.9085481860112055E+00 -0.1140779465622914E-04
  0.2702421529650271E+01 -0.9051044034070944E+00 -0.3972867011363010E-05
  0.2694250975131350E+01 -0.9016001976590722E+00  0.4202116078897160E-05
  0.2686080419354687E+01 -0.8980358027016164E+00  0.1281833539983822E-04
  0.2677909862387029E+01 -0.8944114564873288E+00  0.2140653574556598E-04
  0.2669739304290507E+01 -0.8907274009710492E+00  0.2953983296525917E-04
  0.2661568745123026E+01 -0.8869838820937034E+00  0.3642511064280270E-04
  0.2653398184938621E+01 -0.8831811497658847E+00  0.4147963948199657E-04
  0.2645227623787777E+01 -0.8793194578511700E+00  0.4509758435486794E-04
  0.2637057061717711E+01 -0.8753990641491725E+00  0.4796142674911558E-04
  0.2628886498772639E+01 -0.8714202303783312E+00  0.5053628332225280E-04
  0.2620715934994006E+01 -0.8673832221584393E+00  0.5364605809426853E-04
  0.2612545370420704E+01 -0.8632883089929120E+00  0.5806487813879205E-04
  0.2604374805089263E+01 -0.8591357642507945E+00  0.6337516658812557E-04
  0.2596204239034032E+01 -0.8549258651485127E+00  0.6821059435429179E-04
  0.2588033672287335E+01 -0.8506588927313666E+00  0.7170375640752856E-04
  0.2579863104879621E+01 -0.8463351318547683E+00  0.7447616405257010E-04
  0.2571692536839600E+01 -0.8419548711652254E+00  0.7786203658612052E-04
  0.2563521968194363E+01 -0.8375184030810715E+00  0.8233924156544393E-04
  0.2555351398969496E+01 -0.8330260237729452E+00  0.8755683591984582E-04
  0.2547180829189184E+01 -0.8284780331440178E+00  0.9292266939943432E-04
  0.2539010258876304E+01 -0.8238747348099726E+00  0.9758589584017153E-04
  0.2530839688052518E+01 -0.8192164360787360E+00  0.1010645774888613E-03
  0.2522669116738345E+01 -0.8145034479299620E+00  0.1037780261076094E-03
  0.2514498544953243E+01 -0.8097360849942720E+00  0.1059022918433873E-03
  0.2506327972715673E+01 -0.8049146655322506E+00  0.1068030871550672E-03
  0.2498157400043163E+01 -0.8000395114131988E+00  0.1062103174641887E-03
  0.2489986826952370E+01 -0.7951109480936471E+00  0.1050809059172444E-03
  0.2481816253459126E+01 -0.7901293045956280E+00  0.1045274285381848E-03
  0.2473645679578500E+01 -0.7850949134847117E+00  0.1047455390020236E-03
  0.2465475105324832E+01 -0.7800081108478040E+00  0.1052933378251958E-03
  0.2457304530711785E+01 -0.7748692362707100E+00  0.1057146254151023E-03
  0.2449133955752385E+01 -0.7696786328154644E+00  0.1060046291727907E-03
  0.2440963380459050E+01 -0.7644366469974285E+00  0.1067706341785724E-03
  0.2432792804843637E+01 -0.7591436287621580E+00  0.1084875465203042E-03
  0.2424622228917462E+01 -0.7537999314620412E+00  0.1107958240872800E-03
  0.2416451652691339E+01 -0.7484059118327094E+00  0.1130177619332807E-03
  0.2408281076175607E+01 -0.7429619299692227E+00  0.1147709929710617E-03
  0.2400110499380152E+01 -0.7374683493020299E+00  0.1160610779061091E-03
  0.2391939922314436E+01 -0.7319255365727068E+00  0.1169584748306113E-03
  0.2383769344987516E+01 -0.7263338618094733E+00  0.1172072663922840E-03
  0.2375598767408072E+01 -0.7206936983024912E+00  0.1167432000499712E-03
  0.2367428189584419E+01 -0.7150054225789432E+00  0.1160084908626171E-03
  0.2359257611524532E+01 -0.7092694143778975E+00  0.1155406042713657E-03
  0.2351087033236062E+01 -0.7034860566249567E+00  0.1155043813966853E-03
  0.2342916454726351E+01 -0.6976557354066943E+00  0.1154616552917140E-03
  0.2334745876002450E+01 -0.6917788399448808E+00  0.1146030823009615E-03
  0.2326575297071134E+01 -0.6858557625704990E+00  0.1129593229873847E-03
  0.2318404717938913E+01 -0.6798868986975534E+00  0.1116652578294195E-03
  0.2310234138612046E+01 -0.6738726467966731E+00  0.1114406033404225E-03
  0.2302063559096557E+01 -0.6678134083685102E+00  0.1117737407023582E-03
  0.2293892979398239E+01 -0.6617095879169366E+00  0.1118925516934671E-03
  0.2285722399522673E+01 -0.6555615929220400E+00  0.1115601645647516E-03
  0.2277551819475234E+01 -0.6493698338129212E+00  0.1110949600812154E-03
  0.2269381239261100E+01 -0.6431347239402948E+00  0.1107012766371781E-03
  0.2261210658885265E+01 -0.6368566795488945E+00  0.1100669235869938E-03
  0.2253040078352542E+01 -0.6305361197496849E+00  0.1090691640061487E-03
  0.2244869497667577E+01 -0.6241734664918837E+00  0.1083353730093385E-03
  0.2236698916834853E+01 -0.6177691445347914E+00  0.1083952620940874E-03
  0.2228528335858699E+01 -0.6113235814194364E+00  0.1090600654818107E-03
  0.2220357754743295E+01 -0.6048372074400329E+00  0.1096298477686707E-03
  0.2212187173492683E+01 -0.5983104556152549E+00  0.1095416405609950E-03
  0.2204016592110768E+01 -0.5917437616593286E+00  0.1088993362726711E-03
  0.2195846010601326E+01 -0.5851375639529456E+00  0.1082994835495332E-03
  0.2187675428968010E+01 -0.5784923035139965E+00  0.1080008895369577E-03
  0.2179504847214357E+01 -0.5718084239681300E+00  0.1075320954232660E-03
  0.2171334265343789E+01 -0.5650863715191369E+00  0.1062531335003997E-03
  0.2163163683359622E+01 -0.5583265949191624E+00  0.1043067098854895E-03
  0.2154993101265066E+01 -0.5515295454387482E+00  0.1022301486785527E-03
  0.2146822519063234E+01 -0.5446956768367068E+00  0.1001473213094737E-03
  0.2138651936757143E+01 -0.5378254453298289E+00  0.9775303848888845E-04
  0.2130481354349721E+01 -0.5309193095624275E+00  0.9467162445158864E-04
  0.2122310771843806E+01 -0.5239777305757194E+00  0.9098538393620767E-04
  0.2114140189242155E+01 -0.5170011717770473E+00  0.8751039886788462E-04
  0.2105969606547443E+01 -0.5099900989089429E+00  0.8490388080314611E-04
  0.2097799023762269E+01 -0.5029449800180356E+00  0.8314767392492554E-04
  0.2089628440889158E+01 -0.4958662854238058E+00  0.8229761032762821E-04
  0.2081457857930564E+01 -0.4887544876871878E+00  0.8252465259102096E-04
  0.2073287274888874E+01 -0.4816100615790221E+00  0.8335312918641974E-04
  0.2065116691766407E+01 -0.4744334840483606E+00  0.8423876985274246E-04
  0.2056946108565423E+01 -0.4672252341906264E+00  0.8537650804457270E-04
  0.2048775525288118E+01 -0.4599857932156304E+00  0.8726046900703647E-04
  0.2040604941936635E+01 -0.4527156444154464E+00  0.8966390708736767E-04
  0.2032434358513056E+01 -0.4454152731321473E+00  0.9169213312654615E-04
  0.2024263775019413E+01 -0.4380851667254050E+00  0.9258032867791957E-04
  0.2016093191457685E+01 -0.4307258145399545E+00  0.9229548083479656E-04
  0.2007922607829804E+01 -0.4233377078729265E+00  0.9146672159915720E-04
  0.1999752024137653E+01 -0.4159213399410494E+00  0.9075935366398489E-04
  0.1991581440383068E+01 -0.4084772058477228E+00  0.9031424599476888E-04
  0.1983410856567843E+01 -0.4010058025499653E+00  0.9013244974358140E-04
  0.1975240272693730E+01 -0.3935076288252386E+00  0.9024288481544081E-04
  0.1967069688762441E+01 -0.3859831852381501E+00  0.9053626889067903E-04
  0.1958899104775647E+01 -0.3784329741070359E+00  0.9098231644600443E-04
  0.1950728520734982E+01 -0.3708574994704271E+00  0.9182590269512135E-04
  0.1942557936642046E+01 -0.3632572670534011E+00  0.9331497371242076E-04
  0.1934387352498403E+01 -0.3556327842338202E+00  0.9516986393646224E-04
  0.1926216768305583E+01 -0.3479845600084601E+00  0.9678701893280047E-04
  0.1918046184065086E+01 -0.3403131049590297E+00  0.9828774046174210E-04
  0.1909875599778379E+01 -0.3326189312180866E+00  0.1003951810283621E-03
  0.1901705015446901E+01 -0.3249025524348469E+00  0.1031495051272805E-03
  0.1893534431072063E+01 -0.3171644837408958E+00  0.1055041128204145E-03
  0.1885363846655247E+01 -0.3094052417157978E+00  0.1064200973994940E-03
  0.1877193262197810E+01 -0.3016253443526109E+00  0.1058656989319885E-03
  0.1869022677701083E+01 -0.2938253110233064E+00  0.1045979658512657E-03
  0.1860852093166375E+01 -0.2860056624440968E+00  0.1031346124177183E-03
  0.1852681508594969E+01 -0.2781669206406729E+00  0.1016758055612792E-03
  0.1844510923988128E+01 -0.2703096089133553E+00  0.1006013752058602E-03
  0.1836340339347093E+01 -0.2624342518021592E+00  0.1003530518706161E-03
  0.1828169754673083E+01 -0.2545413750517773E+00  0.1009429717799419E-03
  0.1819999169967299E+01 -0.2466315055764818E+00  0.1020060506343689E-03
  0.1811828585230925E+01 -0.2387051714249486E+00  0.1031376862907023E-03
  0.1803658000465123E+01 -0.2307629017450062E+00  0.1041681111241200E-03
  0.1795487415671042E+01 -0.2228052267483099E+00  0.1050163069984312E-03
  0.1787316830849811E+01 -0.2148326776749467E+00  0.1057638211143049E-03
  0.1779146246002545E+01 -0.2068457867579697E+00  0.1066712673788211E-03
  0.1770975661130345E+01 -0.1988450871878683E+00  0.1079362224051803E-03
  0.1762805076234296E+01 -0.1908311130769725E+00  0.1091092652761055E-03
  0.1754634491315471E+01 -0.1828043994237966E+00  0.1092612686440196E-03
  0.1746463906374929E+01 -0.1747654820773241E+00  0.1083062419164952E-03
  0.1738293321413718E+01 -0.1667148977012352E+00  0.1071788728185436E-03
  0.1730122736432872E+01 -0.1586531837380799E+00  0.1063558088183191E-03
  0.1721952151433418E+01 -0.1505808783733995E+00  0.1053754994096809E-03
  0.1713781566416370E+01 -0.1424985204997981E+00  0.1038278799898799E-03
  0.1705610981382731E+01 -0.1344066496809675E+00  0.1019087272794948E-03
  0.1697440396333499E+01 -0.1263058061156663E+00  0.9981580724327507E-04
  0.1689269811269659E+01 -0.1181965306016578E+00  0.9736870833696401E-04
  0.1681099226192191E+01 -0.1100793644996070E+00  0.9455579061236946E-04
  0.1672928641102067E+01 -0.1019548496969404E+00  0.9187289065970146E-04
  0.1664758056000250E+01 -0.9382352857167028E-01  0.8997277374806491E-04
  0.1656587470887701E+01 -0.8568594395618719E-01  0.8927537120872529E-04
  0.1648416885765370E+01 -0.7754263910102077E-01  0.8957486844754751E-04
  0.1640246300634206E+01 -0.6939415763857371E-01  0.9019973680908107E-04
  0.1632075715495151E+01 -0.6124104354682962E-01  0.9059654462982439E-04
  0.1623905130349143E+01 -0.5308384111303818E-01  0.9050334478896513E-04
  0.1615734545197117E+01 -0.4492309489737940E-01  0.8981308999633572E-04
  0.1607563960040004E+01 -0.3675934969660982E-01  0.8849156078728559E-04
  0.1599393374878733E+01 -0.2859315050769285E-01  0.8665619089181024E-04
  0.1591222789714229E+01 -0.2042504249141571E-01  0.8496656141922113E-04
  0.1583052204547419E+01 -0.1225557093599554E-01  0.8413237956282502E-04
  0.1574881619379224E+01 -0.4085281220676868E-02  0.8400184893608725E-04
  0.1566711034210569E+01  0.4085281220676868E-02  0.8372309272186103E-04
  0.1558540449042374E+01  0.1225557093599554E-01  0.8284278259599813E-04
  0.1550369863875564E+01  0.2042504249141571E-01  0.8133102669063413E-04
  0.1542199278711061E+01  0.2859315050769285E-01  0.7913481880770571E-04
  0.1534028693549790E+01  0.3675934969660982E-01  0.7628294382724155E-04
  0.1525858108392677E+01  0.4492309489737940E-01  0.7297343208493973E-04
  0.1517687523240650E+01  0.5308384111303818E-01  0.6934602205345712E-04
  0.1509516938094642E+01  0.6124104354682962E-01  0.6564632505946901E-04
  0.1501346352955587E+01  0.6939415763857371E-01  0.6223268221736879E-04
  0.1493175767824423E+01  0.7754263910102077E-01  0.5944551749226158E-04
  0.1485005182702093E+01  0.8568594395618719E-01  0.5766702982861048E-04
  0.1476834597589543E+01  0.9382352857167028E-01  0.5707853596913339E-04
  0.1468664012487727E+01  0.1019548496969404E+00  0.5705190351337639E-04
  0.1460493427397602E+01  0.1100793644996070E+00  0.5642268967078439E-04
  0.1452322842320134E+01  0.1181965306016578E+00  0.5466439563023939E-04
  0.1444152257256294E+01  0.1263058061156663E+00  0.5228113131833195E-04
  0.1435981672207062E+01  0.1344066496809675E+00  0.4998928946385731E-04
  0.1427811087173423E+01  0.1424985204997981E+00  0.4836094956593324E-04
  0.1419640502156375E+01  0.1505808783733995E+00  0.4790884812698667E-04
  0.1411469917156921E+01  0.1586531837380799E+00  0.4882782532586237E-04
  0.1403299332176076E+01  0.1667148977012352E+00  0.5062713070535605E-04
  0.1395128747214864E+01  0.1747654820773241E+00  0.5246008359566152E-04
  0.1386958162274323E+01  0.1828043994237966E+00  0.5352769140508221E-04
  0.1378787577355497E+01  0.1908311130769725E+00  0.5346165355112688E-04
  0.1370616992459449E+01  0.1988450871878683E+00  0.5262164097960879E-04
  0.1362446407587248E+01  0.2068457867579697E+00  0.5166439893529469E-04
  0.1354275822739983E+01  0.2148326776749467E+00  0.5071036956558535E-04
  0.1346105237918751E+01  0.2228052267483099E+00  0.4943919038186990E-04
  0.1337934653124670E+01  0.2307629017450062E+00  0.4765042407550242E-04
  0.1329764068358868E+01  0.2387051714249486E+00  0.4569024423843339E-04
  0.1321593483622494E+01  0.2466315055764818E+00  0.4435647152632172E-04
  0.1313422898916710E+01  0.2545413750517773E+00  0.4392651257621938E-04
  0.1305252314242701E+01  0.2624342518021592E+00  0.4340036839035178E-04
  0.1297081729601665E+01  0.2703096089133553E+00  0.4156437851162397E-04
  0.1288911144994824E+01  0.2781669206406729E+00  0.3834731912321167E-04
  0.1280740560423418E+01  0.2860056624440968E+00  0.3474818237506550E-04
  0.1272569975888710E+01  0.2938253110233064E+00  0.3172414578072368E-04
  0.1264399391391984E+01  0.3016253443526109E+00  0.2993416390178936E-04
  0.1256228806934547E+01  0.3094052417157978E+00  0.2958157019693154E-04
  0.1248058222517730E+01  0.3171644837408958E+00  0.3006046024339795E-04
  0.1239887638142892E+01  0.3249025524348469E+00  0.3018805202169590E-04
  0.1231717053811414E+01  0.3326189312180866E+00  0.2921523142523205E-04
  0.1223546469524707E+01  0.3403131049590297E+00  0.2724902589614716E-04
  0.1215375885284210E+01  0.3479845600084601E+00  0.2495525818027952E-04
  0.1207205301091390E+01  0.3556327842338202E+00  0.2285395819396505E-04
  0.1199034716947747E+01  0.3632572670534011E+00  0.2066878117844878E-04
  0.1190864132854811E+01  0.3708574994704271E+00  0.1769718256074377E-04
  0.1182693548814147E+01  0.3784329741070359E+00  0.1420244133864194E-04
  0.1174522964827352E+01  0.3859831852381501E+00  0.1102847408655221E-04
  0.1166352380896063E+01  0.3935076288252386E+00  0.8453817801974081E-05
  0.1158181797021950E+01  0.4010058025499653E+00  0.6171522966675909E-05
  0.1150011213206726E+01  0.4084772058477228E+00  0.3917457965302020E-05
  0.1141840629452141E+01  0.4159213399410494E+00  0.1634944300111820E-05
  0.1133670045759989E+01  0.4233377078729265E+00 -0.6575955824187778E-06
  0.1125499462132108E+01  0.4307258145399545E+00 -0.3001166344807873E-05
  0.1117328878570381E+01  0.4380851667254050E+00 -0.5312468179367214E-05
  0.1109158295076737E+01  0.4454152731321473E+00 -0.7799914669851208E-05
  0.1100987711653159E+01  0.4527156444154464E+00 -0.1081686874187902E-04
  0.1092817128301675E+01  0.4599857932156304E+00 -0.1463021908308223E-04
  0.1084646545024371E+01  0.4672252341906264E+00 -0.1953216391617665E-04
  0.1076475961823386E+01  0.4744334840483606E+00 -0.2539664571507890E-04
  0.1068305378700920E+01  0.4816100615790221E+00 -0.3099055746260157E-04
  0.1060134795659229E+01  0.4887544876871878E+00 -0.3502681548607906E-04
  0.1051964212700635E+01  0.4958662854238058E+00 -0.3733530317342648E-04
  0.1043793629827524E+01  0.5029449800180356E+00 -0.3857469733040960E-04
  0.1035623047042350E+01  0.5099900989089429E+00 -0.3942570968971667E-04
  0.1027452464347638E+01  0.5170011717770473E+00 -0.4071402396068981E-04
  0.1019281881745987E+01  0.5239777305757194E+00 -0.4322656525786091E-04
  0.1011111299240073E+01  0.5309193095624275E+00 -0.4688585617271463E-04
  0.1002940716832650E+01  0.5378254453298289E+00 -0.5063971645535502E-04
  0.9947701345265596E+00  0.5446956768367068E+00 -0.5410307057336582E-04
  0.9865995523247275E+00  0.5515295454387482E+00 -0.5789627412795156E-04
  0.9784289702301714E+00  0.5583265949191624E+00 -0.6242787537199838E-04
  0.9702583882460036E+00  0.5650863715191369E+00 -0.6713704609059607E-04
  0.9620878063754359E+00  0.5718084239681300E+00 -0.7110555694113098E-04
  0.9539172246217830E+00  0.5784923035139965E+00 -0.7402648160040482E-04
  0.9457466429884676E+00  0.5851375639529456E+00 -0.7636866161425967E-04
  0.9375760614790253E+00  0.5917437616593286E+00 -0.7829970384379918E-04
  0.9294054800971098E+00  0.5983104556152549E+00 -0.7980174923782295E-04
  0.9212348988464978E+00  0.6048372074400329E+00 -0.8157929374473631E-04
  0.9130643177310944E+00  0.6113235814194364E+00 -0.8472449956216157E-04
  0.9048937367549402E+00  0.6177691445347914E+00 -0.8891964146350335E-04
  0.8967231559222163E+00  0.6241734664918837E+00 -0.9256588953681619E-04
  0.8885525752372514E+00  0.6305361197496849E+00 -0.9473980261272220E-04
  0.8803819947045285E+00  0.6368566795488945E+00 -0.9607814550158363E-04
  0.8722114143286931E+00  0.6431347239402948E+00 -0.9759905568208429E-04
  0.8640408341145595E+00  0.6493698338129212E+00 -0.9952186024488322E-04
  0.8558702540671204E+00  0.6555615929220400E+00 -0.1011190805002676E-03
  0.8476996741915547E+00  0.6617095879169366E+00 -0.1017335549263601E-03
  0.8395290944932369E+00  0.6678134083685102E+00 -0.1011358882284108E-03
  0.8313585149777468E+00  0.6738726467966731E+00 -0.9971676540864954E-04
  0.8231879356508802E+00  0.6798868986975534E+00 -0.9793378650947267E-04
  0.8150173565186587E+00  0.6858557625704990E+00 -0.9595519029466907E-04
  0.8068467775873427E+00  0.6917788399448808E+00 -0.9387264483736428E-04
  0.7986761988634423E+00  0.6976557354066943E+00 -0.9202311717806343E-04
  0.7905056203537315E+00  0.7034860566249567E+00 -0.9057758896747209E-04
  0.7823350420652612E+00  0.7092694143778975E+00 -0.8937155927421305E-04
  0.7741644640053743E+00  0.7150054225789432E+00 -0.8800656609143584E-04
  0.7659938861817212E+00  0.7206936983024912E+00 -0.8667028811394131E-04
  0.7578233086022768E+00  0.7263338618094733E+00 -0.8598581092816667E-04
  0.7496527312753575E+00  0.7319255365727068E+00 -0.8639039312851640E-04
  0.7414821542096410E+00  0.7374683493020299E+00 -0.8750761055036442E-04
  0.7333115774141861E+00  0.7429619299692227E+00 -0.8800095463134285E-04
  0.7251410008984539E+00  0.7484059118327094E+00 -0.8628220134620095E-04
  0.7169704246723316E+00  0.7537999314620412E+00 -0.8210839650128036E-04
  0.7087998487461566E+00  0.7591436287621580E+00 -0.7640595602848797E-04
  0.7006292731307425E+00  0.7644366469974285E+00 -0.7045039996832574E-04
  0.6924586978374083E+00  0.7696786328154644E+00 -0.6525263247780992E-04
  0.6842881228780077E+00  0.7748692362707100E+00 -0.6110885341032167E-04
  0.6761175482649616E+00  0.7800081108478040E+00 -0.5735410741509112E-04
  0.6679469740112938E+00  0.7850949134847117E+00 -0.5335957162327338E-04
  0.6597764001306670E+00  0.7901293045956280E+00 -0.4886567192017738E-04
  0.6516058266374236E+00  0.7951109480936471E+00 -0.4424602071445358E-04
  0.6434352535466297E+00  0.8000395114131988E+00 -0.4005489551066074E-04
  0.6352646808741202E+00  0.8049146655322506E+00 -0.3655291432846622E-04
  0.6270941086365502E+00  0.8097360849942720E+00 -0.3373652127971066E-04
  0.6189235368514482E+00  0.8145034479299620E+00 -0.3152129827755809E-04
  0.6107529655372755E+00  0.8192164360787360E+00 -0.2917282579348643E-04
  0.6025823947134890E+00  0.8238747348099726E+00 -0.2601474118927042E-04
  0.5944118244006098E+00  0.8284780331440178E+00 -0.2197100247995699E-04
  0.5862412546202973E+00  0.8330260237729452E+00 -0.1729937387614768E-04
  0.5780706853954301E+00  0.8375184030810715E+00 -0.1156415770339673E-04
  0.5699001167501928E+00  0.8419548711652254E+00 -0.4125610729745520E-05
  0.5617295487101719E+00  0.8463351318547683E+00  0.5097217888352835E-05
  0.5535589813024583E+00  0.8506588927313666E+00  0.1541832513473186E-04
  0.5453884145557613E+00  0.8549258651485127E+00  0.2628719523463781E-04
  0.5372178485005299E+00  0.8591357642507945E+00  0.3713325917111348E-04
  0.5290472831690897E+00  0.8632883089929120E+00  0.4738164548815937E-04
  0.5208767185957875E+00  0.8673832221584393E+00  0.5697152373925973E-04
  0.5127061548171545E+00  0.8714202303783312E+00  0.6670848189274558E-04
  0.5045355918720822E+00  0.8753990641491725E+00  0.7681263159373809E-04
  0.4963650298020162E+00  0.8793194578511700E+00  0.8707538794327421E-04
  0.4881944686511717E+00  0.8831811497658847E+00  0.9756934118513062E-04
  0.4800239084667671E+00  0.8869838820937034E+00  0.1083746046668237E-03
  0.4718533492992859E+00  0.8907274009710492E+00  0.1189910957936861E-03
  0.4636827912027636E+00  0.8944114564873288E+00  0.1293023345530917E-03
  0.4555122342351060E+00  0.8980358027016164E+00  0.1401235578201074E-03
  0.4473416784584431E+00  0.9016001976590722E+00  0.1523563773957371E-03
  0.4391711239395221E+00  0.9051044034070944E+00  0.1651930434147850E-03
  0.4310005707501444E+00  0.9085481860112055E+00  0.1771180495794426E-03
  0.4228300189676551E+00  0.9119313155706682E+00  0.1875984464391389E-03
  0.4146594686754885E+00  0.9152535662338340E+00  0.1975223814177237E-03
  0.4064889199637791E+00  0.9185147162132208E+00  0.2076782550628994E-03
  0.3983183729300507E+00  0.9217145478003181E+00  0.2188493368887206E-03
  0.3901478276799883E+00  0.9248528473801222E+00  0.2320276116074841E-03
  0.3819772843283120E+00  0.9279294054453956E+00  0.2478631950945218E-03
  0.3738067429997641E+00  0.9309440166106540E+00  0.2650835160262072E-03
  0.3656362038302282E+00  0.9338964796258775E+00  0.2818805373347914E-03
  0.3574656669680030E+00  0.9367865973899459E+00  0.2975036298550682E-03
  0.3492951325752533E+00  0.9396141769637963E+00  0.3126932645497239E-03
  0.3411246008296713E+00  0.9423790295833044E+00  0.3282617448906479E-03
  0.3329540719263814E+00  0.9450809706718851E+00  0.3450594250175887E-03
  0.3247835460801308E+00  0.9477198198528157E+00  0.3632518701872859E-03
  0.3166130235278230E+00  0.9502954009612771E+00  0.3824162828550053E-03
  0.3084425045314506E+00  0.9528075420561144E+00  0.4020417046689552E-03
  0.3002719893815085E+00  0.9552560754313160E+00  0.4225530294542867E-03
  0.2921014784009779E+00  0.9576408376272095E+00  0.4441354994070648E-03
  0.2839309719500016E+00  0.9599616694413742E+00  0.4669919514576956E-03
  0.2757604704313845E+00  0.9622184159392698E+00  0.4912953610645514E-03
  0.2675899742971076E+00  0.9644109264645802E+00  0.5171860915076225E-03
  0.2594194840560681E+00  0.9665390546492710E+00  0.5442772888082378E-03
  0.2512490002833307E+00  0.9686026584233628E+00  0.5727647683699861E-03
  0.2430785236312446E+00  0.9706016000244151E+00  0.6028404241835872E-03
  0.2349080548428762E+00  0.9725357460067257E+00  0.6348196188021764E-03
  0.2267375947683499E+00  0.9744049672502397E+00  0.6678307915265500E-03
  0.2185671443848464E+00  0.9762091389691724E+00  0.7010752811416353E-03
  0.2103967048212628E+00  0.9779481407203411E+00  0.7344915613296236E-03
  0.2022262773888417E+00  0.9796218564112101E+00  0.7686850254947099E-03
  0.1940558636195398E+00  0.9812301743076443E+00  0.8035056700319021E-03
  0.1858854653144977E+00  0.9827729870413743E+00  0.8388806684908842E-03
  0.1777150846058812E+00  0.9842501916171713E+00  0.8742975791175376E-03
  0.1695447240365762E+00  0.9856616894197333E+00  0.9097291891784010E-03
  0.1613743866640789E+00  0.9870073862202815E+00  0.9449495691380115E-03
  0.1532040761975885E+00  0.9882871921828699E+00  0.9808045482464019E-03
  0.1450337971813853E+00  0.9895010218704087E+00  0.1018103061977751E-02
  0.1368635552438019E+00  0.9906487942504061E+00  0.1058222574341651E-02
  0.1286933574408989E+00  0.9917304327004320E+00  0.1101496502270551E-02
  0.1205232127396896E+00  0.9927458650133153E+00  0.1148391964375108E-02
  0.1123531327118049E+00  0.9936950234020883E+00  0.1198466011457070E-02
  0.1041831325528455E+00  0.9945778445047068E+00  0.1252056150401662E-02
  0.9601323262085862E-01  0.9953942693885953E+00  0.1309368328655491E-02
  0.8784346083082471E-01  0.9961442435551087E+00  0.1372910937275270E-02
  0.7967385651719167E-01  0.9968277169440913E+00  0.1445025668599278E-02
  0.7150447693306423E-01  0.9974446439389107E+00  0.1528924887884610E-02
  0.6333540875299180E-01  0.9979949833727938E+00  0.1626582320582642E-02
  0.5516678972815772E-01  0.9984786985384589E+00  0.1742067040388853E-02
  0.4699885272846815E-01  0.9988957572063257E+00  0.1879089141100537E-02
  0.3883202470742381E-01  0.9992461316671845E+00  0.2050074246994034E-02
  0.3066718105470672E-01  0.9995297988558859E+00  0.2300585900447707E-02
  0.2250643816359393E-01  0.9997467408113523E+00  0.2756973882603353E-02
  0.1435650599352885E-01  0.9998969471378596E+00  0.3509770912303871E-02
  0.6254421014113626E-02  0.9999804411726474E+00  0.4296375593538804E-02
