# nlmax, ncor, nside =         383           1         128
  0.3135338232575680E+01 -0.9999804411726474E+00 -0.1751204151498156E+03
  0.3127236147596264E+01 -0.9998969471378596E+00 -0.1718360620030694E+03
  0.3119086215426199E+01 -0.9997467408113523E+00 -0.1681102269511464E+03
  0.3110925472535087E+01 -0.9995297988558859E+00 -0.1660888629303948E+03
  0.3102760628882369E+01 -0.9992461316671845E+00 -0.1670304478649016E+03
  0.3094593800861325E+01 -0.9988957572063257E+00 -0.1704621124645236E+03
  0.3086425863861635E+01 -0.9984786985384589E+00 -0.1749722154714984E+03
  0.3078257244836801E+01 -0.9979949833727938E+00 -0.1792241569071620E+03
  0.3070088176656729E+01 -0.9974446439389107E+00 -0.1832951227615428E+03
  0.3061918797072602E+01 -0.9968277169440913E+00 -0.1862326732787807E+03
  0.3053749192758969E+01 -0.9961442435551087E+00 -0.1858355649336472E+03
  0.3045579420968934E+01 -0.9953942693885953E+00 -0.1810067387877810E+03
  0.3037409521036948E+01 -0.9945778445047068E+00 -0.1725880597570218E+03
  0.3029239520877988E+01 -0.9936950234020883E+00 -0.1615969225977419E+03
  0.3021069440850104E+01 -0.9927458650133153E+00 -0.1495914608274595E+03
  0.3012899296148894E+01 -0.9917304327004320E+00 -0.1387424552996221E+03
  0.3004729098345992E+01 -0.9906487942504061E+00 -0.1297457839322784E+03
  0.2996558856408408E+01 -0.9895010218704087E+00 -0.1216586581795068E+03
  0.2988388577392205E+01 -0.9882871921828699E+00 -0.1127593533354869E+03
  0.2980218266925714E+01 -0.9870073862202815E+00 -0.1020681638585079E+03
  0.2972047929553217E+01 -0.9856616894197333E+00 -0.9053025398564760E+02
  0.2963877568983912E+01 -0.9842501916171713E+00 -0.7976366189889266E+02
  0.2955707188275296E+01 -0.9827729870413743E+00 -0.7005833900234360E+02
  0.2947536789970254E+01 -0.9812301743076443E+00 -0.6174725759650469E+02
  0.2939366376200951E+01 -0.9796218564112101E+00 -0.5460081997451985E+02
  0.2931195948768531E+01 -0.9779481407203411E+00 -0.4664197457883235E+02
  0.2923025509204947E+01 -0.9762091389691724E+00 -0.3606177670028812E+02
  0.2914855058821443E+01 -0.9744049672502397E+00 -0.2429206427195830E+02
  0.2906684598746917E+01 -0.9725357460067257E+00 -0.1489965001896146E+02
  0.2898514129958549E+01 -0.9706016000244151E+00 -0.1101515864657487E+02
  0.2890343653306462E+01 -0.9686026584233628E+00 -0.1221037109546465E+02
  0.2882173169533725E+01 -0.9665390546492710E+00 -0.1500268107373416E+02
  0.2874002679292686E+01 -0.9644109264645802E+00 -0.1601207459412986E+02
  0.2865832183158409E+01 -0.9622184159392698E+00 -0.1340586438541611E+02
  0.2857661681639792E+01 -0.9599616694413742E+00 -0.7432300457700969E+01
  0.2849491175188815E+01 -0.9576408376272095E+00 -0.4000089358238508E+00
  0.2841320664208285E+01 -0.9552560754313160E+00  0.5683973832141948E+01
  0.2833150149058343E+01 -0.9528075420561144E+00  0.1007243370917752E+02
  0.2824979630061970E+01 -0.9502954009612771E+00  0.1317578370745521E+02
  0.2816809107509663E+01 -0.9477198198528157E+00  0.1542187972612784E+02
  0.2808638581663412E+01 -0.9450809706718851E+00  0.1697108335023617E+02
  0.2800468052760122E+01 -0.9423790295833044E+00  0.1713430156945249E+02
  0.2792297521014540E+01 -0.9396141769637963E+00  0.1535718251079761E+02
  0.2784126986621790E+01 -0.9367865973899459E+00  0.1283558750293096E+02
  0.2775956449759565E+01 -0.9338964796258775E+00  0.1162639562410201E+02
  0.2767785910590029E+01 -0.9309440166106540E+00  0.1253234858289506E+02
  0.2759615369261481E+01 -0.9279294054453956E+00  0.1498352179528094E+02
  0.2751444825909805E+01 -0.9248528473801222E+00  0.1779958592844316E+02
  0.2743274280659743E+01 -0.9217145478003181E+00  0.1978855070776244E+02
  0.2735103733626014E+01 -0.9185147162132208E+00  0.2043817769489616E+02
  0.2726933184914305E+01 -0.9152535662338340E+00  0.2063138126556803E+02
  0.2718762634622138E+01 -0.9119313155706682E+00  0.2098269323979651E+02
  0.2710592082839649E+01 -0.9085481860112055E+00  0.2177307593030795E+02
  0.2702421529650271E+01 -0.9051044034070944E+00  0.2323939407498007E+02
  0.2694250975131350E+01 -0.9016001976590722E+00  0.2533148150832749E+02
  0.2686080419354687E+01 -0.8980358027016164E+00  0.2778670631913825E+02
  0.2677909862387029E+01 -0.8944114564873288E+00  0.3035941922732342E+02
  0.2669739304290507E+01 -0.8907274009710492E+00  0.3271550764441112E+02
  0.2661568745123026E+01 -0.8869838820937034E+00  0.3421859091180758E+02
  0.2653398184938621E+01 -0.8831811497658847E+00  0.3419339775891063E+02
  0.2645227623787777E+01 -0.8793194578511700E+00  0.3300407628744313E+02
  0.2637057061717711E+01 -0.8753990641491725E+00  0.3132941622796443E+02
  0.2628886498772639E+01 -0.8714202303783312E+00  0.2902227708367912E+02
  0.2620715934994006E+01 -0.8673832221584393E+00  0.2658401596067065E+02
  0.2612545370420704E+01 -0.8632883089929120E+00  0.2530850135135911E+02
  0.2604374805089263E+01 -0.8591357642507945E+00  0.2529798791095539E+02
  0.2596204239034032E+01 -0.8549258651485127E+00  0.2517409496344285E+02
  0.2588033672287335E+01 -0.8506588927313666E+00  0.2367086330807955E+02
  0.2579863104879621E+01 -0.8463351318547683E+00  0.2100220420672705E+02
  0.2571692536839600E+01 -0.8419548711652254E+00  0.1946479459687115E+02
  0.2563521968194363E+01 -0.8375184030810715E+00  0.2052053322630371E+02
  0.2555351398969496E+01 -0.8330260237729452E+00  0.2297594400689491E+02
  0.2547180829189184E+01 -0.8284780331440178E+00  0.2481714766986748E+02
  0.2539010258876304E+01 -0.8238747348099726E+00  0.2499041738892037E+02
  0.2530839688052518E+01 -0.8192164360787360E+00  0.2348565025988940E+02
  0.2522669116738345E+01 -0.8145034479299620E+00  0.2148777560301054E+02
  0.2514498544953243E+01 -0.8097360849942720E+00  0.1934888467493731E+02
  0.2506327972715673E+01 -0.8049146655322506E+00  0.1607562033883702E+02
  0.2498157400043163E+01 -0.8000395114131988E+00  0.1132504191686330E+02
  0.2489986826952370E+01 -0.7951109480936471E+00  0.6239922352268325E+01
  0.2481816253459126E+01 -0.7901293045956280E+00  0.2293871260633205E+01
  0.2473645679578500E+01 -0.7850949134847117E+00 -0.1663851044782023E+00
  0.2465475105324832E+01 -0.7800081108478040E+00 -0.1993065161333495E+01
  0.2457304530711785E+01 -0.7748692362707100E+00 -0.3746759536578187E+01
  0.2449133955752385E+01 -0.7696786328154644E+00 -0.5334424059055821E+01
  0.2440963380459050E+01 -0.7644366469974285E+00 -0.5845477951318754E+01
  0.2432792804843637E+01 -0.7591436287621580E+00 -0.4210256552977488E+01
  0.2424622228917462E+01 -0.7537999314620412E+00 -0.6828357977973523E+00
  0.2416451652691339E+01 -0.7484059118327094E+00  0.3253925113908041E+01
  0.2408281076175607E+01 -0.7429619299692227E+00  0.6633433558111000E+01
  0.2400110499380152E+01 -0.7374683493020299E+00  0.9236645938743459E+01
  0.2391939922314436E+01 -0.7319255365727068E+00  0.1111477916354405E+02
  0.2383769344987516E+01 -0.7263338618094733E+00  0.1194315140537876E+02
  0.2375598767408072E+01 -0.7206936983024912E+00  0.1180582532833596E+02
  0.2367428189584419E+01 -0.7150054225789432E+00  0.1173457930014185E+02
  0.2359257611524532E+01 -0.7092694143778975E+00  0.1229830131920576E+02
  0.2351087033236062E+01 -0.7034860566249567E+00  0.1312239701817676E+02
  0.2342916454726351E+01 -0.6976557354066943E+00  0.1371674699168916E+02
  0.2334745876002450E+01 -0.6917788399448808E+00  0.1385659244580257E+02
  0.2326575297071134E+01 -0.6858557625704990E+00  0.1405322858983840E+02
  0.2318404717938913E+01 -0.6798868986975534E+00  0.1545986006681088E+02
  0.2310234138612046E+01 -0.6738726467966731E+00  0.1864188891102097E+02
  0.2302063559096557E+01 -0.6678134083685102E+00  0.2256696427310912E+02
  0.2293892979398239E+01 -0.6617095879169366E+00  0.2575990289445826E+02
  0.2285722399522673E+01 -0.6555615929220400E+00  0.2797972476989080E+02
  0.2277551819475234E+01 -0.6493698338129212E+00  0.2972161545197481E+02
  0.2269381239261100E+01 -0.6431347239402948E+00  0.3051213762062346E+02
  0.2261210658885265E+01 -0.6368566795488945E+00  0.2978411258634857E+02
  0.2253040078352542E+01 -0.6305361197496849E+00  0.2844637117732662E+02
  0.2244869497667577E+01 -0.6241734664918837E+00  0.2796215366295204E+02
  0.2236698916834853E+01 -0.6177691445347914E+00  0.2894675202549138E+02
  0.2228528335858699E+01 -0.6113235814194364E+00  0.3118987168369939E+02
  0.2220357754743295E+01 -0.6048372074400329E+00  0.3324274916141960E+02
  0.2212187173492683E+01 -0.5983104556152549E+00  0.3360531602314713E+02
  0.2204016592110768E+01 -0.5917437616593286E+00  0.3266088512171937E+02
  0.2195846010601326E+01 -0.5851375639529456E+00  0.3215020989815245E+02
  0.2187675428968010E+01 -0.5784923035139965E+00  0.3294056548557793E+02
  0.2179504847214357E+01 -0.5718084239681300E+00  0.3403482642444683E+02
  0.2171334265343789E+01 -0.5650863715191369E+00  0.3384421037498785E+02
  0.2163163683359622E+01 -0.5583265949191624E+00  0.3221245032778035E+02
  0.2154993101265066E+01 -0.5515295454387482E+00  0.2999851816913024E+02
  0.2146822519063234E+01 -0.5446956768367068E+00  0.2809142380507997E+02
  0.2138651936757143E+01 -0.5378254453298289E+00  0.2622180203760223E+02
  0.2130481354349721E+01 -0.5309193095624275E+00  0.2326679612011733E+02
  0.2122310771843806E+01 -0.5239777305757194E+00  0.1846932635715700E+02
  0.2114140189242155E+01 -0.5170011717770473E+00  0.1225577046838320E+02
  0.2105969606547443E+01 -0.5099900989089429E+00  0.5576070507223260E+01
  0.2097799023762269E+01 -0.5029449800180356E+00 -0.9544369459412990E+00
  0.2089628440889158E+01 -0.4958662854238058E+00 -0.6480480879180574E+01
  0.2081457857930564E+01 -0.4887544876871878E+00 -0.1017380287015719E+02
  0.2073287274888874E+01 -0.4816100615790221E+00 -0.1253235589836912E+02
  0.2065116691766407E+01 -0.4744334840483606E+00 -0.1455957746056771E+02
  0.2056946108565423E+01 -0.4672252341906264E+00 -0.1650939445559186E+02
  0.2048775525288118E+01 -0.4599857932156304E+00 -0.1758514639503201E+02
  0.2040604941936635E+01 -0.4527156444154464E+00 -0.1771527221950991E+02
  0.2032434358513056E+01 -0.4454152731321473E+00 -0.1816196599254887E+02
  0.2024263775019413E+01 -0.4380851667254050E+00 -0.1977857071548008E+02
  0.2016093191457685E+01 -0.4307258145399545E+00 -0.2196141049099173E+02
  0.2007922607829804E+01 -0.4233377078729265E+00 -0.2389088174939374E+02
  0.1999752024137653E+01 -0.4159213399410494E+00 -0.2544796410076204E+02
  0.1991581440383068E+01 -0.4084772058477228E+00 -0.2709644573406587E+02
  0.1983410856567843E+01 -0.4010058025499653E+00 -0.2871982194073398E+02
  0.1975240272693730E+01 -0.3935076288252386E+00 -0.2973875370532602E+02
  0.1967069688762441E+01 -0.3859831852381501E+00 -0.3009571504107965E+02
  0.1958899104775647E+01 -0.3784329741070359E+00 -0.3025310452371782E+02
  0.1950728520734982E+01 -0.3708574994704271E+00 -0.3028064613656694E+02
  0.1942557936642046E+01 -0.3632572670534011E+00 -0.2972364655847503E+02
  0.1934387352498403E+01 -0.3556327842338202E+00 -0.2817270467862603E+02
  0.1926216768305583E+01 -0.3479845600084601E+00 -0.2566555068252263E+02
  0.1918046184065086E+01 -0.3403131049590297E+00 -0.2239448742291750E+02
  0.1909875599778379E+01 -0.3326189312180866E+00 -0.1879120115837963E+02
  0.1901705015446901E+01 -0.3249025524348469E+00 -0.1542592500640749E+02
  0.1893534431072063E+01 -0.3171644837408958E+00 -0.1314090100624502E+02
  0.1885363846655247E+01 -0.3094052417157978E+00 -0.1236077677297993E+02
  0.1877193262197810E+01 -0.3016253443526109E+00 -0.1226018569191692E+02
  0.1869022677701083E+01 -0.2938253110233064E+00 -0.1165350313594845E+02
  0.1860852093166375E+01 -0.2860056624440968E+00 -0.1055410429969402E+02
  0.1852681508594969E+01 -0.2781669206406729E+00 -0.9374316762669853E+01
  0.1844510923988128E+01 -0.2703096089133553E+00 -0.8150639251937019E+01
  0.1836340339347093E+01 -0.2624342518021592E+00 -0.6448158706386113E+01
  0.1828169754673083E+01 -0.2545413750517773E+00 -0.4143459965627136E+01
  0.1819999169967299E+01 -0.2466315055764818E+00 -0.1722773021623367E+01
  0.1811828585230925E+01 -0.2387051714249486E+00  0.1581853374687442E+00
  0.1803658000465123E+01 -0.2307629017450062E+00  0.1268171223377428E+01
  0.1795487415671042E+01 -0.2228052267483099E+00  0.1846665578242740E+01
  0.1787316830849811E+01 -0.2148326776749467E+00  0.2581939264376740E+01
  0.1779146246002545E+01 -0.2068457867579697E+00  0.4101933261495383E+01
  0.1770975661130345E+01 -0.1988450871878683E+00  0.6722093813538482E+01
  0.1762805076234296E+01 -0.1908311130769725E+00  0.9843036663702765E+01
  0.1754634491315471E+01 -0.1828043994237966E+00  0.1256861943227511E+02
  0.1746463906374929E+01 -0.1747654820773241E+00  0.1434618781365861E+02
  0.1738293321413718E+01 -0.1667148977012352E+00  0.1550564565152101E+02
  0.1730122736432872E+01 -0.1586531837380799E+00  0.1665854098333018E+02
  0.1721952151433418E+01 -0.1505808783733995E+00  0.1812803827175200E+02
  0.1713781566416370E+01 -0.1424985204997981E+00  0.1981164647523983E+02
  0.1705610981382731E+01 -0.1344066496809675E+00  0.2156791493053824E+02
  0.1697440396333499E+01 -0.1263058061156663E+00  0.2274819495956601E+02
  0.1689269811269659E+01 -0.1181965306016578E+00  0.2251037356243119E+02
  0.1681099226192191E+01 -0.1100793644996070E+00  0.2109913558826130E+02
  0.1672928641102067E+01 -0.1019548496969404E+00  0.1995631476504806E+02
  0.1664758056000250E+01 -0.9382352857167028E-01  0.2007185646561340E+02
  0.1656587470887701E+01 -0.8568594395618719E-01  0.2177558660008456E+02
  0.1648416885765370E+01 -0.7754263910102077E-01  0.2481199091376940E+02
  0.1640246300634206E+01 -0.6939415763857371E-01  0.2835982311773095E+02
  0.1632075715495151E+01 -0.6124104354682962E-01  0.3137722396006976E+02
  0.1623905130349143E+01 -0.5308384111303818E-01  0.3313575980298816E+02
  0.1615734545197117E+01 -0.4492309489737940E-01  0.3329795631820807E+02
  0.1607563960040004E+01 -0.3675934969660982E-01  0.3232415035586164E+02
  0.1599393374878733E+01 -0.2859315050769285E-01  0.3098138518344327E+02
  0.1591222789714229E+01 -0.2042504249141571E-01  0.3028347914849537E+02
  0.1583052204547419E+01 -0.1225557093599554E-01  0.3106286232234295E+02
  0.1574881619379224E+01 -0.4085281220676868E-02  0.3311495301016335E+02
  0.1566711034210569E+01  0.4085281220676868E-02  0.3520799750775746E+02
  0.1558540449042374E+01  0.1225557093599554E-01  0.3670035258001970E+02
  0.1550369863875564E+01  0.2042504249141571E-01  0.3775174735704916E+02
  0.1542199278711061E+01  0.2859315050769285E-01  0.3836819628583844E+02
  0.1534028693549790E+01  0.3675934969660982E-01  0.3815684626157409E+02
  0.1525858108392677E+01  0.4492309489737940E-01  0.3714319593479674E+02
  0.1517687523240650E+01  0.5308384111303818E-01  0.3575031748270391E+02
  0.1509516938094642E+01  0.6124104354682962E-01  0.3459038088751861E+02
  0.1501346352955587E+01  0.6939415763857371E-01  0.3349969458185798E+02
  0.1493175767824423E+01  0.7754263910102077E-01  0.3235839464038497E+02
  0.1485005182702093E+01  0.8568594395618719E-01  0.3182452522449508E+02
  0.1476834597589543E+01  0.9382352857167028E-01  0.3262018427903484E+02
  0.1468664012487727E+01  0.1019548496969404E+00  0.3381285112580976E+02
  0.1460493427397602E+01  0.1100793644996070E+00  0.3398430603821295E+02
  0.1452322842320134E+01  0.1181965306016578E+00  0.3283625107637543E+02
  0.1444152257256294E+01  0.1263058061156663E+00  0.3094449129320885E+02
  0.1435981672207062E+01  0.1344066496809675E+00  0.2877968803293757E+02
  0.1427811087173423E+01  0.1424985204997981E+00  0.2696165979931112E+02
  0.1419640502156375E+01  0.1505808783733995E+00  0.2641613568349263E+02
  0.1411469917156921E+01  0.1586531837380799E+00  0.2779724800193901E+02
  0.1403299332176076E+01  0.1667148977012352E+00  0.3013809217584957E+02
  0.1395128747214864E+01  0.1747654820773241E+00  0.3156935430320907E+02
  0.1386958162274323E+01  0.1828043994237966E+00  0.3099577467153995E+02
  0.1378787577355497E+01  0.1908311130769725E+00  0.2910285762758805E+02
  0.1370616992459449E+01  0.1988450871878683E+00  0.2733509269142877E+02
  0.1362446407587248E+01  0.2068457867579697E+00  0.2640126217677667E+02
  0.1354275822739983E+01  0.2148326776749467E+00  0.2578373513290945E+02
  0.1346105237918751E+01  0.2228052267483099E+00  0.2509075002723100E+02
  0.1337934653124670E+01  0.2307629017450062E+00  0.2369207383584704E+02
  0.1329764068358868E+01  0.2387051714249486E+00  0.2107568921522976E+02
  0.1321593483622494E+01  0.2466315055764818E+00  0.1775115790982166E+02
  0.1313422898916710E+01  0.2545413750517773E+00  0.1514276403788130E+02
  0.1305252314242701E+01  0.2624342518021592E+00  0.1338491905773220E+02
  0.1297081729601665E+01  0.2703096089133553E+00  0.1106531308366490E+02
  0.1288911144994824E+01  0.2781669206406729E+00  0.7299905073109154E+01
  0.1280740560423418E+01  0.2860056624440968E+00  0.3192992670221885E+01
  0.1272569975888710E+01  0.2938253110233064E+00  0.1301955232684344E+00
  0.1264399391391984E+01  0.3016253443526109E+00 -0.1243648709972852E+01
  0.1256228806934547E+01  0.3094052417157978E+00 -0.1231703092119749E+01
  0.1248058222517730E+01  0.3171644837408958E+00 -0.8975646174289872E+00
  0.1239887638142892E+01  0.3249025524348469E+00 -0.1317124274560773E+01
  0.1231717053811414E+01  0.3326189312180866E+00 -0.2550959541216712E+01
  0.1223546469524707E+01  0.3403131049590297E+00 -0.4418718355019074E+01
  0.1215375885284210E+01  0.3479845600084601E+00 -0.6741828467396656E+01
  0.1207205301091390E+01  0.3556327842338202E+00 -0.8792120979961313E+01
  0.1199034716947747E+01  0.3632572670534011E+00 -0.1059163201077899E+02
  0.1190864132854811E+01  0.3708574994704271E+00 -0.1303061814869663E+02
  0.1182693548814147E+01  0.3784329741070359E+00 -0.1598267152175346E+02
  0.1174522964827352E+01  0.3859831852381501E+00 -0.1897227644483297E+02
  0.1166352380896063E+01  0.3935076288252386E+00 -0.2207757073556665E+02
  0.1158181797021950E+01  0.4010058025499653E+00 -0.2539192196512075E+02
  0.1150011213206726E+01  0.4084772058477228E+00 -0.2862612877301121E+02
  0.1141840629452141E+01  0.4159213399410494E+00 -0.3176687566455092E+02
  0.1133670045759989E+01  0.4233377078729265E+00 -0.3535036185938521E+02
  0.1125499462132108E+01  0.4307258145399545E+00 -0.4005803134798688E+02
  0.1117328878570381E+01  0.4380851667254050E+00 -0.4589484240623759E+02
  0.1109158295076737E+01  0.4454152731321473E+00 -0.5190034588886770E+02
  0.1100987711653159E+01  0.4527156444154464E+00 -0.5695499529795962E+02
  0.1092817128301675E+01  0.4599857932156304E+00 -0.6139531716867840E+02
  0.1084646545024371E+01  0.4672252341906264E+00 -0.6657643567988414E+02
  0.1076475961823386E+01  0.4744334840483606E+00 -0.7327522227204665E+02
  0.1068305378700920E+01  0.4816100615790221E+00 -0.8031587444308730E+02
  0.1060134795659229E+01  0.4887544876871878E+00 -0.8586644189272516E+02
  0.1051964212700635E+01  0.4958662854238058E+00 -0.8907655662099488E+02
  0.1043793629827524E+01  0.5029449800180356E+00 -0.9034312878760018E+02
  0.1035623047042350E+01  0.5099900989089429E+00 -0.9038537070069906E+02
  0.1027452464347638E+01  0.5170011717770473E+00 -0.9102467290817425E+02
  0.1019281881745987E+01  0.5239777305757194E+00 -0.9405831205259533E+02
  0.1011111299240073E+01  0.5309193095624275E+00 -0.9916623108516113E+02
  0.1002940716832650E+01  0.5378254453298289E+00 -0.1042988415287220E+03
  0.9947701345265596E+00  0.5446956768367068E+00 -0.1083398891884724E+03
  0.9865995523247275E+00  0.5515295454387482E+00 -0.1117406762220654E+03
  0.9784289702301714E+00  0.5583265949191624E+00 -0.1154802446957769E+03
  0.9702583882460036E+00  0.5650863715191369E+00 -0.1191794326357742E+03
  0.9620878063754359E+00  0.5718084239681300E+00 -0.1216718079213615E+03
  0.9539172246217830E+00  0.5784923035139965E+00 -0.1223681532788728E+03
  0.9457466429884676E+00  0.5851375639529456E+00 -0.1222530025044386E+03
  0.9375760614790253E+00  0.5917437616593286E+00 -0.1219018110668321E+03
  0.9294054800971098E+00  0.5983104556152549E+00 -0.1213270481157651E+03
  0.9212348988464978E+00  0.6048372074400329E+00 -0.1209908748691633E+03
  0.9130643177310944E+00  0.6113235814194364E+00 -0.1219070661520428E+03
  0.9048937367549402E+00  0.6177691445347914E+00 -0.1234069309628324E+03
  0.8967231559222163E+00  0.6241734664918837E+00 -0.1237630809227750E+03
  0.8885525752372514E+00  0.6305361197496849E+00 -0.1221139231056386E+03
  0.8803819947045285E+00  0.6368566795488945E+00 -0.1198479519667469E+03
  0.8722114143286931E+00  0.6431347239402948E+00 -0.1186090489392147E+03
  0.8640408341145595E+00  0.6493698338129212E+00 -0.1191544281962625E+03
  0.8558702540671204E+00  0.6555615929220400E+00 -0.1202691664295152E+03
  0.8476996741915547E+00  0.6617095879169366E+00 -0.1203784504355768E+03
  0.8395290944932369E+00  0.6678134083685102E+00 -0.1190021761779608E+03
  0.8313585149777468E+00  0.6738726467966731E+00 -0.1169825839661245E+03
  0.8231879356508802E+00  0.6798868986975534E+00 -0.1149024151498946E+03
  0.8150173565186587E+00  0.6858557625704990E+00 -0.1131159351433997E+03
  0.8068467775873427E+00  0.6917788399448808E+00 -0.1114208929483843E+03
  0.7986761988634423E+00  0.6976557354066943E+00 -0.1097855193776628E+03
  0.7905056203537315E+00  0.7034860566249567E+00 -0.1082185435468373E+03
  0.7823350420652612E+00  0.7092694143778975E+00 -0.1071082141248643E+03
  0.7741644640053743E+00  0.7150054225789432E+00 -0.1059460396092710E+03
  0.7659938861817212E+00  0.7206936983024912E+00 -0.1047600116741981E+03
  0.7578233086022768E+00  0.7263338618094733E+00 -0.1044321987465870E+03
  0.7496527312753575E+00  0.7319255365727068E+00 -0.1059536445675437E+03
  0.7414821542096410E+00  0.7374683493020299E+00 -0.1091800872350201E+03
  0.7333115774141861E+00  0.7429619299692227E+00 -0.1128322564991512E+03
  0.7251410008984539E+00  0.7484059118327094E+00 -0.1146468262305169E+03
  0.7169704246723316E+00  0.7537999314620412E+00 -0.1135466472327790E+03
  0.7087998487461566E+00  0.7591436287621580E+00 -0.1107564882991757E+03
  0.7006292731307425E+00  0.7644366469974285E+00 -0.1081597833742288E+03
  0.6924586978374083E+00  0.7696786328154644E+00 -0.1065742957434167E+03
  0.6842881228780077E+00  0.7748692362707100E+00 -0.1065445131372719E+03
  0.6761175482649616E+00  0.7800081108478040E+00 -0.1074537820183382E+03
  0.6679469740112938E+00  0.7850949134847117E+00 -0.1078338203928926E+03
  0.6597764001306670E+00  0.7901293045956280E+00 -0.1064257750721089E+03
  0.6516058266374236E+00  0.7951109480936471E+00 -0.1041508465454983E+03
  0.6434352535466297E+00  0.8000395114131988E+00 -0.1030713897829108E+03
  0.6352646808741202E+00  0.8049146655322506E+00 -0.1040416423608098E+03
  0.6270941086365502E+00  0.8097360849942720E+00 -0.1059831760084708E+03
  0.6189235368514482E+00  0.8145034479299620E+00 -0.1075917422337035E+03
  0.6107529655372755E+00  0.8192164360787360E+00 -0.1078835326297539E+03
  0.6025823947134890E+00  0.8238747348099726E+00 -0.1078514663879715E+03
  0.5944118244006098E+00  0.8284780331440178E+00 -0.1080106516853652E+03
  0.5862412546202973E+00  0.8330260237729452E+00 -0.1074975607304000E+03
  0.5780706853954301E+00  0.8375184030810715E+00 -0.1047416312285967E+03
  0.5699001167501928E+00  0.8419548711652254E+00 -0.9991242743943509E+02
  0.5617295487101719E+00  0.8463351318547683E+00 -0.9377961170864789E+02
  0.5535589813024583E+00  0.8506588927313666E+00 -0.8676583022641161E+02
  0.5453884145557613E+00  0.8549258651485127E+00 -0.7835793390188390E+02
  0.5372178485005299E+00  0.8591357642507945E+00 -0.6906345958713119E+02
  0.5290472831690897E+00  0.8632883089929120E+00 -0.6022628879958607E+02
  0.5208767185957875E+00  0.8673832221584393E+00 -0.5249727037413837E+02
  0.5127061548171545E+00  0.8714202303783312E+00 -0.4439847694776753E+02
  0.5045355918720822E+00  0.8753990641491725E+00 -0.3480125738686214E+02
  0.4963650298020162E+00  0.8793194578511700E+00 -0.2389523253853565E+02
  0.4881944686511717E+00  0.8831811497658847E+00 -0.1265559062110381E+02
  0.4800239084667671E+00  0.8869838820937034E+00 -0.1355077057763892E+01
  0.4718533492992859E+00  0.8907274009710492E+00  0.9590054189412866E+01
  0.4636827912027636E+00  0.8944114564873288E+00  0.1967435614257877E+02
  0.4555122342351060E+00  0.8980358027016164E+00  0.2834220055814830E+02
  0.4473416784584431E+00  0.9016001976590722E+00  0.3661225840245785E+02
  0.4391711239395221E+00  0.9051044034070944E+00  0.4449757718309237E+02
  0.4310005707501444E+00  0.9085481860112055E+00  0.5145162798077266E+02
  0.4228300189676551E+00  0.9119313155706682E+00  0.5718686655765525E+02
  0.4146594686754885E+00  0.9152535662338340E+00  0.6276686448393740E+02
  0.4064889199637791E+00  0.9185147162132208E+00  0.6828604988316653E+02
  0.3983183729300507E+00  0.9217145478003181E+00  0.7379177857843588E+02
  0.3901478276799883E+00  0.9248528473801222E+00  0.8023946835731816E+02
  0.3819772843283120E+00  0.9279294054453956E+00  0.8938472484897855E+02
  0.3738067429997641E+00  0.9309440166106540E+00  0.1004726840340923E+03
  0.3656362038302282E+00  0.9338964796258775E+00  0.1114146354045499E+03
  0.3574656669680030E+00  0.9367865973899459E+00  0.1204910449891087E+03
  0.3492951325752533E+00  0.9396141769637963E+00  0.1292188232471695E+03
  0.3411246008296713E+00  0.9423790295833044E+00  0.1388501474476691E+03
  0.3329540719263814E+00  0.9450809706718851E+00  0.1500567031416917E+03
  0.3247835460801308E+00  0.9477198198528157E+00  0.1619055749942270E+03
  0.3166130235278230E+00  0.9502954009612771E+00  0.1742267569601251E+03
  0.3084425045314506E+00  0.9528075420561144E+00  0.1866188727210687E+03
  0.3002719893815085E+00  0.9552560754313160E+00  0.1999510440114031E+03
  0.2921014784009779E+00  0.9576408376272095E+00  0.2147400576689051E+03
  0.2839309719500016E+00  0.9599616694413742E+00  0.2317064762534275E+03
  0.2757604704313845E+00  0.9622184159392698E+00  0.2497595172760741E+03
  0.2675899742971076E+00  0.9644109264645802E+00  0.2685142617306556E+03
  0.2594194840560681E+00  0.9665390546492710E+00  0.2879012377461864E+03
  0.2512490002833307E+00  0.9686026584233628E+00  0.3102892826112785E+03
  0.2430785236312446E+00  0.9706016000244151E+00  0.3362640194329505E+03
  0.2349080548428762E+00  0.9725357460067257E+00  0.3637978705120131E+03
  0.2267375947683499E+00  0.9744049672502397E+00  0.3897725182592548E+03
  0.2185671443848464E+00  0.9762091389691724E+00  0.4161803759090289E+03
  0.2103967048212628E+00  0.9779481407203411E+00  0.4450589877276300E+03
  0.2022262773888417E+00  0.9796218564112101E+00  0.4766387296622215E+03
  0.1940558636195398E+00  0.9812301743076443E+00  0.5080364622625506E+03
  0.1858854653144977E+00  0.9827729870413743E+00  0.5389658052864805E+03
  0.1777150846058812E+00  0.9842501916171713E+00  0.5694537612180762E+03
  0.1695447240365762E+00  0.9856616894197333E+00  0.6000259819525733E+03
  0.1613743866640789E+00  0.9870073862202815E+00  0.6299381002429272E+03
  0.1532040761975885E+00  0.9882871921828699E+00  0.6615001809406448E+03
  0.1450337971813853E+00  0.9895010218704087E+00  0.6953123485483181E+03
  0.1368635552438019E+00  0.9906487942504061E+00  0.7322306818848701E+03
  0.1286933574408989E+00  0.9917304327004320E+00  0.7712735477192940E+03
  0.1205232127396896E+00  0.9927458650133153E+00  0.8141404764351804E+03
  0.1123531327118049E+00  0.9936950234020883E+00  0.8603454272130427E+03
  0.1041831325528455E+00  0.9945778445047068E+00  0.9115920878596246E+03
  0.9601323262085862E-01  0.9953942693885953E+00  0.9683548385636607E+03
  0.8784346083082471E-01  0.9961442435551087E+00  0.1034333568402908E+04
  0.7967385651719167E-01  0.9968277169440913E+00  0.1109313652508246E+04
  0.7150447693306423E-01  0.9974446439389107E+00  0.1197238926164765E+04
  0.6333540875299180E-01  0.9979949833727938E+00  0.1298561238051660E+04
  0.5516678972815772E-01  0.9984786985384589E+00  0.1417756945847068E+04
  0.4699885272846815E-01  0.9988957572063257E+00  0.1554752481834151E+04
  0.3883202470742381E-01  0.9992461316671845E+00  0.1724710951865576E+04
  0.3066718105470672E-01  0.9995297988558859E+00  0.1972676075547855E+04
  0.2250643816359393E-01  0.9997467408113523E+00  0.2424770368929895E+04
  0.1435650599352885E-01  0.9998969471378596E+00  0.3159785926429134E+04
  0.6254421014113626E-02  0.9999804411726474E+00  0.3921296299105951E+04
