# nlmax, ncor, nside =         383           1         128
  0.3135338232575680E+01 -0.9999804411726474E+00 -0.3305730328946098E+03
  0.3127236147596264E+01 -0.9998969471378596E+00 -0.3295403882070157E+03
  0.3119086215426199E+01 -0.9997467408113523E+00 -0.3286607131626519E+03
  0.3110925472535087E+01 -0.9995297988558859E+00 -0.3291120382071107E+03
  0.3102760628882369E+01 -0.9992461316671845E+00 -0.3312935345931226E+03
  0.3094593800861325E+01 -0.9988957572063257E+00 -0.3342758999962428E+03
  0.3086425863861635E+01 -0.9984786985384589E+00 -0.3365374446556043E+03
  0.3078257244836801E+01 -0.9979949833727938E+00 -0.3372671300751836E+03
  0.3070088176656729E+01 -0.9974446439389107E+00 -0.3367599760681476E+03
  0.3061918797072602E+01 -0.9968277169440913E+00 -0.3356216389254566E+03
  0.3053749192758969E+01 -0.9961442435551087E+00 -0.3338584649597908E+03
  0.3045579420968934E+01 -0.9953942693885953E+00 -0.3308648363545155E+03
  0.3037409521036948E+01 -0.9945778445047068E+00 -0.3261010474234178E+03
  0.3029239520877988E+01 -0.9936950234020883E+00 -0.3196744365931797E+03
  0.3021069440850104E+01 -0.9927458650133153E+00 -0.3123452555973735E+03
  0.3012899296148894E+01 -0.9917304327004320E+00 -0.3049754320873798E+03
  0.3004729098345992E+01 -0.9906487942504061E+00 -0.2979140401252024E+03
  0.2996558856408408E+01 -0.9895010218704087E+00 -0.2909113248195522E+03
  0.2988388577392205E+01 -0.9882871921828699E+00 -0.2834227827050179E+03
  0.2980218266925714E+01 -0.9870073862202815E+00 -0.2748954617864100E+03
  0.2972047929553217E+01 -0.9856616894197333E+00 -0.2651359659270959E+03
  0.2963877568983912E+01 -0.9842501916171713E+00 -0.2547233338978050E+03
  0.2955707188275296E+01 -0.9827729870413743E+00 -0.2448705817303699E+03
  0.2947536789970254E+01 -0.9812301743076443E+00 -0.2365496964495806E+03
  0.2939366376200951E+01 -0.9796218564112101E+00 -0.2296190596757709E+03
  0.2931195948768531E+01 -0.9779481407203411E+00 -0.2229527192351326E+03
  0.2923025509204947E+01 -0.9762091389691724E+00 -0.2156620633588327E+03
  0.2914855058821443E+01 -0.9744049672502397E+00 -0.2081911078084978E+03
  0.2906684598746917E+01 -0.9725357460067257E+00 -0.2020333791407784E+03
  0.2898514129958549E+01 -0.9706016000244151E+00 -0.1983622101201356E+03
  0.2890343653306462E+01 -0.9686026584233628E+00 -0.1969734398973930E+03
  0.2882173169533725E+01 -0.9665390546492710E+00 -0.1963651606101458E+03
  0.2874002679292686E+01 -0.9644109264645802E+00 -0.1946228305618598E+03
  0.2865832183158409E+01 -0.9622184159392698E+00 -0.1904197696923285E+03
  0.2857661681639792E+01 -0.9599616694413742E+00 -0.1836602192399619E+03
  0.2849491175188815E+01 -0.9576408376272095E+00 -0.1754016352133187E+03
  0.2841320664208285E+01 -0.9552560754313160E+00 -0.1669732177035196E+03
  0.2833150149058343E+01 -0.9528075420561144E+00 -0.1590055310361760E+03
  0.2824979630061970E+01 -0.9502954009612771E+00 -0.1513206243782273E+03
  0.2816809107509663E+01 -0.9477198198528157E+00 -0.1436151301345113E+03
  0.2808638581663412E+01 -0.9450809706718851E+00 -0.1359850899027712E+03
  0.2800468052760122E+01 -0.9423790295833044E+00 -0.1288000151449164E+03
  0.2792297521014540E+01 -0.9396141769637963E+00 -0.1222872808845192E+03
  0.2784126986621790E+01 -0.9367865973899459E+00 -0.1163158346193287E+03
  0.2775956449759565E+01 -0.9338964796258775E+00 -0.1104803814100885E+03
  0.2767785910590029E+01 -0.9309440166106540E+00 -0.1042990613439543E+03
  0.2759615369261481E+01 -0.9279294054453956E+00 -0.9738638349092997E+02
  0.2751444825909805E+01 -0.9248528473801222E+00 -0.8963173026355211E+02
  0.2743274280659743E+01 -0.9217145478003181E+00 -0.8128392695441173E+02
  0.2735103733626014E+01 -0.9185147162132208E+00 -0.7277815249706939E+02
  0.2726933184914305E+01 -0.9152535662338340E+00 -0.6445771118425174E+02
  0.2718762634622138E+01 -0.9119313155706682E+00 -0.5642002388262410E+02
  0.2710592082839649E+01 -0.9085481860112055E+00 -0.4850107076984502E+02
  0.2702421529650271E+01 -0.9051044034070944E+00 -0.4043855600985297E+02
  0.2694250975131350E+01 -0.9016001976590722E+00 -0.3217120936023969E+02
  0.2686080419354687E+01 -0.8980358027016164E+00 -0.2393631604303351E+02
  0.2677909862387029E+01 -0.8944114564873288E+00 -0.1605513888981279E+02
  0.2669739304290507E+01 -0.8907274009710492E+00 -0.8790065173648745E+01
  0.2661568745123026E+01 -0.8869838820937034E+00 -0.2403742544221040E+01
  0.2653398184938621E+01 -0.8831811497658847E+00  0.2919667449673895E+01
  0.2645227623787777E+01 -0.8793194578511700E+00  0.7298875179828491E+01
  0.2637057061717711E+01 -0.8753990641491725E+00  0.1115501269361613E+02
  0.2628886498772639E+01 -0.8714202303783312E+00  0.1499900092778773E+02
  0.2620715934994006E+01 -0.8673832221584393E+00  0.1926694478627279E+02
  0.2612545370420704E+01 -0.8632883089929120E+00  0.2416888607724859E+02
  0.2604374805089263E+01 -0.8591357642507945E+00  0.2951122029440180E+02
  0.2596204239034032E+01 -0.8549258651485127E+00  0.3475577432030708E+02
  0.2588033672287335E+01 -0.8506588927313666E+00  0.3944411405974230E+02
  0.2579863104879621E+01 -0.8463351318547683E+00  0.4362102043182303E+02
  0.2571692536839600E+01 -0.8419548711652254E+00  0.4777670600940178E+02
  0.2563521968194363E+01 -0.8375184030810715E+00  0.5234329909958639E+02
  0.2555351398969496E+01 -0.8330260237729452E+00  0.5725590574670571E+02
  0.2547180829189184E+01 -0.8284780331440178E+00  0.6195744872783379E+02
  0.2539010258876304E+01 -0.8238747348099726E+00  0.6580596893867661E+02
  0.2530839688052518E+01 -0.8192164360787360E+00  0.6851845504158509E+02
  0.2522669116738345E+01 -0.8145034479299620E+00  0.7019401519524149E+02
  0.2514498544953243E+01 -0.8097360849942720E+00  0.7092986924199027E+02
  0.2506327972715673E+01 -0.8049146655322506E+00  0.7065948081900102E+02
  0.2498157400043163E+01 -0.8000395114131988E+00  0.6948392505146109E+02
  0.2489986826952370E+01 -0.7951109480936471E+00  0.6790470096583728E+02
  0.2481816253459126E+01 -0.7901293045956280E+00  0.6652298660527704E+02
  0.2473645679578500E+01 -0.7850949134847117E+00  0.6560484745020425E+02
  0.2465475105324832E+01 -0.7800081108478040E+00  0.6502703869009466E+02
  0.2457304530711785E+01 -0.7748692362707100E+00  0.6458009282857560E+02
  0.2449133955752385E+01 -0.7696786328154644E+00  0.6428014634843149E+02
  0.2440963380459050E+01 -0.7644366469974285E+00  0.6437444131245560E+02
  0.2432792804843637E+01 -0.7591436287621580E+00  0.6502129640550407E+02
  0.2424622228917462E+01 -0.7537999314620412E+00  0.6604259548266789E+02
  0.2416451652691339E+01 -0.7484059118327094E+00  0.6707661107481213E+02
  0.2408281076175607E+01 -0.7429619299692227E+00  0.6788278338279920E+02
  0.2400110499380152E+01 -0.7374683493020299E+00  0.6838684571640052E+02
  0.2391939922314436E+01 -0.7319255365727068E+00  0.6850506251485082E+02
  0.2383769344987516E+01 -0.7263338618094733E+00  0.6809479681469914E+02
  0.2375598767408072E+01 -0.7206936983024912E+00  0.6712774456912481E+02
  0.2367428189584419E+01 -0.7150054225789432E+00  0.6580335388952794E+02
  0.2359257611524532E+01 -0.7092694143778975E+00  0.6440476762374998E+02
  0.2351087033236062E+01 -0.7034860566249567E+00  0.6304955859893789E+02
  0.2342916454726351E+01 -0.6976557354066943E+00  0.6160911891519230E+02
  0.2334745876002450E+01 -0.6917788399448808E+00  0.5993167714581064E+02
  0.2326575297071134E+01 -0.6858557625704990E+00  0.5813950715066436E+02
  0.2318404717938913E+01 -0.6798868986975534E+00  0.5656618438202918E+02
  0.2310234138612046E+01 -0.6738726467966731E+00  0.5538195224654833E+02
  0.2302063559096557E+01 -0.6678134083685102E+00  0.5443956592235675E+02
  0.2293892979398239E+01 -0.6617095879169366E+00  0.5351318221524083E+02
  0.2285722399522673E+01 -0.6555615929220400E+00  0.5255052665066461E+02
  0.2277551819475234E+01 -0.6493698338129212E+00  0.5162360114204072E+02
  0.2269381239261100E+01 -0.6431347239402948E+00  0.5071991686505385E+02
  0.2261210658885265E+01 -0.6368566795488945E+00  0.4974431847553285E+02
  0.2253040078352542E+01 -0.6305361197496849E+00  0.4874527974627789E+02
  0.2244869497667577E+01 -0.6241734664918837E+00  0.4795829418209754E+02
  0.2236698916834853E+01 -0.6177691445347914E+00  0.4754048469087197E+02
  0.2228528335858699E+01 -0.6113235814194364E+00  0.4737454405950302E+02
  0.2220357754743295E+01 -0.6048372074400329E+00  0.4718930398150345E+02
  0.2212187173492683E+01 -0.5983104556152549E+00  0.4680720538536271E+02
  0.2204016592110768E+01 -0.5917437616593286E+00  0.4623933203290753E+02
  0.2195846010601326E+01 -0.5851375639529456E+00  0.4557119362518313E+02
  0.2187675428968010E+01 -0.5784923035139965E+00  0.4478078690471791E+02
  0.2179504847214357E+01 -0.5718084239681300E+00  0.4366833841488339E+02
  0.2171334265343789E+01 -0.5650863715191369E+00  0.4198965305561909E+02
  0.2163163683359622E+01 -0.5583265949191624E+00  0.3967554981513051E+02
  0.2154993101265066E+01 -0.5515295454387482E+00  0.3687119249767603E+02
  0.2146822519063234E+01 -0.5446956768367068E+00  0.3374057665316307E+02
  0.2138651936757143E+01 -0.5378254453298289E+00  0.3031231186294473E+02
  0.2130481354349721E+01 -0.5309193095624275E+00  0.2660014984608727E+02
  0.2122310771843806E+01 -0.5239777305757194E+00  0.2283639471297180E+02
  0.2114140189242155E+01 -0.5170011717770473E+00  0.1944691266943294E+02
  0.2105969606547443E+01 -0.5099900989089429E+00  0.1677954441345980E+02
  0.2097799023762269E+01 -0.5029449800180356E+00  0.1499894003136702E+02
  0.2089628440889158E+01 -0.4958662854238058E+00  0.1419114809704367E+02
  0.2081457857930564E+01 -0.4887544876871878E+00  0.1432494526838666E+02
  0.2073287274888874E+01 -0.4816100615790221E+00  0.1515107325263547E+02
  0.2065116691766407E+01 -0.4744334840483606E+00  0.1638520033051084E+02
  0.2056946108565423E+01 -0.4672252341906264E+00  0.1795236247560768E+02
  0.2048775525288118E+01 -0.4599857932156304E+00  0.1985356170931760E+02
  0.2040604941936635E+01 -0.4527156444154464E+00  0.2184182938820157E+02
  0.2032434358513056E+01 -0.4454152731321473E+00  0.2343164681958802E+02
  0.2024263775019413E+01 -0.4380851667254050E+00  0.2426706127829260E+02
  0.2016093191457685E+01 -0.4307258145399545E+00  0.2438379372846336E+02
  0.2007922607829804E+01 -0.4233377078729265E+00  0.2409295439053943E+02
  0.1999752024137653E+01 -0.4159213399410494E+00  0.2369512498270931E+02
  0.1991581440383068E+01 -0.4084772058477228E+00  0.2334427566623732E+02
  0.1983410856567843E+01 -0.4010058025499653E+00  0.2309604078797661E+02
  0.1975240272693730E+01 -0.3935076288252386E+00  0.2297509583012683E+02
  0.1967069688762441E+01 -0.3859831852381501E+00  0.2301180810253393E+02
  0.1958899104775647E+01 -0.3784329741070359E+00  0.2328587964538324E+02
  0.1950728520734982E+01 -0.3708574994704271E+00  0.2391366584296900E+02
  0.1942557936642046E+01 -0.3632572670534011E+00  0.2493156099965488E+02
  0.1934387352498403E+01 -0.3556327842338202E+00  0.2622116373863003E+02
  0.1926216768305583E+01 -0.3479845600084601E+00  0.2764791044918163E+02
  0.1918046184065086E+01 -0.3403131049590297E+00  0.2926847360012786E+02
  0.1909875599778379E+01 -0.3326189312180866E+00  0.3122980818093093E+02
  0.1901705015446901E+01 -0.3249025524348469E+00  0.3338816938128808E+02
  0.1893534431072063E+01 -0.3171644837408958E+00  0.3520495531042845E+02
  0.1885363846655247E+01 -0.3094052417157978E+00  0.3616644476194995E+02
  0.1877193262197810E+01 -0.3016253443526109E+00  0.3621096827313229E+02
  0.1869022677701083E+01 -0.2938253110233064E+00  0.3566198738102425E+02
  0.1860852093166375E+01 -0.2860056624440968E+00  0.3490151240777416E+02
  0.1852681508594969E+01 -0.2781669206406729E+00  0.3423501876759102E+02
  0.1844510923988128E+01 -0.2703096089133553E+00  0.3390940402628607E+02
  0.1836340339347093E+01 -0.2624342518021592E+00  0.3406316706800700E+02
  0.1828169754673083E+01 -0.2545413750517773E+00  0.3467289871382678E+02
  0.1819999169967299E+01 -0.2466315055764818E+00  0.3561571747968590E+02
  0.1811828585230925E+01 -0.2387051714249486E+00  0.3675585998853642E+02
  0.1803658000465123E+01 -0.2307629017450062E+00  0.3796664288725761E+02
  0.1795487415671042E+01 -0.2228052267483099E+00  0.3915858152256981E+02
  0.1787316830849811E+01 -0.2148326776749467E+00  0.4033694523952936E+02
  0.1779146246002545E+01 -0.2068457867579697E+00  0.4155471459122353E+02
  0.1770975661130345E+01 -0.1988450871878683E+00  0.4273172320455006E+02
  0.1762805076234296E+01 -0.1908311130769725E+00  0.4358289569751565E+02
  0.1754634491315471E+01 -0.1828043994237966E+00  0.4385390582010115E+02
  0.1746463906374929E+01 -0.1747654820773241E+00  0.4362217464650944E+02
  0.1738293321413718E+01 -0.1667148977012352E+00  0.4322210678937230E+02
  0.1730122736432872E+01 -0.1586531837380799E+00  0.4283773777724405E+02
  0.1721952151433418E+01 -0.1505808783733995E+00  0.4231224023681163E+02
  0.1713781566416370E+01 -0.1424985204997981E+00  0.4139809534856369E+02
  0.1705610981382731E+01 -0.1344066496809675E+00  0.4001765279960486E+02
  0.1697440396333499E+01 -0.1263058061156663E+00  0.3819170153714825E+02
  0.1689269811269659E+01 -0.1181965306016578E+00  0.3591438631549163E+02
  0.1681099226192191E+01 -0.1100793644996070E+00  0.3328945308342273E+02
  0.1672928641102067E+01 -0.1019548496969404E+00  0.3069943421603908E+02
  0.1664758056000250E+01 -0.9382352857167028E-01  0.2865074662930739E+02
  0.1656587470887701E+01 -0.8568594395618719E-01  0.2739770853812277E+02
  0.1648416885765370E+01 -0.7754263910102077E-01  0.2677750028930234E+02
  0.1640246300634206E+01 -0.6939415763857371E-01  0.2642933049359805E+02
  0.1632075715495151E+01 -0.6124104354682962E-01  0.2607136840238739E+02
  0.1623905130349143E+01 -0.5308384111303818E-01  0.2553148675881971E+02
  0.1615734545197117E+01 -0.4492309489737940E-01  0.2465903468971589E+02
  0.1607563960040004E+01 -0.3675934969660982E-01  0.2335872744699214E+02
  0.1599393374878733E+01 -0.2859315050769285E-01  0.2174473834207936E+02
  0.1591222789714229E+01 -0.2042504249141571E-01  0.2017989313479352E+02
  0.1583052204547419E+01 -0.1225557093599554E-01  0.1901491469326690E+02
  0.1574881619379224E+01 -0.4085281220676868E-02  0.1825637511026661E+02
  0.1566711034210569E+01  0.4085281220676868E-02  0.1756827260056236E+02
  0.1558540449042374E+01  0.1225557093599554E-01  0.1656683770386391E+02
  0.1550369863875564E+01  0.2042504249141571E-01  0.1502846578882476E+02
  0.1542199278711061E+01  0.2859315050769285E-01  0.1289208340850006E+02
  0.1534028693549790E+01  0.3675934969660982E-01  0.1021200659099857E+02
  0.1525858108392677E+01  0.4492309489737940E-01  0.7147210781212793E+01
  0.1517687523240650E+01  0.5308384111303818E-01  0.3950174627845015E+01
  0.1509516938094642E+01  0.6124104354682962E-01  0.9122171184070750E+00
  0.1501346352955587E+01  0.6939415763857371E-01 -0.1718412803785995E+01
  0.1493175767824423E+01  0.7754263910102077E-01 -0.3777838814771664E+01
  0.1485005182702093E+01  0.8568594395618719E-01 -0.5206368445380272E+01
  0.1476834597589543E+01  0.9382352857167028E-01 -0.6138393817606056E+01
  0.1468664012487727E+01  0.1019548496969404E+00 -0.6969715646649002E+01
  0.1460493427397602E+01  0.1100793644996070E+00 -0.8178716835730139E+01
  0.1452322842320134E+01  0.1181965306016578E+00 -0.9981936117180844E+01
  0.1444152257256294E+01  0.1263058061156663E+00 -0.1218216427807034E+02
  0.1435981672207062E+01  0.1344066496809675E+00 -0.1432052808070223E+02
  0.1427811087173423E+01  0.1424985204997981E+00 -0.1591408026475187E+02
  0.1419640502156375E+01  0.1505808783733995E+00 -0.1664537555630601E+02
  0.1411469917156921E+01  0.1586531837380799E+00 -0.1651634616712176E+02
  0.1403299332176076E+01  0.1667148977012352E+00 -0.1589522214081697E+02
  0.1395128747214864E+01  0.1747654820773241E+00 -0.1534616171562583E+02
  0.1386958162274323E+01  0.1828043994237966E+00 -0.1530248470224975E+02
  0.1378787577355497E+01  0.1908311130769725E+00 -0.1582965195153370E+02
  0.1370616992459449E+01  0.1988450871878683E+00 -0.1670201869374105E+02
  0.1362446407587248E+01  0.2068457867579697E+00 -0.1770041637458215E+02
  0.1354275822739983E+01  0.2148326776749467E+00 -0.1879116900672822E+02
  0.1346105237918751E+01  0.2228052267483099E+00 -0.2005059476878554E+02
  0.1337934653124670E+01  0.2307629017450062E+00 -0.2149229341186808E+02
  0.1329764068358868E+01  0.2387051714249486E+00 -0.2296458451817094E+02
  0.1321593483622494E+01  0.2466315055764818E+00 -0.2426054589415519E+02
  0.1313422898916710E+01  0.2545413750517773E+00 -0.2542965360067809E+02
  0.1305252314242701E+01  0.2624342518021592E+00 -0.2690505580204531E+02
  0.1297081729601665E+01  0.2703096089133553E+00 -0.2914234246747980E+02
  0.1288911144994824E+01  0.2781669206406729E+00 -0.3213526276823271E+02
  0.1280740560423418E+01  0.2860056624440968E+00 -0.3537818138295012E+02
  0.1272569975888710E+01  0.2938253110233064E+00 -0.3824321234260095E+02
  0.1264399391391984E+01  0.3016253443526109E+00 -0.4033213433306977E+02
  0.1256228806934547E+01  0.3094052417157978E+00 -0.4164095116172361E+02
  0.1248058222517730E+01  0.3171644837408958E+00 -0.4258070633449797E+02
  0.1239887638142892E+01  0.3249025524348469E+00 -0.4378689818716315E+02
  0.1231717053811414E+01  0.3326189312180866E+00 -0.4574054357914336E+02
  0.1223546469524707E+01  0.3403131049590297E+00 -0.4845417840307517E+02
  0.1215375885284210E+01  0.3479845600084601E+00 -0.5150104649503730E+02
  0.1207205301091390E+01  0.3556327842338202E+00 -0.5445090982184180E+02
  0.1199034716947747E+01  0.3632572670534011E+00 -0.5728891037966050E+02
  0.1190864132854811E+01  0.3708574994704271E+00 -0.6027834258690553E+02
  0.1182693548814147E+01  0.3784329741070359E+00 -0.6349753462582398E+02
  0.1174522964827352E+01  0.3859831852381501E+00 -0.6673039318587479E+02
  0.1166352380896063E+01  0.3935076288252386E+00 -0.6973346020856049E+02
  0.1158181797021950E+01  0.4010058025499653E+00 -0.7242709793527244E+02
  0.1150011213206726E+01  0.4084772058477228E+00 -0.7487141290458972E+02
  0.1141840629452141E+01  0.4159213399410494E+00 -0.7718261874509595E+02
  0.1133670045759989E+01  0.4233377078729265E+00 -0.7949028531614053E+02
  0.1125499462132108E+01  0.4307258145399545E+00 -0.8190961496151645E+02
  0.1117328878570381E+01  0.4380851667254050E+00 -0.8450994300635601E+02
  0.1109158295076737E+01  0.4454152731321473E+00 -0.8734689555853400E+02
  0.1100987711653159E+01  0.4527156444154464E+00 -0.9055429823554985E+02
  0.1092817128301675E+01  0.4599857932156304E+00 -0.9436505823604162E+02
  0.1084646545024371E+01  0.4672252341906264E+00 -0.9892516241281101E+02
  0.1076475961823386E+01  0.4744334840483606E+00 -0.1039678670832050E+03
  0.1068305378700920E+01  0.4816100615790221E+00 -0.1087411422993870E+03
  0.1060134795659229E+01  0.4887544876871878E+00 -0.1124548288170579E+03
  0.1051964212700635E+01  0.4958662854238058E+00 -0.1148328606203710E+03
  0.1043793629827524E+01  0.5029449800180356E+00 -0.1162145921310561E+03
  0.1035623047042350E+01  0.5099900989089429E+00 -0.1172796653985828E+03
  0.1027452464347638E+01  0.5170011717770473E+00 -0.1187264218325126E+03
  0.1019281881745987E+01  0.5239777305757194E+00 -0.1209455858266612E+03
  0.1011111299240073E+01  0.5309193095624275E+00 -0.1238182633707580E+03
  0.1002940716832650E+01  0.5378254453298289E+00 -0.1269552270397545E+03
  0.9947701345265596E+00  0.5446956768367068E+00 -0.1301862814443652E+03
  0.9865995523247275E+00  0.5515295454387482E+00 -0.1336527038195332E+03
  0.9784289702301714E+00  0.5583265949191624E+00 -0.1374215335542868E+03
  0.9702583882460036E+00  0.5650863715191369E+00 -0.1412113597600573E+03
  0.9620878063754359E+00  0.5718084239681300E+00 -0.1445698055057588E+03
  0.9539172246217830E+00  0.5784923035139965E+00 -0.1472191684164036E+03
  0.9457466429884676E+00  0.5851375639529456E+00 -0.1491877400800364E+03
  0.9375760614790253E+00  0.5917437616593286E+00 -0.1507356234198434E+03
  0.9294054800971098E+00  0.5983104556152549E+00 -0.1523040281444391E+03
  0.9212348988464978E+00  0.6048372074400329E+00 -0.1544173379286611E+03
  0.9130643177310944E+00  0.6113235814194364E+00 -0.1573243047044861E+03
  0.9048937367549402E+00  0.6177691445347914E+00 -0.1606634543783041E+03
  0.8967231559222163E+00  0.6241734664918837E+00 -0.1637021916899885E+03
  0.8885525752372514E+00  0.6305361197496849E+00 -0.1659965040026229E+03
  0.8803819947045285E+00  0.6368566795488945E+00 -0.1676960850365193E+03
  0.8722114143286931E+00  0.6431347239402948E+00 -0.1691860877690827E+03
  0.8640408341145595E+00  0.6493698338129212E+00 -0.1705845947355831E+03
  0.8558702540671204E+00  0.6555615929220400E+00 -0.1716511078932932E+03
  0.8476996741915547E+00  0.6617095879169366E+00 -0.1720595918521521E+03
  0.8395290944932369E+00  0.6678134083685102E+00 -0.1716528801290875E+03
  0.8313585149777468E+00  0.6738726467966731E+00 -0.1704937801466801E+03
  0.8231879356508802E+00  0.6798868986975534E+00 -0.1687741724736073E+03
  0.8150173565186587E+00  0.6858557625704990E+00 -0.1667281290613417E+03
  0.8068467775873427E+00  0.6917788399448808E+00 -0.1646207504222729E+03
  0.7986761988634423E+00  0.6976557354066943E+00 -0.1627117982271962E+03
  0.7905056203537315E+00  0.7034860566249567E+00 -0.1611116838373283E+03
  0.7823350420652612E+00  0.7092694143778975E+00 -0.1597123369350065E+03
  0.7741644640053743E+00  0.7150054225789432E+00 -0.1583581308717191E+03
  0.7659938861817212E+00  0.7206936983024912E+00 -0.1570696073509249E+03
  0.7578233086022768E+00  0.7263338618094733E+00 -0.1560429289447168E+03
  0.7496527312753575E+00  0.7319255365727068E+00 -0.1554200728878896E+03
  0.7414821542096410E+00  0.7374683493020299E+00 -0.1549863897925337E+03
  0.7333115774141861E+00  0.7429619299692227E+00 -0.1540633654278639E+03
  0.7251410008984539E+00  0.7484059118327094E+00 -0.1518609053315757E+03
  0.7169704246723316E+00  0.7537999314620412E+00 -0.1480835038970338E+03
  0.7087998487461566E+00  0.7591436287621580E+00 -0.1431743222010638E+03
  0.7006292731307425E+00  0.7644366469974285E+00 -0.1379720284876539E+03
  0.6924586978374083E+00  0.7696786328154644E+00 -0.1331457016987882E+03
  0.6842881228780077E+00  0.7748692362707100E+00 -0.1288493848820767E+03
  0.6761175482649616E+00  0.7800081108478040E+00 -0.1247721933230633E+03
  0.6679469740112938E+00  0.7850949134847117E+00 -0.1204875523560943E+03
  0.6597764001306670E+00  0.7901293045956280E+00 -0.1158149718146183E+03
  0.6516058266374236E+00  0.7951109480936471E+00 -0.1109364690933273E+03
  0.6434352535466297E+00  0.8000395114131988E+00 -0.1062256206097980E+03
  0.6352646808741202E+00  0.8049146655322506E+00 -0.1019857746278997E+03
  0.6270941086365502E+00  0.8097360849942720E+00 -0.9827494384404632E+02
  0.6189235368514482E+00  0.8145034479299620E+00 -0.9484150097997644E+02
  0.6107529655372755E+00  0.8192164360787360E+00 -0.9121206740239683E+02
  0.6025823947134890E+00  0.8238747348099726E+00 -0.8695640279506409E+02
  0.5944118244006098E+00  0.8284780331440178E+00 -0.8188122645400631E+02
  0.5862412546202973E+00  0.8330260237729452E+00 -0.7594510296421097E+02
  0.5780706853954301E+00  0.8375184030810715E+00 -0.6908055665079966E+02
  0.5699001167501928E+00  0.8419548711652254E+00 -0.6117115127298545E+02
  0.5617295487101719E+00  0.8463351318547683E+00 -0.5213721304431910E+02
  0.5535589813024583E+00  0.8506588927313666E+00 -0.4204183857979828E+02
  0.5453884145557613E+00  0.8549258651485127E+00 -0.3118818618992298E+02
  0.5372178485005299E+00  0.8591357642507945E+00 -0.2005949000802128E+02
  0.5290472831690897E+00  0.8632883089929120E+00 -0.9006998518616873E+01
  0.5208767185957875E+00  0.8673832221584393E+00  0.1983573410800144E+01
  0.5127061548171545E+00  0.8714202303783312E+00  0.1309618741786939E+02
  0.5045355918720822E+00  0.8753990641491725E+00  0.2434024705108727E+02
  0.4963650298020162E+00  0.8793194578511700E+00  0.3556954402674511E+02
  0.4881944686511717E+00  0.8831811497658847E+00  0.4670821771279977E+02
  0.4800239084667671E+00  0.8869838820937034E+00  0.5775430752536690E+02
  0.4718533492992859E+00  0.8907274009710492E+00  0.6869271147070415E+02
  0.4636827912027636E+00  0.8944114564873288E+00  0.7963141565506982E+02
  0.4555122342351060E+00  0.8980358027016164E+00  0.9090729411025346E+02
  0.4473416784584431E+00  0.9016001976590722E+00  0.1027936653802447E+03
  0.4391711239395221E+00  0.9051044034070944E+00  0.1150964425293443E+03
  0.4310005707501444E+00  0.9085481860112055E+00  0.1272708673096972E+03
  0.4228300189676551E+00  0.9119313155706682E+00  0.1390010720377244E+03
  0.4146594686754885E+00  0.9152535662338340E+00  0.1505278140393378E+03
  0.4064889199637791E+00  0.9185147162132208E+00  0.1624361227679581E+03
  0.3983183729300507E+00  0.9217145478003181E+00  0.1753392884626548E+03
  0.3901478276799883E+00  0.9248528473801222E+00  0.1896633125326967E+03
  0.3819772843283120E+00  0.9279294054453956E+00  0.2053541158260826E+03
  0.3738067429997641E+00  0.9309440166106540E+00  0.2217232788895663E+03
  0.3656362038302282E+00  0.9338964796258775E+00  0.2378968405017499E+03
  0.3574656669680030E+00  0.9367865973899459E+00  0.2535764534937311E+03
  0.3492951325752533E+00  0.9396141769637963E+00  0.2692703070332305E+03
  0.3411246008296713E+00  0.9423790295833044E+00  0.2857540557158749E+03
  0.3329540719263814E+00  0.9450809706718851E+00  0.3034116567879186E+03
  0.3247835460801308E+00  0.9477198198528157E+00  0.3220563185126770E+03
  0.3166130235278230E+00  0.9502954009612771E+00  0.3412566403210157E+03
  0.3084425045314506E+00  0.9528075420561144E+00  0.3608099980072618E+03
  0.3002719893815085E+00  0.9552560754313160E+00  0.3809583602518948E+03
  0.2921014784009779E+00  0.9576408376272095E+00  0.4021900680334529E+03
  0.2839309719500016E+00  0.9599616694413742E+00  0.4249037908949006E+03
  0.2757604704313845E+00  0.9622184159392698E+00  0.4492163662636485E+03
  0.2675899742971076E+00  0.9644109264645802E+00  0.4749941502144163E+03
  0.2594194840560681E+00  0.9665390546492710E+00  0.5020817693135950E+03
  0.2512490002833307E+00  0.9686026584233628E+00  0.5305242805505935E+03
  0.2430785236312446E+00  0.9706016000244151E+00  0.5604565015688119E+03
  0.2349080548428762E+00  0.9725357460067257E+00  0.5918219032902647E+03
  0.2267375947683499E+00  0.9744049672502397E+00  0.6243662171465627E+03
  0.2185671443848464E+00  0.9762091389691724E+00  0.6578706597630614E+03
  0.2103967048212628E+00  0.9779481407203411E+00  0.6922121207258587E+03
  0.2022262773888417E+00  0.9796218564112101E+00  0.7272702860664638E+03
  0.1940558636195398E+00  0.9812301743076443E+00  0.7628965310599639E+03
  0.1858854653144977E+00  0.9827729870413743E+00  0.7989075907309240E+03
  0.1777150846058812E+00  0.9842501916171713E+00  0.8350113254399164E+03
  0.1695447240365762E+00  0.9856616894197333E+00  0.8708606902548024E+03
  0.1613743866640789E+00  0.9870073862202815E+00  0.9063437057604586E+03
  0.1532040761975885E+00  0.9882871921828699E+00  0.9418860694651553E+03
  0.1450337971813853E+00  0.9895010218704087E+00  0.9783905218825599E+03
  0.1368635552438019E+00  0.9906487942504061E+00  0.1016848093899417E+04
  0.1286933574408989E+00  0.9917304327004320E+00  0.1057963438612500E+04
  0.1205232127396896E+00  0.9927458650133153E+00  0.1102094546369266E+04
  0.1123531327118049E+00  0.9936950234020883E+00  0.1149488481159799E+04
  0.1041831325528455E+00  0.9945778445047068E+00  0.1200687733678508E+04
  0.9601323262085862E-01  0.9953942693885953E+00  0.1256808512980737E+04
  0.8784346083082471E-01  0.9961442435551087E+00  0.1319501729014341E+04
  0.7967385651719167E-01  0.9968277169440913E+00  0.1390701248619243E+04
  0.7150447693306423E-01  0.9974446439389107E+00  0.1472608820238005E+04
  0.6333540875299180E-01  0.9979949833727938E+00  0.1567994041479496E+04
  0.5516678972815772E-01  0.9984786985384589E+00  0.1680979196267873E+04
  0.4699885272846815E-01  0.9988957572063257E+00  0.1819936650518851E+04
  0.3883202470742381E-01  0.9992461316671845E+00  0.2005503053998544E+04
  0.3066718105470672E-01  0.9995297988558859E+00  0.2277996581764895E+04
  0.2250643816359393E-01  0.9997467408113523E+00  0.2675448436582055E+04
  0.1435650599352885E-01  0.9998969471378596E+00  0.3159217519781810E+04
  0.6254421014113626E-02  0.9999804411726474E+00  0.3556647712625037E+04
