# nlmax, ncor, nside =         383           1         128
  0.3135338232575680E+01 -0.9999804411726474E+00 -0.2897672766076166E-03
  0.3127236147596264E+01 -0.9998969471378596E+00 -0.2898974085737996E-03
  0.3119086215426199E+01 -0.9997467408113523E+00 -0.2891958509781277E-03
  0.3110925472535087E+01 -0.9995297988558859E+00 -0.2897525074352826E-03
  0.3102760628882369E+01 -0.9992461316671845E+00 -0.2938408225267972E-03
  0.3094593800861325E+01 -0.9988957572063257E+00 -0.3000294565090066E-03
  0.3086425863861635E+01 -0.9984786985384589E+00 -0.3047672452336522E-03
  0.3078257244836801E+01 -0.9979949833727938E+00 -0.3067581800879745E-03
  0.3070088176656729E+01 -0.9974446439389107E+00 -0.3071714430924739E-03
  0.3061918797072602E+01 -0.9968277169440913E+00 -0.3071019657349321E-03
  0.3053749192758969E+01 -0.9961442435551087E+00 -0.3067380648893489E-03
  0.3045579420968934E+01 -0.9953942693885953E+00 -0.3055204157374737E-03
  0.3037409521036948E+01 -0.9945778445047068E+00 -0.3023737998863108E-03
  0.3029239520877988E+01 -0.9936950234020883E+00 -0.2966815890040364E-03
  0.3021069440850104E+01 -0.9927458650133153E+00 -0.2894893255808752E-03
  0.3012899296148894E+01 -0.9917304327004320E+00 -0.2825567393217203E-03
  0.3004729098345992E+01 -0.9906487942504061E+00 -0.2761582153803788E-03
  0.2996558856408408E+01 -0.9895010218704087E+00 -0.2694804397005206E-03
  0.2988388577392205E+01 -0.9882871921828699E+00 -0.2624058118012688E-03
  0.2980218266925714E+01 -0.9870073862202815E+00 -0.2548721845092138E-03
  0.2972047929553217E+01 -0.9856616894197333E+00 -0.2461297849274130E-03
  0.2963877568983912E+01 -0.9842501916171713E+00 -0.2360651233278088E-03
  0.2955707188275296E+01 -0.9827729870413743E+00 -0.2261176979193404E-03
  0.2947536789970254E+01 -0.9812301743076443E+00 -0.2182995201639018E-03
  0.2939366376200951E+01 -0.9796218564112101E+00 -0.2128717544661706E-03
  0.2931195948768531E+01 -0.9779481407203411E+00 -0.2075945766537544E-03
  0.2923025509204947E+01 -0.9762091389691724E+00 -0.2003653659306233E-03
  0.2914855058821443E+01 -0.9744049672502397E+00 -0.1921322041471904E-03
  0.2906684598746917E+01 -0.9725357460067257E+00 -0.1857923931094685E-03
  0.2898514129958549E+01 -0.9706016000244151E+00 -0.1830476979592833E-03
  0.2890343653306462E+01 -0.9686026584233628E+00 -0.1834152099928329E-03
  0.2882173169533725E+01 -0.9665390546492710E+00 -0.1849937605044539E-03
  0.2874002679292686E+01 -0.9644109264645802E+00 -0.1853678862213342E-03
  0.2865832183158409E+01 -0.9622184159392698E+00 -0.1825294033998348E-03
  0.2857661681639792E+01 -0.9599616694413742E+00 -0.1760259765316586E-03
  0.2849491175188815E+01 -0.9576408376272095E+00 -0.1676167672717266E-03
  0.2841320664208285E+01 -0.9552560754313160E+00 -0.1598112570604897E-03
  0.2833150149058343E+01 -0.9528075420561144E+00 -0.1533667000443675E-03
  0.2824979630061970E+01 -0.9502954009612771E+00 -0.1472237243093577E-03
  0.2816809107509663E+01 -0.9477198198528157E+00 -0.1405674996228126E-03
  0.2808638581663412E+01 -0.9450809706718851E+00 -0.1335719309354148E-03
  0.2800468052760122E+01 -0.9423790295833044E+00 -0.1267110306945506E-03
  0.2792297521014540E+01 -0.9396141769637963E+00 -0.1204592907649803E-03
  0.2784126986621790E+01 -0.9367865973899459E+00 -0.1151284885525021E-03
  0.2775956449759565E+01 -0.9338964796258775E+00 -0.1104692661379019E-03
  0.2767785910590029E+01 -0.9309440166106540E+00 -0.1058550353777068E-03
  0.2759615369261481E+01 -0.9279294054453956E+00 -0.1004987485175599E-03
  0.2751444825909805E+01 -0.9248528473801222E+00 -0.9376627472819927E-04
  0.2743274280659743E+01 -0.9217145478003181E+00 -0.8588638771905751E-04
  0.2735103733626014E+01 -0.9185147162132208E+00 -0.7767188455929145E-04
  0.2726933184914305E+01 -0.9152535662338340E+00 -0.6970131365123793E-04
  0.2718762634622138E+01 -0.9119313155706682E+00 -0.6206782101538194E-04
  0.2710592082839649E+01 -0.9085481860112055E+00 -0.5445966484323942E-04
  0.2702421529650271E+01 -0.9051044034070944E+00 -0.4637937977738039E-04
  0.2694250975131350E+01 -0.9016001976590722E+00 -0.3770575735341800E-04
  0.2686080419354687E+01 -0.8980358027016164E+00 -0.2897689014825309E-04
  0.2677909862387029E+01 -0.8944114564873288E+00 -0.2064622833632947E-04
  0.2669739304290507E+01 -0.8907274009710492E+00 -0.1273866150897781E-04
  0.2661568745123026E+01 -0.8869838820937034E+00 -0.5694036552023340E-05
  0.2653398184938621E+01 -0.8831811497658847E+00 -0.2411519307130560E-06
  0.2645227623787777E+01 -0.8793194578511700E+00  0.3783169748736793E-05
  0.2637057061717711E+01 -0.8753990641491725E+00  0.7285974970708382E-05
  0.2628886498772639E+01 -0.8714202303783312E+00  0.1097961556441977E-04
  0.2620715934994006E+01 -0.8673832221584393E+00  0.1532300506636336E-04
  0.2612545370420704E+01 -0.8632883089929120E+00  0.2056157174364720E-04
  0.2604374805089263E+01 -0.8591357642507945E+00  0.2639173542929436E-04
  0.2596204239034032E+01 -0.8549258651485127E+00  0.3184073386967363E-04
  0.2588033672287335E+01 -0.8506588927313666E+00  0.3596529921642078E-04
  0.2579863104879621E+01 -0.8463351318547683E+00  0.3911046729663237E-04
  0.2571692536839600E+01 -0.8419548711652254E+00  0.4265356410377340E-04
  0.2563521968194363E+01 -0.8375184030810715E+00  0.4728798190562422E-04
  0.2555351398969496E+01 -0.8330260237729452E+00  0.5263195759477659E-04
  0.2547180829189184E+01 -0.8284780331440178E+00  0.5786389909075117E-04
  0.2539010258876304E+01 -0.8238747348099726E+00  0.6205581615827740E-04
  0.2530839688052518E+01 -0.8192164360787360E+00  0.6491011403989248E-04
  0.2522669116738345E+01 -0.8145034479299620E+00  0.6710770554356593E-04
  0.2514498544953243E+01 -0.8097360849942720E+00  0.6897543153929689E-04
  0.2506327972715673E+01 -0.8049146655322506E+00  0.6973783659279275E-04
  0.2498157400043163E+01 -0.8000395114131988E+00  0.6893605712335302E-04
  0.2489986826952370E+01 -0.7951109480936471E+00  0.6747377495450639E-04
  0.2481816253459126E+01 -0.7901293045956280E+00  0.6663278938911210E-04
  0.2473645679578500E+01 -0.7850949134847117E+00  0.6679767863139028E-04
  0.2465475105324832E+01 -0.7800081108478040E+00  0.6748577310985820E-04
  0.2457304530711785E+01 -0.7748692362707100E+00  0.6811567411722970E-04
  0.2449133955752385E+01 -0.7696786328154644E+00  0.6863307057487294E-04
  0.2440963380459050E+01 -0.7644366469974285E+00  0.6958064320814623E-04
  0.2432792804843637E+01 -0.7591436287621580E+00  0.7119086342818602E-04
  0.2424622228917462E+01 -0.7537999314620412E+00  0.7295650200834877E-04
  0.2416451652691339E+01 -0.7484059118327094E+00  0.7440851500671782E-04
  0.2408281076175607E+01 -0.7429619299692227E+00  0.7551471059312866E-04
  0.2400110499380152E+01 -0.7374683493020299E+00  0.7644427999619209E-04
  0.2391939922314436E+01 -0.7319255365727068E+00  0.7714683691337651E-04
  0.2383769344987516E+01 -0.7263338618094733E+00  0.7717389667995604E-04
  0.2375598767408072E+01 -0.7206936983024912E+00  0.7638360180493465E-04
  0.2367428189584419E+01 -0.7150054225789432E+00  0.7526874619150871E-04
  0.2359257611524532E+01 -0.7092694143778975E+00  0.7427601487415354E-04
  0.2351087033236062E+01 -0.7034860566249567E+00  0.7348674955474353E-04
  0.2342916454726351E+01 -0.6976557354066943E+00  0.7253376842714680E-04
  0.2334745876002450E+01 -0.6917788399448808E+00  0.7072753997893470E-04
  0.2326575297071134E+01 -0.6858557625704990E+00  0.6820636458880021E-04
  0.2318404717938913E+01 -0.6798868986975534E+00  0.6610423774214357E-04
  0.2310234138612046E+01 -0.6738726467966731E+00  0.6497047148297497E-04
  0.2302063559096557E+01 -0.6678134083685102E+00  0.6429088551109259E-04
  0.2293892979398239E+01 -0.6617095879169366E+00  0.6354081046827306E-04
  0.2285722399522673E+01 -0.6555615929220400E+00  0.6273419925116883E-04
  0.2277551819475234E+01 -0.6493698338129212E+00  0.6212094173555067E-04
  0.2269381239261100E+01 -0.6431347239402948E+00  0.6157220597408502E-04
  0.2261210658885265E+01 -0.6368566795488945E+00  0.6057027177742084E-04
  0.2253040078352542E+01 -0.6305361197496849E+00  0.5915206073814287E-04
  0.2244869497667577E+01 -0.6241734664918837E+00  0.5807852883624419E-04
  0.2236698916834853E+01 -0.6177691445347914E+00  0.5778835896980680E-04
  0.2228528335858699E+01 -0.6113235814194364E+00  0.5800016123508767E-04
  0.2220357754743295E+01 -0.6048372074400329E+00  0.5814613887785583E-04
  0.2212187173492683E+01 -0.5983104556152549E+00  0.5781030748933832E-04
  0.2204016592110768E+01 -0.5917437616593286E+00  0.5701566752517710E-04
  0.2195846010601326E+01 -0.5851375639529456E+00  0.5613432165841472E-04
  0.2187675428968010E+01 -0.5784923035139965E+00  0.5539281164821620E-04
  0.2179504847214357E+01 -0.5718084239681300E+00  0.5454739012011912E-04
  0.2171334265343789E+01 -0.5650863715191369E+00  0.5308325183294997E-04
  0.2163163683359622E+01 -0.5583265949191624E+00  0.5082539676681302E-04
  0.2154993101265066E+01 -0.5515295454387482E+00  0.4810818808046987E-04
  0.2146822519063234E+01 -0.5446956768367068E+00  0.4527846823226981E-04
  0.2138651936757143E+01 -0.5378254453298289E+00  0.4223952875493604E-04
  0.2130481354349721E+01 -0.5309193095624275E+00  0.3859543584032206E-04
  0.2122310771843806E+01 -0.5239777305757194E+00  0.3447536047083773E-04
  0.2114140189242155E+01 -0.5170011717770473E+00  0.3082935470345141E-04
  0.2105969606547443E+01 -0.5099900989089429E+00  0.2822668927119778E-04
  0.2097799023762269E+01 -0.5029449800180356E+00  0.2639731645646841E-04
  0.2089628440889158E+01 -0.4958662854238058E+00  0.2539005868519527E-04
  0.2081457857930564E+01 -0.4887544876871878E+00  0.2554496744670624E-04
  0.2073287274888874E+01 -0.4816100615790221E+00  0.2646067269913320E-04
  0.2065116691766407E+01 -0.4744334840483606E+00  0.2750307956925693E-04
  0.2056946108565423E+01 -0.4672252341906264E+00  0.2880980698945428E-04
  0.2048775525288118E+01 -0.4599857932156304E+00  0.3079832993848829E-04
  0.2040604941936635E+01 -0.4527156444154464E+00  0.3314037084378486E-04
  0.2032434358513056E+01 -0.4454152731321473E+00  0.3491619601049207E-04
  0.2024263775019413E+01 -0.4380851667254050E+00  0.3562021285240598E-04
  0.2016093191457685E+01 -0.4307258145399545E+00  0.3549784215659858E-04
  0.2007922607829804E+01 -0.4233377078729265E+00  0.3503483440548968E-04
  0.1999752024137653E+01 -0.4159213399410494E+00  0.3457035877043937E-04
  0.1991581440383068E+01 -0.4084772058477228E+00  0.3417658423532932E-04
  0.1983410856567843E+01 -0.4010058025499653E+00  0.3386735704559048E-04
  0.1975240272693730E+01 -0.3935076288252386E+00  0.3372984568922490E-04
  0.1967069688762441E+01 -0.3859831852381501E+00  0.3373939909561627E-04
  0.1958899104775647E+01 -0.3784329741070359E+00  0.3388163534225193E-04
  0.1950728520734982E+01 -0.3708574994704271E+00  0.3438921760172872E-04
  0.1942557936642046E+01 -0.3632572670534011E+00  0.3547478327175780E-04
  0.1934387352498403E+01 -0.3556327842338202E+00  0.3686303331145727E-04
  0.1926216768305583E+01 -0.3479845600084601E+00  0.3802269040046683E-04
  0.1918046184065086E+01 -0.3403131049590297E+00  0.3908283605800966E-04
  0.1909875599778379E+01 -0.3326189312180866E+00  0.4076824860208430E-04
  0.1901705015446901E+01 -0.3249025524348469E+00  0.4311234972431701E-04
  0.1893534431072063E+01 -0.3171644837408958E+00  0.4498480026318772E-04
  0.1885363846655247E+01 -0.3094052417157978E+00  0.4538317130633958E-04
  0.1877193262197810E+01 -0.3016253443526109E+00  0.4457021984280955E-04
  0.1869022677701083E+01 -0.2938253110233064E+00  0.4335901891438696E-04
  0.1860852093166375E+01 -0.2860056624440968E+00  0.4204585365469654E-04
  0.1852681508594969E+01 -0.2781669206406729E+00  0.4072529395951292E-04
  0.1844510923988128E+01 -0.2703096089133553E+00  0.3978262618205389E-04
  0.1836340339347093E+01 -0.2624342518021592E+00  0.3948982825006122E-04
  0.1828169754673083E+01 -0.2545413750517773E+00  0.3969927610286464E-04
  0.1819999169967299E+01 -0.2466315055764818E+00  0.4021037442827878E-04
  0.1811828585230925E+01 -0.2387051714249486E+00  0.4100967455800189E-04
  0.1803658000465123E+01 -0.2307629017450062E+00  0.4200363063388874E-04
  0.1795487415671042E+01 -0.2228052267483099E+00  0.4283155780136521E-04
  0.1787316830849811E+01 -0.2148326776749467E+00  0.4333763297414407E-04
  0.1779146246002545E+01 -0.2068457867579697E+00  0.4391818022928449E-04
  0.1770975661130345E+01 -0.1988450871878683E+00  0.4487360043559043E-04
  0.1762805076234296E+01 -0.1908311130769725E+00  0.4573492448192007E-04
  0.1754634491315471E+01 -0.1828043994237966E+00  0.4573199172964997E-04
  0.1746463906374929E+01 -0.1747654820773241E+00  0.4480686689456915E-04
  0.1738293321413718E+01 -0.1667148977012352E+00  0.4370500492865199E-04
  0.1730122736432872E+01 -0.1586531837380799E+00  0.4286571464975842E-04
  0.1721952151433418E+01 -0.1505808783733995E+00  0.4186040669012112E-04
  0.1713781566416370E+01 -0.1424985204997981E+00  0.4023333133824490E-04
  0.1705610981382731E+01 -0.1344066496809675E+00  0.3829583581629646E-04
  0.1697440396333499E+01 -0.1263058061156663E+00  0.3641371975299315E-04
  0.1689269811269659E+01 -0.1181965306016578E+00  0.3417782971785778E-04
  0.1681099226192191E+01 -0.1100793644996070E+00  0.3114268559334811E-04
  0.1672928641102067E+01 -0.1019548496969404E+00  0.2778490369522233E-04
  0.1664758056000250E+01 -0.9382352857167028E-01  0.2515370483615348E-04
  0.1656587470887701E+01 -0.8568594395618719E-01  0.2386079390351692E-04
  0.1648416885765370E+01 -0.7754263910102077E-01  0.2353553431425075E-04
  0.1640246300634206E+01 -0.6939415763857371E-01  0.2345072554626341E-04
  0.1632075715495151E+01 -0.6124104354682962E-01  0.2330332260158551E-04
  0.1623905130349143E+01 -0.5308384111303818E-01  0.2305055612815801E-04
  0.1615734545197117E+01 -0.4492309489737940E-01  0.2249058896687217E-04
  0.1607563960040004E+01 -0.3675934969660982E-01  0.2124152517362614E-04
  0.1599393374878733E+01 -0.2859315050769285E-01  0.1919967201222389E-04
  0.1591222789714229E+01 -0.2042504249141571E-01  0.1707640583231792E-04
  0.1583052204547419E+01 -0.1225557093599554E-01  0.1576683246599432E-04
  0.1574881619379224E+01 -0.4085281220676868E-02  0.1524093764961903E-04
  0.1566711034210569E+01  0.4085281220676868E-02  0.1474046801818879E-04
  0.1558540449042374E+01  0.1225557093599554E-01  0.1371588987639592E-04
  0.1550369863875564E+01  0.2042504249141571E-01  0.1192874413141447E-04
  0.1542199278711061E+01  0.2859315050769285E-01  0.9318783875823321E-05
  0.1534028693549790E+01  0.3675934969660982E-01  0.6050744926362715E-05
  0.1525858108392677E+01  0.4492309489737940E-01  0.2361628229469553E-05
  0.1517687523240650E+01  0.5308384111303818E-01 -0.1482043896353365E-05
  0.1509516938094642E+01  0.6124104354682962E-01 -0.5180073936892963E-05
  0.1501346352955587E+01  0.6939415763857371E-01 -0.8545117719991248E-05
  0.1493175767824423E+01  0.7754263910102077E-01 -0.1141426193079422E-04
  0.1485005182702093E+01  0.8568594395618719E-01 -0.1343350945525567E-04
  0.1476834597589543E+01  0.9382352857167028E-01 -0.1437112298325222E-04
  0.1468664012487727E+01  0.1019548496969404E+00 -0.1475228224276302E-04
  0.1460493427397602E+01  0.1100793644996070E+00 -0.1561182704542169E-04
  0.1452322842320134E+01  0.1181965306016578E+00 -0.1750223338089629E-04
  0.1444152257256294E+01  0.1263058061156663E+00 -0.2006050021226494E-04
  0.1435981672207062E+01  0.1344066496809675E+00 -0.2248084000502928E-04
  0.1427811087173423E+01  0.1424985204997981E+00 -0.2403865240803288E-04
  0.1419640502156375E+01  0.1505808783733995E+00 -0.2437258679043398E-04
  0.1411469917156921E+01  0.1586531837380799E+00 -0.2355622369842740E-04
  0.1403299332176076E+01  0.1667148977012352E+00 -0.2206290624572402E-04
  0.1395128747214864E+01  0.1747654820773241E+00 -0.2067307797285934E-04
  0.1386958162274323E+01  0.1828043994237966E+00 -0.2011485082926578E-04
  0.1378787577355497E+01  0.1908311130769725E+00 -0.2046182228156535E-04
  0.1370616992459449E+01  0.1988450871878683E+00 -0.2113876724407295E-04
  0.1362446407587248E+01  0.2068457867579697E+00 -0.2176855690527706E-04
  0.1354275822739983E+01  0.2148326776749467E+00 -0.2253270046280186E-04
  0.1346105237918751E+01  0.2228052267483099E+00 -0.2364278028712896E-04
  0.1337934653124670E+01  0.2307629017450062E+00 -0.2516274927738229E-04
  0.1329764068358868E+01  0.2387051714249486E+00 -0.2691118814553650E-04
  0.1321593483622494E+01  0.2466315055764818E+00 -0.2826538269412750E-04
  0.1313422898916710E+01  0.2545413750517773E+00 -0.2890877636879119E-04
  0.1305252314242701E+01  0.2624342518021592E+00 -0.2965240994508773E-04
  0.1297081729601665E+01  0.2703096089133553E+00 -0.3165718839265870E-04
  0.1288911144994824E+01  0.2781669206406729E+00 -0.3494152980016174E-04
  0.1280740560423418E+01  0.2860056624440968E+00 -0.3843328307669235E-04
  0.1272569975888710E+01  0.2938253110233064E+00 -0.4126017687254751E-04
  0.1264399391391984E+01  0.3016253443526109E+00 -0.4303551294799601E-04
  0.1256228806934547E+01  0.3094052417157978E+00 -0.4365220893268092E-04
  0.1248058222517730E+01  0.3171644837408958E+00 -0.4361189129583625E-04
  0.1239887638142892E+01  0.3249025524348469E+00 -0.4393547079736316E-04
  0.1231717053811414E+01  0.3326189312180866E+00 -0.4547279295844611E-04
  0.1223546469524707E+01  0.3403131049590297E+00 -0.4835765690616749E-04
  0.1215375885284210E+01  0.3479845600084601E+00 -0.5174640545255720E-04
  0.1207205301091390E+01  0.3556327842338202E+00 -0.5458016020503465E-04
  0.1199034716947747E+01  0.3632572670534011E+00 -0.5698058841371854E-04
  0.1190864132854811E+01  0.3708574994704271E+00 -0.5981327892972961E-04
  0.1182693548814147E+01  0.3784329741070359E+00 -0.6311085348771119E-04
  0.1174522964827352E+01  0.3859831852381501E+00 -0.6626147458443636E-04
  0.1166352380896063E+01  0.3935076288252386E+00 -0.6896536466711993E-04
  0.1158181797021950E+01  0.4010058025499653E+00 -0.7133741751571127E-04
  0.1150011213206726E+01  0.4084772058477228E+00 -0.7357903922166068E-04
  0.1141840629452141E+01  0.4159213399410494E+00 -0.7575931849722281E-04
  0.1133670045759989E+01  0.4233377078729265E+00 -0.7798296488379556E-04
  0.1125499462132108E+01  0.4307258145399545E+00 -0.8049661586040545E-04
  0.1117328878570381E+01  0.4380851667254050E+00 -0.8334530059228108E-04
  0.1109158295076737E+01  0.4454152731321473E+00 -0.8641545998858665E-04
  0.1100987711653159E+01  0.4527156444154464E+00 -0.8969541689723876E-04
  0.1092817128301675E+01  0.4599857932156304E+00 -0.9346015222170597E-04
  0.1084646545024371E+01  0.4672252341906264E+00 -0.9826707591946010E-04
  0.1076475961823386E+01  0.4744334840483606E+00 -0.1040892265821056E-03
  0.1068305378700920E+01  0.4816100615790221E+00 -0.1096584424496982E-03
  0.1060134795659229E+01  0.4887544876871878E+00 -0.1136475176565470E-03
  0.1051964212700635E+01  0.4958662854238058E+00 -0.1159143625102707E-03
  0.1043793629827524E+01  0.5029449800180356E+00 -0.1171073585172028E-03
  0.1035623047042350E+01  0.5099900989089429E+00 -0.1178561655280005E-03
  0.1027452464347638E+01  0.5170011717770473E+00 -0.1189243083587959E-03
  0.1019281881745987E+01  0.5239777305757194E+00 -0.1211750871406630E-03
  0.1011111299240073E+01  0.5309193095624275E+00 -0.1245768112769995E-03
  0.1002940716832650E+01  0.5378254453298289E+00 -0.1281684565789366E-03
  0.9947701345265596E+00  0.5446956768367068E+00 -0.1315084679860776E-03
  0.9865995523247275E+00  0.5515295454387482E+00 -0.1350595939588359E-03
  0.9784289702301714E+00  0.5583265949191624E+00 -0.1391460786567040E-03
  0.9702583882460036E+00  0.5650863715191369E+00 -0.1433929727836141E-03
  0.9620878063754359E+00  0.5718084239681300E+00 -0.1471520361896720E-03
  0.9539172246217830E+00  0.5784923035139965E+00 -0.1500316143991719E-03
  0.9457466429884676E+00  0.5851375639529456E+00 -0.1520772539843299E-03
  0.9375760614790253E+00  0.5917437616593286E+00 -0.1534724422497671E-03
  0.9294054800971098E+00  0.5983104556152549E+00 -0.1545999693753900E-03
  0.9212348988464978E+00  0.6048372074400329E+00 -0.1563962010175598E-03
  0.9130643177310944E+00  0.6113235814194364E+00 -0.1596613590992495E-03
  0.9048937367549402E+00  0.6177691445347914E+00 -0.1638334060840947E-03
  0.8967231559222163E+00  0.6241734664918837E+00 -0.1675011026198726E-03
  0.8885525752372514E+00  0.6305361197496849E+00 -0.1699907453319527E-03
  0.8803819947045285E+00  0.6368566795488945E+00 -0.1718149501883249E-03
  0.8722114143286931E+00  0.6431347239402948E+00 -0.1737120763811124E-03
  0.8640408341145595E+00  0.6493698338129212E+00 -0.1757015460679182E-03
  0.8558702540671204E+00  0.6555615929220400E+00 -0.1772144005651585E-03
  0.8476996741915547E+00  0.6617095879169366E+00 -0.1778057393615390E-03
  0.8395290944932369E+00  0.6678134083685102E+00 -0.1773048665508332E-03
  0.8313585149777468E+00  0.6738726467966731E+00 -0.1758605991163985E-03
  0.8231879356508802E+00  0.6798868986975534E+00 -0.1738808952303215E-03
  0.8150173565186587E+00  0.6858557625704990E+00 -0.1716756760034744E-03
  0.8068467775873427E+00  0.6917788399448808E+00 -0.1694447634062710E-03
  0.7986761988634423E+00  0.6976557354066943E+00 -0.1675494575524996E-03
  0.7905056203537315E+00  0.7034860566249567E+00 -0.1662176803992208E-03
  0.7823350420652612E+00  0.7092694143778975E+00 -0.1651540095820675E-03
  0.7741644640053743E+00  0.7150054225789432E+00 -0.1639339866276770E-03
  0.7659938861817212E+00  0.7206936983024912E+00 -0.1626764520226545E-03
  0.7578233086022768E+00  0.7263338618094733E+00 -0.1618518571402032E-03
  0.7496527312753575E+00  0.7319255365727068E+00 -0.1618223457525017E-03
  0.7414821542096410E+00  0.7374683493020299E+00 -0.1623957341338453E-03
  0.7333115774141861E+00  0.7429619299692227E+00 -0.1624078864062509E-03
  0.7251410008984539E+00  0.7484059118327094E+00 -0.1603454707780590E-03
  0.7169704246723316E+00  0.7537999314620412E+00 -0.1558762268837313E-03
  0.7087998487461566E+00  0.7591436287621580E+00 -0.1500693568591934E-03
  0.7006292731307425E+00  0.7644366469974285E+00 -0.1443049908059723E-03
  0.6924586978374083E+00  0.7696786328154644E+00 -0.1394293006702427E-03
  0.6842881228780077E+00  0.7748692362707100E+00 -0.1354806809254409E-03
  0.6761175482649616E+00  0.7800081108478040E+00 -0.1318332784500504E-03
  0.6679469740112938E+00  0.7850949134847117E+00 -0.1277872754098432E-03
  0.6597764001306670E+00  0.7901293045956280E+00 -0.1230185216187555E-03
  0.6516058266374236E+00  0.7951109480936471E+00 -0.1178541243447497E-03
  0.6434352535466297E+00  0.8000395114131988E+00 -0.1129194960652783E-03
  0.6352646808741202E+00  0.8049146655322506E+00 -0.1086226336247386E-03
  0.6270941086365502E+00  0.8097360849942720E+00 -0.1051458785802049E-03
  0.6189235368514482E+00  0.8145034479299620E+00 -0.1023026183331085E-03
  0.6107529655372755E+00  0.8192164360787360E+00 -0.9925221301534868E-04
  0.6025823947134890E+00  0.8238747348099726E+00 -0.9522752996528593E-04
  0.5944118244006098E+00  0.8284780331440178E+00 -0.9016466282956855E-04
  0.5862412546202973E+00  0.8330260237729452E+00 -0.8429466893239067E-04
  0.5780706853954301E+00  0.8375184030810715E+00 -0.7754510455385902E-04
  0.5699001167501928E+00  0.8419548711652254E+00 -0.6963946043288000E-04
  0.5617295487101719E+00  0.8463351318547683E+00 -0.6044214257962973E-04
  0.5535589813024583E+00  0.8506588927313666E+00 -0.5014199446885641E-04
  0.5453884145557613E+00  0.8549258651485127E+00 -0.3913940368156636E-04
  0.5372178485005299E+00  0.8591357642507945E+00 -0.2800937031919480E-04
  0.5290472831690897E+00  0.8632883089929120E+00 -0.1726276983790091E-04
  0.5208767185957875E+00  0.8673832221584393E+00 -0.6866383579246097E-05
  0.5127061548171545E+00  0.8714202303783312E+00  0.3644787067256767E-05
  0.5045355918720822E+00  0.8753990641491725E+00  0.1433379771684780E-04
  0.4963650298020162E+00  0.8793194578511700E+00  0.2501359050200003E-04
  0.4881944686511717E+00  0.8831811497658847E+00  0.3575815940843456E-04
  0.4800239084667671E+00  0.8869838820937034E+00  0.4663628035224571E-04
  0.4718533492992859E+00  0.8907274009710492E+00  0.5737350847170529E-04
  0.4636827912027636E+00  0.8944114564873288E+00  0.6779102148078204E-04
  0.4555122342351060E+00  0.8980358027016164E+00  0.7838556450171275E-04
  0.4473416784584431E+00  0.9016001976590722E+00  0.9006158251053039E-04
  0.4391711239395221E+00  0.9051044034070944E+00  0.1027146137902057E-03
  0.4310005707501444E+00  0.9085481860112055E+00  0.1149871235059884E-03
  0.4228300189676551E+00  0.9119313155706682E+00  0.1260504750695947E-03
  0.4146594686754885E+00  0.9152535662338340E+00  0.1365722543878130E-03
  0.4064889199637791E+00  0.9185147162132208E+00  0.1474082684474240E-03
  0.3983183729300507E+00  0.9217145478003181E+00  0.1592585241860608E-03
  0.3901478276799883E+00  0.9248528473801222E+00  0.1731875088849052E-03
  0.3819772843283120E+00  0.9279294054453956E+00  0.1896136287599260E-03
  0.3738067429997641E+00  0.9309440166106540E+00  0.2071480025356484E-03
  0.3656362038302282E+00  0.9338964796258775E+00  0.2238474607018988E-03
  0.3574656669680030E+00  0.9367865973899459E+00  0.2391327530197305E-03
  0.3492951325752533E+00  0.9396141769637963E+00  0.2540348269620976E-03
  0.3411246008296713E+00  0.9423790295833044E+00  0.2697202708013820E-03
  0.3329540719263814E+00  0.9450809706718851E+00  0.2867702756274902E-03
  0.3247835460801308E+00  0.9477198198528157E+00  0.3052524477382244E-03
  0.3166130235278230E+00  0.9502954009612771E+00  0.3247123865340310E-03
  0.3084425045314506E+00  0.9528075420561144E+00  0.3444547024531688E-03
  0.3002719893815085E+00  0.9552560754313160E+00  0.3646082259013542E-03
  0.2921014784009779E+00  0.9576408376272095E+00  0.3858825000792547E-03
  0.2839309719500016E+00  0.9599616694413742E+00  0.4087209521838181E-03
  0.2757604704313845E+00  0.9622184159392698E+00  0.4331530981984690E-03
  0.2675899742971076E+00  0.9644109264645802E+00  0.4589320262576502E-03
  0.2594194840560681E+00  0.9665390546492710E+00  0.4856654702492169E-03
  0.2512490002833307E+00  0.9686026584233628E+00  0.5136609659448192E-03
  0.2430785236312446E+00  0.9706016000244151E+00  0.5435606582246476E-03
  0.2349080548428762E+00  0.9725357460067257E+00  0.5751620953847691E-03
  0.2267375947683499E+00  0.9744049672502397E+00  0.6074889382060927E-03
  0.2185671443848464E+00  0.9762091389691724E+00  0.6401704795597445E-03
  0.2103967048212628E+00  0.9779481407203411E+00  0.6733976255655602E-03
  0.2022262773888417E+00  0.9796218564112101E+00  0.7073590178534589E-03
  0.1940558636195398E+00  0.9812301743076443E+00  0.7419887471593005E-03
  0.1858854653144977E+00  0.9827729870413743E+00  0.7771339641016842E-03
  0.1777150846058812E+00  0.9842501916171713E+00  0.8123997558049108E-03
  0.1695447240365762E+00  0.9856616894197333E+00  0.8472732984395568E-03
  0.1613743866640789E+00  0.9870073862202815E+00  0.8813416517502447E-03
  0.1532040761975885E+00  0.9882871921828699E+00  0.9153720502820226E-03
  0.1450337971813853E+00  0.9895010218704087E+00  0.9509038128211410E-03
  0.1368635552438019E+00  0.9906487942504061E+00  0.9891335946598052E-03
  0.1286933574408989E+00  0.9917304327004320E+00  0.1030248575932745E-02
  0.1205232127396896E+00  0.9927458650133153E+00  0.1074406349410898E-02
  0.1123531327118049E+00  0.9936950234020883E+00  0.1121887196497480E-02
  0.1041831325528455E+00  0.9945778445047068E+00  0.1173060043398830E-02
  0.9601323262085862E-01  0.9953942693885953E+00  0.1228604854250086E-02
  0.8784346083082471E-01  0.9961442435551087E+00  0.1290560709944510E-02
  0.7967385651719167E-01  0.9968277169440913E+00  0.1360991168830138E-02
  0.7150447693306423E-01  0.9974446439389107E+00  0.1442059580546435E-02
  0.6333540875299180E-01  0.9979949833727938E+00  0.1536926204589938E-02
  0.5516678972815772E-01  0.9984786985384589E+00  0.1650488121735909E-02
  0.4699885272846815E-01  0.9988957572063257E+00  0.1787388429289420E-02
  0.3883202470742381E-01  0.9992461316671845E+00  0.1958149214651355E-02
  0.3066718105470672E-01  0.9995297988558859E+00  0.2208159385642999E-02
  0.2250643816359393E-01  0.9997467408113523E+00  0.2659765362319936E-02
  0.1435650599352885E-01  0.9998969471378596E+00  0.3404657618911083E-02
  0.6254421014113626E-02  0.9999804411726474E+00  0.4178417633218178E-02
