# nlmax, ncor, nside =         383           1         128
  0.3135338232575680E+01 -0.9999804411726474E+00 -0.2690387687651995E-03
  0.3127236147596264E+01 -0.9998969471378596E+00 -0.2717297762530126E-03
  0.3119086215426199E+01 -0.9997467408113523E+00 -0.2744148912283155E-03
  0.3110925472535087E+01 -0.9995297988558859E+00 -0.2778637336109172E-03
  0.3102760628882369E+01 -0.9992461316671845E+00 -0.2837205943229230E-03
  0.3094593800861325E+01 -0.9988957572063257E+00 -0.2907516813049222E-03
  0.3086425863861635E+01 -0.9984786985384589E+00 -0.2957747509435720E-03
  0.3078257244836801E+01 -0.9979949833727938E+00 -0.2976884919558508E-03
  0.3070088176656729E+01 -0.9974446439389107E+00 -0.2975248081948709E-03
  0.3061918797072602E+01 -0.9968277169440913E+00 -0.2963475787615219E-03
  0.3053749192758969E+01 -0.9961442435551087E+00 -0.2950549342911537E-03
  0.3045579420968934E+01 -0.9953942693885953E+00 -0.2936032082346054E-03
  0.3037409521036948E+01 -0.9945778445047068E+00 -0.2904915084118107E-03
  0.3029239520877988E+01 -0.9936950234020883E+00 -0.2846798485903159E-03
  0.3021069440850104E+01 -0.9927458650133153E+00 -0.2774449926436954E-03
  0.3012899296148894E+01 -0.9917304327004320E+00 -0.2707871711010940E-03
  0.3004729098345992E+01 -0.9906487942504061E+00 -0.2647222501043399E-03
  0.2996558856408408E+01 -0.9895010218704087E+00 -0.2581623211614089E-03
  0.2988388577392205E+01 -0.9882871921828699E+00 -0.2511617611538763E-03
  0.2980218266925714E+01 -0.9870073862202815E+00 -0.2439560943910777E-03
  0.2972047929553217E+01 -0.9856616894197333E+00 -0.2359008820940601E-03
  0.2963877568983912E+01 -0.9842501916171713E+00 -0.2268065462879047E-03
  0.2955707188275296E+01 -0.9827729870413743E+00 -0.2178942033242030E-03
  0.2947536789970254E+01 -0.9812301743076443E+00 -0.2110012130559333E-03
  0.2939366376200951E+01 -0.9796218564112101E+00 -0.2063982515010835E-03
  0.2931195948768531E+01 -0.9779481407203411E+00 -0.2020268404324046E-03
  0.2923025509204947E+01 -0.9762091389691724E+00 -0.1958249171703156E-03
  0.2914855058821443E+01 -0.9744049672502397E+00 -0.1884814076169882E-03
  0.2906684598746917E+01 -0.9725357460067257E+00 -0.1826161998181254E-03
  0.2898514129958549E+01 -0.9706016000244151E+00 -0.1799561347485789E-03
  0.2890343653306462E+01 -0.9686026584233628E+00 -0.1802394281265927E-03
  0.2882173169533725E+01 -0.9665390546492710E+00 -0.1817476006576386E-03
  0.2874002679292686E+01 -0.9644109264645802E+00 -0.1822485667597685E-03
  0.2865832183158409E+01 -0.9622184159392698E+00 -0.1798168495470009E-03
  0.2857661681639792E+01 -0.9599616694413742E+00 -0.1738607343117902E-03
  0.2849491175188815E+01 -0.9576408376272095E+00 -0.1659936388096474E-03
  0.2841320664208285E+01 -0.9552560754313160E+00 -0.1587599454872529E-03
  0.2833150149058343E+01 -0.9528075420561144E+00 -0.1530172369777671E-03
  0.2824979630061970E+01 -0.9502954009612771E+00 -0.1477004637955470E-03
  0.2816809107509663E+01 -0.9477198198528157E+00 -0.1419390335871677E-03
  0.2808638581663412E+01 -0.9450809706718851E+00 -0.1357304666326546E-03
  0.2800468052760122E+01 -0.9423790295833044E+00 -0.1292477127031072E-03
  0.2792297521014540E+01 -0.9396141769637963E+00 -0.1228674454107658E-03
  0.2784126986621790E+01 -0.9367865973899459E+00 -0.1172717492649433E-03
  0.2775956449759565E+01 -0.9338964796258775E+00 -0.1126315800525569E-03
  0.2767785910590029E+01 -0.9309440166106540E+00 -0.1083683724442385E-03
  0.2759615369261481E+01 -0.9279294054453956E+00 -0.1035541399457968E-03
  0.2751444825909805E+01 -0.9248528473801222E+00 -0.9735696420821501E-04
  0.2743274280659743E+01 -0.9217145478003181E+00 -0.8976260617385839E-04
  0.2735103733626014E+01 -0.9185147162132208E+00 -0.8152055918010189E-04
  0.2726933184914305E+01 -0.9152535662338340E+00 -0.7345409644350511E-04
  0.2718762634622138E+01 -0.9119313155706682E+00 -0.6586305053008453E-04
  0.2710592082839649E+01 -0.9085481860112055E+00 -0.5840618463440371E-04
  0.2702421529650271E+01 -0.9051044034070944E+00 -0.5051616936285786E-04
  0.2694250975131350E+01 -0.9016001976590722E+00 -0.4210553558344781E-04
  0.2686080419354687E+01 -0.8980358027016164E+00 -0.3368148179361661E-04
  0.2677909862387029E+01 -0.8944114564873288E+00 -0.2543399423935078E-04
  0.2669739304290507E+01 -0.8907274009710492E+00 -0.1727313632297934E-04
  0.2661568745123026E+01 -0.8869838820937034E+00 -0.9946030355767873E-05
  0.2653398184938621E+01 -0.8831811497658847E+00 -0.4428808411531904E-05
  0.2645227623787777E+01 -0.8793194578511700E+00 -0.3903720443184631E-06
  0.2637057061717711E+01 -0.8753990641491725E+00  0.3313476620326023E-05
  0.2628886498772639E+01 -0.8714202303783312E+00  0.7351773735311793E-05
  0.2620715934994006E+01 -0.8673832221584393E+00  0.1202124727143158E-04
  0.2612545370420704E+01 -0.8632883089929120E+00  0.1756266242841460E-04
  0.2604374805089263E+01 -0.8591357642507945E+00  0.2373507357105929E-04
  0.2596204239034032E+01 -0.8549258651485127E+00  0.2946737444653888E-04
  0.2588033672287335E+01 -0.8506588927313666E+00  0.3371119987439286E-04
  0.2579863104879621E+01 -0.8463351318547683E+00  0.3693225022376801E-04
  0.2571692536839600E+01 -0.8419548711652254E+00  0.4066264618793921E-04
  0.2563521968194363E+01 -0.8375184030810715E+00  0.4550003377509995E-04
  0.2555351398969496E+01 -0.8330260237729452E+00  0.5089810524342958E-04
  0.2547180829189184E+01 -0.8284780331440178E+00  0.5605775520278556E-04
  0.2539010258876304E+01 -0.8238747348099726E+00  0.6018224211901404E-04
  0.2530839688052518E+01 -0.8192164360787360E+00  0.6306628492155373E-04
  0.2522669116738345E+01 -0.8145034479299620E+00  0.6549748514788164E-04
  0.2514498544953243E+01 -0.8097360849942720E+00  0.6790280892458503E-04
  0.2506327972715673E+01 -0.8049146655322506E+00  0.6943326169000949E-04
  0.2498157400043163E+01 -0.8000395114131988E+00  0.6941514965384422E-04
  0.2489986826952370E+01 -0.7951109480936471E+00  0.6865211076635394E-04
  0.2481816253459126E+01 -0.7901293045956280E+00  0.6849536848215673E-04
  0.2473645679578500E+01 -0.7850949134847117E+00  0.6929838268058642E-04
  0.2465475105324832E+01 -0.7800081108478040E+00  0.7046561002237364E-04
  0.2457304530711785E+01 -0.7748692362707100E+00  0.7154727170077373E-04
  0.2449133955752385E+01 -0.7696786328154644E+00  0.7271676902893118E-04
  0.2440963380459050E+01 -0.7644366469974285E+00  0.7448519963146531E-04
  0.2432792804843637E+01 -0.7591436287621580E+00  0.7685289655994852E-04
  0.2424622228917462E+01 -0.7537999314620412E+00  0.7923340306093447E-04
  0.2416451652691339E+01 -0.7484059118327094E+00  0.8125966054954664E-04
  0.2408281076175607E+01 -0.7429619299692227E+00  0.8294136183619365E-04
  0.2400110499380152E+01 -0.7374683493020299E+00  0.8439495800273043E-04
  0.2391939922314436E+01 -0.7319255365727068E+00  0.8552994253060879E-04
  0.2383769344987516E+01 -0.7263338618094733E+00  0.8589644055405970E-04
  0.2375598767408072E+01 -0.7206936983024912E+00  0.8536360497180293E-04
  0.2367428189584419E+01 -0.7150054225789432E+00  0.8447340364798169E-04
  0.2359257611524532E+01 -0.7092694143778975E+00  0.8374045778876463E-04
  0.2351087033236062E+01 -0.7034860566249567E+00  0.8325033179390324E-04
  0.2342916454726351E+01 -0.6976557354066943E+00  0.8255181285424672E-04
  0.2334745876002450E+01 -0.6917788399448808E+00  0.8087013871108315E-04
  0.2326575297071134E+01 -0.6858557625704990E+00  0.7833456711608784E-04
  0.2318404717938913E+01 -0.6798868986975534E+00  0.7616479452766990E-04
  0.2310234138612046E+01 -0.6738726467966731E+00  0.7505208867233217E-04
  0.2302063559096557E+01 -0.6678134083685102E+00  0.7451721721110811E-04
  0.2293892979398239E+01 -0.6617095879169366E+00  0.7400076316805700E-04
  0.2285722399522673E+01 -0.6555615929220400E+00  0.7350845296872961E-04
  0.2277551819475234E+01 -0.6493698338129212E+00  0.7319304912709332E-04
  0.2269381239261100E+01 -0.6431347239402948E+00  0.7276060818037791E-04
  0.2261210658885265E+01 -0.6368566795488945E+00  0.7166098739656126E-04
  0.2253040078352542E+01 -0.6305361197496849E+00  0.7006993209557359E-04
  0.2244869497667577E+01 -0.6241734664918837E+00  0.6894964051625853E-04
  0.2236698916834853E+01 -0.6177691445347914E+00  0.6887143429602050E-04
  0.2228528335858699E+01 -0.6113235814194364E+00  0.6952863893787004E-04
  0.2220357754743295E+01 -0.6048372074400329E+00  0.7020309042199409E-04
  0.2212187173492683E+01 -0.5983104556152549E+00  0.7028308042315966E-04
  0.2204016592110768E+01 -0.5917437616593286E+00  0.6966466541145609E-04
  0.2195846010601326E+01 -0.5851375639529456E+00  0.6877370926841456E-04
  0.2187675428968010E+01 -0.5784923035139965E+00  0.6798451233979519E-04
  0.2179504847214357E+01 -0.5718084239681300E+00  0.6717118585032462E-04
  0.2171334265343789E+01 -0.5650863715191369E+00  0.6587555194890908E-04
  0.2163163683359622E+01 -0.5583265949191624E+00  0.6390119787236953E-04
  0.2154993101265066E+01 -0.5515295454387482E+00  0.6145456023924776E-04
  0.2146822519063234E+01 -0.5446956768367068E+00  0.5876703684467295E-04
  0.2138651936757143E+01 -0.5378254453298289E+00  0.5573730073214479E-04
  0.2130481354349721E+01 -0.5309193095624275E+00  0.5206176666282073E-04
  0.2122310771843806E+01 -0.5239777305757194E+00  0.4794412308245555E-04
  0.2114140189242155E+01 -0.5170011717770473E+00  0.4433222563311818E-04
  0.2105969606547443E+01 -0.5099900989089429E+00  0.4172528710945170E-04
  0.2097799023762269E+01 -0.5029449800180356E+00  0.3980712445824278E-04
  0.2089628440889158E+01 -0.4958662854238058E+00  0.3863814203648822E-04
  0.2081457857930564E+01 -0.4887544876871878E+00  0.3856280439549622E-04
  0.2073287274888874E+01 -0.4816100615790221E+00  0.3921020880560844E-04
  0.2065116691766407E+01 -0.4744334840483606E+00  0.4002402386457061E-04
  0.2056946108565423E+01 -0.4672252341906264E+00  0.4117273454825839E-04
  0.2048775525288118E+01 -0.4599857932156304E+00  0.4300004719526051E-04
  0.2040604941936635E+01 -0.4527156444154464E+00  0.4503768826882795E-04
  0.2032434358513056E+01 -0.4454152731321473E+00  0.4635140334252879E-04
  0.2024263775019413E+01 -0.4380851667254050E+00  0.4655705274244897E-04
  0.2016093191457685E+01 -0.4307258145399545E+00  0.4590334950586280E-04
  0.2007922607829804E+01 -0.4233377078729265E+00  0.4474748918262598E-04
  0.1999752024137653E+01 -0.4159213399410494E+00  0.4348355411796429E-04
  0.1991581440383068E+01 -0.4084772058477228E+00  0.4232680979291145E-04
  0.1983410856567843E+01 -0.4010058025499653E+00  0.4125910849138725E-04
  0.1975240272693730E+01 -0.3935076288252386E+00  0.4025798166181160E-04
  0.1967069688762441E+01 -0.3859831852381501E+00  0.3934230687088023E-04
  0.1958899104775647E+01 -0.3784329741070359E+00  0.3863961730919625E-04
  0.1950728520734982E+01 -0.3708574994704271E+00  0.3842148984776240E-04
  0.1942557936642046E+01 -0.3632572670534011E+00  0.3882938044076245E-04
  0.1934387352498403E+01 -0.3556327842338202E+00  0.3955368985023716E-04
  0.1926216768305583E+01 -0.3479845600084601E+00  0.4010299410717425E-04
  0.1918046184065086E+01 -0.3403131049590297E+00  0.4066332808165262E-04
  0.1909875599778379E+01 -0.3326189312180866E+00  0.4194453436353969E-04
  0.1901705015446901E+01 -0.3249025524348469E+00  0.4388846555602261E-04
  0.1893534431072063E+01 -0.3171644837408958E+00  0.4527289593098899E-04
  0.1885363846655247E+01 -0.3094052417157978E+00  0.4506755025251728E-04
  0.1877193262197810E+01 -0.3016253443526109E+00  0.4360774413428299E-04
  0.1869022677701083E+01 -0.2938253110233064E+00  0.4185874084630346E-04
  0.1860852093166375E+01 -0.2860056624440968E+00  0.4019125855503065E-04
  0.1852681508594969E+01 -0.2781669206406729E+00  0.3860572120563042E-04
  0.1844510923988128E+01 -0.2703096089133553E+00  0.3730354238691186E-04
  0.1836340339347093E+01 -0.2624342518021592E+00  0.3644740824697210E-04
  0.1828169754673083E+01 -0.2545413750517773E+00  0.3592496603793051E-04
  0.1819999169967299E+01 -0.2466315055764818E+00  0.3567671255173141E-04
  0.1811828585230925E+01 -0.2387051714249486E+00  0.3585869460687670E-04
  0.1803658000465123E+01 -0.2307629017450062E+00  0.3645840578438370E-04
  0.1795487415671042E+01 -0.2228052267483099E+00  0.3695462340998649E-04
  0.1787316830849811E+01 -0.2148326776749467E+00  0.3696093434311383E-04
  0.1779146246002545E+01 -0.2068457867579697E+00  0.3688976662449122E-04
  0.1770975661130345E+01 -0.1988450871878683E+00  0.3728868379955983E-04
  0.1762805076234296E+01 -0.1908311130769725E+00  0.3788287801776911E-04
  0.1754634491315471E+01 -0.1828043994237966E+00  0.3783204834282087E-04
  0.1746463906374929E+01 -0.1747654820773241E+00  0.3683537045402465E-04
  0.1738293321413718E+01 -0.1667148977012352E+00  0.3548227811663938E-04
  0.1730122736432872E+01 -0.1586531837380799E+00  0.3420111878567728E-04
  0.1721952151433418E+01 -0.1505808783733995E+00  0.3264384680212619E-04
  0.1713781566416370E+01 -0.1424985204997981E+00  0.3047667412904536E-04
  0.1705610981382731E+01 -0.1344066496809675E+00  0.2814891285821196E-04
  0.1697440396333499E+01 -0.1263058061156663E+00  0.2608071274392610E-04
  0.1689269811269659E+01 -0.1181965306016578E+00  0.2377348461911609E-04
  0.1681099226192191E+01 -0.1100793644996070E+00  0.2065191156303054E-04
  0.1672928641102067E+01 -0.1019548496969404E+00  0.1717014308431612E-04
  0.1664758056000250E+01 -0.9382352857167028E-01  0.1441427060212079E-04
  0.1656587470887701E+01 -0.8568594395618719E-01  0.1305671672614129E-04
  0.1648416885765370E+01 -0.7754263910102077E-01  0.1277017908372615E-04
  0.1640246300634206E+01 -0.6939415763857371E-01  0.1275167795807652E-04
  0.1632075715495151E+01 -0.6124104354682962E-01  0.1254137185184532E-04
  0.1623905130349143E+01 -0.5308384111303818E-01  0.1204805542944359E-04
  0.1615734545197117E+01 -0.4492309489737940E-01  0.1117765714545632E-04
  0.1607563960040004E+01 -0.3675934969660982E-01  0.9672769035213608E-05
  0.1599393374878733E+01 -0.2859315050769285E-01  0.7486698707946239E-05
  0.1591222789714229E+01 -0.2042504249141571E-01  0.5335524456993412E-05
  0.1583052204547419E+01 -0.1225557093599554E-01  0.4034555357641569E-05
  0.1574881619379224E+01 -0.4085281220676868E-02  0.3476117262888633E-05
  0.1566711034210569E+01  0.4085281220676868E-02  0.2915862371124039E-05
  0.1558540449042374E+01  0.1225557093599554E-01  0.1878871531195043E-05
  0.1550369863875564E+01  0.2042504249141571E-01  0.1017561923026191E-06
  0.1542199278711061E+01  0.2859315050769285E-01 -0.2576545600781889E-05
  0.1534028693549790E+01  0.3675934969660982E-01 -0.6025385623919231E-05
  0.1525858108392677E+01  0.4492309489737940E-01 -0.9925646528067874E-05
  0.1517687523240650E+01  0.5308384111303818E-01 -0.1392809973527348E-04
  0.1509516938094642E+01  0.6124104354682962E-01 -0.1778356739760302E-04
  0.1501346352955587E+01  0.6939415763857371E-01 -0.2142597611677159E-04
  0.1493175767824423E+01  0.7754263910102077E-01 -0.2463070748263681E-04
  0.1485005182702093E+01  0.8568594395618719E-01 -0.2681253616138624E-04
  0.1476834597589543E+01  0.9382352857167028E-01 -0.2759902467648582E-04
  0.1468664012487727E+01  0.1019548496969404E+00 -0.2764090462981716E-04
  0.1460493427397602E+01  0.1100793644996070E+00 -0.2822273715132706E-04
  0.1452322842320134E+01  0.1181965306016578E+00 -0.3002097334314868E-04
  0.1444152257256294E+01  0.1263058061156663E+00 -0.3256010188646009E-04
  0.1435981672207062E+01  0.1344066496809675E+00 -0.3481962156698626E-04
  0.1427811087173423E+01  0.1424985204997981E+00 -0.3594467379291156E-04
  0.1419640502156375E+01  0.1505808783733995E+00 -0.3566318307046086E-04
  0.1411469917156921E+01  0.1586531837380799E+00 -0.3422501180510108E-04
  0.1403299332176076E+01  0.1667148977012352E+00 -0.3216882081132817E-04
  0.1395128747214864E+01  0.1747654820773241E+00 -0.3020459702665386E-04
  0.1386958162274323E+01  0.1828043994237966E+00 -0.2903073464974412E-04
  0.1378787577355497E+01  0.1908311130769725E+00 -0.2886121143781557E-04
  0.1370616992459449E+01  0.1988450871878683E+00 -0.2926957651051858E-04
  0.1362446407587248E+01  0.2068457867579697E+00 -0.2979903402541344E-04
  0.1354275822739983E+01  0.2148326776749467E+00 -0.3052642482029667E-04
  0.1346105237918751E+01  0.2228052267483099E+00 -0.3168987044836482E-04
  0.1337934653124670E+01  0.2307629017450062E+00 -0.3332784251685319E-04
  0.1329764068358868E+01  0.2387051714249486E+00 -0.3516162818665741E-04
  0.1321593483622494E+01  0.2466315055764818E+00 -0.3655138501514163E-04
  0.1313422898916710E+01  0.2545413750517773E+00 -0.3716575764444999E-04
  0.1305252314242701E+01  0.2624342518021592E+00 -0.3775214391093634E-04
  0.1297081729601665E+01  0.2703096089133553E+00 -0.3945685134772036E-04
  0.1288911144994824E+01  0.2781669206406729E+00 -0.4232604617556204E-04
  0.1280740560423418E+01  0.2860056624440968E+00 -0.4534180944444842E-04
  0.1272569975888710E+01  0.2938253110233064E+00 -0.4774994430292098E-04
  0.1264399391391984E+01  0.3016253443526109E+00 -0.4919973575610510E-04
  0.1256228806934547E+01  0.3094052417157978E+00 -0.4951426885670930E-04
  0.1248058222517730E+01  0.3171644837408958E+00 -0.4911210471445972E-04
  0.1239887638142892E+01  0.3249025524348469E+00 -0.4895221537661680E-04
  0.1231717053811414E+01  0.3326189312180866E+00 -0.4987978501484669E-04
  0.1223546469524707E+01  0.3403131049590297E+00 -0.5210423013818181E-04
  0.1215375885284210E+01  0.3479845600084601E+00 -0.5485986471263934E-04
  0.1207205301091390E+01  0.3556327842338202E+00 -0.5716350302134732E-04
  0.1199034716947747E+01  0.3632572670534011E+00 -0.5913513990074323E-04
  0.1190864132854811E+01  0.3708574994704271E+00 -0.6154055848326804E-04
  0.1182693548814147E+01  0.3784329741070359E+00 -0.6434606809750623E-04
  0.1174522964827352E+01  0.3859831852381501E+00 -0.6692678963668655E-04
  0.1166352380896063E+01  0.3935076288252386E+00 -0.6892966935108375E-04
  0.1158181797021950E+01  0.4010058025499653E+00 -0.7048575744754060E-04
  0.1150011213206726E+01  0.4084772058477228E+00 -0.7187919533488413E-04
  0.1141840629452141E+01  0.4159213399410494E+00 -0.7320829128115148E-04
  0.1133670045759989E+01  0.4233377078729265E+00 -0.7456025895743972E-04
  0.1125499462132108E+01  0.4307258145399545E+00 -0.7623540331149125E-04
  0.1117328878570381E+01  0.4380851667254050E+00 -0.7834953290129685E-04
  0.1109158295076737E+01  0.4454152731321473E+00 -0.8081600215167254E-04
  0.1100987711653159E+01  0.4527156444154464E+00 -0.8354718588951613E-04
  0.1092817128301675E+01  0.4599857932156304E+00 -0.8675520611820522E-04
  0.1084646545024371E+01  0.4672252341906264E+00 -0.9101190554182058E-04
  0.1076475961823386E+01  0.4744334840483606E+00 -0.9632945794857497E-04
  0.1068305378700920E+01  0.4816100615790221E+00 -0.1014648783226985E-03
  0.1060134795659229E+01  0.4887544876871878E+00 -0.1051553008751584E-03
  0.1051964212700635E+01  0.4958662854238058E+00 -0.1073289053433850E-03
  0.1043793629827524E+01  0.5029449800180356E+00 -0.1086005230912743E-03
  0.1035623047042350E+01  0.5099900989089429E+00 -0.1094019299217575E-03
  0.1027452464347638E+01  0.5170011717770473E+00 -0.1103374872080379E-03
  0.1019281881745987E+01  0.5239777305757194E+00 -0.1123369495441610E-03
  0.1011111299240073E+01  0.5309193095624275E+00 -0.1155795262949464E-03
  0.1002940716832650E+01  0.5378254453298289E+00 -0.1191590630667441E-03
  0.9947701345265596E+00  0.5446956768367068E+00 -0.1225144308281677E-03
  0.9865995523247275E+00  0.5515295454387482E+00 -0.1260257399756728E-03
  0.9784289702301714E+00  0.5583265949191624E+00 -0.1300873125491972E-03
  0.9702583882460036E+00  0.5650863715191369E+00 -0.1343829578706316E-03
  0.9620878063754359E+00  0.5718084239681300E+00 -0.1382287612078502E-03
  0.9539172246217830E+00  0.5784923035139965E+00 -0.1411448601613680E-03
  0.9457466429884676E+00  0.5851375639529456E+00 -0.1431430228919996E-03
  0.9375760614790253E+00  0.5917437616593286E+00 -0.1444003429863566E-03
  0.9294054800971098E+00  0.5983104556152549E+00 -0.1453053984097544E-03
  0.9212348988464978E+00  0.6048372074400329E+00 -0.1468141676337193E-03
  0.9130643177310944E+00  0.6113235814194364E+00 -0.1498072819667539E-03
  0.9048937367549402E+00  0.6177691445347914E+00 -0.1537973906926016E-03
  0.8967231559222163E+00  0.6241734664918837E+00 -0.1574365260068891E-03
  0.8885525752372514E+00  0.6305361197496849E+00 -0.1600523037128968E-03
  0.8803819947045285E+00  0.6368566795488945E+00 -0.1620694830712512E-03
  0.8722114143286931E+00  0.6431347239402948E+00 -0.1641132913614564E-03
  0.8640408341145595E+00  0.6493698338129212E+00 -0.1662585884802571E-03
  0.8558702540671204E+00  0.6555615929220400E+00 -0.1680284567254718E-03
  0.8476996741915547E+00  0.6617095879169366E+00 -0.1688563624441476E-03
  0.8395290944932369E+00  0.6678134083685102E+00 -0.1683562163401435E-03
  0.8313585149777468E+00  0.6738726467966731E+00 -0.1667263703994442E-03
  0.8231879356508802E+00  0.6798868986975534E+00 -0.1645739260349351E-03
  0.8150173565186587E+00  0.6858557625704990E+00 -0.1622942718780407E-03
  0.8068467775873427E+00  0.6917788399448808E+00 -0.1600633170402943E-03
  0.7986761988634423E+00  0.6976557354066943E+00 -0.1581891003578018E-03
  0.7905056203537315E+00  0.7034860566249567E+00 -0.1568098718543705E-03
  0.7823350420652612E+00  0.7092694143778975E+00 -0.1556422265006174E-03
  0.7741644640053743E+00  0.7150054225789432E+00 -0.1543380345614238E-03
  0.7659938861817212E+00  0.7206936983024912E+00 -0.1530932830045199E-03
  0.7578233086022768E+00  0.7263338618094733E+00 -0.1524169695028758E-03
  0.7496527312753575E+00  0.7319255365727068E+00 -0.1526335276737863E-03
  0.7414821542096410E+00  0.7374683493020299E+00 -0.1533429716916279E-03
  0.7333115774141861E+00  0.7429619299692227E+00 -0.1532682182035124E-03
  0.7251410008984539E+00  0.7484059118327094E+00 -0.1510737870229254E-03
  0.7169704246723316E+00  0.7537999314620412E+00 -0.1466786779153882E-03
  0.7087998487461566E+00  0.7591436287621580E+00 -0.1411224497182497E-03
  0.7006292731307425E+00  0.7644366469974285E+00 -0.1355602496538516E-03
  0.6924586978374083E+00  0.7696786328154644E+00 -0.1306661365523002E-03
  0.6842881228780077E+00  0.7748692362707100E+00 -0.1265523294849837E-03
  0.6761175482649616E+00  0.7800081108478040E+00 -0.1227585313186136E-03
  0.6679469740112938E+00  0.7850949134847117E+00 -0.1186693656835407E-03
  0.6597764001306670E+00  0.7901293045956280E+00 -0.1138905908790099E-03
  0.6516058266374236E+00  0.7951109480936471E+00 -0.1087348757331996E-03
  0.6434352535466297E+00  0.8000395114131988E+00 -0.1039014092989529E-03
  0.6352646808741202E+00  0.8049146655322506E+00 -0.9979503738777952E-04
  0.6270941086365502E+00  0.8097360849942720E+00 -0.9648221008519146E-04
  0.6189235368514482E+00  0.8145034479299620E+00 -0.9378657524071637E-04
  0.6107529655372755E+00  0.8192164360787360E+00 -0.9092668976113157E-04
  0.6025823947134890E+00  0.8238747348099726E+00 -0.8710228250172279E-04
  0.5944118244006098E+00  0.8284780331440178E+00 -0.8217627940689330E-04
  0.5862412546202973E+00  0.8330260237729452E+00 -0.7641327838588910E-04
  0.5780706853954301E+00  0.8375184030810715E+00 -0.6966086896179066E-04
  0.5699001167501928E+00  0.8419548711652254E+00 -0.6145886603792871E-04
  0.5617295487101719E+00  0.8463351318547683E+00 -0.5174431410043141E-04
  0.5535589813024583E+00  0.8506588927313666E+00 -0.4111715359037780E-04
  0.5453884145557613E+00  0.8549258651485127E+00 -0.3016258164895174E-04
  0.5372178485005299E+00  0.8591357642507945E+00 -0.1923111519206640E-04
  0.5290472831690897E+00  0.8632883089929120E+00 -0.8566585078478637E-05
  0.5208767185957875E+00  0.8673832221584393E+00  0.1835195245053911E-05
  0.5127061548171545E+00  0.8714202303783312E+00  0.1230903421571439E-04
  0.5045355918720822E+00  0.8753990641491725E+00  0.2293297333217105E-04
  0.4963650298020162E+00  0.8793194578511700E+00  0.3376452149745049E-04
  0.4881944686511717E+00  0.8831811497658847E+00  0.4499292889492183E-04
  0.4800239084667671E+00  0.8869838820937034E+00  0.5658159041759745E-04
  0.4718533492992859E+00  0.8907274009710492E+00  0.6804830389843730E-04
  0.4636827912027636E+00  0.8944114564873288E+00  0.7898852994077218E-04
  0.4555122342351060E+00  0.8980358027016164E+00  0.8978801402176974E-04
  0.4473416784584431E+00  0.9016001976590722E+00  0.1015238680137635E-03
  0.4391711239395221E+00  0.9051044034070944E+00  0.1143087002525651E-03
  0.4310005707501444E+00  0.9085481860112055E+00  0.1268955089395848E-03
  0.4228300189676551E+00  0.9119313155706682E+00  0.1384195115073105E-03
  0.4146594686754885E+00  0.9152535662338340E+00  0.1494407292622839E-03
  0.4064889199637791E+00  0.9185147162132208E+00  0.1606166033298693E-03
  0.3983183729300507E+00  0.9217145478003181E+00  0.1726758361543151E-03
  0.3901478276799883E+00  0.9248528473801222E+00  0.1869535161388073E-03
  0.3819772843283120E+00  0.9279294054453956E+00  0.2040356690744613E-03
  0.3738067429997641E+00  0.9309440166106540E+00  0.2223622036759931E-03
  0.3656362038302282E+00  0.9338964796258775E+00  0.2399318561447779E-03
  0.3574656669680030E+00  0.9367865973899459E+00  0.2562363853051978E-03
  0.3492951325752533E+00  0.9396141769637963E+00  0.2722308157885627E-03
  0.3411246008296713E+00  0.9423790295833044E+00  0.2887436350483830E-03
  0.3329540719263814E+00  0.9450809706718851E+00  0.3063302818239406E-03
  0.3247835460801308E+00  0.9477198198528157E+00  0.3253226245265448E-03
  0.3166130235278230E+00  0.9502954009612771E+00  0.3454107708638340E-03
  0.3084425045314506E+00  0.9528075420561144E+00  0.3656740954158993E-03
  0.3002719893815085E+00  0.9552560754313160E+00  0.3861157945175613E-03
  0.2921014784009779E+00  0.9576408376272095E+00  0.4074755741468476E-03
  0.2839309719500016E+00  0.9599616694413742E+00  0.4301957942560539E-03
  0.2757604704313845E+00  0.9622184159392698E+00  0.4542327572238354E-03
  0.2675899742971076E+00  0.9644109264645802E+00  0.4795211415392052E-03
  0.2594194840560681E+00  0.9665390546492710E+00  0.5058274864735696E-03
  0.2512490002833307E+00  0.9686026584233628E+00  0.5335498304154205E-03
  0.2430785236312446E+00  0.9706016000244151E+00  0.5632734241452471E-03
  0.2349080548428762E+00  0.9725357460067257E+00  0.5947173392068060E-03
  0.2267375947683499E+00  0.9744049672502397E+00  0.6266136290722621E-03
  0.2185671443848464E+00  0.9762091389691724E+00  0.6585495242671090E-03
  0.2103967048212628E+00  0.9779481407203411E+00  0.6910707517888936E-03
  0.2022262773888417E+00  0.9796218564112101E+00  0.7249005025294420E-03
  0.1940558636195398E+00  0.9812301743076443E+00  0.7597351948833422E-03
  0.1858854653144977E+00  0.9827729870413743E+00  0.7947833287088583E-03
  0.1777150846058812E+00  0.9842501916171713E+00  0.8293327068346614E-03
  0.1695447240365762E+00  0.9856616894197333E+00  0.8632534422778741E-03
  0.1613743866640789E+00  0.9870073862202815E+00  0.8963670721409693E-03
  0.1532040761975885E+00  0.9882871921828699E+00  0.9296353663491363E-03
  0.1450337971813853E+00  0.9895010218704087E+00  0.9646062419378671E-03
  0.1368635552438019E+00  0.9906487942504061E+00  0.1002439397651945E-02
  0.1286933574408989E+00  0.9917304327004320E+00  0.1043052211007075E-02
  0.1205232127396896E+00  0.9927458650133153E+00  0.1086766619766636E-02
  0.1123531327118049E+00  0.9936950234020883E+00  0.1133987957486906E-02
  0.1041831325528455E+00  0.9945778445047068E+00  0.1185191482942983E-02
  0.9601323262085862E-01  0.9953942693885953E+00  0.1240672544969372E-02
  0.8784346083082471E-01  0.9961442435551087E+00  0.1302458472499962E-02
  0.7967385651719167E-01  0.9968277169440913E+00  0.1372789459990253E-02
  0.7150447693306423E-01  0.9974446439389107E+00  0.1454363484579383E-02
  0.6333540875299180E-01  0.9979949833727938E+00  0.1549895619013206E-02
  0.5516678972815772E-01  0.9984786985384589E+00  0.1664361626026904E-02
  0.4699885272846815E-01  0.9988957572063257E+00  0.1802295281971382E-02
  0.3883202470742381E-01  0.9992461316671845E+00  0.1974364417164122E-02
  0.3066718105470672E-01  0.9995297988558859E+00  0.2225500119904040E-02
  0.2250643816359393E-01  0.9997467408113523E+00  0.2682120097292218E-02
  0.1435650599352885E-01  0.9998969471378596E+00  0.3440750154620500E-02
  0.6254421014113626E-02  0.9999804411726474E+00  0.4236066473794311E-02
