# nlmax, ncor, nside =         383           1         128
  0.3135338232575680E+01 -0.9999804411726474E+00 -0.1541009652036463E+03
  0.3127236147596264E+01 -0.9998969471378596E+00 -0.1506404301339032E+03
  0.3119086215426199E+01 -0.9997467408113523E+00 -0.1469881326972918E+03
  0.3110925472535087E+01 -0.9995297988558859E+00 -0.1452354433940624E+03
  0.3102760628882369E+01 -0.9992461316671845E+00 -0.1465029069362681E+03
  0.3094593800861325E+01 -0.9988957572063257E+00 -0.1503735547434990E+03
  0.3086425863861635E+01 -0.9984786985384589E+00 -0.1554060967240171E+03
  0.3078257244836801E+01 -0.9979949833727938E+00 -0.1601314832649003E+03
  0.3070088176656729E+01 -0.9974446439389107E+00 -0.1645701524620287E+03
  0.3061918797072602E+01 -0.9968277169440913E+00 -0.1677882451002547E+03
  0.3053749192758969E+01 -0.9961442435551087E+00 -0.1674543811783113E+03
  0.3045579420968934E+01 -0.9953942693885953E+00 -0.1624557178114949E+03
  0.3037409521036948E+01 -0.9945778445047068E+00 -0.1538643148728670E+03
  0.3029239520877988E+01 -0.9936950234020883E+00 -0.1428225330629024E+03
  0.3021069440850104E+01 -0.9927458650133153E+00 -0.1308266957259709E+03
  0.3012899296148894E+01 -0.9917304327004320E+00 -0.1199958750723343E+03
  0.3004729098345992E+01 -0.9906487942504061E+00 -0.1110756428863345E+03
  0.2996558856408408E+01 -0.9895010218704087E+00 -0.1031159750175848E+03
  0.2988388577392205E+01 -0.9882871921828699E+00 -0.9436184242820283E+02
  0.2980218266925714E+01 -0.9870073862202815E+00 -0.8390496378228541E+02
  0.2972047929553217E+01 -0.9856616894197333E+00 -0.7273823624649305E+02
  0.2963877568983912E+01 -0.9842501916171713E+00 -0.6244822921043113E+02
  0.2955707188275296E+01 -0.9827729870413743E+00 -0.5324632322423627E+02
  0.2947536789970254E+01 -0.9812301743076443E+00 -0.4538832402735532E+02
  0.2939366376200951E+01 -0.9796218564112101E+00 -0.3863447504279424E+02
  0.2931195948768531E+01 -0.9779481407203411E+00 -0.3107011209137234E+02
  0.2923025509204947E+01 -0.9762091389691724E+00 -0.2081784563092914E+02
  0.2914855058821443E+01 -0.9744049672502397E+00 -0.9189169404666005E+01
  0.2906684598746917E+01 -0.9725357460067257E+00  0.1473974530438847E+00
  0.2898514129958549E+01 -0.9706016000244151E+00  0.3866783502729789E+01
  0.2890343653306462E+01 -0.9686026584233628E+00  0.2336604846944889E+01
  0.2882173169533725E+01 -0.9665390546492710E+00 -0.8918225635534467E+00
  0.2874002679292686E+01 -0.9644109264645802E+00 -0.2350615153067409E+01
  0.2865832183158409E+01 -0.9622184159392698E+00 -0.1265384337373582E+00
  0.2857661681639792E+01 -0.9599616694413742E+00  0.5524678804879453E+01
  0.2849491175188815E+01 -0.9576408376272095E+00  0.1222798083176104E+02
  0.2841320664208285E+01 -0.9552560754313160E+00  0.1801604016057296E+02
  0.2833150149058343E+01 -0.9528075420561144E+00  0.2219974113640137E+02
  0.2824979630061970E+01 -0.9502954009612771E+00  0.2518692518216089E+02
  0.2816809107509663E+01 -0.9477198198528157E+00  0.2731481324711279E+02
  0.2808638581663412E+01 -0.9450809706718851E+00  0.2866513829463035E+02
  0.2800468052760122E+01 -0.9423790295833044E+00  0.2849123741413101E+02
  0.2792297521014540E+01 -0.9396141769637963E+00  0.2624286528183115E+02
  0.2784126986621790E+01 -0.9367865973899459E+00  0.2322678172142206E+02
  0.2775956449759565E+01 -0.9338964796258775E+00  0.2163277877788110E+02
  0.2767785910590029E+01 -0.9309440166106540E+00  0.2230441910921681E+02
  0.2759615369261481E+01 -0.9279294054453956E+00  0.2458572413268488E+02
  0.2751444825909805E+01 -0.9248528473801222E+00  0.2723435068801985E+02
  0.2743274280659743E+01 -0.9217145478003181E+00  0.2907492402662107E+02
  0.2735103733626014E+01 -0.9185147162132208E+00  0.2962082497312446E+02
  0.2726933184914305E+01 -0.9152535662338340E+00  0.2973072975757224E+02
  0.2718762634622138E+01 -0.9119313155706682E+00  0.2995744442993155E+02
  0.2710592082839649E+01 -0.9085481860112055E+00  0.3053282992011386E+02
  0.2702421529650271E+01 -0.9051044034070944E+00  0.3183536077669561E+02
  0.2694250975131350E+01 -0.9016001976590722E+00  0.3389900701648300E+02
  0.2686080419354687E+01 -0.8980358027016164E+00  0.3635080353516297E+02
  0.2677909862387029E+01 -0.8944114564873288E+00  0.3887866685640950E+02
  0.2669739304290507E+01 -0.8907274009710492E+00  0.4118587955307623E+02
  0.2661568745123026E+01 -0.8869838820937034E+00  0.4267049132870204E+02
  0.2653398184938621E+01 -0.8831811497658847E+00  0.4262271632644784E+02
  0.2645227623787777E+01 -0.8793194578511700E+00  0.4138798837120852E+02
  0.2637057061717711E+01 -0.8753990641491725E+00  0.3964622661664014E+02
  0.2628886498772639E+01 -0.8714202303783312E+00  0.3727620178495651E+02
  0.2620715934994006E+01 -0.8673832221584393E+00  0.3484108971687677E+02
  0.2612545370420704E+01 -0.8632883089929120E+00  0.3365513772724201E+02
  0.2604374805089263E+01 -0.8591357642507945E+00  0.3378311260427848E+02
  0.2596204239034032E+01 -0.8549258651485127E+00  0.3383578521523700E+02
  0.2588033672287335E+01 -0.8506588927313666E+00  0.3247958965213289E+02
  0.2579863104879621E+01 -0.8463351318547683E+00  0.2991449365221705E+02
  0.2571692536839600E+01 -0.8419548711652254E+00  0.2851858635397467E+02
  0.2563521968194363E+01 -0.8375184030810715E+00  0.2979175393112122E+02
  0.2555351398969496E+01 -0.8330260237729452E+00  0.3252785954897060E+02
  0.2547180829189184E+01 -0.8284780331440178E+00  0.3466282208502369E+02
  0.2539010258876304E+01 -0.8238747348099726E+00  0.3508504815198178E+02
  0.2530839688052518E+01 -0.8192164360787360E+00  0.3374621551711831E+02
  0.2522669116738345E+01 -0.8145034479299620E+00  0.3180774210633370E+02
  0.2514498544953243E+01 -0.8097360849942720E+00  0.2962403928145088E+02
  0.2506327972715673E+01 -0.8049146655322506E+00  0.2625354787919749E+02
  0.2498157400043163E+01 -0.8000395114131988E+00  0.2134542695338288E+02
  0.2489986826952370E+01 -0.7951109480936471E+00  0.1602806394892937E+02
  0.2481816253459126E+01 -0.7901293045956280E+00  0.1183562062267770E+02
  0.2473645679578500E+01 -0.7850949134847117E+00  0.9179555862318127E+01
  0.2465475105324832E+01 -0.7800081108478040E+00  0.7232958411703950E+01
  0.2457304530711785E+01 -0.7748692362707100E+00  0.5392217361198504E+01
  0.2449133955752385E+01 -0.7696786328154644E+00  0.3655232043912663E+01
  0.2440963380459050E+01 -0.7644366469974285E+00  0.2917559538920576E+01
  0.2432792804843637E+01 -0.7591436287621580E+00  0.4325930455491311E+01
  0.2424622228917462E+01 -0.7537999314620412E+00  0.7667956306883700E+01
  0.2416451652691339E+01 -0.7484059118327094E+00  0.1144820508898774E+02
  0.2408281076175607E+01 -0.7429619299692227E+00  0.1469098317902992E+02
  0.2400110499380152E+01 -0.7374683493020299E+00  0.1714471034553207E+02
  0.2391939922314436E+01 -0.7319255365727068E+00  0.1882393364154003E+02
  0.2383769344987516E+01 -0.7263338618094733E+00  0.1942925972088520E+02
  0.2375598767408072E+01 -0.7206936983024912E+00  0.1903859658799486E+02
  0.2367428189584419E+01 -0.7150054225789432E+00  0.1865093502612896E+02
  0.2359257611524532E+01 -0.7092694143778975E+00  0.1882275933234376E+02
  0.2351087033236062E+01 -0.7034860566249567E+00  0.1917961930722116E+02
  0.2342916454726351E+01 -0.6976557354066943E+00  0.1927407446697799E+02
  0.2334745876002450E+01 -0.6917788399448808E+00  0.1894708977488176E+02
  0.2326575297071134E+01 -0.6858557625704990E+00  0.1875020183440232E+02
  0.2318404717938913E+01 -0.6798868986975534E+00  0.1984124648136288E+02
  0.2310234138612046E+01 -0.6738726467966731E+00  0.2272242576548020E+02
  0.2302063559096557E+01 -0.6678134083685102E+00  0.2628885911473396E+02
  0.2293892979398239E+01 -0.6617095879169366E+00  0.2904799306894860E+02
  0.2285722399522673E+01 -0.6555615929220400E+00  0.3077096897730728E+02
  0.2277551819475234E+01 -0.6493698338129212E+00  0.3201284966226714E+02
  0.2269381239261100E+01 -0.6431347239402948E+00  0.3238989603375711E+02
  0.2261210658885265E+01 -0.6368566795488945E+00  0.3134804659666494E+02
  0.2253040078352542E+01 -0.6305361197496849E+00  0.2968675183612394E+02
  0.2244869497667577E+01 -0.6241734664918837E+00  0.2881657438046842E+02
  0.2236698916834853E+01 -0.6177691445347914E+00  0.2938850727422854E+02
  0.2228528335858699E+01 -0.6113235814194364E+00  0.3127017606447673E+02
  0.2220357754743295E+01 -0.6048372074400329E+00  0.3304897964488113E+02
  0.2212187173492683E+01 -0.5983104556152549E+00  0.3322577065290693E+02
  0.2204016592110768E+01 -0.5917437616593286E+00  0.3210862856359374E+02
  0.2195846010601326E+01 -0.5851375639529456E+00  0.3136339544403163E+02
  0.2187675428968010E+01 -0.5784923035139965E+00  0.3187502764498304E+02
  0.2179504847214357E+01 -0.5718084239681300E+00  0.3271343459338351E+02
  0.2171334265343789E+01 -0.5650863715191369E+00  0.3232263885269938E+02
  0.2163163683359622E+01 -0.5583265949191624E+00  0.3050137688505702E+02
  0.2154993101265066E+01 -0.5515295454387482E+00  0.2809589139712951E+02
  0.2146822519063234E+01 -0.5446956768367068E+00  0.2602644174208961E+02
  0.2138651936757143E+01 -0.5378254453298289E+00  0.2398469194473029E+02
  0.2130481354349721E+01 -0.5309193095624275E+00  0.2079948165476941E+02
  0.2122310771843806E+01 -0.5239777305757194E+00  0.1574294324541410E+02
  0.2114140189242155E+01 -0.5170011717770473E+00  0.9306803352412562E+01
  0.2105969606547443E+01 -0.5099900989089429E+00  0.2451924930482297E+01
  0.2097799023762269E+01 -0.5029449800180356E+00 -0.4264626111994545E+01
  0.2089628440889158E+01 -0.4958662854238058E+00 -0.1002217897673529E+02
  0.2081457857930564E+01 -0.4887544876871878E+00 -0.1400090172831380E+02
  0.2073287274888874E+01 -0.4816100615790221E+00 -0.1670504802219403E+02
  0.2065116691766407E+01 -0.4744334840483606E+00 -0.1912776900224780E+02
  0.2056946108565423E+01 -0.4672252341906264E+00 -0.2150358446241535E+02
  0.2048775525288118E+01 -0.4599857932156304E+00 -0.2302606711308895E+02
  0.2040604941936635E+01 -0.4527156444154464E+00 -0.2360177585299898E+02
  0.2032434358513056E+01 -0.4454152731321473E+00 -0.2451415665844591E+02
  0.2024263775019413E+01 -0.4380851667254050E+00 -0.2665487235336557E+02
  0.2016093191457685E+01 -0.4307258145399545E+00 -0.2938984522761277E+02
  0.2007922607829804E+01 -0.4233377078729265E+00 -0.3184277160801117E+02
  0.1999752024137653E+01 -0.4159213399410494E+00 -0.3384494758278116E+02
  0.1991581440383068E+01 -0.4084772058477228E+00 -0.3586926836967557E+02
  0.1983410856567843E+01 -0.4010058025499653E+00 -0.3783435960330070E+02
  0.1975240272693730E+01 -0.3935076288252386E+00 -0.3920091641483894E+02
  0.1967069688762441E+01 -0.3859831852381501E+00 -0.3994731481353710E+02
  0.1958899104775647E+01 -0.3784329741070359E+00 -0.4055663046222552E+02
  0.1950728520734982E+01 -0.3708574994704271E+00 -0.4108690789210879E+02
  0.1942557936642046E+01 -0.3632572670534011E+00 -0.4104102724556791E+02
  0.1934387352498403E+01 -0.3556327842338202E+00 -0.3995899126850922E+02
  0.1926216768305583E+01 -0.3479845600084601E+00 -0.3787894472506893E+02
  0.1918046184065086E+01 -0.3403131049590297E+00 -0.3502726593937607E+02
  0.1909875599778379E+01 -0.3326189312180866E+00 -0.3183926703514788E+02
  0.1901705015446901E+01 -0.3249025524348469E+00 -0.2887199934767994E+02
  0.1893534431072063E+01 -0.3171644837408958E+00 -0.2697281742737153E+02
  0.1885363846655247E+01 -0.3094052417157978E+00 -0.2654462172752250E+02
  0.1877193262197810E+01 -0.3016253443526109E+00 -0.2677474334017828E+02
  0.1869022677701083E+01 -0.2938253110233064E+00 -0.2648526833097674E+02
  0.1860852093166375E+01 -0.2860056624440968E+00 -0.2567946157668698E+02
  0.1852681508594969E+01 -0.2781669206406729E+00 -0.2474931198949761E+02
  0.1844510923988128E+01 -0.2703096089133553E+00 -0.2374763502234808E+02
  0.1836340339347093E+01 -0.2624342518021592E+00 -0.2226165095344157E+02
  0.1828169754673083E+01 -0.2545413750517773E+00 -0.2014898889383815E+02
  0.1819999169967299E+01 -0.2466315055764818E+00 -0.1788875960187117E+02
  0.1811828585230925E+01 -0.2387051714249486E+00 -0.1615907861378626E+02
  0.1803658000465123E+01 -0.2307629017450062E+00 -0.1517952029779945E+02
  0.1795487415671042E+01 -0.2228052267483099E+00 -0.1471618598397533E+02
  0.1787316830849811E+01 -0.2148326776749467E+00 -0.1409510691348508E+02
  0.1779146246002545E+01 -0.2068457867579697E+00 -0.1265587979954588E+02
  0.1770975661130345E+01 -0.1988450871878683E+00 -0.1011793144466213E+02
  0.1762805076234296E+01 -0.1908311130769725E+00 -0.7150833483074945E+01
  0.1754634491315471E+01 -0.1828043994237966E+00 -0.4624769529667064E+01
  0.1746463906374929E+01 -0.1747654820773241E+00 -0.3048217846839316E+01
  0.1738293321413718E+01 -0.1667148977012352E+00 -0.2052008808950802E+01
  0.1730122736432872E+01 -0.1586531837380799E+00 -0.9986321620718823E+00
  0.1721952151433418E+01 -0.1505808783733995E+00  0.4312336393875683E+00
  0.1713781566416370E+01 -0.1424985204997981E+00  0.2080565846602866E+01
  0.1705610981382731E+01 -0.1344066496809675E+00  0.3786417593758368E+01
  0.1697440396333499E+01 -0.1263058061156663E+00  0.4937470718218371E+01
  0.1689269811269659E+01 -0.1181965306016578E+00  0.4787928888853863E+01
  0.1681099226192191E+01 -0.1100793644996070E+00  0.3602680791062933E+01
  0.1672928641102067E+01 -0.1019548496969404E+00  0.2739069772909791E+01
  0.1664758056000250E+01 -0.9382352857167028E-01  0.3141792274876830E+01
  0.1656587470887701E+01 -0.8568594395618719E-01  0.5122587582782758E+01
  0.1648416885765370E+01 -0.7754263910102077E-01  0.8441156740640343E+01
  0.1640246300634206E+01 -0.6939415763857371E-01  0.1229444188645404E+02
  0.1632075715495151E+01 -0.6124104354682962E-01  0.1559876739956841E+02
  0.1623905130349143E+01 -0.5308384111303818E-01  0.1758287493173600E+02
  0.1615734545197117E+01 -0.4492309489737940E-01  0.1789390318551716E+02
  0.1607563960040004E+01 -0.3675934969660982E-01  0.1704238044368924E+02
  0.1599393374878733E+01 -0.2859315050769285E-01  0.1584599354832642E+02
  0.1591222789714229E+01 -0.2042504249141571E-01  0.1533508751855573E+02
  0.1583052204547419E+01 -0.1225557093599554E-01  0.1634477071768289E+02
  0.1574881619379224E+01 -0.4085281220676868E-02  0.1864313975223858E+02
  0.1566711034210569E+01  0.4085281220676868E-02  0.2095618981290775E+02
  0.1558540449042374E+01  0.1225557093599554E-01  0.2265239914242706E+02
  0.1550369863875564E+01  0.2042504249141571E-01  0.2394570557919552E+02
  0.1542199278711061E+01  0.2859315050769285E-01  0.2487106896942722E+02
  0.1534028693549790E+01  0.3675934969660982E-01  0.2501622959860189E+02
  0.1525858108392677E+01  0.4492309489737940E-01  0.2439891148943791E+02
  0.1517687523240650E+01  0.5308384111303818E-01  0.2342674787279443E+02
  0.1509516938094642E+01  0.6124104354682962E-01  0.2267550984873657E+02
  0.1501346352955587E+01  0.6939415763857371E-01  0.2196747677950949E+02
  0.1493175767824423E+01  0.7754263910102077E-01  0.2120674762171019E+02
  0.1485005182702093E+01  0.8568594395618719E-01  0.2112196278652332E+02
  0.1476834597589543E+01  0.9382352857167028E-01  0.2251587067441664E+02
  0.1468664012487727E+01  0.1019548496969404E+00  0.2442220660155476E+02
  0.1460493427397602E+01  0.1100793644996070E+00  0.2532776148939892E+02
  0.1452322842320134E+01  0.1181965306016578E+00  0.2493645847838139E+02
  0.1444152257256294E+01  0.1263058061156663E+00  0.2386245432163427E+02
  0.1435981672207062E+01  0.1344066496809675E+00  0.2251639301957609E+02
  0.1427811087173423E+01  0.1424985204997981E+00  0.2140432441242797E+02
  0.1419640502156375E+01  0.1505808783733995E+00  0.2142319336412407E+02
  0.1411469917156921E+01  0.1586531837380799E+00  0.2335278571995650E+02
  0.1403299332176076E+01  0.1667148977012352E+00  0.2633077090300486E+02
  0.1395128747214864E+01  0.1747654820773241E+00  0.2844530337170020E+02
  0.1386958162274323E+01  0.1828043994237966E+00  0.2850320317270441E+02
  0.1378787577355497E+01  0.1908311130769725E+00  0.2716538786448179E+02
  0.1370616992459449E+01  0.1988450871878683E+00  0.2594019462099097E+02
  0.1362446407587248E+01  0.2068457867579697E+00  0.2558422809986425E+02
  0.1354275822739983E+01  0.2148326776749467E+00  0.2556869690774346E+02
  0.1346105237918751E+01  0.2228052267483099E+00  0.2544541044937333E+02
  0.1337934653124670E+01  0.2307629017450062E+00  0.2447068210755991E+02
  0.1329764068358868E+01  0.2387051714249486E+00  0.2214189693663799E+02
  0.1321593483622494E+01  0.2466315055764818E+00  0.1906864044115145E+02
  0.1313422898916710E+01  0.2545413750517773E+00  0.1671511824044946E+02
  0.1305252314242701E+01  0.2624342518021592E+00  0.1518076511569361E+02
  0.1297081729601665E+01  0.2703096089133553E+00  0.1306608457999543E+02
  0.1288911144994824E+01  0.2781669206406729E+00  0.9525903260135687E+01
  0.1280740560423418E+01  0.2860056624440968E+00  0.5626982458227839E+01
  0.1272569975888710E+01  0.2938253110233064E+00  0.2721708645649444E+01
  0.1264399391391984E+01  0.3016253443526109E+00  0.1515681591085534E+01
  0.1256228806934547E+01  0.3094052417157978E+00  0.1752424991829869E+01
  0.1248058222517730E+01  0.3171644837408958E+00  0.2347022817671168E+01
  0.1239887638142892E+01  0.3249025524348469E+00  0.2170110651690722E+01
  0.1231717053811414E+01  0.3326189312180866E+00  0.1157075813979201E+01
  0.1223546469524707E+01  0.3403131049590297E+00 -0.5052610948044185E+00
  0.1215375885284210E+01  0.3479845600084601E+00 -0.2664741001079680E+01
  0.1207205301091390E+01  0.3556327842338202E+00 -0.4587163113522328E+01
  0.1199034716947747E+01  0.3632572670534011E+00 -0.6204366774746166E+01
  0.1190864132854811E+01  0.3708574994704271E+00 -0.8332664532861214E+01
  0.1182693548814147E+01  0.3784329741070359E+00 -0.1089105442498610E+02
  0.1174522964827352E+01  0.3859831852381501E+00 -0.1356183957573196E+02
  0.1166352380896063E+01  0.3935076288252386E+00 -0.1649683865203221E+02
  0.1158181797021950E+01  0.4010058025499653E+00 -0.1972081826378563E+02
  0.1150011213206726E+01  0.4084772058477228E+00 -0.2284594850341628E+02
  0.1141840629452141E+01  0.4159213399410494E+00 -0.2583598778177144E+02
  0.1133670045759989E+01  0.4233377078729265E+00 -0.2920070884009356E+02
  0.1125499462132108E+01  0.4307258145399545E+00 -0.3363860557924874E+02
  0.1117328878570381E+01  0.4380851667254050E+00 -0.3922725164003005E+02
  0.1109158295076737E+01  0.4454152731321473E+00 -0.4501798176393051E+02
  0.1100987711653159E+01  0.4527156444154464E+00 -0.4984742044507726E+02
  0.1092817128301675E+01  0.4599857932156304E+00 -0.5406814914211028E+02
  0.1084646545024371E+01  0.4672252341906264E+00 -0.5907027944018008E+02
  0.1076475961823386E+01  0.4744334840483606E+00 -0.6565141778427027E+02
  0.1068305378700920E+01  0.4816100615790221E+00 -0.7261253738543819E+02
  0.1060134795659229E+01  0.4887544876871878E+00 -0.7804560972744542E+02
  0.1051964212700635E+01  0.4958662854238058E+00 -0.8105749323586404E+02
  0.1043793629827524E+01  0.5029449800180356E+00 -0.8207087140091454E+02
  0.1035623047042350E+01  0.5099900989089429E+00 -0.8188457490642531E+02
  0.1027452464347638E+01  0.5170011717770473E+00 -0.8238569304153147E+02
  0.1019281881745987E+01  0.5239777305757194E+00 -0.8537619645648908E+02
  0.1011111299240073E+01  0.5309193095624275E+00 -0.9051758310490389E+02
  0.1002940716832650E+01  0.5378254453298289E+00 -0.9579061450513254E+02
  0.9947701345265596E+00  0.5446956768367068E+00 -0.1000846019072999E+03
  0.9865995523247275E+00  0.5515295454387482E+00 -0.1037617144183168E+03
  0.9784289702301714E+00  0.5583265949191624E+00 -0.1077611404359353E+03
  0.9702583882460036E+00  0.5650863715191369E+00 -0.1117415598344430E+03
  0.9620878063754359E+00  0.5718084239681300E+00 -0.1145367004027824E+03
  0.9539172246217830E+00  0.5784923035139965E+00 -0.1155406445641840E+03
  0.9457466429884676E+00  0.5851375639529456E+00 -0.1157155234631916E+03
  0.9375760614790253E+00  0.5917437616593286E+00 -0.1156163088788431E+03
  0.9294054800971098E+00  0.5983104556152549E+00 -0.1152908535524091E+03
  0.9212348988464978E+00  0.6048372074400329E+00 -0.1152123060449836E+03
  0.9130643177310944E+00  0.6113235814194364E+00 -0.1163716628425622E+03
  0.9048937367549402E+00  0.6177691445347914E+00 -0.1181016873995179E+03
  0.8967231559222163E+00  0.6241734664918837E+00 -0.1186972074606720E+03
  0.8885525752372514E+00  0.6305361197496849E+00 -0.1172787150666379E+03
  0.8803819947045285E+00  0.6368566795488945E+00 -0.1152413278042433E+03
  0.8722114143286931E+00  0.6431347239402948E+00 -0.1142716917925046E+03
  0.8640408341145595E+00  0.6493698338129212E+00 -0.1151480172545447E+03
  0.8558702540671204E+00  0.6555615929220400E+00 -0.1166109107981769E+03
  0.8476996741915547E+00  0.6617095879169366E+00 -0.1170533727672095E+03
  0.8395290944932369E+00  0.6678134083685102E+00 -0.1159980916994563E+03
  0.8313585149777468E+00  0.6738726467966731E+00 -0.1143188507797095E+03
  0.8231879356508802E+00  0.6798868986975534E+00 -0.1125905903463301E+03
  0.8150173565186587E+00  0.6858557625704990E+00 -0.1111473713692522E+03
  0.8068467775873427E+00  0.6917788399448808E+00 -0.1097946630478030E+03
  0.7986761988634423E+00  0.6976557354066943E+00 -0.1085199393314850E+03
  0.7905056203537315E+00  0.7034860566249567E+00 -0.1073155164531977E+03
  0.7823350420652612E+00  0.7092694143778975E+00 -0.1065961139723943E+03
  0.7741644640053743E+00  0.7150054225789432E+00 -0.1058744045939742E+03
  0.7659938861817212E+00  0.7206936983024912E+00 -0.1051580172355818E+03
  0.7578233086022768E+00  0.7263338618094733E+00 -0.1052788073929914E+03
  0.7496527312753575E+00  0.7319255365727068E+00 -0.1071980200071963E+03
  0.7414821542096410E+00  0.7374683493020299E+00 -0.1107944868106436E+03
  0.7333115774141861E+00  0.7429619299692227E+00 -0.1147847469917314E+03
  0.7251410008984539E+00  0.7484059118327094E+00 -0.1168497513106155E+03
  0.7169704246723316E+00  0.7537999314620412E+00 -0.1159130473191619E+03
  0.7087998487461566E+00  0.7591436287621580E+00 -0.1132410772532274E+03
  0.7006292731307425E+00  0.7644366469974285E+00 -0.1107298515268055E+03
  0.6924586978374083E+00  0.7696786328154644E+00 -0.1092189208656943E+03
  0.6842881228780077E+00  0.7748692362707100E+00 -0.1093077367405382E+03
  0.6761175482649616E+00  0.7800081108478040E+00 -0.1103727630293625E+03
  0.6679469740112938E+00  0.7850949134847117E+00 -0.1108807930620525E+03
  0.6597764001306670E+00  0.7901293045956280E+00 -0.1095520509462363E+03
  0.6516058266374236E+00  0.7951109480936471E+00 -0.1073113964432254E+03
  0.6434352535466297E+00  0.8000395114131988E+00 -0.1062578265105141E+03
  0.6352646808741202E+00  0.8049146655322506E+00 -0.1072986239989073E+03
  0.6270941086365502E+00  0.8097360849942720E+00 -0.1093462535048580E+03
  0.6189235368514482E+00  0.8145034479299620E+00 -0.1110167491961117E+03
  0.6107529655372755E+00  0.8192164360787360E+00 -0.1112845356071128E+03
  0.6025823947134890E+00  0.8238747348099726E+00 -0.1111869406613634E+03
  0.5944118244006098E+00  0.8284780331440178E+00 -0.1112752178866337E+03
  0.5862412546202973E+00  0.8330260237729452E+00 -0.1107373354821425E+03
  0.5780706853954301E+00  0.8375184030810715E+00 -0.1080125251343384E+03
  0.5699001167501928E+00  0.8419548711652254E+00 -0.1032846809826763E+03
  0.5617295487101719E+00  0.8463351318547683E+00 -0.9727128411404809E+02
  0.5535589813024583E+00  0.8506588927313666E+00 -0.9026794156467324E+02
  0.5453884145557613E+00  0.8549258651485127E+00 -0.8168951391090692E+02
  0.5372178485005299E+00  0.8591357642507945E+00 -0.7212836078576186E+02
  0.5290472831690897E+00  0.8632883089929120E+00 -0.6300281179967755E+02
  0.5208767185957875E+00  0.8673832221584393E+00 -0.5497609693460654E+02
  0.5127061548171545E+00  0.8714202303783312E+00 -0.4652799418160833E+02
  0.5045355918720822E+00  0.8753990641491725E+00 -0.3652927744348047E+02
  0.4963650298020162E+00  0.8793194578511700E+00 -0.2517387575037683E+02
  0.4881944686511717E+00  0.8831811497658847E+00 -0.1346066457053387E+02
  0.4800239084667671E+00  0.8869838820937034E+00 -0.1651935617528740E+01
  0.4718533492992859E+00  0.8907274009710492E+00  0.9795452173438964E+01
  0.4636827912027636E+00  0.8944114564873288E+00  0.2039258005423211E+02
  0.4555122342351060E+00  0.8980358027016164E+00  0.2958153561965173E+02
  0.4473416784584431E+00  0.9016001976590722E+00  0.3843306821468732E+02
  0.4391711239395221E+00  0.9051044034070944E+00  0.4694028983263840E+02
  0.4310005707501444E+00  0.9085481860112055E+00  0.5448436169659546E+02
  0.4228300189676551E+00  0.9119313155706682E+00  0.6073922874223961E+02
  0.4146594686754885E+00  0.9152535662338340E+00  0.6679708976643602E+02
  0.4064889199637791E+00  0.9185147162132208E+00  0.7278155793291481E+02
  0.3983183729300507E+00  0.9217145478003181E+00  0.7878203673073504E+02
  0.3901478276799883E+00  0.9248528473801222E+00  0.8577747565662578E+02
  0.3819772843283120E+00  0.9279294054453956E+00  0.9546014859817953E+02
  0.3738067429997641E+00  0.9309440166106540E+00  0.1070915575613802E+03
  0.3656362038302282E+00  0.9338964796258775E+00  0.1186234312801955E+03
  0.3574656669680030E+00  0.9367865973899459E+00  0.1282739863895472E+03
  0.3492951325752533E+00  0.9396141769637963E+00  0.1374733283900221E+03
  0.3411246008296713E+00  0.9423790295833044E+00  0.1474885353789318E+03
  0.3329540719263814E+00  0.9450809706718851E+00  0.1590668853607704E+03
  0.3247835460801308E+00  0.9477198198528157E+00  0.1712878171543590E+03
  0.3166130235278230E+00  0.9502954009612771E+00  0.1840235653361243E+03
  0.3084425045314506E+00  0.9528075420561144E+00  0.1969114115098019E+03
  0.3002719893815085E+00  0.9552560754313160E+00  0.2107790249155331E+03
  0.2921014784009779E+00  0.9576408376272095E+00  0.2260285553345355E+03
  0.2839309719500016E+00  0.9599616694413742E+00  0.2433899489591770E+03
  0.2757604704313845E+00  0.9622184159392698E+00  0.2618674973911274E+03
  0.2675899742971076E+00  0.9644109264645802E+00  0.2810563465945337E+03
  0.2594194840560681E+00  0.9665390546492710E+00  0.3008191526980374E+03
  0.2512490002833307E+00  0.9686026584233628E+00  0.3235305823835729E+03
  0.2430785236312446E+00  0.9706016000244151E+00  0.3497477332785399E+03
  0.2349080548428762E+00  0.9725357460067257E+00  0.3774522050109630E+03
  0.2267375947683499E+00  0.9744049672502397E+00  0.4035726575611176E+03
  0.2185671443848464E+00  0.9762091389691724E+00  0.4301591910688528E+03
  0.2103967048212628E+00  0.9779481407203411E+00  0.4592494860484513E+03
  0.2022262773888417E+00  0.9796218564112101E+00  0.4910657465353693E+03
  0.1940558636195398E+00  0.9812301743076443E+00  0.5227512093383019E+03
  0.1858854653144977E+00  0.9827729870413743E+00  0.5540370341553507E+03
  0.1777150846058812E+00  0.9842501916171713E+00  0.5849866665086980E+03
  0.1695447240365762E+00  0.9856616894197333E+00  0.6161229417517144E+03
  0.1613743866640789E+00  0.9870073862202815E+00  0.6465568066876858E+03
  0.1532040761975885E+00  0.9882871921828699E+00  0.6785350244718555E+03
  0.1450337971813853E+00  0.9895010218704087E+00  0.7127067184667646E+03
  0.1368635552438019E+00  0.9906487942504061E+00  0.7500167795741414E+03
  0.1286933574408989E+00  0.9917304327004320E+00  0.7893672486643895E+03
  0.1205232127396896E+00  0.9927458650133153E+00  0.8323919520420608E+03
  0.1123531327118049E+00  0.9936950234020883E+00  0.8786571366115146E+03
  0.1041831325528455E+00  0.9945778445047068E+00  0.9299953510573849E+03
  0.9601323262085862E-01  0.9953942693885953E+00  0.9869346913066595E+03
  0.8784346083082471E-01  0.9961442435551087E+00  0.1053256357136607E+04
  0.7967385651719167E-01  0.9968277169440913E+00  0.1128654626102455E+04
  0.7150447693306423E-01  0.9974446439389107E+00  0.1217109824916292E+04
  0.6333540875299180E-01  0.9979949833727938E+00  0.1319205303505974E+04
  0.5516678972815772E-01  0.9984786985384589E+00  0.1439285076164768E+04
  0.4699885272846815E-01  0.9988957572063257E+00  0.1577067195134067E+04
  0.3883202470742381E-01  0.9992461316671845E+00  0.1747982032889494E+04
  0.3066718105470672E-01  0.9995297988558859E+00  0.1997455697910766E+04
  0.2250643816359393E-01  0.9997467408113523E+00  0.2453136165094889E+04
  0.1435650599352885E-01  0.9998969471378596E+00  0.3195248584355064E+04
  0.6254421014113626E-02  0.9999804411726474E+00  0.3964822276574916E+04
