# nlmax, ncor, nside =         383           1         128
  0.3135338232575680E+01 -0.9999804411726474E+00 -0.2927783260026925E+03
  0.3127236147596264E+01 -0.9998969471378596E+00 -0.2927025884401118E+03
  0.3119086215426199E+01 -0.9997467408113523E+00 -0.2931253106552649E+03
  0.3110925472535087E+01 -0.9995297988558859E+00 -0.2949178863266858E+03
  0.3102760628882369E+01 -0.9992461316671845E+00 -0.2983969699944551E+03
  0.3094593800861325E+01 -0.9988957572063257E+00 -0.3026737708444587E+03
  0.3086425863861635E+01 -0.9984786985384589E+00 -0.3062814368392177E+03
  0.3078257244836801E+01 -0.9979949833727938E+00 -0.3083785524575636E+03
  0.3070088176656729E+01 -0.9974446439389107E+00 -0.3091133130896831E+03
  0.3061918797072602E+01 -0.9968277169440913E+00 -0.3090250161150886E+03
  0.3053749192758969E+01 -0.9961442435551087E+00 -0.3082991835919260E+03
  0.3045579420968934E+01 -0.9953942693885953E+00 -0.3065281688232299E+03
  0.3037409521036948E+01 -0.9945778445047068E+00 -0.3030868859414064E+03
  0.3029239520877988E+01 -0.9936950234020883E+00 -0.2978300699042118E+03
  0.3021069440850104E+01 -0.9927458650133153E+00 -0.2913969759913264E+03
  0.3012899296148894E+01 -0.9917304327004320E+00 -0.2846634219309708E+03
  0.3004729098345992E+01 -0.9906487942504061E+00 -0.2779850059113209E+03
  0.2996558856408408E+01 -0.9895010218704087E+00 -0.2711862334623661E+03
  0.2988388577392205E+01 -0.9882871921828699E+00 -0.2639735106229893E+03
  0.2980218266925714E+01 -0.9870073862202815E+00 -0.2560415628970431E+03
  0.2972047929553217E+01 -0.9856616894197333E+00 -0.2471700098970309E+03
  0.2963877568983912E+01 -0.9842501916171713E+00 -0.2376554815442452E+03
  0.2955707188275296E+01 -0.9827729870413743E+00 -0.2284448211744601E+03
  0.2947536789970254E+01 -0.9812301743076443E+00 -0.2204553541841365E+03
  0.2939366376200951E+01 -0.9796218564112101E+00 -0.2136809211628423E+03
  0.2931195948768531E+01 -0.9779481407203411E+00 -0.2072007811214684E+03
  0.2923025509204947E+01 -0.9762091389691724E+00 -0.2002855226356752E+03
  0.2914855058821443E+01 -0.9744049672502397E+00 -0.1934035669418228E+03
  0.2906684598746917E+01 -0.9725357460067257E+00 -0.1879432993085810E+03
  0.2898514129958549E+01 -0.9706016000244151E+00 -0.1849769920918009E+03
  0.2890343653306462E+01 -0.9686026584233628E+00 -0.1843219014045627E+03
  0.2882173169533725E+01 -0.9665390546492710E+00 -0.1845745443626477E+03
  0.2874002679292686E+01 -0.9644109264645802E+00 -0.1838663486830697E+03
  0.2865832183158409E+01 -0.9622184159392698E+00 -0.1808251896288796E+03
  0.2857661681639792E+01 -0.9599616694413742E+00 -0.1752899783884231E+03
  0.2849491175188815E+01 -0.9576408376272095E+00 -0.1682875387363933E+03
  0.2841320664208285E+01 -0.9552560754313160E+00 -0.1611204130996695E+03
  0.2833150149058343E+01 -0.9528075420561144E+00 -0.1543661382390036E+03
  0.2824979630061970E+01 -0.9502954009612771E+00 -0.1478064917369007E+03
  0.2816809107509663E+01 -0.9477198198528157E+00 -0.1411265926343744E+03
  0.2808638581663412E+01 -0.9450809706718851E+00 -0.1343728131729463E+03
  0.2800468052760122E+01 -0.9423790295833044E+00 -0.1278284338432230E+03
  0.2792297521014540E+01 -0.9396141769637963E+00 -0.1217478052282479E+03
  0.2784126986621790E+01 -0.9367865973899459E+00 -0.1162168133629012E+03
  0.2775956449759565E+01 -0.9338964796258775E+00 -0.1110773723122413E+03
  0.2767785910590029E+01 -0.9309440166106540E+00 -0.1059106754085693E+03
  0.2759615369261481E+01 -0.9279294054453956E+00 -0.1001646934884326E+03
  0.2751444825909805E+01 -0.9248528473801222E+00 -0.9346050213661414E+02
  0.2743274280659743E+01 -0.9217145478003181E+00 -0.8586557803603218E+02
  0.2735103733626014E+01 -0.9185147162132208E+00 -0.7782335175204959E+02
  0.2726933184914305E+01 -0.9152535662338340E+00 -0.6978884598236020E+02
  0.2718762634622138E+01 -0.9119313155706682E+00 -0.6191939648483229E+02
  0.2710592082839649E+01 -0.9085481860112055E+00 -0.5404540466633955E+02
  0.2702421529650271E+01 -0.9051044034070944E+00 -0.4591814533364637E+02
  0.2694250975131350E+01 -0.9016001976590722E+00 -0.3750891536858700E+02
  0.2686080419354687E+01 -0.8980358027016164E+00 -0.2904656186289925E+02
  0.2677909862387029E+01 -0.8944114564873288E+00 -0.2083282048159949E+02
  0.2669739304290507E+01 -0.8907274009710492E+00 -0.1319174946422259E+02
  0.2661568745123026E+01 -0.8869838820937034E+00 -0.6510779696900705E+01
  0.2653398184938621E+01 -0.8831811497658847E+00 -0.1030350678328272E+01
  0.2645227623787777E+01 -0.8793194578511700E+00  0.3433254585313752E+01
  0.2637057061717711E+01 -0.8753990641491725E+00  0.7400710701877434E+01
  0.2628886498772639E+01 -0.8714202303783312E+00  0.1142786060222029E+02
  0.2620715934994006E+01 -0.8673832221584393E+00  0.1592583470372971E+02
  0.2612545370420704E+01 -0.8632883089929120E+00  0.2102793425563157E+02
  0.2604374805089263E+01 -0.8591357642507945E+00  0.2644072679454569E+02
  0.2596204239034032E+01 -0.8549258651485127E+00  0.3156282358308744E+02
  0.2588033672287335E+01 -0.8506588927313666E+00  0.3598492476001778E+02
  0.2579863104879621E+01 -0.8463351318547683E+00  0.3990816517102441E+02
  0.2571692536839600E+01 -0.8419548711652254E+00  0.4395072989357017E+02
  0.2563521968194363E+01 -0.8375184030810715E+00  0.4853527944806233E+02
  0.2555351398969496E+01 -0.8330260237729452E+00  0.5352309762401995E+02
  0.2547180829189184E+01 -0.8284780331440178E+00  0.5835099212412513E+02
  0.2539010258876304E+01 -0.8238747348099726E+00  0.6244589286388646E+02
  0.2530839688052518E+01 -0.8192164360787360E+00  0.6559307816268679E+02
  0.2522669116738345E+01 -0.8145034479299620E+00  0.6791120248732916E+02
  0.2514498544953243E+01 -0.8097360849942720E+00  0.6944779962958600E+02
  0.2506327972715673E+01 -0.8049146655322506E+00  0.7002191585466053E+02
  0.2498157400043163E+01 -0.8000395114131988E+00  0.6963475813133084E+02
  0.2489986826952370E+01 -0.7951109480936471E+00  0.6880057328295953E+02
  0.2481816253459126E+01 -0.7901293045956280E+00  0.6821569077629648E+02
  0.2473645679578500E+01 -0.7850949134847117E+00  0.6819267192868693E+02
  0.2465475105324832E+01 -0.7800081108478040E+00  0.6856370697342059E+02
  0.2457304530711785E+01 -0.7748692362707100E+00  0.6905872822507170E+02
  0.2449133955752385E+01 -0.7696786328154644E+00  0.6965679394307408E+02
  0.2440963380459050E+01 -0.7644366469974285E+00  0.7055159231231654E+02
  0.2432792804843637E+01 -0.7591436287621580E+00  0.7183242211620110E+02
  0.2424622228917462E+01 -0.7537999314620412E+00  0.7331513954035726E+02
  0.2416451652691339E+01 -0.7484059118327094E+00  0.7471583128198344E+02
  0.2408281076175607E+01 -0.7429619299692227E+00  0.7586844542346448E+02
  0.2400110499380152E+01 -0.7374683493020299E+00  0.7671467856995645E+02
  0.2391939922314436E+01 -0.7319255365727068E+00  0.7717255911776168E+02
  0.2383769344987516E+01 -0.7263338618094733E+00  0.7712973102965179E+02
  0.2375598767408072E+01 -0.7206936983024912E+00  0.7659175494840754E+02
  0.2367428189584419E+01 -0.7150054225789432E+00  0.7575302009869171E+02
  0.2359257611524532E+01 -0.7092694143778975E+00  0.7484392240308436E+02
  0.2351087033236062E+01 -0.7034860566249567E+00  0.7390207532725248E+02
  0.2342916454726351E+01 -0.6976557354066943E+00  0.7272091017748455E+02
  0.2334745876002450E+01 -0.6917788399448808E+00  0.7110715487707681E+02
  0.2326575297071134E+01 -0.6858557625704990E+00  0.6921288224485151E+02
  0.2318404717938913E+01 -0.6798868986975534E+00  0.6747028392461655E+02
  0.2310234138612046E+01 -0.6738726467966731E+00  0.6615599109235684E+02
  0.2302063559096557E+01 -0.6678134083685102E+00  0.6518398353312713E+02
  0.2293892979398239E+01 -0.6617095879169366E+00  0.6434837984721572E+02
  0.2285722399522673E+01 -0.6555615929220400E+00  0.6357690048069495E+02
  0.2277551819475234E+01 -0.6493698338129212E+00  0.6286385165658489E+02
  0.2269381239261100E+01 -0.6431347239402948E+00  0.6209642473005665E+02
  0.2261210658885265E+01 -0.6368566795488945E+00  0.6113184799217073E+02
  0.2253040078352542E+01 -0.6305361197496849E+00  0.6005336099267514E+02
  0.2244869497667577E+01 -0.6241734664918837E+00  0.5917765711786348E+02
  0.2236698916834853E+01 -0.6177691445347914E+00  0.5872932888008513E+02
  0.2228528335858699E+01 -0.6113235814194364E+00  0.5860170068305825E+02
  0.2220357754743295E+01 -0.6048372074400329E+00  0.5847528484441699E+02
  0.2212187173492683E+01 -0.5983104556152549E+00  0.5810692383700997E+02
  0.2204016592110768E+01 -0.5917437616593286E+00  0.5748483634823479E+02
  0.2195846010601326E+01 -0.5851375639529456E+00  0.5673287096458336E+02
  0.2187675428968010E+01 -0.5784923035139965E+00  0.5588574114348602E+02
  0.2179504847214357E+01 -0.5718084239681300E+00  0.5478467978103006E+02
  0.2171334265343789E+01 -0.5650863715191369E+00  0.5321521960134885E+02
  0.2163163683359622E+01 -0.5583265949191624E+00  0.5110894106650219E+02
  0.2154993101265066E+01 -0.5515295454387482E+00  0.4855363179546536E+02
  0.2146822519063234E+01 -0.5446956768367068E+00  0.4563166140184268E+02
  0.2138651936757143E+01 -0.5378254453298289E+00  0.4233124137254218E+02
  0.2130481354349721E+01 -0.5309193095624275E+00  0.3867843554474780E+02
  0.2122310771843806E+01 -0.5239777305757194E+00  0.3493720003997885E+02
  0.2114140189242155E+01 -0.5170011717770473E+00  0.3155597014056746E+02
  0.2105969606547443E+01 -0.5099900989089429E+00  0.2887600062944479E+02
  0.2097799023762269E+01 -0.5029449800180356E+00  0.2702501718467978E+02
  0.2089628440889158E+01 -0.4958662854238058E+00  0.2606172352228577E+02
  0.2081457857930564E+01 -0.4887544876871878E+00  0.2597540922003057E+02
  0.2073287274888874E+01 -0.4816100615790221E+00  0.2656895535458868E+02
  0.2065116691766407E+01 -0.4744334840483606E+00  0.2759905647936791E+02
  0.2056946108565423E+01 -0.4672252341906264E+00  0.2900178518678236E+02
  0.2048775525288118E+01 -0.4599857932156304E+00  0.3076557395764748E+02
  0.2040604941936635E+01 -0.4527156444154464E+00  0.3262829565730852E+02
  0.2032434358513056E+01 -0.4454152731321473E+00  0.3411011380659236E+02
  0.2024263775019413E+01 -0.4380851667254050E+00  0.3487088307806033E+02
  0.2016093191457685E+01 -0.4307258145399545E+00  0.3493517959065299E+02
  0.2007922607829804E+01 -0.4233377078729265E+00  0.3457920305414817E+02
  0.1999752024137653E+01 -0.4159213399410494E+00  0.3408594936740935E+02
  0.1991581440383068E+01 -0.4084772058477228E+00  0.3361796215656724E+02
  0.1983410856567843E+01 -0.4010058025499653E+00  0.3324286155861881E+02
  0.1975240272693730E+01 -0.3935076288252386E+00  0.3299540904867630E+02
  0.1967069688762441E+01 -0.3859831852381501E+00  0.3292020145351478E+02
  0.1958899104775647E+01 -0.3784329741070359E+00  0.3310834243265165E+02
  0.1950728520734982E+01 -0.3708574994704271E+00  0.3367365734992550E+02
  0.1942557936642046E+01 -0.3632572670534011E+00  0.3463372092743458E+02
  0.1934387352498403E+01 -0.3556327842338202E+00  0.3584384672704116E+02
  0.1926216768305583E+01 -0.3479845600084601E+00  0.3715327905338288E+02
  0.1918046184065086E+01 -0.3403131049590297E+00  0.3861632527779602E+02
  0.1909875599778379E+01 -0.3326189312180866E+00  0.4037359955428690E+02
  0.1901705015446901E+01 -0.3249025524348469E+00  0.4226733801150387E+02
  0.1893534431072063E+01 -0.3171644837408958E+00  0.4376074016408842E+02
  0.1885363846655247E+01 -0.3094052417157978E+00  0.4437043031079608E+02
  0.1877193262197810E+01 -0.3016253443526109E+00  0.4407249735291354E+02
  0.1869022677701083E+01 -0.2938253110233064E+00  0.4320406706295443E+02
  0.1860852093166375E+01 -0.2860056624440968E+00  0.4213328714441427E+02
  0.1852681508594969E+01 -0.2781669206406729E+00  0.4114902455329735E+02
  0.1844510923988128E+01 -0.2703096089133553E+00  0.4049016907741155E+02
  0.1836340339347093E+01 -0.2624342518021592E+00  0.4028319602886127E+02
  0.1828169754673083E+01 -0.2545413750517773E+00  0.4049158783960328E+02
  0.1819999169967299E+01 -0.2466315055764818E+00  0.4100310324006693E+02
  0.1811828585230925E+01 -0.2387051714249486E+00  0.4171531002706836E+02
  0.1803658000465123E+01 -0.2307629017450062E+00  0.4251351866603884E+02
  0.1795487415671042E+01 -0.2228052267483099E+00  0.4326713072289253E+02
  0.1787316830849811E+01 -0.2148326776749467E+00  0.4392658423222948E+02
  0.1779146246002545E+01 -0.2068457867579697E+00  0.4455387672939506E+02
  0.1770975661130345E+01 -0.1988450871878683E+00  0.4515392784434758E+02
  0.1762805076234296E+01 -0.1908311130769725E+00  0.4552195774144517E+02
  0.1754634491315471E+01 -0.1828043994237966E+00  0.4539698523406504E+02
  0.1746463906374929E+01 -0.1747654820773241E+00  0.4476885459478634E+02
  0.1738293321413718E+01 -0.1667148977012352E+00  0.4388214550960848E+02
  0.1730122736432872E+01 -0.1586531837380799E+00  0.4290301581218762E+02
  0.1721952151433418E+01 -0.1505808783733995E+00  0.4174684370561999E+02
  0.1713781566416370E+01 -0.1424985204997981E+00  0.4028502662971569E+02
  0.1705610981382731E+01 -0.1344066496809675E+00  0.3853118411349182E+02
  0.1697440396333499E+01 -0.1263058061156663E+00  0.3651764478851894E+02
  0.1689269811269659E+01 -0.1181965306016578E+00  0.3417070749869606E+02
  0.1681099226192191E+01 -0.1100793644996070E+00  0.3149226333676707E+02
  0.1672928641102067E+01 -0.1019548496969404E+00  0.2879428592077432E+02
  0.1664758056000250E+01 -0.9382352857167028E-01  0.2659021828051056E+02
  0.1656587470887701E+01 -0.8568594395618719E-01  0.2520736746035336E+02
  0.1648416885765370E+01 -0.7754263910102077E-01  0.2455641902366601E+02
  0.1640246300634206E+01 -0.6939415763857371E-01  0.2428677198948274E+02
  0.1632075715495151E+01 -0.6124104354682962E-01  0.2406166486457667E+02
  0.1623905130349143E+01 -0.5308384111303818E-01  0.2363524695079892E+02
  0.1615734545197117E+01 -0.4492309489737940E-01  0.2279642599587000E+02
  0.1607563960040004E+01 -0.3675934969660982E-01  0.2141581478986865E+02
  0.1599393374878733E+01 -0.2859315050769285E-01  0.1962279920730275E+02
  0.1591222789714229E+01 -0.2042504249141571E-01  0.1784154687492819E+02
  0.1583052204547419E+01 -0.1225557093599554E-01  0.1647472258146356E+02
  0.1574881619379224E+01 -0.4085281220676868E-02  0.1553506995176543E+02
  0.1566711034210569E+01  0.4085281220676868E-02  0.1466910687668650E+02
  0.1558540449042374E+01  0.1225557093599554E-01  0.1346764515342375E+02
  0.1550369863875564E+01  0.2042504249141571E-01  0.1166204896786614E+02
  0.1542199278711061E+01  0.2859315050769285E-01  0.9144696889175469E+01
  0.1534028693549790E+01  0.3675934969660982E-01  0.5969275905742291E+01
  0.1525858108392677E+01  0.4492309489737940E-01  0.2348855831342262E+01
  0.1517687523240650E+01  0.5308384111303818E-01 -0.1410042718222072E+01
  0.1509516938094642E+01  0.6124104354682962E-01 -0.5022543061670098E+01
  0.1501346352955587E+01  0.6939415763857371E-01 -0.8284223397831175E+01
  0.1493175767824423E+01  0.7754263910102077E-01 -0.1101751729968290E+02
  0.1485005182702093E+01  0.8568594395618719E-01 -0.1305314139245236E+02
  0.1476834597589543E+01  0.9382352857167028E-01 -0.1440440978336634E+02
  0.1468664012487727E+01  0.1019548496969404E+00 -0.1544308715907221E+02
  0.1460493427397602E+01  0.1100793644996070E+00 -0.1672456913270117E+02
  0.1452322842320134E+01  0.1181965306016578E+00 -0.1855187078037983E+02
  0.1444152257256294E+01  0.1263058061156663E+00 -0.2074896273162918E+02
  0.1435981672207062E+01  0.1344066496809675E+00 -0.2281990553715647E+02
  0.1427811087173423E+01  0.1424985204997981E+00 -0.2424968200277080E+02
  0.1419640502156375E+01  0.1505808783733995E+00 -0.2473819255403637E+02
  0.1411469917156921E+01  0.1586531837380799E+00 -0.2432648378013419E+02
  0.1403299332176076E+01  0.1667148977012352E+00 -0.2338707001865068E+02
  0.1395128747214864E+01  0.1747654820773241E+00 -0.2245588129184470E+02
  0.1386958162274323E+01  0.1828043994237966E+00 -0.2196192272457146E+02
  0.1378787577355497E+01  0.1908311130769725E+00 -0.2202026101505347E+02
  0.1370616992459449E+01  0.1988450871878683E+00 -0.2247665212672079E+02
  0.1362446407587248E+01  0.2068457867579697E+00 -0.2315978618931540E+02
  0.1354275822739983E+01  0.2148326776749467E+00 -0.2405106202076587E+02
  0.1346105237918751E+01  0.2228052267483099E+00 -0.2521591475147211E+02
  0.1337934653124670E+01  0.2307629017450062E+00 -0.2663014955572191E+02
  0.1329764068358868E+01  0.2387051714249486E+00 -0.2808841689145656E+02
  0.1321593483622494E+01  0.2466315055764818E+00 -0.2933624447634682E+02
  0.1313422898916710E+01  0.2545413750517773E+00 -0.3039599791184933E+02
  0.1305252314242701E+01  0.2624342518021592E+00 -0.3170223845566765E+02
  0.1297081729601665E+01  0.2703096089133553E+00 -0.3373357089529027E+02
  0.1288911144994824E+01  0.2781669206406729E+00 -0.3649800010838081E+02
  0.1280740560423418E+01  0.2860056624440968E+00 -0.3947797900332099E+02
  0.1272569975888710E+01  0.2938253110233064E+00 -0.4202165749061148E+02
  0.1264399391391984E+01  0.3016253443526109E+00 -0.4371396660667817E+02
  0.1256228806934547E+01  0.3094052417157978E+00 -0.4455408799166018E+02
  0.1248058222517730E+01  0.3171644837408958E+00 -0.4498451952607737E+02
  0.1239887638142892E+01  0.3249025524348469E+00 -0.4569904355929225E+02
  0.1231717053811414E+01  0.3326189312180866E+00 -0.4725129116826167E+02
  0.1223546469524707E+01  0.3403131049590297E+00 -0.4970625899313456E+02
  0.1215375885284210E+01  0.3479845600084601E+00 -0.5262786397489995E+02
  0.1207205301091390E+01  0.3556327842338202E+00 -0.5551602862450982E+02
  0.1199034716947747E+01  0.3632572670534011E+00 -0.5827740216219770E+02
  0.1190864132854811E+01  0.3708574994704271E+00 -0.6113660975053055E+02
  0.1182693548814147E+01  0.3784329741070359E+00 -0.6417181231088870E+02
  0.1174522964827352E+01  0.3859831852381501E+00 -0.6717138091793356E+02
  0.1166352380896063E+01  0.3935076288252386E+00 -0.6989586041839118E+02
  0.1158181797021950E+01  0.4010058025499653E+00 -0.7228928582320208E+02
  0.1150011213206726E+01  0.4084772058477228E+00 -0.7444850703653712E+02
  0.1141840629452141E+01  0.4159213399410494E+00 -0.7652526469746388E+02
  0.1133670045759989E+01  0.4233377078729265E+00 -0.7868935254796709E+02
  0.1125499462132108E+01  0.4307258145399545E+00 -0.8108374158962592E+02
  0.1117328878570381E+01  0.4380851667254050E+00 -0.8375442700996226E+02
  0.1109158295076737E+01  0.4454152731321473E+00 -0.8669081962322414E+02
  0.1100987711653159E+01  0.4527156444154464E+00 -0.8997554097973969E+02
  0.1092817128301675E+01  0.4599857932156304E+00 -0.9383993186941352E+02
  0.1084646545024371E+01  0.4672252341906264E+00 -0.9845670007695237E+02
  0.1076475961823386E+01  0.4744334840483606E+00 -0.1035779823006397E+03
  0.1068305378700920E+01  0.4816100615790221E+00 -0.1084609559387487E+03
  0.1060134795659229E+01  0.4887544876871878E+00 -0.1123339635335251E+03
  0.1051964212700635E+01  0.4958662854238058E+00 -0.1149385541426776E+03
  0.1043793629827524E+01  0.5029449800180356E+00 -0.1165866936218648E+03
  0.1035623047042350E+01  0.5099900989089429E+00 -0.1178773813782494E+03
  0.1027452464347638E+01  0.5170011717770473E+00 -0.1194493992465883E+03
  0.1019281881745987E+01  0.5239777305757194E+00 -0.1217299054714785E+03
  0.1011111299240073E+01  0.5309193095624275E+00 -0.1246969492628660E+03
  0.1002940716832650E+01  0.5378254453298289E+00 -0.1280102354416169E+03
  0.9947701345265596E+00  0.5446956768367068E+00 -0.1314513326377009E+03
  0.9865995523247275E+00  0.5515295454387482E+00 -0.1350787791300299E+03
  0.9784289702301714E+00  0.5583265949191624E+00 -0.1389352807289847E+03
  0.9702583882460036E+00  0.5650863715191369E+00 -0.1427893223578488E+03
  0.9620878063754359E+00  0.5718084239681300E+00 -0.1462400969070834E+03
  0.9539172246217830E+00  0.5784923035139965E+00 -0.1489973176740858E+03
  0.9457466429884676E+00  0.5851375639529456E+00 -0.1510387422803420E+03
  0.9375760614790253E+00  0.5917437616593286E+00 -0.1526147466191017E+03
  0.9294054800971098E+00  0.5983104556152549E+00 -0.1542148357496918E+03
  0.9212348988464978E+00  0.6048372074400329E+00 -0.1564100367741012E+03
  0.9130643177310944E+00  0.6113235814194364E+00 -0.1594583764172688E+03
  0.9048937367549402E+00  0.6177691445347914E+00 -0.1630099269066741E+03
  0.8967231559222163E+00  0.6241734664918837E+00 -0.1663775618324051E+03
  0.8885525752372514E+00  0.6305361197496849E+00 -0.1691461844757668E+03
  0.8803819947045285E+00  0.6368566795488945E+00 -0.1714119411848044E+03
  0.8722114143286931E+00  0.6431347239402948E+00 -0.1734469697698545E+03
  0.8640408341145595E+00  0.6493698338129212E+00 -0.1752823341912326E+03
  0.8558702540671204E+00  0.6555615929220400E+00 -0.1766570479973954E+03
  0.8476996741915547E+00  0.6617095879169366E+00 -0.1772622953916207E+03
  0.8395290944932369E+00  0.6678134083685102E+00 -0.1769706868466503E+03
  0.8313585149777468E+00  0.6738726467966731E+00 -0.1758953751033472E+03
  0.8231879356508802E+00  0.6798868986975534E+00 -0.1742919132475977E+03
  0.8150173565186587E+00  0.6858557625704990E+00 -0.1724303192606515E+03
  0.8068467775873427E+00  0.6917788399448808E+00 -0.1705567700877500E+03
  0.7986761988634423E+00  0.6976557354066943E+00 -0.1688759812011707E+03
  0.7905056203537315E+00  0.7034860566249567E+00 -0.1674574210474622E+03
  0.7823350420652612E+00  0.7092694143778975E+00 -0.1662061015281095E+03
  0.7741644640053743E+00  0.7150054225789432E+00 -0.1650274869305841E+03
  0.7659938861817212E+00  0.7206936983024912E+00 -0.1640020074624270E+03
  0.7578233086022768E+00  0.7263338618094733E+00 -0.1633275281542153E+03
  0.7496527312753575E+00  0.7319255365727068E+00 -0.1630653983433190E+03
  0.7414821542096410E+00  0.7374683493020299E+00 -0.1628839293231448E+03
  0.7333115774141861E+00  0.7429619299692227E+00 -0.1620386064117398E+03
  0.7251410008984539E+00  0.7484059118327094E+00 -0.1597592635405610E+03
  0.7169704246723316E+00  0.7537999314620412E+00 -0.1558152915034204E+03
  0.7087998487461566E+00  0.7591436287621580E+00 -0.1507156366236892E+03
  0.7006292731307425E+00  0.7644366469974285E+00 -0.1453492605589031E+03
  0.6924586978374083E+00  0.7696786328154644E+00 -0.1404127644573872E+03
  0.6842881228780077E+00  0.7748692362707100E+00 -0.1360696769713940E+03
  0.6761175482649616E+00  0.7800081108478040E+00 -0.1320146481989507E+03
  0.6679469740112938E+00  0.7850949134847117E+00 -0.1278081426048988E+03
  0.6597764001306670E+00  0.7901293045956280E+00 -0.1232136387616059E+03
  0.6516058266374236E+00  0.7951109480936471E+00 -0.1183477548215645E+03
  0.6434352535466297E+00  0.8000395114131988E+00 -0.1135820943435495E+03
  0.6352646808741202E+00  0.8049146655322506E+00 -0.1092927886375050E+03
  0.6270941086365502E+00  0.8097360849942720E+00 -0.1056114757772904E+03
  0.6189235368514482E+00  0.8145034479299620E+00 -0.1022874863763376E+03
  0.6107529655372755E+00  0.8192164360787360E+00 -0.9878489990280057E+02
  0.6025823947134890E+00  0.8238747348099726E+00 -0.9461058382577384E+02
  0.5944118244006098E+00  0.8284780331440178E+00 -0.8955126263518194E+02
  0.5862412546202973E+00  0.8330260237729452E+00 -0.8358541566793515E+02
  0.5780706853954301E+00  0.8375184030810715E+00 -0.7666993492109478E+02
  0.5699001167501928E+00  0.8419548711652254E+00 -0.6869655055534314E+02
  0.5617295487101719E+00  0.8463351318547683E+00 -0.5961326672122472E+02
  0.5535589813024583E+00  0.8506588927313666E+00 -0.4954835136889803E+02
  0.5453884145557613E+00  0.8549258651485127E+00 -0.3883751431906530E+02
  0.5372178485005299E+00  0.8591357642507945E+00 -0.2791479820196424E+02
  0.5290472831690897E+00  0.8632883089929120E+00 -0.1708300830062265E+02
  0.5208767185957875E+00  0.8673832221584393E+00 -0.6367350671232182E+01
  0.5127061548171545E+00  0.8714202303783312E+00  0.4352725287223890E+01
  0.5045355918720822E+00  0.8753990641491725E+00  0.1511623905136593E+02
  0.4963650298020162E+00  0.8793194578511700E+00  0.2587656883603551E+02
  0.4881944686511717E+00  0.8831811497658847E+00  0.3661581610299929E+02
  0.4800239084667671E+00  0.8869838820937034E+00  0.4732758900610237E+02
  0.4718533492992859E+00  0.8907274009710492E+00  0.5798512288742101E+02
  0.4636827912027636E+00  0.8944114564873288E+00  0.6868365705588792E+02
  0.4555122342351060E+00  0.8980358027016164E+00  0.7973294037919842E+02
  0.4473416784584431E+00  0.9016001976590722E+00  0.9138672927426060E+02
  0.4391711239395221E+00  0.9051044034070944E+00  0.1034340727460443E+03
  0.4310005707501444E+00  0.9085481860112055E+00  0.1152826409702594E+03
  0.4228300189676551E+00  0.9119313155706682E+00  0.1265691578805629E+03
  0.4146594686754885E+00  0.9152535662338340E+00  0.1375459187270401E+03
  0.4064889199637791E+00  0.9185147162132208E+00  0.1488752357300988E+03
  0.3983183729300507E+00  0.9217145478003181E+00  0.1612915410760608E+03
  0.3901478276799883E+00  0.9248528473801222E+00  0.1753402237120320E+03
  0.3819772843283120E+00  0.9279294054453956E+00  0.1910010262140348E+03
  0.3738067429997641E+00  0.9309440166106540E+00  0.2075110610100000E+03
  0.3656362038302282E+00  0.9338964796258775E+00  0.2238806832966728E+03
  0.3574656669680030E+00  0.9367865973899459E+00  0.2396903241466513E+03
  0.3492951325752533E+00  0.9396141769637963E+00  0.2553147849517360E+03
  0.3411246008296713E+00  0.9423790295833044E+00  0.2714715958020331E+03
  0.3329540719263814E+00  0.9450809706718851E+00  0.2886922847897097E+03
  0.3247835460801308E+00  0.9477198198528157E+00  0.3070778801612460E+03
  0.3166130235278230E+00  0.9502954009612771E+00  0.3263501809831954E+03
  0.3084425045314506E+00  0.9528075420561144E+00  0.3461883796036585E+03
  0.3002719893815085E+00  0.9552560754313160E+00  0.3666200454291812E+03
  0.2921014784009779E+00  0.9576408376272095E+00  0.3880224243375145E+03
  0.2839309719500016E+00  0.9599616694413742E+00  0.4107644436417913E+03
  0.2757604704313845E+00  0.9622184159392698E+00  0.4349319860059345E+03
  0.2675899742971076E+00  0.9644109264645802E+00  0.4603769220048721E+03
  0.2594194840560681E+00  0.9665390546492710E+00  0.4870035428590181E+03
  0.2512490002833307E+00  0.9686026584233628E+00  0.5149925947834396E+03
  0.2430785236312446E+00  0.9706016000244151E+00  0.5445955546891352E+03
  0.2349080548428762E+00  0.9725357460067257E+00  0.5757030096594868E+03
  0.2267375947683499E+00  0.9744049672502397E+00  0.6078417367504455E+03
  0.2185671443848464E+00  0.9762091389691724E+00  0.6406356976877823E+03
  0.2103967048212628E+00  0.9779481407203411E+00  0.6740423838913644E+03
  0.2022262773888417E+00  0.9796218564112101E+00  0.7081391261281458E+03
  0.1940558636195398E+00  0.9812301743076443E+00  0.7428627947116292E+03
  0.1858854653144977E+00  0.9827729870413743E+00  0.7779784459475363E+03
  0.1777150846058812E+00  0.9842501916171713E+00  0.8131777705907349E+03
  0.1695447240365762E+00  0.9856616894197333E+00  0.8482123613486425E+03
  0.1613743866640789E+00  0.9870073862202815E+00  0.8830867571864309E+03
  0.1532040761975885E+00  0.9882871921828699E+00  0.9182639068112568E+03
  0.1450337971813853E+00  0.9895010218704087E+00  0.9546113634886709E+03
  0.1368635552438019E+00  0.9906487942504061E+00  0.9930655505245878E+03
  0.1286933574408989E+00  0.9917304327004320E+00  0.1034325344194210E+04
  0.1205232127396896E+00  0.9927458650133153E+00  0.1078806423253216E+04
  0.1123531327118049E+00  0.9936950234020883E+00  0.1126809070435969E+04
  0.1041831325528455E+00  0.9945778445047068E+00  0.1178824240552280E+04
  0.9601323262085862E-01  0.9953942693885953E+00  0.1235796145522544E+04
  0.8784346083082471E-01  0.9961442435551087E+00  0.1299173134925900E+04
  0.7967385651719167E-01  0.9968277169440913E+00  0.1370821852540032E+04
  0.7150447693306423E-01  0.9974446439389107E+00  0.1453132229636244E+04
  0.6333540875299180E-01  0.9979949833727938E+00  0.1549280594971824E+04
  0.5516678972815772E-01  0.9984786985384589E+00  0.1663746616046898E+04
  0.4699885272846815E-01  0.9988957572063257E+00  0.1804962062078936E+04
  0.3883202470742381E-01  0.9992461316671845E+00  0.1993490982397043E+04
  0.3066718105470672E-01  0.9995297988558859E+00  0.2270037338259431E+04
  0.2250643816359393E-01  0.9997467408113523E+00  0.2673550183261656E+04
  0.1435650599352885E-01  0.9998969471378596E+00  0.3165378515230479E+04
  0.6254421014113626E-02  0.9999804411726474E+00  0.3569985449550720E+04
