# nlmax, ncor, nside =         383           1         128
  0.3135338232575680E+01 -0.9999804411726474E+00 -0.2794587903519881E+03
  0.3127236147596264E+01 -0.9998969471378596E+00 -0.2790434521730103E+03
  0.3119086215426199E+01 -0.9997467408113523E+00 -0.2788415815121797E+03
  0.3110925472535087E+01 -0.9995297988558859E+00 -0.2807486183393258E+03
  0.3102760628882369E+01 -0.9992461316671845E+00 -0.2857770507524482E+03
  0.3094593800861325E+01 -0.9988957572063257E+00 -0.2917481703105547E+03
  0.3086425863861635E+01 -0.9984786985384589E+00 -0.2956379785843443E+03
  0.3078257244836801E+01 -0.9979949833727938E+00 -0.2967429569619082E+03
  0.3070088176656729E+01 -0.9974446439389107E+00 -0.2963657307826390E+03
  0.3061918797072602E+01 -0.9968277169440913E+00 -0.2959699569450992E+03
  0.3053749192758969E+01 -0.9961442435551087E+00 -0.2952656563689971E+03
  0.3045579420968934E+01 -0.9953942693885953E+00 -0.2926442556740932E+03
  0.3037409521036948E+01 -0.9945778445047068E+00 -0.2871277398549107E+03
  0.3029239520877988E+01 -0.9936950234020883E+00 -0.2790880208787325E+03
  0.3021069440850104E+01 -0.9927458650133153E+00 -0.2701978098578130E+03
  0.3012899296148894E+01 -0.9917304327004320E+00 -0.2624466889730153E+03
  0.3004729098345992E+01 -0.9906487942504061E+00 -0.2560887322466386E+03
  0.2996558856408408E+01 -0.9895010218704087E+00 -0.2499560618323152E+03
  0.2988388577392205E+01 -0.9882871921828699E+00 -0.2433105328285649E+03
  0.2980218266925714E+01 -0.9870073862202815E+00 -0.2354729049210935E+03
  0.2972047929553217E+01 -0.9856616894197333E+00 -0.2257209467116424E+03
  0.2963877568983912E+01 -0.9842501916171713E+00 -0.2147846223172633E+03
  0.2955707188275296E+01 -0.9827729870413743E+00 -0.2046767723389275E+03
  0.2947536789970254E+01 -0.9812301743076443E+00 -0.1973215272283699E+03
  0.2939366376200951E+01 -0.9796218564112101E+00 -0.1925931264103900E+03
  0.2931195948768531E+01 -0.9779481407203411E+00 -0.1877692213672174E+03
  0.2923025509204947E+01 -0.9762091389691724E+00 -0.1806121026535631E+03
  0.2914855058821443E+01 -0.9744049672502397E+00 -0.1720250967624019E+03
  0.2906684598746917E+01 -0.9725357460067257E+00 -0.1649691197044886E+03
  0.2898514129958549E+01 -0.9706016000244151E+00 -0.1617140672217399E+03
  0.2890343653306462E+01 -0.9686026584233628E+00 -0.1620384837371811E+03
  0.2882173169533725E+01 -0.9665390546492710E+00 -0.1636323776228567E+03
  0.2874002679292686E+01 -0.9644109264645802E+00 -0.1637374743682123E+03
  0.2865832183158409E+01 -0.9622184159392698E+00 -0.1604216554617313E+03
  0.2857661681639792E+01 -0.9599616694413742E+00 -0.1534885044095590E+03
  0.2849491175188815E+01 -0.9576408376272095E+00 -0.1447640781357682E+03
  0.2841320664208285E+01 -0.9552560754313160E+00 -0.1365515467195277E+03
  0.2833150149058343E+01 -0.9528075420561144E+00 -0.1295389070872201E+03
  0.2824979630061970E+01 -0.9502954009612771E+00 -0.1228568667139131E+03
  0.2816809107509663E+01 -0.9477198198528157E+00 -0.1157735435838078E+03
  0.2808638581663412E+01 -0.9450809706718851E+00 -0.1085581422317670E+03
  0.2800468052760122E+01 -0.9423790295833044E+00 -0.1020399366205735E+03
  0.2792297521014540E+01 -0.9396141769637963E+00 -0.9650020976074629E+02
  0.2784126986621790E+01 -0.9367865973899459E+00 -0.9153302963161728E+02
  0.2775956449759565E+01 -0.9338964796258775E+00 -0.8651313626217731E+02
  0.2767785910590029E+01 -0.9309440166106540E+00 -0.8090509588865601E+02
  0.2759615369261481E+01 -0.9279294054453956E+00 -0.7437967407711314E+02
  0.2751444825909805E+01 -0.9248528473801222E+00 -0.6690446239684842E+02
  0.2743274280659743E+01 -0.9217145478003181E+00 -0.5893916668212193E+02
  0.2735103733626014E+01 -0.9185147162132208E+00 -0.5089521972310022E+02
  0.2726933184914305E+01 -0.9152535662338340E+00 -0.4301827616170693E+02
  0.2718762634622138E+01 -0.9119313155706682E+00 -0.3566559766141126E+02
  0.2710592082839649E+01 -0.9085481860112055E+00 -0.2868542199970133E+02
  0.2702421529650271E+01 -0.9051044034070944E+00 -0.2117353685598257E+02
  0.2694250975131350E+01 -0.9016001976590722E+00 -0.1273343672199740E+02
  0.2686080419354687E+01 -0.8980358027016164E+00 -0.4034773488969171E+01
  0.2677909862387029E+01 -0.8944114564873288E+00  0.4176350393381738E+01
  0.2669739304290507E+01 -0.8907274009710492E+00  0.1156650759565340E+02
  0.2661568745123026E+01 -0.8869838820937034E+00  0.1760595034739544E+02
  0.2653398184938621E+01 -0.8831811497658847E+00  0.2197587035352788E+02
  0.2645227623787777E+01 -0.8793194578511700E+00  0.2515766104203544E+02
  0.2637057061717711E+01 -0.8753990641491725E+00  0.2777512599271178E+02
  0.2628886498772639E+01 -0.8714202303783312E+00  0.3019578046977772E+02
  0.2620715934994006E+01 -0.8673832221584393E+00  0.3316574918520220E+02
  0.2612545370420704E+01 -0.8632883089929120E+00  0.3741640424311257E+02
  0.2604374805089263E+01 -0.8591357642507945E+00  0.4261569037543531E+02
  0.2596204239034032E+01 -0.8549258651485127E+00  0.4761040122982099E+02
  0.2588033672287335E+01 -0.8506588927313666E+00  0.5157589977435754E+02
  0.2579863104879621E+01 -0.8463351318547683E+00  0.5483767183096180E+02
  0.2571692536839600E+01 -0.8419548711652254E+00  0.5848004085991310E+02
  0.2563521968194363E+01 -0.8375184030810715E+00  0.6310626838638825E+02
  0.2555351398969496E+01 -0.8330260237729452E+00  0.6846596674747217E+02
  0.2547180829189184E+01 -0.8284780331440178E+00  0.7387821319386845E+02
  0.2539010258876304E+01 -0.8238747348099726E+00  0.7839828788662051E+02
  0.2530839688052518E+01 -0.8192164360787360E+00  0.8142215329823608E+02
  0.2522669116738345E+01 -0.8145034479299620E+00  0.8343581849325018E+02
  0.2514498544953243E+01 -0.8097360849942720E+00  0.8481722931290942E+02
  0.2506327972715673E+01 -0.8049146655322506E+00  0.8488407754441923E+02
  0.2498157400043163E+01 -0.8000395114131988E+00  0.8332384413289198E+02
  0.2489986826952370E+01 -0.7951109480936471E+00  0.8130501347858883E+02
  0.2481816253459126E+01 -0.7901293045956280E+00  0.8013589660927703E+02
  0.2473645679578500E+01 -0.7850949134847117E+00  0.7987255390755253E+02
  0.2465475105324832E+01 -0.7800081108478040E+00  0.7976184950776393E+02
  0.2457304530711785E+01 -0.7748692362707100E+00  0.7931697624534816E+02
  0.2449133955752385E+01 -0.7696786328154644E+00  0.7872542417647412E+02
  0.2440963380459050E+01 -0.7644366469974285E+00  0.7873842216640625E+02
  0.2432792804843637E+01 -0.7591436287621580E+00  0.7987375881204143E+02
  0.2424622228917462E+01 -0.7537999314620412E+00  0.8169151161352693E+02
  0.2416451652691339E+01 -0.7484059118327094E+00  0.8342295621895410E+02
  0.2408281076175607E+01 -0.7429619299692227E+00  0.8476057446904339E+02
  0.2400110499380152E+01 -0.7374683493020299E+00  0.8575937184695030E+02
  0.2391939922314436E+01 -0.7319255365727068E+00  0.8636744639040592E+02
  0.2383769344987516E+01 -0.7263338618094733E+00  0.8618431824778847E+02
  0.2375598767408072E+01 -0.7206936983024912E+00  0.8505849834762475E+02
  0.2367428189584419E+01 -0.7150054225789432E+00  0.8351322984040254E+02
  0.2359257611524532E+01 -0.7092694143778975E+00  0.8215619211953297E+02
  0.2351087033236062E+01 -0.7034860566249567E+00  0.8110255539200736E+02
  0.2342916454726351E+01 -0.6976557354066943E+00  0.7992270337890650E+02
  0.2334745876002450E+01 -0.6917788399448808E+00  0.7808378442250084E+02
  0.2326575297071134E+01 -0.6858557625704990E+00  0.7577365184157851E+02
  0.2318404717938913E+01 -0.6798868986975534E+00  0.7386356522067459E+02
  0.2310234138612046E+01 -0.6738726467966731E+00  0.7278255255748363E+02
  0.2302063559096557E+01 -0.6678134083685102E+00  0.7210701421460294E+02
  0.2293892979398239E+01 -0.6617095879169366E+00  0.7127065750143163E+02
  0.2285722399522673E+01 -0.6555615929220400E+00  0.7006820838390855E+02
  0.2277551819475234E+01 -0.6493698338129212E+00  0.6878816834251242E+02
  0.2269381239261100E+01 -0.6431347239402948E+00  0.6767959326939730E+02
  0.2261210658885265E+01 -0.6368566795488945E+00  0.6644338696317669E+02
  0.2253040078352542E+01 -0.6305361197496849E+00  0.6497849127820027E+02
  0.2244869497667577E+01 -0.6241734664918837E+00  0.6386303030246781E+02
  0.2236698916834853E+01 -0.6177691445347914E+00  0.6344926514111857E+02
  0.2228528335858699E+01 -0.6113235814194364E+00  0.6346272661414748E+02
  0.2220357754743295E+01 -0.6048372074400329E+00  0.6333574516979711E+02
  0.2212187173492683E+01 -0.5983104556152549E+00  0.6274176537389843E+02
  0.2204016592110768E+01 -0.5917437616593286E+00  0.6184683026393278E+02
  0.2195846010601326E+01 -0.5851375639529456E+00  0.6093731834206815E+02
  0.2187675428968010E+01 -0.5784923035139965E+00  0.6002174299638324E+02
  0.2179504847214357E+01 -0.5718084239681300E+00  0.5878894283671549E+02
  0.2171334265343789E+01 -0.5650863715191369E+00  0.5688200594471871E+02
  0.2163163683359622E+01 -0.5583265949191624E+00  0.5431518420372730E+02
  0.2154993101265066E+01 -0.5515295454387482E+00  0.5137625985340490E+02
  0.2146822519063234E+01 -0.5446956768367068E+00  0.4822765904724599E+02
  0.2138651936757143E+01 -0.5378254453298289E+00  0.4471713474813224E+02
  0.2130481354349721E+01 -0.5309193095624275E+00  0.4056199079212107E+02
  0.2122310771843806E+01 -0.5239777305757194E+00  0.3588190883965501E+02
  0.2114140189242155E+01 -0.5170011717770473E+00  0.3146804369465817E+02
  0.2105969606547443E+01 -0.5099900989089429E+00  0.2790885556125516E+02
  0.2097799023762269E+01 -0.5029449800180356E+00  0.2527845759730473E+02
  0.2089628440889158E+01 -0.4958662854238058E+00  0.2385319950815036E+02
  0.2081457857930564E+01 -0.4887544876871878E+00  0.2380094508407270E+02
  0.2073287274888874E+01 -0.4816100615790221E+00  0.2438107254689399E+02
  0.2065116691766407E+01 -0.4744334840483606E+00  0.2473952431950701E+02
  0.2056946108565423E+01 -0.4672252341906264E+00  0.2500738098479265E+02
  0.2048775525288118E+01 -0.4599857932156304E+00  0.2583483140289809E+02
  0.2040604941936635E+01 -0.4527156444154464E+00  0.2715595265489109E+02
  0.2032434358513056E+01 -0.4454152731321473E+00  0.2811482038876197E+02
  0.2024263775019413E+01 -0.4380851667254050E+00  0.2791145682515813E+02
  0.2016093191457685E+01 -0.4307258145399545E+00  0.2656468002363070E+02
  0.2007922607829804E+01 -0.4233377078729265E+00  0.2478793603114035E+02
  0.1999752024137653E+01 -0.4159213399410494E+00  0.2319618078352654E+02
  0.1991581440383068E+01 -0.4084772058477228E+00  0.2187861821768276E+02
  0.1983410856567843E+01 -0.4010058025499653E+00  0.2087196892152452E+02
  0.1975240272693730E+01 -0.3935076288252386E+00  0.2020358799557154E+02
  0.1967069688762441E+01 -0.3859831852381501E+00  0.1970391399854905E+02
  0.1958899104775647E+01 -0.3784329741070359E+00  0.1929505734183123E+02
  0.1950728520734982E+01 -0.3708574994704271E+00  0.1917800345424018E+02
  0.1942557936642046E+01 -0.3632572670534011E+00  0.1950625642162147E+02
  0.1934387352498403E+01 -0.3556327842338202E+00  0.2006362040200592E+02
  0.1926216768305583E+01 -0.3479845600084601E+00  0.2050266894110158E+02
  0.1918046184065086E+01 -0.3403131049590297E+00  0.2108546335394248E+02
  0.1909875599778379E+01 -0.3326189312180866E+00  0.2249658079925515E+02
  0.1901705015446901E+01 -0.3249025524348469E+00  0.2469842553992294E+02
  0.1893534431072063E+01 -0.3171644837408958E+00  0.2656389024125009E+02
  0.1885363846655247E+01 -0.3094052417157978E+00  0.2700007131611358E+02
  0.1877193262197810E+01 -0.3016253443526109E+00  0.2602480743412319E+02
  0.1869022677701083E+01 -0.2938253110233064E+00  0.2444191749102022E+02
  0.1860852093166375E+01 -0.2860056624440968E+00  0.2280096732591078E+02
  0.1852681508594969E+01 -0.2781669206406729E+00  0.2134239370806527E+02
  0.1844510923988128E+01 -0.2703096089133553E+00  0.2041167068053246E+02
  0.1836340339347093E+01 -0.2624342518021592E+00  0.2028849734564183E+02
  0.1828169754673083E+01 -0.2545413750517773E+00  0.2083642081068867E+02
  0.1819999169967299E+01 -0.2466315055764818E+00  0.2174159810971660E+02
  0.1811828585230925E+01 -0.2387051714249486E+00  0.2278538942494202E+02
  0.1803658000465123E+01 -0.2307629017450062E+00  0.2388443902832263E+02
  0.1795487415671042E+01 -0.2228052267483099E+00  0.2490474804881659E+02
  0.1787316830849811E+01 -0.2148326776749467E+00  0.2574361305591968E+02
  0.1779146246002545E+01 -0.2068457867579697E+00  0.2645884732310076E+02
  0.1770975661130345E+01 -0.1988450871878683E+00  0.2712869520719790E+02
  0.1762805076234296E+01 -0.1908311130769725E+00  0.2744889627618110E+02
  0.1754634491315471E+01 -0.1828043994237966E+00  0.2687443505499965E+02
  0.1746463906374929E+01 -0.1747654820773241E+00  0.2548165397745062E+02
  0.1738293321413718E+01 -0.1667148977012352E+00  0.2414550936403106E+02
  0.1730122736432872E+01 -0.1586531837380799E+00  0.2331946697620460E+02
  0.1721952151433418E+01 -0.1505808783733995E+00  0.2251993145935815E+02
  0.1713781566416370E+01 -0.1424985204997981E+00  0.2118465893820052E+02
  0.1705610981382731E+01 -0.1344066496809675E+00  0.1940207354809655E+02
  0.1697440396333499E+01 -0.1263058061156663E+00  0.1740232907868434E+02
  0.1689269811269659E+01 -0.1181965306016578E+00  0.1492034524976164E+02
  0.1681099226192191E+01 -0.1100793644996070E+00  0.1177916463380110E+02
  0.1672928641102067E+01 -0.1019548496969404E+00  0.8609498949196078E+01
  0.1664758056000250E+01 -0.9382352857167028E-01  0.6407048745218372E+01
  0.1656587470887701E+01 -0.8568594395618719E-01  0.5601676636679776E+01
  0.1648416885765370E+01 -0.7754263910102077E-01  0.5668771213755647E+01
  0.1640246300634206E+01 -0.6939415763857371E-01  0.5853786487459968E+01
  0.1632075715495151E+01 -0.6124104354682962E-01  0.5815380865374520E+01
  0.1623905130349143E+01 -0.5308384111303818E-01  0.5464887926443067E+01
  0.1615734545197117E+01 -0.4492309489737940E-01  0.4677900903741713E+01
  0.1607563960040004E+01 -0.3675934969660982E-01  0.3351052590808754E+01
  0.1599393374878733E+01 -0.2859315050769285E-01  0.1583494565475760E+01
  0.1591222789714229E+01 -0.2042504249141571E-01 -0.3746890570411925E-01
  0.1583052204547419E+01 -0.1225557093599554E-01 -0.8144741323120781E+00
  0.1574881619379224E+01 -0.4085281220676868E-02 -0.8447551956942806E+00
  0.1566711034210569E+01  0.4085281220676868E-02 -0.1003214739387889E+01
  0.1558540449042374E+01  0.1225557093599554E-01 -0.1836979027972241E+01
  0.1550369863875564E+01  0.2042504249141571E-01 -0.3333304410510635E+01
  0.1542199278711061E+01  0.2859315050769285E-01 -0.5361915991112573E+01
  0.1534028693549790E+01  0.3675934969660982E-01 -0.7876677549222068E+01
  0.1525858108392677E+01  0.4492309489737940E-01 -0.1082081961562497E+02
  0.1517687523240650E+01  0.5308384111303818E-01 -0.1401784133581727E+02
  0.1509516938094642E+01  0.6124104354682962E-01 -0.1715026385626299E+02
  0.1501346352955587E+01  0.6939415763857371E-01 -0.1995383001326083E+02
  0.1493175767824423E+01  0.7754263910102077E-01 -0.2225264858059861E+02
  0.1485005182702093E+01  0.8568594395618719E-01 -0.2371452463401774E+02
  0.1476834597589543E+01  0.9382352857167028E-01 -0.2409037643203143E+02
  0.1468664012487727E+01  0.1019548496969404E+00 -0.2392375562434552E+02
  0.1460493427397602E+01  0.1100793644996070E+00 -0.2431424632741454E+02
  0.1452322842320134E+01  0.1181965306016578E+00 -0.2583028917664134E+02
  0.1444152257256294E+01  0.1263058061156663E+00 -0.2809457656411197E+02
  0.1435981672207062E+01  0.1344066496809675E+00 -0.3042361346186421E+02
  0.1427811087173423E+01  0.1424985204997981E+00 -0.3214490659235983E+02
  0.1419640502156375E+01  0.1505808783733995E+00 -0.3264704353959840E+02
  0.1411469917156921E+01  0.1586531837380799E+00 -0.3175982826860688E+02
  0.1403299332176076E+01  0.1667148977012352E+00 -0.3003514811841196E+02
  0.1395128747214864E+01  0.1747654820773241E+00 -0.2839280074494924E+02
  0.1386958162274323E+01  0.1828043994237966E+00 -0.2761822316171421E+02
  0.1378787577355497E+01  0.1908311130769725E+00 -0.2783846958318354E+02
  0.1370616992459449E+01  0.1988450871878683E+00 -0.2849228646380289E+02
  0.1362446407587248E+01  0.2068457867579697E+00 -0.2904655385680343E+02
  0.1354275822739983E+01  0.2148326776749467E+00 -0.2953981690708117E+02
  0.1346105237918751E+01  0.2228052267483099E+00 -0.3031482484807593E+02
  0.1337934653124670E+01  0.2307629017450062E+00 -0.3161370671019812E+02
  0.1329764068358868E+01  0.2387051714249486E+00 -0.3324753696637571E+02
  0.1321593483622494E+01  0.2466315055764818E+00 -0.3458769022300469E+02
  0.1313422898916710E+01  0.2545413750517773E+00 -0.3529652769596079E+02
  0.1305252314242701E+01  0.2624342518021592E+00 -0.3606949347276760E+02
  0.1297081729601665E+01  0.2703096089133553E+00 -0.3792426148809305E+02
  0.1288911144994824E+01  0.2781669206406729E+00 -0.4098737761609429E+02
  0.1280740560423418E+01  0.2860056624440968E+00 -0.4444587518915085E+02
  0.1272569975888710E+01  0.2938253110233064E+00 -0.4749498505763266E+02
  0.1264399391391984E+01  0.3016253443526109E+00 -0.4955214339397804E+02
  0.1256228806934547E+01  0.3094052417157978E+00 -0.5033829051516137E+02
  0.1248058222517730E+01  0.3171644837408958E+00 -0.5033416576368166E+02
  0.1239887638142892E+01  0.3249025524348469E+00 -0.5056913963152388E+02
  0.1231717053811414E+01  0.3326189312180866E+00 -0.5173548841379767E+02
  0.1223546469524707E+01  0.3403131049590297E+00 -0.5385658213432382E+02
  0.1215375885284210E+01  0.3479845600084601E+00 -0.5630792465381091E+02
  0.1207205301091390E+01  0.3556327842338202E+00 -0.5831023705857844E+02
  0.1199034716947747E+01  0.3632572670534011E+00 -0.5996820264489282E+02
  0.1190864132854811E+01  0.3708574994704271E+00 -0.6210855115152410E+02
  0.1182693548814147E+01  0.3784329741070359E+00 -0.6486783968222150E+02
  0.1174522964827352E+01  0.3859831852381501E+00 -0.6772543150218253E+02
  0.1166352380896063E+01  0.3935076288252386E+00 -0.7027363448326582E+02
  0.1158181797021950E+01  0.4010058025499653E+00 -0.7238724574644058E+02
  0.1150011213206726E+01  0.4084772058477228E+00 -0.7418122095889838E+02
  0.1141840629452141E+01  0.4159213399410494E+00 -0.7582127160359288E+02
  0.1133670045759989E+01  0.4233377078729265E+00 -0.7747271220759818E+02
  0.1125499462132108E+01  0.4307258145399545E+00 -0.7933011402984556E+02
  0.1117328878570381E+01  0.4380851667254050E+00 -0.8139603195365669E+02
  0.1109158295076737E+01  0.4454152731321473E+00 -0.8375841650621557E+02
  0.1100987711653159E+01  0.4527156444154464E+00 -0.8658848818901350E+02
  0.1092817128301675E+01  0.4599857932156304E+00 -0.9003686153070193E+02
  0.1084646545024371E+01  0.4672252341906264E+00 -0.9440225284732422E+02
  0.1076475961823386E+01  0.4744334840483606E+00 -0.9965777450062821E+02
  0.1068305378700920E+01  0.4816100615790221E+00 -0.1046671818061212E+03
  0.1060134795659229E+01  0.4887544876871878E+00 -0.1080782127741338E+03
  0.1051964212700635E+01  0.4958662854238058E+00 -0.1096041167055323E+03
  0.1043793629827524E+01  0.5029449800180356E+00 -0.1099705936285275E+03
  0.1035623047042350E+01  0.5099900989089429E+00 -0.1101442557827257E+03
  0.1027452464347638E+01  0.5170011717770473E+00 -0.1111579740245703E+03
  0.1019281881745987E+01  0.5239777305757194E+00 -0.1137626937538732E+03
  0.1011111299240073E+01  0.5309193095624275E+00 -0.1176629567843562E+03
  0.1002940716832650E+01  0.5378254453298289E+00 -0.1216490213468079E+03
  0.9947701345265596E+00  0.5446956768367068E+00 -0.1252401066237747E+03
  0.9865995523247275E+00  0.5515295454387482E+00 -0.1289740875304107E+03
  0.9784289702301714E+00  0.5583265949191624E+00 -0.1331639776865036E+03
  0.9702583882460036E+00  0.5650863715191369E+00 -0.1373073926795881E+03
  0.9620878063754359E+00  0.5718084239681300E+00 -0.1406792963331592E+03
  0.9539172246217830E+00  0.5784923035139965E+00 -0.1431349435522205E+03
  0.9457466429884676E+00  0.5851375639529456E+00 -0.1451237470234047E+03
  0.9375760614790253E+00  0.5917437616593286E+00 -0.1467813512411875E+03
  0.9294054800971098E+00  0.5983104556152549E+00 -0.1480219850778183E+03
  0.9212348988464978E+00  0.6048372074400329E+00 -0.1495219027913774E+03
  0.9130643177310944E+00  0.6113235814194364E+00 -0.1523630809554890E+03
  0.9048937367549402E+00  0.6177691445347914E+00 -0.1561890728830158E+03
  0.8967231559222163E+00  0.6241734664918837E+00 -0.1593836643046783E+03
  0.8885525752372514E+00  0.6305361197496849E+00 -0.1611056903611199E+03
  0.8803819947045285E+00  0.6368566795488945E+00 -0.1620866246661859E+03
  0.8722114143286931E+00  0.6431347239402948E+00 -0.1633448852717081E+03
  0.8640408341145595E+00  0.6493698338129212E+00 -0.1650146614224942E+03
  0.8558702540671204E+00  0.6555615929220400E+00 -0.1664285993503020E+03
  0.8476996741915547E+00  0.6617095879169366E+00 -0.1671094201094846E+03
  0.8395290944932369E+00  0.6678134083685102E+00 -0.1669349810670214E+03
  0.8313585149777468E+00  0.6738726467966731E+00 -0.1659581528509174E+03
  0.8231879356508802E+00  0.6798868986975534E+00 -0.1642414557961925E+03
  0.8150173565186587E+00  0.6858557625704990E+00 -0.1619789511593314E+03
  0.8068467775873427E+00  0.6917788399448808E+00 -0.1596036923372362E+03
  0.7986761988634423E+00  0.6976557354066943E+00 -0.1577245562371017E+03
  0.7905056203537315E+00  0.7034860566249567E+00 -0.1565367027014715E+03
  0.7823350420652612E+00  0.7092694143778975E+00 -0.1556984115987723E+03
  0.7741644640053743E+00  0.7150054225789432E+00 -0.1546773600367749E+03
  0.7659938861817212E+00  0.7206936983024912E+00 -0.1535326773355292E+03
  0.7578233086022768E+00  0.7263338618094733E+00 -0.1527379602830590E+03
  0.7496527312753575E+00  0.7319255365727068E+00 -0.1527273269953635E+03
  0.7414821542096410E+00  0.7374683493020299E+00 -0.1533923078751976E+03
  0.7333115774141861E+00  0.7429619299692227E+00 -0.1536078713308557E+03
  0.7251410008984539E+00  0.7484059118327094E+00 -0.1517829022886738E+03
  0.7169704246723316E+00  0.7537999314620412E+00 -0.1475088532326058E+03
  0.7087998487461566E+00  0.7591436287621580E+00 -0.1416901430671397E+03
  0.7006292731307425E+00  0.7644366469974285E+00 -0.1356563354372643E+03
  0.6924586978374083E+00  0.7696786328154644E+00 -0.1303861815277535E+03
  0.6842881228780077E+00  0.7748692362707100E+00 -0.1261341218428826E+03
  0.6761175482649616E+00  0.7800081108478040E+00 -0.1223293213348354E+03
  0.6679469740112938E+00  0.7850949134847117E+00 -0.1183212699222465E+03
  0.6597764001306670E+00  0.7901293045956280E+00 -0.1137277836987241E+03
  0.6516058266374236E+00  0.7951109480936471E+00 -0.1088623326058846E+03
  0.6434352535466297E+00  0.8000395114131988E+00 -0.1043766574256207E+03
  0.6352646808741202E+00  0.8049146655322506E+00 -0.1005762605216443E+03
  0.6270941086365502E+00  0.8097360849942720E+00 -0.9742998226146032E+02
  0.6189235368514482E+00  0.8145034479299620E+00 -0.9474122774047297E+02
  0.6107529655372755E+00  0.8192164360787360E+00 -0.9168303372960584E+02
  0.6025823947134890E+00  0.8238747348099726E+00 -0.8760666908620051E+02
  0.5944118244006098E+00  0.8284780331440178E+00 -0.8269802610522906E+02
  0.5862412546202973E+00  0.8330260237729452E+00 -0.7734273923262448E+02
  0.5780706853954301E+00  0.8375184030810715E+00 -0.7114473158387770E+02
  0.5699001167501928E+00  0.8419548711652254E+00 -0.6355636949591489E+02
  0.5617295487101719E+00  0.8463351318547683E+00 -0.5443855796776914E+02
  0.5535589813024583E+00  0.8506588927313666E+00 -0.4409859379746118E+02
  0.5453884145557613E+00  0.8549258651485127E+00 -0.3289548481855454E+02
  0.5372178485005299E+00  0.8591357642507945E+00 -0.2155504832083513E+02
  0.5290472831690897E+00  0.8632883089929120E+00 -0.1082576383582293E+02
  0.5208767185957875E+00  0.8673832221584393E+00 -0.6618896534757576E+00
  0.5127061548171545E+00  0.8714202303783312E+00  0.9843147775629408E+01
  0.5045355918720822E+00  0.8753990641491725E+00  0.2079825772189008E+02
  0.4963650298020162E+00  0.8793194578511700E+00  0.3170770529947088E+02
  0.4881944686511717E+00  0.8831811497658847E+00  0.4261841023535002E+02
  0.4800239084667671E+00  0.8869838820937034E+00  0.5381650026173256E+02
  0.4718533492992859E+00  0.8907274009710492E+00  0.6491997053205927E+02
  0.4636827912027636E+00  0.8944114564873288E+00  0.7571208422893899E+02
  0.4555122342351060E+00  0.8980358027016164E+00  0.8672584718272033E+02
  0.4473416784584431E+00  0.9016001976590722E+00  0.9876200512682644E+02
  0.4391711239395221E+00  0.9051044034070944E+00  0.1113465563527204E+03
  0.4310005707501444E+00  0.9085481860112055E+00  0.1231641196941785E+03
  0.4228300189676551E+00  0.9119313155706682E+00  0.1337986799036341E+03
  0.4146594686754885E+00  0.9152535662338340E+00  0.1441711823939880E+03
  0.4064889199637791E+00  0.9185147162132208E+00  0.1550586671150425E+03
  0.3983183729300507E+00  0.9217145478003181E+00  0.1670225189124317E+03
  0.3901478276799883E+00  0.9248528473801222E+00  0.1808475652863206E+03
  0.3819772843283120E+00  0.9279294054453956E+00  0.1970624231651751E+03
  0.3738067429997641E+00  0.9309440166106540E+00  0.2145268929022998E+03
  0.3656362038302282E+00  0.9338964796258775E+00  0.2315359104959692E+03
  0.3574656669680030E+00  0.9367865973899459E+00  0.2475353965511830E+03
  0.3492951325752533E+00  0.9396141769637963E+00  0.2634996292203083E+03
  0.3411246008296713E+00  0.9423790295833044E+00  0.2804556960830137E+03
  0.3329540719263814E+00  0.9450809706718851E+00  0.2989793391098335E+03
  0.3247835460801308E+00  0.9477198198528157E+00  0.3186654516205091E+03
  0.3166130235278230E+00  0.9502954009612771E+00  0.3386608931899257E+03
  0.3084425045314506E+00  0.9528075420561144E+00  0.3585377928961155E+03
  0.3002719893815085E+00  0.9552560754313160E+00  0.3790023488596215E+03
  0.2921014784009779E+00  0.9576408376272095E+00  0.4005919893368980E+03
  0.2839309719500016E+00  0.9599616694413742E+00  0.4236386772459966E+03
  0.2757604704313845E+00  0.9622184159392698E+00  0.4481677179522136E+03
  0.2675899742971076E+00  0.9644109264645802E+00  0.4740092484895468E+03
  0.2594194840560681E+00  0.9665390546492710E+00  0.5007858380341886E+03
  0.2512490002833307E+00  0.9686026584233628E+00  0.5289627452517698E+03
  0.2430785236312446E+00  0.9706016000244151E+00  0.5590498500312939E+03
  0.2349080548428762E+00  0.9725357460067257E+00  0.5910122539543165E+03
  0.2267375947683499E+00  0.9744049672502397E+00  0.6239435593420059E+03
  0.2185671443848464E+00  0.9762091389691724E+00  0.6574656850036924E+03
  0.2103967048212628E+00  0.9779481407203411E+00  0.6918088250082492E+03
  0.2022262773888417E+00  0.9796218564112101E+00  0.7272205291665758E+03
  0.1940558636195398E+00  0.9812301743076443E+00  0.7631176307620869E+03
  0.1858854653144977E+00  0.9827729870413743E+00  0.7989982558217365E+03
  0.1777150846058812E+00  0.9842501916171713E+00  0.8345521391599018E+03
  0.1695447240365762E+00  0.9856616894197333E+00  0.8700570604175144E+03
  0.1613743866640789E+00  0.9870073862202815E+00  0.9055202634203815E+03
  0.1532040761975885E+00  0.9882871921828699E+00  0.9414176328187406E+03
  0.1450337971813853E+00  0.9895010218704087E+00  0.9783972707237950E+03
  0.1368635552438019E+00  0.9906487942504061E+00  0.1017535710545173E+04
  0.1286933574408989E+00  0.9917304327004320E+00  0.1059528599726814E+04
  0.1205232127396896E+00  0.9927458650133153E+00  0.1104865888533672E+04
  0.1123531327118049E+00  0.9936950234020883E+00  0.1153109785939392E+04
  0.1041831325528455E+00  0.9945778445047068E+00  0.1204699785326157E+04
  0.9601323262085862E-01  0.9953942693885953E+00  0.1260702809581667E+04
  0.8784346083082471E-01  0.9961442435551087E+00  0.1323443700962055E+04
  0.7967385651719167E-01  0.9968277169440913E+00  0.1395158199848280E+04
  0.7150447693306423E-01  0.9974446439389107E+00  0.1478595379635396E+04
  0.6333540875299180E-01  0.9979949833727938E+00  0.1576018194008474E+04
  0.5516678972815772E-01  0.9984786985384589E+00  0.1690864014589277E+04
  0.4699885272846815E-01  0.9988957572063257E+00  0.1826835632231368E+04
  0.3883202470742381E-01  0.9992461316671845E+00  0.1995753163831866E+04
  0.3066718105470672E-01  0.9995297988558859E+00  0.2243746765559978E+04
  0.2250643816359393E-01  0.9997467408113523E+00  0.2692902056317120E+04
  0.1435650599352885E-01  0.9998969471378596E+00  0.3430041365560053E+04
  0.6254421014113626E-02  0.9999804411726474E+00  0.4190383495768514E+04
