# nlmax, ncor, nside =         383           1         128
  0.3135338232575680E+01 -0.9999804411726474E+00 -0.2203782608705359E+03
  0.3127236147596264E+01 -0.9998969471378596E+00 -0.2226117203820918E+03
  0.3119086215426199E+01 -0.9997467408113523E+00 -0.2252093081519373E+03
  0.3110925472535087E+01 -0.9995297988558859E+00 -0.2296430235471293E+03
  0.3102760628882369E+01 -0.9992461316671845E+00 -0.2363533838574560E+03
  0.3094593800861325E+01 -0.9988957572063257E+00 -0.2439499550264521E+03
  0.3086425863861635E+01 -0.9984786985384589E+00 -0.2501282938415109E+03
  0.3078257244836801E+01 -0.9979949833727938E+00 -0.2540644234874609E+03
  0.3070088176656729E+01 -0.9974446439389107E+00 -0.2564673508707971E+03
  0.3061918797072602E+01 -0.9968277169440913E+00 -0.2578783601552024E+03
  0.3053749192758969E+01 -0.9961442435551087E+00 -0.2578731294380295E+03
  0.3045579420968934E+01 -0.9953942693885953E+00 -0.2559186849191696E+03
  0.3037409521036948E+01 -0.9945778445047068E+00 -0.2513300396332527E+03
  0.3029239520877988E+01 -0.9936950234020883E+00 -0.2445432848852119E+03
  0.3021069440850104E+01 -0.9927458650133153E+00 -0.2362302371075889E+03
  0.3012899296148894E+01 -0.9917304327004320E+00 -0.2286279859544366E+03
  0.3004729098345992E+01 -0.9906487942504061E+00 -0.2226423608315242E+03
  0.2996558856408408E+01 -0.9895010218704087E+00 -0.2169199979209463E+03
  0.2988388577392205E+01 -0.9882871921828699E+00 -0.2107556823467526E+03
  0.2980218266925714E+01 -0.9870073862202815E+00 -0.2039234717232787E+03
  0.2972047929553217E+01 -0.9856616894197333E+00 -0.1961102423952499E+03
  0.2963877568983912E+01 -0.9842501916171713E+00 -0.1872207059335441E+03
  0.2955707188275296E+01 -0.9827729870413743E+00 -0.1781946321087264E+03
  0.2947536789970254E+01 -0.9812301743076443E+00 -0.1707826491971646E+03
  0.2939366376200951E+01 -0.9796218564112101E+00 -0.1648794292317548E+03
  0.2931195948768531E+01 -0.9779481407203411E+00 -0.1589528409003917E+03
  0.2923025509204947E+01 -0.9762091389691724E+00 -0.1511469998158026E+03
  0.2914855058821443E+01 -0.9744049672502397E+00 -0.1419187516355070E+03
  0.2906684598746917E+01 -0.9725357460067257E+00 -0.1341994758027366E+03
  0.2898514129958549E+01 -0.9706016000244151E+00 -0.1306726464745910E+03
  0.2890343653306462E+01 -0.9686026584233628E+00 -0.1313099370090952E+03
  0.2882173169533725E+01 -0.9665390546492710E+00 -0.1338965849383234E+03
  0.2874002679292686E+01 -0.9644109264645802E+00 -0.1357644033982086E+03
  0.2865832183158409E+01 -0.9622184159392698E+00 -0.1345932818923543E+03
  0.2857661681639792E+01 -0.9599616694413742E+00 -0.1296659850930807E+03
  0.2849491175188815E+01 -0.9576408376272095E+00 -0.1229962069788994E+03
  0.2841320664208285E+01 -0.9552560754313160E+00 -0.1169559070679177E+03
  0.2833150149058343E+01 -0.9528075420561144E+00 -0.1122313873581809E+03
  0.2824979630061970E+01 -0.9502954009612771E+00 -0.1080269708349380E+03
  0.2816809107509663E+01 -0.9477198198528157E+00 -0.1035867026780698E+03
  0.2808638581663412E+01 -0.9450809706718851E+00 -0.9923446891014210E+02
  0.2800468052760122E+01 -0.9423790295833044E+00 -0.9541703355323205E+02
  0.2792297521014540E+01 -0.9396141769637963E+00 -0.9207511083211062E+02
  0.2784126986621790E+01 -0.9367865973899459E+00 -0.8884824678113772E+02
  0.2775956449759565E+01 -0.9338964796258775E+00 -0.8595039299005229E+02
  0.2767785910590029E+01 -0.9309440166106540E+00 -0.8303447600918695E+02
  0.2759615369261481E+01 -0.9279294054453956E+00 -0.7944804138786250E+02
  0.2751444825909805E+01 -0.9248528473801222E+00 -0.7445328414418215E+02
  0.2743274280659743E+01 -0.9217145478003181E+00 -0.6824545261977144E+02
  0.2735103733626014E+01 -0.9185147162132208E+00 -0.6158830145770253E+02
  0.2726933184914305E+01 -0.9152535662338340E+00 -0.5523734310127696E+02
  0.2718762634622138E+01 -0.9119313155706682E+00 -0.4966437460711010E+02
  0.2710592082839649E+01 -0.9085481860112055E+00 -0.4440958010336377E+02
  0.2702421529650271E+01 -0.9051044034070944E+00 -0.3869104874976931E+02
  0.2694250975131350E+01 -0.9016001976590722E+00 -0.3219282256576813E+02
  0.2686080419354687E+01 -0.8980358027016164E+00 -0.2510206048563885E+02
  0.2677909862387029E+01 -0.8944114564873288E+00 -0.1815753151882706E+02
  0.2669739304290507E+01 -0.8907274009710492E+00 -0.1188984027722568E+02
  0.2661568745123026E+01 -0.8869838820937034E+00 -0.6758805869108985E+01
  0.2653398184938621E+01 -0.8831811497658847E+00 -0.2908652954325423E+01
  0.2645227623787777E+01 -0.8793194578511700E+00 -0.1453861991526533E+00
  0.2637057061717711E+01 -0.8753990641491725E+00  0.2266892379754572E+01
  0.2628886498772639E+01 -0.8714202303783312E+00  0.4584372177725763E+01
  0.2620715934994006E+01 -0.8673832221584393E+00  0.6976047884828746E+01
  0.2612545370420704E+01 -0.8632883089929120E+00  0.1020189324692807E+02
  0.2604374805089263E+01 -0.8591357642507945E+00  0.1454431086683075E+02
  0.2596204239034032E+01 -0.8549258651485127E+00  0.1904471202723980E+02
  0.2588033672287335E+01 -0.8506588927313666E+00  0.2245533165814930E+02
  0.2579863104879621E+01 -0.8463351318547683E+00  0.2507429505215158E+02
  0.2571692536839600E+01 -0.8419548711652254E+00  0.2836540043588881E+02
  0.2563521968194363E+01 -0.8375184030810715E+00  0.3285345162811520E+02
  0.2555351398969496E+01 -0.8330260237729452E+00  0.3793474567754262E+02
  0.2547180829189184E+01 -0.8284780331440178E+00  0.4279176644299922E+02
  0.2539010258876304E+01 -0.8238747348099726E+00  0.4678324360897094E+02
  0.2530839688052518E+01 -0.8192164360787360E+00  0.4973365388615999E+02
  0.2522669116738345E+01 -0.8145034479299620E+00  0.5210625172821723E+02
  0.2514498544953243E+01 -0.8097360849942720E+00  0.5388247956853975E+02
  0.2506327972715673E+01 -0.8049146655322506E+00  0.5410592579806202E+02
  0.2498157400043163E+01 -0.8000395114131988E+00  0.5271957534575361E+02
  0.2489986826952370E+01 -0.7951109480936471E+00  0.5131791055976518E+02
  0.2481816253459126E+01 -0.7901293045956280E+00  0.5096984263724924E+02
  0.2473645679578500E+01 -0.7850949134847117E+00  0.5131412571391056E+02
  0.2465475105324832E+01 -0.7800081108478040E+00  0.5170635980227117E+02
  0.2457304530711785E+01 -0.7748692362707100E+00  0.5166497963889920E+02
  0.2449133955752385E+01 -0.7696786328154644E+00  0.5117764741788940E+02
  0.2440963380459050E+01 -0.7644366469974285E+00  0.5139448599635712E+02
  0.2432792804843637E+01 -0.7591436287621580E+00  0.5322751455249486E+02
  0.2424622228917462E+01 -0.7537999314620412E+00  0.5596674062496874E+02
  0.2416451652691339E+01 -0.7484059118327094E+00  0.5836512253922831E+02
  0.2408281076175607E+01 -0.7429619299692227E+00  0.6030204439838796E+02
  0.2400110499380152E+01 -0.7374683493020299E+00  0.6203686588117269E+02
  0.2391939922314436E+01 -0.7319255365727068E+00  0.6349025385601495E+02
  0.2383769344987516E+01 -0.7263338618094733E+00  0.6413417238349953E+02
  0.2375598767408072E+01 -0.7206936983024912E+00  0.6363256926716113E+02
  0.2367428189584419E+01 -0.7150054225789432E+00  0.6276334858942015E+02
  0.2359257611524532E+01 -0.7092694143778975E+00  0.6241259651538007E+02
  0.2351087033236062E+01 -0.7034860566249567E+00  0.6260168905195419E+02
  0.2342916454726351E+01 -0.6976557354066943E+00  0.6284550343396984E+02
  0.2334745876002450E+01 -0.6917788399448808E+00  0.6234747867550242E+02
  0.2326575297071134E+01 -0.6858557625704990E+00  0.6071152060050396E+02
  0.2318404717938913E+01 -0.6798868986975534E+00  0.5885354469899026E+02
  0.2310234138612046E+01 -0.6738726467966731E+00  0.5814006764338151E+02
  0.2302063559096557E+01 -0.6678134083685102E+00  0.5846772507739356E+02
  0.2293892979398239E+01 -0.6617095879169366E+00  0.5876937342717545E+02
  0.2285722399522673E+01 -0.6555615929220400E+00  0.5848635610074655E+02
  0.2277551819475234E+01 -0.6493698338129212E+00  0.5805510128465410E+02
  0.2269381239261100E+01 -0.6431347239402948E+00  0.5761010798540704E+02
  0.2261210658885265E+01 -0.6368566795488945E+00  0.5670740517901447E+02
  0.2253040078352542E+01 -0.6305361197496849E+00  0.5557589194480887E+02
  0.2244869497667577E+01 -0.6241734664918837E+00  0.5510594188628706E+02
  0.2236698916834853E+01 -0.6177691445347914E+00  0.5544933567439028E+02
  0.2228528335858699E+01 -0.6113235814194364E+00  0.5600114681596474E+02
  0.2220357754743295E+01 -0.6048372074400329E+00  0.5586152849365003E+02
  0.2212187173492683E+01 -0.5983104556152549E+00  0.5498303501735468E+02
  0.2204016592110768E+01 -0.5917437616593286E+00  0.5397016362389487E+02
  0.2195846010601326E+01 -0.5851375639529456E+00  0.5336223869064735E+02
  0.2187675428968010E+01 -0.5784923035139965E+00  0.5307327853897592E+02
  0.2179504847214357E+01 -0.5718084239681300E+00  0.5253484608938676E+02
  0.2171334265343789E+01 -0.5650863715191369E+00  0.5120097541843943E+02
  0.2163163683359622E+01 -0.5583265949191624E+00  0.4899966818887023E+02
  0.2154993101265066E+01 -0.5515295454387482E+00  0.4609550169281515E+02
  0.2146822519063234E+01 -0.5446956768367068E+00  0.4257428361686568E+02
  0.2138651936757143E+01 -0.5378254453298289E+00  0.3837822535429612E+02
  0.2130481354349721E+01 -0.5309193095624275E+00  0.3362954140933611E+02
  0.2122310771843806E+01 -0.5239777305757194E+00  0.2863092860777840E+02
  0.2114140189242155E+01 -0.5170011717770473E+00  0.2405453449432323E+02
  0.2105969606547443E+01 -0.5099900989089429E+00  0.2033647099008054E+02
  0.2097799023762269E+01 -0.5029449800180356E+00  0.1751597623694403E+02
  0.2089628440889158E+01 -0.4958662854238058E+00  0.1581019242272622E+02
  0.2081457857930564E+01 -0.4887544876871878E+00  0.1553908953703982E+02
  0.2073287274888874E+01 -0.4816100615790221E+00  0.1624068510573984E+02
  0.2065116691766407E+01 -0.4744334840483606E+00  0.1698341705726885E+02
  0.2056946108565423E+01 -0.4672252341906264E+00  0.1764021655854063E+02
  0.2048775525288118E+01 -0.4599857932156304E+00  0.1892877556499239E+02
  0.2040604941936635E+01 -0.4527156444154464E+00  0.2081530457765085E+02
  0.2032434358513056E+01 -0.4454152731321473E+00  0.2233333253109613E+02
  0.2024263775019413E+01 -0.4380851667254050E+00  0.2268673938851432E+02
  0.2016093191457685E+01 -0.4307258145399545E+00  0.2194509300730060E+02
  0.2007922607829804E+01 -0.4233377078729265E+00  0.2076599018033533E+02
  0.1999752024137653E+01 -0.4159213399410494E+00  0.1983983720020183E+02
  0.1991581440383068E+01 -0.4084772058477228E+00  0.1927762587311227E+02
  0.1983410856567843E+01 -0.4010058025499653E+00  0.1917684265456261E+02
  0.1975240272693730E+01 -0.3935076288252386E+00  0.1965536792208140E+02
  0.1967069688762441E+01 -0.3859831852381501E+00  0.2063040895928137E+02
  0.1958899104775647E+01 -0.3784329741070359E+00  0.2189430716209195E+02
  0.1950728520734982E+01 -0.3708574994704271E+00  0.2340658845039271E+02
  0.1942557936642046E+01 -0.3632572670534011E+00  0.2511881799208692E+02
  0.1934387352498403E+01 -0.3556327842338202E+00  0.2705114066982598E+02
  0.1926216768305583E+01 -0.3479845600084601E+00  0.2897668461035492E+02
  0.1918046184065086E+01 -0.3403131049590297E+00  0.3092039431172498E+02
  0.1909875599778379E+01 -0.3326189312180866E+00  0.3346244167227712E+02
  0.1901705015446901E+01 -0.3249025524348469E+00  0.3662115874536939E+02
  0.1893534431072063E+01 -0.3171644837408958E+00  0.3926790709334866E+02
  0.1885363846655247E+01 -0.3094052417157978E+00  0.4063361608636974E+02
  0.1877193262197810E+01 -0.3016253443526109E+00  0.4089479381630463E+02
  0.1869022677701083E+01 -0.2938253110233064E+00  0.4058337293860830E+02
  0.1860852093166375E+01 -0.2860056624440968E+00  0.3967879766173169E+02
  0.1852681508594969E+01 -0.2781669206406729E+00  0.3836109935694257E+02
  0.1844510923988128E+01 -0.2703096089133553E+00  0.3743625399299643E+02
  0.1836340339347093E+01 -0.2624342518021592E+00  0.3756921917130253E+02
  0.1828169754673083E+01 -0.2545413750517773E+00  0.3852648721624163E+02
  0.1819999169967299E+01 -0.2466315055764818E+00  0.3978717992248711E+02
  0.1811828585230925E+01 -0.2387051714249486E+00  0.4088210583318174E+02
  0.1803658000465123E+01 -0.2307629017450062E+00  0.4161889813755397E+02
  0.1795487415671042E+01 -0.2228052267483099E+00  0.4198194997331370E+02
  0.1787316830849811E+01 -0.2148326776749467E+00  0.4227144419893391E+02
  0.1779146246002545E+01 -0.2068457867579697E+00  0.4265218139895030E+02
  0.1770975661130345E+01 -0.1988450871878683E+00  0.4309316545724646E+02
  0.1762805076234296E+01 -0.1908311130769725E+00  0.4319055443823269E+02
  0.1754634491315471E+01 -0.1828043994237966E+00  0.4255088588424097E+02
  0.1746463906374929E+01 -0.1747654820773241E+00  0.4124298902648001E+02
  0.1738293321413718E+01 -0.1667148977012352E+00  0.3990540785216685E+02
  0.1730122736432872E+01 -0.1586531837380799E+00  0.3885054325892838E+02
  0.1721952151433418E+01 -0.1505808783733995E+00  0.3787741466251670E+02
  0.1713781566416370E+01 -0.1424985204997981E+00  0.3642564589932904E+02
  0.1705610981382731E+01 -0.1344066496809675E+00  0.3461031339763350E+02
  0.1697440396333499E+01 -0.1263058061156663E+00  0.3276319738177911E+02
  0.1689269811269659E+01 -0.1181965306016578E+00  0.3064616416031757E+02
  0.1681099226192191E+01 -0.1100793644996070E+00  0.2792579582619284E+02
  0.1672928641102067E+01 -0.1019548496969404E+00  0.2513429373993569E+02
  0.1664758056000250E+01 -0.9382352857167028E-01  0.2285197671419276E+02
  0.1656587470887701E+01 -0.8568594395618719E-01  0.2155856883122328E+02
  0.1648416885765370E+01 -0.7754263910102077E-01  0.2103489868089089E+02
  0.1640246300634206E+01 -0.6939415763857371E-01  0.2060431291580984E+02
  0.1632075715495151E+01 -0.6124104354682962E-01  0.1982295377561364E+02
  0.1623905130349143E+01 -0.5308384111303818E-01  0.1888481035290313E+02
  0.1615734545197117E+01 -0.4492309489737940E-01  0.1764807755632438E+02
  0.1607563960040004E+01 -0.3675934969660982E-01  0.1581945316869843E+02
  0.1599393374878733E+01 -0.2859315050769285E-01  0.1358123599117276E+02
  0.1591222789714229E+01 -0.2042504249141571E-01  0.1182005792382023E+02
  0.1583052204547419E+01 -0.1225557093599554E-01  0.1111999941875905E+02
  0.1574881619379224E+01 -0.4085281220676868E-02  0.1102982362234363E+02
  0.1566711034210569E+01  0.4085281220676868E-02  0.1063957333172228E+02
  0.1558540449042374E+01  0.1225557093599554E-01  0.9704886819532863E+01
  0.1550369863875564E+01  0.2042504249141571E-01  0.8024243877582961E+01
  0.1542199278711061E+01  0.2859315050769285E-01  0.5885381922991395E+01
  0.1534028693549790E+01  0.3675934969660982E-01  0.3519102079868503E+01
  0.1525858108392677E+01  0.4492309489737940E-01  0.8603709136478811E+00
  0.1517687523240650E+01  0.5308384111303818E-01 -0.2540896065091782E+01
  0.1509516938094642E+01  0.6124104354682962E-01 -0.6579013026941775E+01
  0.1501346352955587E+01  0.6939415763857371E-01 -0.1032726581579835E+02
  0.1493175767824423E+01  0.7754263910102077E-01 -0.1299431935023058E+02
  0.1485005182702093E+01  0.8568594395618719E-01 -0.1462094670745348E+02
  0.1476834597589543E+01  0.9382352857167028E-01 -0.1542453682074320E+02
  0.1468664012487727E+01  0.1019548496969404E+00 -0.1582613896268580E+02
  0.1460493427397602E+01  0.1100793644996070E+00 -0.1649605857795922E+02
  0.1452322842320134E+01  0.1181965306016578E+00 -0.1805586833657498E+02
  0.1444152257256294E+01  0.1263058061156663E+00 -0.2015573077305920E+02
  0.1435981672207062E+01  0.1344066496809675E+00 -0.2225501544126922E+02
  0.1427811087173423E+01  0.1424985204997981E+00 -0.2358215186941244E+02
  0.1419640502156375E+01  0.1505808783733995E+00 -0.2346910476466755E+02
  0.1411469917156921E+01  0.1586531837380799E+00 -0.2176103096501934E+02
  0.1403299332176076E+01  0.1667148977012352E+00 -0.1913048334026698E+02
  0.1395128747214864E+01  0.1747654820773241E+00 -0.1657074975593549E+02
  0.1386958162274323E+01  0.1828043994237966E+00 -0.1498257648546310E+02
  0.1378787577355497E+01  0.1908311130769725E+00 -0.1437961136164659E+02
  0.1370616992459449E+01  0.1988450871878683E+00 -0.1442718038179181E+02
  0.1362446407587248E+01  0.2068457867579697E+00 -0.1470115905726974E+02
  0.1354275822739983E+01  0.2148326776749467E+00 -0.1516304946296967E+02
  0.1346105237918751E+01  0.2228052267483099E+00 -0.1574922078281368E+02
  0.1337934653124670E+01  0.2307629017450062E+00 -0.1659910990512123E+02
  0.1329764068358868E+01  0.2387051714249486E+00 -0.1789409499567199E+02
  0.1321593483622494E+01  0.2466315055764818E+00 -0.1929193929366877E+02
  0.1313422898916710E+01  0.2545413750517773E+00 -0.2023928278826683E+02
  0.1305252314242701E+01  0.2624342518021592E+00 -0.2122749027854677E+02
  0.1297081729601665E+01  0.2703096089133553E+00 -0.2316872100526783E+02
  0.1288911144994824E+01  0.2781669206406729E+00 -0.2624463918538631E+02
  0.1280740560423418E+01  0.2860056624440968E+00 -0.2950353396182812E+02
  0.1272569975888710E+01  0.2938253110233064E+00 -0.3207118239347972E+02
  0.1264399391391984E+01  0.3016253443526109E+00 -0.3341922049391957E+02
  0.1256228806934547E+01  0.3094052417157978E+00 -0.3350665221624376E+02
  0.1248058222517730E+01  0.3171644837408958E+00 -0.3291786251349290E+02
  0.1239887638142892E+01  0.3249025524348469E+00 -0.3279391845209877E+02
  0.1231717053811414E+01  0.3326189312180866E+00 -0.3382057904533576E+02
  0.1223546469524707E+01  0.3403131049590297E+00 -0.3625090611156844E+02
  0.1215375885284210E+01  0.3479845600084601E+00 -0.3923344253112180E+02
  0.1207205301091390E+01  0.3556327842338202E+00 -0.4179249931708203E+02
  0.1199034716947747E+01  0.3632572670534011E+00 -0.4369281467713791E+02
  0.1190864132854811E+01  0.3708574994704271E+00 -0.4592754832880883E+02
  0.1182693548814147E+01  0.3784329741070359E+00 -0.4892106431567066E+02
  0.1174522964827352E+01  0.3859831852381501E+00 -0.5200886499100048E+02
  0.1166352380896063E+01  0.3935076288252386E+00 -0.5448235182247330E+02
  0.1158181797021950E+01  0.4010058025499653E+00 -0.5650665625605684E+02
  0.1150011213206726E+01  0.4084772058477228E+00 -0.5831363372130959E+02
  0.1141840629452141E+01  0.4159213399410494E+00 -0.6007477448022443E+02
  0.1133670045759989E+01  0.4233377078729265E+00 -0.6178065246204128E+02
  0.1125499462132108E+01  0.4307258145399545E+00 -0.6366971834529107E+02
  0.1117328878570381E+01  0.4380851667254050E+00 -0.6573159780475324E+02
  0.1109158295076737E+01  0.4454152731321473E+00 -0.6814325049779467E+02
  0.1100987711653159E+01  0.4527156444154464E+00 -0.7090537002422460E+02
  0.1092817128301675E+01  0.4599857932156304E+00 -0.7419888059140985E+02
  0.1084646545024371E+01  0.4672252341906264E+00 -0.7853969711124411E+02
  0.1076475961823386E+01  0.4744334840483606E+00 -0.8412424499273320E+02
  0.1068305378700920E+01  0.4816100615790221E+00 -0.8981372048508609E+02
  0.1060134795659229E+01  0.4887544876871878E+00 -0.9421774553923785E+02
  0.1051964212700635E+01  0.4958662854238058E+00 -0.9671964823341712E+02
  0.1043793629827524E+01  0.5029449800180356E+00 -0.9803988512862503E+02
  0.1035623047042350E+01  0.5099900989089429E+00 -0.9899097664631756E+02
  0.1027452464347638E+01  0.5170011717770473E+00 -0.1008118444775387E+03
  0.1019281881745987E+01  0.5239777305757194E+00 -0.1043234805933030E+03
  0.1011111299240073E+01  0.5309193095624275E+00 -0.1090072378450652E+03
  0.1002940716832650E+01  0.5378254453298289E+00 -0.1133662525050724E+03
  0.9947701345265596E+00  0.5446956768367068E+00 -0.1171222821126375E+03
  0.9865995523247275E+00  0.5515295454387482E+00 -0.1208606343994633E+03
  0.9784289702301714E+00  0.5583265949191624E+00 -0.1250630089170099E+03
  0.9702583882460036E+00  0.5650863715191369E+00 -0.1291137112621340E+03
  0.9620878063754359E+00  0.5718084239681300E+00 -0.1324157957986714E+03
  0.9539172246217830E+00  0.5784923035139965E+00 -0.1347342143109953E+03
  0.9457466429884676E+00  0.5851375639529456E+00 -0.1367389734374842E+03
  0.9375760614790253E+00  0.5917437616593286E+00 -0.1384918504811235E+03
  0.9294054800971098E+00  0.5983104556152549E+00 -0.1399603883209827E+03
  0.9212348988464978E+00  0.6048372074400329E+00 -0.1417912506885644E+03
  0.9130643177310944E+00  0.6113235814194364E+00 -0.1451407369238188E+03
  0.9048937367549402E+00  0.6177691445347914E+00 -0.1495386239041504E+03
  0.8967231559222163E+00  0.6241734664918837E+00 -0.1531582351092848E+03
  0.8885525752372514E+00  0.6305361197496849E+00 -0.1550533551584366E+03
  0.8803819947045285E+00  0.6368566795488945E+00 -0.1560570659391045E+03
  0.8722114143286931E+00  0.6431347239402948E+00 -0.1572613372650534E+03
  0.8640408341145595E+00  0.6493698338129212E+00 -0.1590462508059444E+03
  0.8558702540671204E+00  0.6555615929220400E+00 -0.1604448430994393E+03
  0.8476996741915547E+00  0.6617095879169366E+00 -0.1610227663071229E+03
  0.8395290944932369E+00  0.6678134083685102E+00 -0.1603736057929657E+03
  0.8313585149777468E+00  0.6738726467966731E+00 -0.1585885355485242E+03
  0.8231879356508802E+00  0.6798868986975534E+00 -0.1560334793084550E+03
  0.8150173565186587E+00  0.6858557625704990E+00 -0.1533017031355040E+03
  0.8068467775873427E+00  0.6917788399448808E+00 -0.1506653853862687E+03
  0.7986761988634423E+00  0.6976557354066943E+00 -0.1485448777039790E+03
  0.7905056203537315E+00  0.7034860566249567E+00 -0.1470343679271570E+03
  0.7823350420652612E+00  0.7092694143778975E+00 -0.1460762237147912E+03
  0.7741644640053743E+00  0.7150054225789432E+00 -0.1448110444966067E+03
  0.7659938861817212E+00  0.7206936983024912E+00 -0.1435353289676457E+03
  0.7578233086022768E+00  0.7263338618094733E+00 -0.1425610105531416E+03
  0.7496527312753575E+00  0.7319255365727068E+00 -0.1420879093101729E+03
  0.7414821542096410E+00  0.7374683493020299E+00 -0.1418349258611880E+03
  0.7333115774141861E+00  0.7429619299692227E+00 -0.1412904713323919E+03
  0.7251410008984539E+00  0.7484059118327094E+00 -0.1392350860606496E+03
  0.7169704246723316E+00  0.7537999314620412E+00 -0.1348990358418582E+03
  0.7087998487461566E+00  0.7591436287621580E+00 -0.1288620901520934E+03
  0.7006292731307425E+00  0.7644366469974285E+00 -0.1227108082669070E+03
  0.6924586978374083E+00  0.7696786328154644E+00 -0.1175289136112408E+03
  0.6842881228780077E+00  0.7748692362707100E+00 -0.1138554043512524E+03
  0.6761175482649616E+00  0.7800081108478040E+00 -0.1105792637817547E+03
  0.6679469740112938E+00  0.7850949134847117E+00 -0.1069910398003791E+03
  0.6597764001306670E+00  0.7901293045956280E+00 -0.1028767685949788E+03
  0.6516058266374236E+00  0.7951109480936471E+00 -0.9889761395693122E+02
  0.6434352535466297E+00  0.8000395114131988E+00 -0.9491436942964606E+02
  0.6352646808741202E+00  0.8049146655322506E+00 -0.9116449934026329E+02
  0.6270941086365502E+00  0.8097360849942720E+00 -0.8792130553407375E+02
  0.6189235368514482E+00  0.8145034479299620E+00 -0.8592488836729942E+02
  0.6107529655372755E+00  0.8192164360787360E+00 -0.8394621253872680E+02
  0.6025823947134890E+00  0.8238747348099726E+00 -0.8073462964167089E+02
  0.5944118244006098E+00  0.8284780331440178E+00 -0.7600338173665988E+02
  0.5862412546202973E+00  0.8330260237729452E+00 -0.7095277759298178E+02
  0.5780706853954301E+00  0.8375184030810715E+00 -0.6534917513383859E+02
  0.5699001167501928E+00  0.8419548711652254E+00 -0.5873277278043777E+02
  0.5617295487101719E+00  0.8463351318547683E+00 -0.5065593676700326E+02
  0.5535589813024583E+00  0.8506588927313666E+00 -0.4143476388592919E+02
  0.5453884145557613E+00  0.8549258651485127E+00 -0.3130957705008035E+02
  0.5372178485005299E+00  0.8591357642507945E+00 -0.2137998172138200E+02
  0.5290472831690897E+00  0.8632883089929120E+00 -0.1220096918991784E+02
  0.5208767185957875E+00  0.8673832221584393E+00 -0.3564402798250751E+01
  0.5127061548171545E+00  0.8714202303783312E+00  0.5515840817205787E+01
  0.5045355918720822E+00  0.8753990641491725E+00  0.1485092018484429E+02
  0.4963650298020162E+00  0.8793194578511700E+00  0.2427438035224656E+02
  0.4881944686511717E+00  0.8831811497658847E+00  0.3319356940304537E+02
  0.4800239084667671E+00  0.8869838820937034E+00  0.4208348805450368E+02
  0.4718533492992859E+00  0.8907274009710492E+00  0.5157237693939052E+02
  0.4636827912027636E+00  0.8944114564873288E+00  0.6164959603412469E+02
  0.4555122342351060E+00  0.8980358027016164E+00  0.7161084824265285E+02
  0.4473416784584431E+00  0.9016001976590722E+00  0.8238366436614307E+02
  0.4391711239395221E+00  0.9051044034070944E+00  0.9297820202199301E+02
  0.4310005707501444E+00  0.9085481860112055E+00  0.1031156849944776E+03
  0.4228300189676551E+00  0.9119313155706682E+00  0.1117419332362005E+03
  0.4146594686754885E+00  0.9152535662338340E+00  0.1200257774530220E+03
  0.4064889199637791E+00  0.9185147162132208E+00  0.1283288391298158E+03
  0.3983183729300507E+00  0.9217145478003181E+00  0.1373670338680998E+03
  0.3901478276799883E+00  0.9248528473801222E+00  0.1484114534504554E+03
  0.3819772843283120E+00  0.9279294054453956E+00  0.1626884510446950E+03
  0.3738067429997641E+00  0.9309440166106540E+00  0.1787666243039460E+03
  0.3656362038302282E+00  0.9338964796258775E+00  0.1945294993988084E+03
  0.3574656669680030E+00  0.9367865973899459E+00  0.2081987652178758E+03
  0.3492951325752533E+00  0.9396141769637963E+00  0.2213642888065850E+03
  0.3411246008296713E+00  0.9423790295833044E+00  0.2351990095108580E+03
  0.3329540719263814E+00  0.9450809706718851E+00  0.2509186728666082E+03
  0.3247835460801308E+00  0.9477198198528157E+00  0.2683182397499148E+03
  0.3166130235278230E+00  0.9502954009612771E+00  0.2871742521407028E+03
  0.3084425045314506E+00  0.9528075420561144E+00  0.3061646853284153E+03
  0.3002719893815085E+00  0.9552560754313160E+00  0.3256481666042800E+03
  0.2921014784009779E+00  0.9576408376272095E+00  0.3454313085884025E+03
  0.2839309719500016E+00  0.9599616694413742E+00  0.3664771518681421E+03
  0.2757604704313845E+00  0.9622184159392698E+00  0.3885937435520305E+03
  0.2675899742971076E+00  0.9644109264645802E+00  0.4125724064058862E+03
  0.2594194840560681E+00  0.9665390546492710E+00  0.4377882216137615E+03
  0.2512490002833307E+00  0.9686026584233628E+00  0.4650750901111588E+03
  0.2430785236312446E+00  0.9706016000244151E+00  0.4938848859670410E+03
  0.2349080548428762E+00  0.9725357460067257E+00  0.5254942946106200E+03
  0.2267375947683499E+00  0.9744049672502397E+00  0.5575622094654672E+03
  0.2185671443848464E+00  0.9762091389691724E+00  0.5902968197368421E+03
  0.2103967048212628E+00  0.9779481407203411E+00  0.6226826021546005E+03
  0.2022262773888417E+00  0.9796218564112101E+00  0.6573198506578365E+03
  0.1940558636195398E+00  0.9812301743076443E+00  0.6925780371922585E+03
  0.1858854653144977E+00  0.9827729870413743E+00  0.7284642531588992E+03
  0.1777150846058812E+00  0.9842501916171713E+00  0.7638933287180153E+03
  0.1695447240365762E+00  0.9856616894197333E+00  0.7998153780749053E+03
  0.1613743866640789E+00  0.9870073862202815E+00  0.8361033328809134E+03
  0.1532040761975885E+00  0.9882871921828699E+00  0.8732078409993256E+03
  0.1450337971813853E+00  0.9895010218704087E+00  0.9113390461396543E+03
  0.1368635552438019E+00  0.9906487942504061E+00  0.9529191619084202E+03
  0.1286933574408989E+00  0.9917304327004320E+00  0.9962172338738370E+03
  0.1205232127396896E+00  0.9927458650133153E+00  0.1043538334234199E+04
  0.1123531327118049E+00  0.9936950234020883E+00  0.1093206572554074E+04
  0.1041831325528455E+00  0.9945778445047068E+00  0.1150324370544888E+04
  0.9601323262085862E-01  0.9953942693885953E+00  0.1212557033577753E+04
  0.8784346083082471E-01  0.9961442435551087E+00  0.1285274816345515E+04
  0.7967385651719167E-01  0.9968277169440913E+00  0.1365175806547433E+04
  0.7150447693306423E-01  0.9974446439389107E+00  0.1455881341613900E+04
  0.6333540875299180E-01  0.9979949833727938E+00  0.1560350972539447E+04
  0.5516678972815772E-01  0.9984786985384589E+00  0.1685116316203449E+04
  0.4699885272846815E-01  0.9988957572063257E+00  0.1828042550006468E+04
  0.3883202470742381E-01  0.9992461316671845E+00  0.2007800774942694E+04
  0.3066718105470672E-01  0.9995297988558859E+00  0.2256316153017733E+04
  0.2250643816359393E-01  0.9997467408113523E+00  0.2724502513483023E+04
  0.1435650599352885E-01  0.9998969471378596E+00  0.3487046905401650E+04
  0.6254421014113626E-02  0.9999804411726474E+00  0.4337378754718041E+04
