# nlmax, ncor, nside =         383           1         128
  0.3135338232575680E+01 -0.9999804411726474E+00 -0.1662641005337218E-03
  0.3127236147596264E+01 -0.9998969471378596E+00 -0.1638608027857433E-03
  0.3119086215426199E+01 -0.9997467408113523E+00 -0.1610414702145961E-03
  0.3110925472535087E+01 -0.9995297988558859E+00 -0.1598006363490346E-03
  0.3102760628882369E+01 -0.9992461316671845E+00 -0.1609165662313020E-03
  0.3094593800861325E+01 -0.9988957572063257E+00 -0.1643240106752385E-03
  0.3086425863861635E+01 -0.9984786985384589E+00 -0.1689932454711713E-03
  0.3078257244836801E+01 -0.9979949833727938E+00 -0.1733341651670332E-03
  0.3070088176656729E+01 -0.9974446439389107E+00 -0.1770258731647769E-03
  0.3061918797072602E+01 -0.9968277169440913E+00 -0.1792008506357990E-03
  0.3053749192758969E+01 -0.9961442435551087E+00 -0.1786560105594172E-03
  0.3045579420968934E+01 -0.9953942693885953E+00 -0.1743045631147179E-03
  0.3037409521036948E+01 -0.9945778445047068E+00 -0.1660809130533240E-03
  0.3029239520877988E+01 -0.9936950234020883E+00 -0.1545697196766673E-03
  0.3021069440850104E+01 -0.9927458650133153E+00 -0.1418389298518705E-03
  0.3012899296148894E+01 -0.9917304327004320E+00 -0.1303496313695213E-03
  0.3004729098345992E+01 -0.9906487942504061E+00 -0.1208496269016826E-03
  0.2996558856408408E+01 -0.9895010218704087E+00 -0.1123768002343902E-03
  0.2988388577392205E+01 -0.9882871921828699E+00 -0.1035349526704388E-03
  0.2980218266925714E+01 -0.9870073862202815E+00 -0.9317030906488071E-04
  0.2972047929553217E+01 -0.9856616894197333E+00 -0.8200213793032247E-04
  0.2963877568983912E+01 -0.9842501916171713E+00 -0.7132865337514712E-04
  0.2955707188275296E+01 -0.9827729870413743E+00 -0.6173384101416583E-04
  0.2947536789970254E+01 -0.9812301743076443E+00 -0.5359645711655756E-04
  0.2939366376200951E+01 -0.9796218564112101E+00 -0.4654889299808626E-04
  0.2931195948768531E+01 -0.9779481407203411E+00 -0.3844480295385867E-04
  0.2923025509204947E+01 -0.9762091389691724E+00 -0.2773812132280343E-04
  0.2914855058821443E+01 -0.9744049672502397E+00 -0.1585346993076451E-04
  0.2906684598746917E+01 -0.9725357460067257E+00 -0.6732488769731375E-05
  0.2898514129958549E+01 -0.9706016000244151E+00 -0.3300695277897202E-05
  0.2890343653306462E+01 -0.9686026584233628E+00 -0.4786868792136735E-05
  0.2882173169533725E+01 -0.9665390546492710E+00 -0.7763951032196434E-05
  0.2874002679292686E+01 -0.9644109264645802E+00 -0.9220053437668224E-05
  0.2865832183158409E+01 -0.9622184159392698E+00 -0.7409609978270894E-05
  0.2857661681639792E+01 -0.9599616694413742E+00 -0.2425890923161057E-05
  0.2849491175188815E+01 -0.9576408376272095E+00  0.4042930082745698E-05
  0.2841320664208285E+01 -0.9552560754313160E+00  0.9906441075318447E-05
  0.2833150149058343E+01 -0.9528075420561144E+00  0.1406493038699133E-04
  0.2824979630061970E+01 -0.9502954009612771E+00  0.1670342771119036E-04
  0.2816809107509663E+01 -0.9477198198528157E+00  0.1860450131409179E-04
  0.2808638581663412E+01 -0.9450809706718851E+00  0.2005948359718943E-04
  0.2800468052760122E+01 -0.9423790295833044E+00  0.2009651437463645E-04
  0.2792297521014540E+01 -0.9396141769637963E+00  0.1803273617218815E-04
  0.2784126986621790E+01 -0.9367865973899459E+00  0.1505889030937980E-04
  0.2775956449759565E+01 -0.9338964796258775E+00  0.1334169319329173E-04
  0.2767785910590029E+01 -0.9309440166106540E+00  0.1408225998022586E-04
  0.2759615369261481E+01 -0.9279294054453956E+00  0.1675494126142326E-04
  0.2751444825909805E+01 -0.9248528473801222E+00  0.1987453879911473E-04
  0.2743274280659743E+01 -0.9217145478003181E+00  0.2205054485210361E-04
  0.2735103733626014E+01 -0.9185147162132208E+00  0.2293566643526045E-04
  0.2726933184914305E+01 -0.9152535662338340E+00  0.2311495422371645E-04
  0.2718762634622138E+01 -0.9119313155706682E+00  0.2345985577605316E-04
  0.2710592082839649E+01 -0.9085481860112055E+00  0.2425030584797174E-04
  0.2702421529650271E+01 -0.9051044034070944E+00  0.2563598520140614E-04
  0.2694250975131350E+01 -0.9016001976590722E+00  0.2756322663336986E-04
  0.2686080419354687E+01 -0.8980358027016164E+00  0.2989632215581023E-04
  0.2677909862387029E+01 -0.8944114564873288E+00  0.3274661296956909E-04
  0.2669739304290507E+01 -0.8907274009710492E+00  0.3577576315207105E-04
  0.2661568745123026E+01 -0.8869838820937034E+00  0.3779872704610579E-04
  0.2653398184938621E+01 -0.8831811497658847E+00  0.3809455891579815E-04
  0.2645227623787777E+01 -0.8793194578511700E+00  0.3721218809558289E-04
  0.2637057061717711E+01 -0.8753990641491725E+00  0.3569077149956467E-04
  0.2628886498772639E+01 -0.8714202303783312E+00  0.3336300517898104E-04
  0.2620715934994006E+01 -0.8673832221584393E+00  0.3085511886626900E-04
  0.2612545370420704E+01 -0.8632883089929120E+00  0.2944672066277238E-04
  0.2604374805089263E+01 -0.8591357642507945E+00  0.2935805284564220E-04
  0.2596204239034032E+01 -0.8549258651485127E+00  0.2920563233592668E-04
  0.2588033672287335E+01 -0.8506588927313666E+00  0.2761651055716408E-04
  0.2579863104879621E+01 -0.8463351318547683E+00  0.2489120339193514E-04
  0.2571692536839600E+01 -0.8419548711652254E+00  0.2357920689934386E-04
  0.2563521968194363E+01 -0.8375184030810715E+00  0.2499333680093015E-04
  0.2555351398969496E+01 -0.8330260237729452E+00  0.2773405238862177E-04
  0.2547180829189184E+01 -0.8284780331440178E+00  0.2984227341551307E-04
  0.2539010258876304E+01 -0.8238747348099726E+00  0.3025265016007413E-04
  0.2530839688052518E+01 -0.8192164360787360E+00  0.2903019606863547E-04
  0.2522669116738345E+01 -0.8145034479299620E+00  0.2701594805696928E-04
  0.2514498544953243E+01 -0.8097360849942720E+00  0.2450065827484746E-04
  0.2506327972715673E+01 -0.8049146655322506E+00  0.2080359096729953E-04
  0.2498157400043163E+01 -0.8000395114131988E+00  0.1556588842317738E-04
  0.2489986826952370E+01 -0.7951109480936471E+00  0.1004508874187153E-04
  0.2481816253459126E+01 -0.7901293045956280E+00  0.5604370812482691E-05
  0.2473645679578500E+01 -0.7850949134847117E+00  0.2405854896926038E-05
  0.2465475105324832E+01 -0.7800081108478040E+00 -0.1889385473148772E-07
  0.2457304530711785E+01 -0.7748692362707100E+00 -0.2000346015133607E-05
  0.2449133955752385E+01 -0.7696786328154644E+00 -0.3734111109682540E-05
  0.2440963380459050E+01 -0.7644366469974285E+00 -0.4545909214230427E-05
  0.2432792804843637E+01 -0.7591436287621580E+00 -0.3349757395842282E-05
  0.2424622228917462E+01 -0.7537999314620412E+00 -0.8759593546703769E-07
  0.2416451652691339E+01 -0.7484059118327094E+00  0.3859750983564811E-05
  0.2408281076175607E+01 -0.7429619299692227E+00  0.7316678976416382E-05
  0.2400110499380152E+01 -0.7374683493020299E+00  0.9656092210326408E-05
  0.2391939922314436E+01 -0.7319255365727068E+00  0.1087867175589258E-04
  0.2383769344987516E+01 -0.7263338618094733E+00  0.1116001713415152E-04
  0.2375598767408072E+01 -0.7206936983024912E+00  0.1082131988712111E-04
  0.2367428189584419E+01 -0.7150054225789432E+00  0.1049529021291545E-04
  0.2359257611524532E+01 -0.7092694143778975E+00  0.1066658885812817E-04
  0.2351087033236062E+01 -0.7034860566249567E+00  0.1111421855221942E-04
  0.2342916454726351E+01 -0.6976557354066943E+00  0.1138249451067676E-04
  0.2334745876002450E+01 -0.6917788399448808E+00  0.1115508379769800E-04
  0.2326575297071134E+01 -0.6858557625704990E+00  0.1098382536415568E-04
  0.2318404717938913E+01 -0.6798868986975534E+00  0.1202927640782929E-04
  0.2310234138612046E+01 -0.6738726467966731E+00  0.1474573701080353E-04
  0.2302063559096557E+01 -0.6678134083685102E+00  0.1805046752725171E-04
  0.2293892979398239E+01 -0.6617095879169366E+00  0.2061927788207899E-04
  0.2285722399522673E+01 -0.6555615929220400E+00  0.2249060186754438E-04
  0.2277551819475234E+01 -0.6493698338129212E+00  0.2414910601787144E-04
  0.2269381239261100E+01 -0.6431347239402948E+00  0.2481887084512324E-04
  0.2261210658885265E+01 -0.6368566795488945E+00  0.2387924467654723E-04
  0.2253040078352542E+01 -0.6305361197496849E+00  0.2233598201426179E-04
  0.2244869497667577E+01 -0.6241734664918837E+00  0.2169508732832823E-04
  0.2236698916834853E+01 -0.6177691445347914E+00  0.2266482496388867E-04
  0.2228528335858699E+01 -0.6113235814194364E+00  0.2505741254388752E-04
  0.2220357754743295E+01 -0.6048372074400329E+00  0.2730545780077925E-04
  0.2212187173492683E+01 -0.5983104556152549E+00  0.2778995869035251E-04
  0.2204016592110768E+01 -0.5917437616593286E+00  0.2678041047104344E-04
  0.2195846010601326E+01 -0.5851375639529456E+00  0.2610221381601751E-04
  0.2187675428968010E+01 -0.5784923035139965E+00  0.2672578360011435E-04
  0.2179504847214357E+01 -0.5718084239681300E+00  0.2769679026187881E-04
  0.2171334265343789E+01 -0.5650863715191369E+00  0.2751965264265895E-04
  0.2163163683359622E+01 -0.5583265949191624E+00  0.2600444759163884E-04
  0.2154993101265066E+01 -0.5515295454387482E+00  0.2388418527148734E-04
  0.2146822519063234E+01 -0.5446956768367068E+00  0.2201728845487558E-04
  0.2138651936757143E+01 -0.5378254453298289E+00  0.2013336960454502E-04
  0.2130481354349721E+01 -0.5309193095624275E+00  0.1705592595589849E-04
  0.2122310771843806E+01 -0.5239777305757194E+00  0.1204088056854115E-04
  0.2114140189242155E+01 -0.5170011717770473E+00  0.5793779715219286E-05
  0.2105969606547443E+01 -0.5099900989089429E+00 -0.8757972751952372E-06
  0.2097799023762269E+01 -0.5029449800180356E+00 -0.7564042984291683E-05
  0.2089628440889158E+01 -0.4958662854238058E+00 -0.1339485061268014E-04
  0.2081457857930564E+01 -0.4887544876871878E+00 -0.1744994355099744E-04
  0.2073287274888874E+01 -0.4816100615790221E+00 -0.1994260259311184E-04
  0.2065116691766407E+01 -0.4744334840483606E+00 -0.2193026607948785E-04
  0.2056946108565423E+01 -0.4672252341906264E+00 -0.2388035826640618E-04
  0.2048775525288118E+01 -0.4599857932156304E+00 -0.2495982192963092E-04
  0.2040604941936635E+01 -0.4527156444154464E+00 -0.2501633990135381E-04
  0.2032434358513056E+01 -0.4454152731321473E+00 -0.2537310426466745E-04
  0.2024263775019413E+01 -0.4380851667254050E+00 -0.2702126956180015E-04
  0.2016093191457685E+01 -0.4307258145399545E+00 -0.2933370661912542E-04
  0.2007922607829804E+01 -0.4233377078729265E+00 -0.3141760996575651E-04
  0.1999752024137653E+01 -0.4159213399410494E+00 -0.3295548301490350E-04
  0.1991581440383068E+01 -0.4084772058477228E+00 -0.3427057617369940E-04
  0.1983410856567843E+01 -0.4010058025499653E+00 -0.3550793620916217E-04
  0.1975240272693730E+01 -0.3935076288252386E+00 -0.3633243697395025E-04
  0.1967069688762441E+01 -0.3859831852381501E+00 -0.3672376555103811E-04
  0.1958899104775647E+01 -0.3784329741070359E+00 -0.3714366029813302E-04
  0.1950728520734982E+01 -0.3708574994704271E+00 -0.3744060785724455E-04
  0.1942557936642046E+01 -0.3632572670534011E+00 -0.3700734032499881E-04
  0.1934387352498403E+01 -0.3556327842338202E+00 -0.3549574999759551E-04
  0.1926216768305583E+01 -0.3479845600084601E+00 -0.3289878305062195E-04
  0.1918046184065086E+01 -0.3403131049590297E+00 -0.2962480170033904E-04
  0.1909875599778379E+01 -0.3326189312180866E+00 -0.2613466956096897E-04
  0.1901705015446901E+01 -0.3249025524348469E+00 -0.2283573310936062E-04
  0.1893534431072063E+01 -0.3171644837408958E+00 -0.2049126010895775E-04
  0.1885363846655247E+01 -0.3094052417157978E+00 -0.1941957443568584E-04
  0.1877193262197810E+01 -0.3016253443526109E+00 -0.1898153995658286E-04
  0.1869022677701083E+01 -0.2938253110233064E+00 -0.1816600891745411E-04
  0.1860852093166375E+01 -0.2860056624440968E+00 -0.1689237864698912E-04
  0.1852681508594969E+01 -0.2781669206406729E+00 -0.1570345296105058E-04
  0.1844510923988128E+01 -0.2703096089133553E+00 -0.1454383445995130E-04
  0.1836340339347093E+01 -0.2624342518021592E+00 -0.1281294302666200E-04
  0.1828169754673083E+01 -0.2545413750517773E+00 -0.1046839851337184E-04
  0.1819999169967299E+01 -0.2466315055764818E+00 -0.8004781012631119E-05
  0.1811828585230925E+01 -0.2387051714249486E+00 -0.6098848385006599E-05
  0.1803658000465123E+01 -0.2307629017450062E+00 -0.5015713720770617E-05
  0.1795487415671042E+01 -0.2228052267483099E+00 -0.4355956144681663E-05
  0.1787316830849811E+01 -0.2148326776749467E+00 -0.3486697178039588E-05
  0.1779146246002545E+01 -0.2068457867579697E+00 -0.1938262884913031E-05
  0.1770975661130345E+01 -0.1988450871878683E+00  0.7005285892006251E-06
  0.1762805076234296E+01 -0.1908311130769725E+00  0.4280899246538754E-05
  0.1754634491315471E+01 -0.1828043994237966E+00  0.7928271647861153E-05
  0.1746463906374929E+01 -0.1747654820773241E+00  0.1070880034962215E-04
  0.1738293321413718E+01 -0.1667148977012352E+00  0.1271449427123054E-04
  0.1730122736432872E+01 -0.1586531837380799E+00  0.1457010335561590E-04
  0.1721952151433418E+01 -0.1505808783733995E+00  0.1679372715978786E-04
  0.1713781566416370E+01 -0.1424985204997981E+00  0.1935433828434974E-04
  0.1705610981382731E+01 -0.1344066496809675E+00  0.2196306305136319E-04
  0.1697440396333499E+01 -0.1263058061156663E+00  0.2399427132908594E-04
  0.1689269811269659E+01 -0.1181965306016578E+00  0.2474743417864032E-04
  0.1681099226192191E+01 -0.1100793644996070E+00  0.2430068336249698E-04
  0.1672928641102067E+01 -0.1019548496969404E+00  0.2386148194858272E-04
  0.1664758056000250E+01 -0.9382352857167028E-01  0.2462762381483776E-04
  0.1656587470887701E+01 -0.8568594395618719E-01  0.2704396427067082E-04
  0.1648416885765370E+01 -0.7754263910102077E-01  0.3079894259309829E-04
  0.1640246300634206E+01 -0.6939415763857371E-01  0.3504134874796747E-04
  0.1632075715495151E+01 -0.6124104354682962E-01  0.3862690603662477E-04
  0.1623905130349143E+01 -0.5308384111303818E-01  0.4077268053026030E-04
  0.1615734545197117E+01 -0.4492309489737940E-01  0.4117587595791695E-04
  0.1607563960040004E+01 -0.3675934969660982E-01  0.4053718279966287E-04
  0.1599393374878733E+01 -0.2859315050769285E-01  0.3974244656077767E-04
  0.1591222789714229E+01 -0.2042504249141571E-01  0.3963540920825795E-04
  0.1583052204547419E+01 -0.1225557093599554E-01  0.4077348762919023E-04
  0.1574881619379224E+01 -0.4085281220676868E-02  0.4288165580097406E-04
  0.1566711034210569E+01  0.4085281220676868E-02  0.4487296199009948E-04
  0.1558540449042374E+01  0.1225557093599554E-01  0.4634037187088233E-04
  0.1550369863875564E+01  0.2042504249141571E-01  0.4754086325550584E-04
  0.1542199278711061E+01  0.2859315050769285E-01  0.4823911761561452E-04
  0.1534028693549790E+01  0.3675934969660982E-01  0.4786767957932173E-04
  0.1525858108392677E+01  0.4492309489737940E-01  0.4661626841651057E-04
  0.1517687523240650E+01  0.5308384111303818E-01  0.4511722269842914E-04
  0.1509516938094642E+01  0.6124104354682962E-01  0.4390236279701183E-04
  0.1501346352955587E+01  0.6939415763857371E-01  0.4267796320623279E-04
  0.1493175767824423E+01  0.7754263910102077E-01  0.4144038514161156E-04
  0.1485005182702093E+01  0.8568594395618719E-01  0.4095269706591490E-04
  0.1476834597589543E+01  0.9382352857167028E-01  0.4189608618764509E-04
  0.1468664012487727E+01  0.1019548496969404E+00  0.4323080294459808E-04
  0.1460493427397602E+01  0.1100793644996070E+00  0.4342105088422923E-04
  0.1452322842320134E+01  0.1181965306016578E+00  0.4206711618704849E-04
  0.1444152257256294E+01  0.1263058061156663E+00  0.4006929317955566E-04
  0.1435981672207062E+01  0.1344066496809675E+00  0.3799027900233397E-04
  0.1427811087173423E+01  0.1424985204997981E+00  0.3619838947315192E-04
  0.1419640502156375E+01  0.1505808783733995E+00  0.3530382614872082E-04
  0.1411469917156921E+01  0.1586531837380799E+00  0.3617230265669188E-04
  0.1403299332176076E+01  0.1667148977012352E+00  0.3827859037558479E-04
  0.1395128747214864E+01  0.1747654820773241E+00  0.3973867441115040E-04
  0.1386958162274323E+01  0.1828043994237966E+00  0.3915481447394773E-04
  0.1378787577355497E+01  0.1908311130769725E+00  0.3706405806770604E-04
  0.1370616992459449E+01  0.1988450871878683E+00  0.3492738585445848E-04
  0.1362446407587248E+01  0.2068457867579697E+00  0.3370684513109470E-04
  0.1354275822739983E+01  0.2148326776749467E+00  0.3313212422989424E-04
  0.1346105237918751E+01  0.2228052267483099E+00  0.3261099435863499E-04
  0.1337934653124670E+01  0.2307629017450062E+00  0.3140901679850761E-04
  0.1329764068358868E+01  0.2387051714249486E+00  0.2897698527764127E-04
  0.1321593483622494E+01  0.2466315055764818E+00  0.2569734112507600E-04
  0.1313422898916710E+01  0.2545413750517773E+00  0.2294929338277429E-04
  0.1305252314242701E+01  0.2624342518021592E+00  0.2082875508922314E-04
  0.1297081729601665E+01  0.2703096089133553E+00  0.1815745607358427E-04
  0.1288911144994824E+01  0.2781669206406729E+00  0.1418438701827353E-04
  0.1280740560423418E+01  0.2860056624440968E+00  0.9946463121860834E-05
  0.1272569975888710E+01  0.2938253110233064E+00  0.6814866099699538E-05
  0.1264399391391984E+01  0.3016253443526109E+00  0.5345506591283771E-05
  0.1256228806934547E+01  0.3094052417157978E+00  0.5293891268372607E-05
  0.1248058222517730E+01  0.3171644837408958E+00  0.5800251741578073E-05
  0.1239887638142892E+01  0.3249025524348469E+00  0.5658131336037806E-05
  0.1231717053811414E+01  0.3326189312180866E+00  0.4509304816629350E-05
  0.1223546469524707E+01  0.3403131049590297E+00  0.2549977613397636E-05
  0.1215375885284210E+01  0.3479845600084601E+00  0.1359416379012603E-06
  0.1207205301091390E+01  0.3556327842338202E+00 -0.2210487039900990E-05
  0.1199034716947747E+01  0.3632572670534011E+00 -0.4565542883298856E-05
  0.1190864132854811E+01  0.3708574994704271E+00 -0.7510977819031371E-05
  0.1182693548814147E+01  0.3784329741070359E+00 -0.1067723249645261E-04
  0.1174522964827352E+01  0.3859831852381501E+00 -0.1384962765215301E-04
  0.1166352380896063E+01  0.3935076288252386E+00 -0.1727317616497005E-04
  0.1158181797021950E+01  0.4010058025499653E+00 -0.2115060148389389E-04
  0.1150011213206726E+01  0.4084772058477228E+00 -0.2488496154261973E-04
  0.1141840629452141E+01  0.4159213399410494E+00 -0.2838704640535572E-04
  0.1133670045759989E+01  0.4233377078729265E+00 -0.3223236404623286E-04
  0.1125499462132108E+01  0.4307258145399545E+00 -0.3726405962222147E-04
  0.1117328878570381E+01  0.4380851667254050E+00 -0.4347862526701747E-04
  0.1109158295076737E+01  0.4454152731321473E+00 -0.4987642424152806E-04
  0.1100987711653159E+01  0.4527156444154464E+00 -0.5527142096849228E-04
  0.1092817128301675E+01  0.4599857932156304E+00 -0.6012711006069941E-04
  0.1084646545024371E+01  0.4672252341906264E+00 -0.6588906670539733E-04
  0.1076475961823386E+01  0.4744334840483606E+00 -0.7323041367199991E-04
  0.1068305378700920E+01  0.4816100615790221E+00 -0.8084303675233522E-04
  0.1060134795659229E+01  0.4887544876871878E+00 -0.8688263753963050E-04
  0.1051964212700635E+01  0.4958662854238058E+00 -0.9038713812285742E-04
  0.1043793629827524E+01  0.5029449800180356E+00 -0.9173790404233834E-04
  0.1035623047042350E+01  0.5099900989089429E+00 -0.9196126676473471E-04
  0.1027452464347638E+01  0.5170011717770473E+00 -0.9287772494152110E-04
  0.1019281881745987E+01  0.5239777305757194E+00 -0.9606401027075093E-04
  0.1011111299240073E+01  0.5309193095624275E+00 -0.1013968016684770E-03
  0.1002940716832650E+01  0.5378254453298289E+00 -0.1068724743851787E-03
  0.9947701345265596E+00  0.5446956768367068E+00 -0.1113032750674649E-03
  0.9865995523247275E+00  0.5515295454387482E+00 -0.1151231326971123E-03
  0.9784289702301714E+00  0.5583265949191624E+00 -0.1192673129404014E-03
  0.9702583882460036E+00  0.5650863715191369E+00 -0.1234215968009657E-03
  0.9620878063754359E+00  0.5718084239681300E+00 -0.1264490966791672E-03
  0.9539172246217830E+00  0.5784923035139965E+00 -0.1276958625071165E-03
  0.9457466429884676E+00  0.5851375639529456E+00 -0.1278440176385902E-03
  0.9375760614790253E+00  0.5917437616593286E+00 -0.1275153000693472E-03
  0.9294054800971098E+00  0.5983104556152549E+00 -0.1269121899781065E-03
  0.9212348988464978E+00  0.6048372074400329E+00 -0.1265855832481367E-03
  0.9130643177310944E+00  0.6113235814194364E+00 -0.1274920775475144E-03
  0.9048937367549402E+00  0.6177691445347914E+00 -0.1290186991195937E-03
  0.8967231559222163E+00  0.6241734664918837E+00 -0.1295700632095973E-03
  0.8885525752372514E+00  0.6305361197496849E+00 -0.1284034407585270E-03
  0.8803819947045285E+00  0.6368566795488945E+00 -0.1266256385728017E-03
  0.8722114143286931E+00  0.6431347239402948E+00 -0.1258125431749448E-03
  0.8640408341145595E+00  0.6493698338129212E+00 -0.1267508269077776E-03
  0.8558702540671204E+00  0.6555615929220400E+00 -0.1281708384505628E-03
  0.8476996741915547E+00  0.6617095879169366E+00 -0.1285035480320982E-03
  0.8395290944932369E+00  0.6678134083685102E+00 -0.1274345622675187E-03
  0.8313585149777468E+00  0.6738726467966731E+00 -0.1257420829451914E-03
  0.8231879356508802E+00  0.6798868986975534E+00 -0.1239162469219113E-03
  0.8150173565186587E+00  0.6858557625704990E+00 -0.1223438546182204E-03
  0.8068467775873427E+00  0.6917788399448808E+00 -0.1210787268785010E-03
  0.7986761988634423E+00  0.6976557354066943E+00 -0.1199357960115329E-03
  0.7905056203537315E+00  0.7034860566249567E+00 -0.1189176675471231E-03
  0.7823350420652612E+00  0.7092694143778975E+00 -0.1182416620674413E-03
  0.7741644640053743E+00  0.7150054225789432E+00 -0.1175827318265232E-03
  0.7659938861817212E+00  0.7206936983024912E+00 -0.1170194000389965E-03
  0.7578233086022768E+00  0.7263338618094733E+00 -0.1171838155785029E-03
  0.7496527312753575E+00  0.7319255365727068E+00 -0.1190081735391306E-03
  0.7414821542096410E+00  0.7374683493020299E+00 -0.1224372078330075E-03
  0.7333115774141861E+00  0.7429619299692227E+00 -0.1263457226817079E-03
  0.7251410008984539E+00  0.7484059118327094E+00 -0.1283373266759142E-03
  0.7169704246723316E+00  0.7537999314620412E+00 -0.1274788726293690E-03
  0.7087998487461566E+00  0.7591436287621580E+00 -0.1248284377396753E-03
  0.7006292731307425E+00  0.7644366469974285E+00 -0.1222791556895995E-03
  0.6924586978374083E+00  0.7696786328154644E+00 -0.1209398861397105E-03
  0.6842881228780077E+00  0.7748692362707100E+00 -0.1211922046481991E-03
  0.6761175482649616E+00  0.7800081108478040E+00 -0.1222586658720003E-03
  0.6679469740112938E+00  0.7850949134847117E+00 -0.1228576855626697E-03
  0.6597764001306670E+00  0.7901293045956280E+00 -0.1215564028457952E-03
  0.6516058266374236E+00  0.7951109480936471E+00 -0.1191320787441145E-03
  0.6434352535466297E+00  0.8000395114131988E+00 -0.1177574467984146E-03
  0.6352646808741202E+00  0.8049146655322506E+00 -0.1187056051494877E-03
  0.6270941086365502E+00  0.8097360849942720E+00 -0.1207713749365688E-03
  0.6189235368514482E+00  0.8145034479299620E+00 -0.1222677052646734E-03
  0.6107529655372755E+00  0.8192164360787360E+00 -0.1224569479074562E-03
  0.6025823947134890E+00  0.8238747348099726E+00 -0.1221795698312287E-03
  0.5944118244006098E+00  0.8284780331440178E+00 -0.1218108894162495E-03
  0.5862412546202973E+00  0.8330260237729452E+00 -0.1207481270922816E-03
  0.5780706853954301E+00  0.8375184030810715E+00 -0.1176803179273271E-03
  0.5699001167501928E+00  0.8419548711652254E+00 -0.1124774410724862E-03
  0.5617295487101719E+00  0.8463351318547683E+00 -0.1059116149173795E-03
  0.5535589813024583E+00  0.8506588927313666E+00 -0.9847180092014001E-04
  0.5453884145557613E+00  0.8549258651485127E+00 -0.8972489640529562E-04
  0.5372178485005299E+00  0.8591357642507945E+00 -0.8021161360990796E-04
  0.5290472831690897E+00  0.8632883089929120E+00 -0.7114686048701304E-04
  0.5208767185957875E+00  0.8673832221584393E+00 -0.6305867157221894E-04
  0.5127061548171545E+00  0.8714202303783312E+00 -0.5451363679101091E-04
  0.5045355918720822E+00  0.8753990641491725E+00 -0.4462500193573385E-04
  0.4963650298020162E+00  0.8793194578511700E+00 -0.3338828848505018E-04
  0.4881944686511717E+00  0.8831811497658847E+00 -0.2178016151961302E-04
  0.4800239084667671E+00  0.8869838820937034E+00 -0.1018270700113828E-04
  0.4718533492992859E+00  0.8907274009710492E+00  0.1060794914248903E-05
  0.4636827912027636E+00  0.8944114564873288E+00  0.1154636636172963E-04
  0.4555122342351060E+00  0.8980358027016164E+00  0.2065948802236752E-04
  0.4473416784584431E+00  0.9016001976590722E+00  0.2927027945365921E-04
  0.4391711239395221E+00  0.9051044034070944E+00  0.3728608852208793E-04
  0.4310005707501444E+00  0.9085481860112055E+00  0.4422612140904115E-04
  0.4228300189676551E+00  0.9119313155706682E+00  0.4981921927292963E-04
  0.4146594686754885E+00  0.9152535662338340E+00  0.5529818519721294E-04
  0.4064889199637791E+00  0.9185147162132208E+00  0.6069396911154999E-04
  0.3983183729300507E+00  0.9217145478003181E+00  0.6604558128101011E-04
  0.3901478276799883E+00  0.9248528473801222E+00  0.7226654768966939E-04
  0.3819772843283120E+00  0.9279294054453956E+00  0.8140456260014489E-04
  0.3738067429997641E+00  0.9309440166106540E+00  0.9257403080978673E-04
  0.3656362038302282E+00  0.9338964796258775E+00  0.1035672087750687E-03
  0.3574656669680030E+00  0.9367865973899459E+00  0.1126824206989673E-03
  0.3492951325752533E+00  0.9396141769637963E+00  0.1213073963608162E-03
  0.3411246008296713E+00  0.9423790295833044E+00  0.1311269953669166E-03
  0.3329540719263814E+00  0.9450809706718851E+00  0.1427640526784026E-03
  0.3247835460801308E+00  0.9477198198528157E+00  0.1549395564021526E-03
  0.3166130235278230E+00  0.9502954009612771E+00  0.1673172527001415E-03
  0.3084425045314506E+00  0.9528075420561144E+00  0.1798634093516220E-03
  0.3002719893815085E+00  0.9552560754313160E+00  0.1934534003122649E-03
  0.2921014784009779E+00  0.9576408376272095E+00  0.2084673979073556E-03
  0.2839309719500016E+00  0.9599616694413742E+00  0.2257133447370819E-03
  0.2757604704313845E+00  0.9622184159392698E+00  0.2440569616484726E-03
  0.2675899742971076E+00  0.9644109264645802E+00  0.2627135214852304E-03
  0.2594194840560681E+00  0.9665390546492710E+00  0.2818757488929021E-03
  0.2512490002833307E+00  0.9686026584233628E+00  0.3041352885936544E-03
  0.2430785236312446E+00  0.9706016000244151E+00  0.3298617625855750E-03
  0.2349080548428762E+00  0.9725357460067257E+00  0.3571663587773939E-03
  0.2267375947683499E+00  0.9744049672502397E+00  0.3831962861768331E-03
  0.2185671443848464E+00  0.9762091389691724E+00  0.4094741320052364E-03
  0.2103967048212628E+00  0.9779481407203411E+00  0.4381459654746973E-03
  0.2022262773888417E+00  0.9796218564112101E+00  0.4693908651482270E-03
  0.1940558636195398E+00  0.9812301743076443E+00  0.5007263107194487E-03
  0.1858854653144977E+00  0.9827729870413743E+00  0.5316901760199545E-03
  0.1777150846058812E+00  0.9842501916171713E+00  0.5620325908757111E-03
  0.1695447240365762E+00  0.9856616894197333E+00  0.5925255335270764E-03
  0.1613743866640789E+00  0.9870073862202815E+00  0.6227501602971476E-03
  0.1532040761975885E+00  0.9882871921828699E+00  0.6547963187409033E-03
  0.1450337971813853E+00  0.9895010218704087E+00  0.6888484362646771E-03
  0.1368635552438019E+00  0.9906487942504061E+00  0.7255368304981551E-03
  0.1286933574408989E+00  0.9917304327004320E+00  0.7645654938841098E-03
  0.1205232127396896E+00  0.9927458650133153E+00  0.8076753795138438E-03
  0.1123531327118049E+00  0.9936950234020883E+00  0.8539198287186976E-03
  0.1041831325528455E+00  0.9945778445047068E+00  0.9047289385479265E-03
  0.9601323262085862E-01  0.9953942693885953E+00  0.9611331764446923E-03
  0.8784346083082471E-01  0.9961442435551087E+00  0.1026835177060176E-02
  0.7967385651719167E-01  0.9968277169440913E+00  0.1101587979987792E-02
  0.7150447693306423E-01  0.9974446439389107E+00  0.1188995205096331E-02
  0.6333540875299180E-01  0.9979949833727938E+00  0.1290195599660286E-02
  0.5516678972815772E-01  0.9984786985384589E+00  0.1409276395463573E-02
  0.4699885272846815E-01  0.9988957572063257E+00  0.1546866702803206E-02
  0.3883202470742381E-01  0.9992461316671845E+00  0.1717866868126282E-02
  0.3066718105470672E-01  0.9995297988558859E+00  0.1967856552670951E-02
  0.2250643816359393E-01  0.9997467408113523E+00  0.2422159773471112E-02
  0.1435650599352885E-01  0.9998969471378596E+00  0.3160690036413341E-02
  0.6254421014113626E-02  0.9999804411726474E+00  0.3925908286129843E-02
