# nlmax, ncor, nside =         383           1         128
  0.3135338232575680E+01 -0.9999804411726474E+00 -0.2915215116207618E-03
  0.3127236147596264E+01 -0.9998969471378596E+00 -0.2915050695662889E-03
  0.3119086215426199E+01 -0.9997467408113523E+00 -0.2918247804504356E-03
  0.3110925472535087E+01 -0.9995297988558859E+00 -0.2942984073041891E-03
  0.3102760628882369E+01 -0.9992461316671845E+00 -0.2996468664558897E-03
  0.3094593800861325E+01 -0.9988957572063257E+00 -0.3056751406798665E-03
  0.3086425863861635E+01 -0.9984786985384589E+00 -0.3096381800890958E-03
  0.3078257244836801E+01 -0.9979949833727938E+00 -0.3112105457880656E-03
  0.3070088176656729E+01 -0.9974446439389107E+00 -0.3115640190038369E-03
  0.3061918797072602E+01 -0.9968277169440913E+00 -0.3114806371238255E-03
  0.3053749192758969E+01 -0.9961442435551087E+00 -0.3104147659314836E-03
  0.3045579420968934E+01 -0.9953942693885953E+00 -0.3075791760803079E-03
  0.3037409521036948E+01 -0.9945778445047068E+00 -0.3025247280951346E-03
  0.3029239520877988E+01 -0.9936950234020883E+00 -0.2950901878772384E-03
  0.3021069440850104E+01 -0.9927458650133153E+00 -0.2865895266765661E-03
  0.3012899296148894E+01 -0.9917304327004320E+00 -0.2791404475271381E-03
  0.3004729098345992E+01 -0.9906487942504061E+00 -0.2730682040958467E-03
  0.2996558856408408E+01 -0.9895010218704087E+00 -0.2671029310431599E-03
  0.2988388577392205E+01 -0.9882871921828699E+00 -0.2605556593633956E-03
  0.2980218266925714E+01 -0.9870073862202815E+00 -0.2529669086326645E-03
  0.2972047929553217E+01 -0.9856616894197333E+00 -0.2439409818122966E-03
  0.2963877568983912E+01 -0.9842501916171713E+00 -0.2342154522335753E-03
  0.2955707188275296E+01 -0.9827729870413743E+00 -0.2253344666311057E-03
  0.2947536789970254E+01 -0.9812301743076443E+00 -0.2187816240950689E-03
  0.2939366376200951E+01 -0.9796218564112101E+00 -0.2144399767480101E-03
  0.2931195948768531E+01 -0.9779481407203411E+00 -0.2098907105905120E-03
  0.2923025509204947E+01 -0.9762091389691724E+00 -0.2031333192635485E-03
  0.2914855058821443E+01 -0.9744049672502397E+00 -0.1948868450586669E-03
  0.2906684598746917E+01 -0.9725357460067257E+00 -0.1880255205453791E-03
  0.2898514129958549E+01 -0.9706016000244151E+00 -0.1849759957984913E-03
  0.2890343653306462E+01 -0.9686026584233628E+00 -0.1854747427725355E-03
  0.2882173169533725E+01 -0.9665390546492710E+00 -0.1871653314469580E-03
  0.2874002679292686E+01 -0.9644109264645802E+00 -0.1875871208942818E-03
  0.2865832183158409E+01 -0.9622184159392698E+00 -0.1849306736959051E-03
  0.2857661681639792E+01 -0.9599616694413742E+00 -0.1785777698216356E-03
  0.2849491175188815E+01 -0.9576408376272095E+00 -0.1701243108299387E-03
  0.2841320664208285E+01 -0.9552560754313160E+00 -0.1621490773831507E-03
  0.2833150149058343E+01 -0.9528075420561144E+00 -0.1556591899457713E-03
  0.2824979630061970E+01 -0.9502954009612771E+00 -0.1497601459739900E-03
  0.2816809107509663E+01 -0.9477198198528157E+00 -0.1432777953984435E-03
  0.2808638581663412E+01 -0.9450809706718851E+00 -0.1361978852998091E-03
  0.2800468052760122E+01 -0.9423790295833044E+00 -0.1293247395380828E-03
  0.2792297521014540E+01 -0.9396141769637963E+00 -0.1230937829284335E-03
  0.2784126986621790E+01 -0.9367865973899459E+00 -0.1173899762841669E-03
  0.2775956449759565E+01 -0.9338964796258775E+00 -0.1118826858603008E-03
  0.2767785910590029E+01 -0.9309440166106540E+00 -0.1061103138391886E-03
  0.2759615369261481E+01 -0.9279294054453956E+00 -0.9960294463790106E-04
  0.2751444825909805E+01 -0.9248528473801222E+00 -0.9209036946140436E-04
  0.2743274280659743E+01 -0.9217145478003181E+00 -0.8400351940442380E-04
  0.2735103733626014E+01 -0.9185147162132208E+00 -0.7592728197878133E-04
  0.2726933184914305E+01 -0.9152535662338340E+00 -0.6819149282248733E-04
  0.2718762634622138E+01 -0.9119313155706682E+00 -0.6094848532186089E-04
  0.2710592082839649E+01 -0.9085481860112055E+00 -0.5382929131650389E-04
  0.2702421529650271E+01 -0.9051044034070944E+00 -0.4612956579602256E-04
  0.2694250975131350E+01 -0.9016001976590722E+00 -0.3763255160953951E-04
  0.2686080419354687E+01 -0.8980358027016164E+00 -0.2883886549583682E-04
  0.2677909862387029E+01 -0.8944114564873288E+00 -0.2017802253031916E-04
  0.2669739304290507E+01 -0.8907274009710492E+00 -0.1192302870360761E-04
  0.2661568745123026E+01 -0.8869838820937034E+00 -0.4871958541765546E-05
  0.2653398184938621E+01 -0.8831811497658847E+00  0.4374336657273769E-06
  0.2645227623787777E+01 -0.8793194578511700E+00  0.4583149799934920E-05
  0.2637057061717711E+01 -0.8753990641491725E+00  0.8295524071714240E-05
  0.2628886498772639E+01 -0.8714202303783312E+00  0.1184536762688566E-04
  0.2620715934994006E+01 -0.8673832221584393E+00  0.1576398987926848E-04
  0.2612545370420704E+01 -0.8632883089929120E+00  0.2069750303369736E-04
  0.2604374805089263E+01 -0.8591357642507945E+00  0.2635307038603254E-04
  0.2596204239034032E+01 -0.8549258651485127E+00  0.3148676676303249E-04
  0.2588033672287335E+01 -0.8506588927313666E+00  0.3528244244693410E-04
  0.2579863104879621E+01 -0.8463351318547683E+00  0.3838151952849783E-04
  0.2571692536839600E+01 -0.8419548711652254E+00  0.4217853967940023E-04
  0.2563521968194363E+01 -0.8375184030810715E+00  0.4714308204420631E-04
  0.2555351398969496E+01 -0.8330260237729452E+00  0.5273061253754395E-04
  0.2547180829189184E+01 -0.8284780331440178E+00  0.5814592138768005E-04
  0.2539010258876304E+01 -0.8238747348099726E+00  0.6259453459289312E-04
  0.2530839688052518E+01 -0.8192164360787360E+00  0.6575532516712773E-04
  0.2522669116738345E+01 -0.8145034479299620E+00  0.6814337224984814E-04
  0.2514498544953243E+01 -0.8097360849942720E+00  0.7007784877939815E-04
  0.2506327972715673E+01 -0.8049146655322506E+00  0.7094675372085890E-04
  0.2498157400043163E+01 -0.8000395114131988E+00  0.7041158721042869E-04
  0.2489986826952370E+01 -0.7951109480936471E+00  0.6944956853292315E-04
  0.2481816253459126E+01 -0.7901293045956280E+00  0.6920589855428943E-04
  0.2473645679578500E+01 -0.7850949134847117E+00  0.6976503478357833E-04
  0.2465475105324832E+01 -0.7800081108478040E+00  0.7058278619225582E-04
  0.2457304530711785E+01 -0.7748692362707100E+00  0.7120076049340685E-04
  0.2449133955752385E+01 -0.7696786328154644E+00  0.7163532433217677E-04
  0.2440963380459050E+01 -0.7644366469974285E+00  0.7251799106264539E-04
  0.2432792804843637E+01 -0.7591436287621580E+00  0.7431312300857918E-04
  0.2424622228917462E+01 -0.7537999314620412E+00  0.7656899839050893E-04
  0.2416451652691339E+01 -0.7484059118327094E+00  0.7862339124331377E-04
  0.2408281076175607E+01 -0.7429619299692227E+00  0.8026379019438967E-04
  0.2400110499380152E+01 -0.7374683493020299E+00  0.8152958307777028E-04
  0.2391939922314436E+01 -0.7319255365727068E+00  0.8234212734347567E-04
  0.2383769344987516E+01 -0.7263338618094733E+00  0.8233531913100038E-04
  0.2375598767408072E+01 -0.7206936983024912E+00  0.8146488348206399E-04
  0.2367428189584419E+01 -0.7150054225789432E+00  0.8026215451048889E-04
  0.2359257611524532E+01 -0.7092694143778975E+00  0.7926600865473079E-04
  0.2351087033236062E+01 -0.7034860566249567E+00  0.7860365451264195E-04
  0.2342916454726351E+01 -0.6976557354066943E+00  0.7791539605512201E-04
  0.2334745876002450E+01 -0.6917788399448808E+00  0.7654296064539865E-04
  0.2326575297071134E+01 -0.6858557625704990E+00  0.7449526230832388E-04
  0.2318404717938913E+01 -0.6798868986975534E+00  0.7271966551268505E-04
  0.2310234138612046E+01 -0.6738726467966731E+00  0.7181852706544228E-04
  0.2302063559096557E+01 -0.6678134083685102E+00  0.7137130364303286E-04
  0.2293892979398239E+01 -0.6617095879169366E+00  0.7077809400999276E-04
  0.2285722399522673E+01 -0.6555615929220400E+00  0.6993734380663714E-04
  0.2277551819475234E+01 -0.6493698338129212E+00  0.6907167391924403E-04
  0.2269381239261100E+01 -0.6431347239402948E+00  0.6811571492305092E-04
  0.2261210658885265E+01 -0.6368566795488945E+00  0.6665455886572165E-04
  0.2253040078352542E+01 -0.6305361197496849E+00  0.6477692569866317E-04
  0.2244869497667577E+01 -0.6241734664918837E+00  0.6337328909959636E-04
  0.2236698916834853E+01 -0.6177691445347914E+00  0.6300210417047408E-04
  0.2228528335858699E+01 -0.6113235814194364E+00  0.6334822875690982E-04
  0.2220357754743295E+01 -0.6048372074400329E+00  0.6362353529069312E-04
  0.2212187173492683E+01 -0.5983104556152549E+00  0.6330454334345676E-04
  0.2204016592110768E+01 -0.5917437616593286E+00  0.6260311030785405E-04
  0.2195846010601326E+01 -0.5851375639529456E+00  0.6196732181199179E-04
  0.2187675428968010E+01 -0.5784923035139965E+00  0.6136463992260350E-04
  0.2179504847214357E+01 -0.5718084239681300E+00  0.6034663872231043E-04
  0.2171334265343789E+01 -0.5650863715191369E+00  0.5854794217438564E-04
  0.2163163683359622E+01 -0.5583265949191624E+00  0.5612409579291298E-04
  0.2154993101265066E+01 -0.5515295454387482E+00  0.5351665528525116E-04
  0.2146822519063234E+01 -0.5446956768367068E+00  0.5092580487946707E-04
  0.2138651936757143E+01 -0.5378254453298289E+00  0.4806527137830010E-04
  0.2130481354349721E+01 -0.5309193095624275E+00  0.4443386497406205E-04
  0.2122310771843806E+01 -0.5239777305757194E+00  0.4014330577844422E-04
  0.2114140189242155E+01 -0.5170011717770473E+00  0.3615644365343039E-04
  0.2105969606547443E+01 -0.5099900989089429E+00  0.3314867991160993E-04
  0.2097799023762269E+01 -0.5029449800180356E+00  0.3102512503698484E-04
  0.2089628440889158E+01 -0.4958662854238058E+00  0.2982002232876030E-04
  0.2081457857930564E+01 -0.4887544876871878E+00  0.2973990945628523E-04
  0.2073287274888874E+01 -0.4816100615790221E+00  0.3032022777656761E-04
  0.2065116691766407E+01 -0.4744334840483606E+00  0.3099888711155190E-04
  0.2056946108565423E+01 -0.4672252341906264E+00  0.3187478946989262E-04
  0.2048775525288118E+01 -0.4599857932156304E+00  0.3327992680313834E-04
  0.2040604941936635E+01 -0.4527156444154464E+00  0.3495673428510301E-04
  0.2032434358513056E+01 -0.4454152731321473E+00  0.3614222421944769E-04
  0.2024263775019413E+01 -0.4380851667254050E+00  0.3625761746659279E-04
  0.2016093191457685E+01 -0.4307258145399545E+00  0.3538807624884125E-04
  0.2007922607829804E+01 -0.4233377078729265E+00  0.3410291392187168E-04
  0.1999752024137653E+01 -0.4159213399410494E+00  0.3293150873350178E-04
  0.1991581440383068E+01 -0.4084772058477228E+00  0.3199030479980429E-04
  0.1983410856567843E+01 -0.4010058025499653E+00  0.3136732133059007E-04
  0.1975240272693730E+01 -0.3935076288252386E+00  0.3105473150856746E-04
  0.1967069688762441E+01 -0.3859831852381501E+00  0.3084428408842279E-04
  0.1958899104775647E+01 -0.3784329741070359E+00  0.3075158790443168E-04
  0.1950728520734982E+01 -0.3708574994704271E+00  0.3103813065364583E-04
  0.1942557936642046E+01 -0.3632572670534011E+00  0.3182979394125448E-04
  0.1934387352498403E+01 -0.3556327842338202E+00  0.3282616488214600E-04
  0.1926216768305583E+01 -0.3479845600084601E+00  0.3361049844860631E-04
  0.1918046184065086E+01 -0.3403131049590297E+00  0.3444038122544865E-04
  0.1909875599778379E+01 -0.3326189312180866E+00  0.3604619170549826E-04
  0.1901705015446901E+01 -0.3249025524348469E+00  0.3844085271265445E-04
  0.1893534431072063E+01 -0.3171644837408958E+00  0.4045969778401613E-04
  0.1885363846655247E+01 -0.3094052417157978E+00  0.4094274446041401E-04
  0.1877193262197810E+01 -0.3016253443526109E+00  0.3995099356102971E-04
  0.1869022677701083E+01 -0.2938253110233064E+00  0.3842121530674482E-04
  0.1860852093166375E+01 -0.2860056624440968E+00  0.3685710600233353E-04
  0.1852681508594969E+01 -0.2781669206406729E+00  0.3523183025838355E-04
  0.1844510923988128E+01 -0.2703096089133553E+00  0.3381699251179615E-04
  0.1836340339347093E+01 -0.2624342518021592E+00  0.3306190944271345E-04
  0.1828169754673083E+01 -0.2545413750517773E+00  0.3301175283081297E-04
  0.1819999169967299E+01 -0.2466315055764818E+00  0.3341485974833571E-04
  0.1811828585230925E+01 -0.2387051714249486E+00  0.3404303401035192E-04
  0.1803658000465123E+01 -0.2307629017450062E+00  0.3476393859271365E-04
  0.1795487415671042E+01 -0.2228052267483099E+00  0.3540720766172846E-04
  0.1787316830849811E+01 -0.2148326776749467E+00  0.3597202374386804E-04
  0.1779146246002545E+01 -0.2068457867579697E+00  0.3667005695902864E-04
  0.1770975661130345E+01 -0.1988450871878683E+00  0.3764120557114828E-04
  0.1762805076234296E+01 -0.1908311130769725E+00  0.3848891901302126E-04
  0.1754634491315471E+01 -0.1828043994237966E+00  0.3843055221588139E-04
  0.1746463906374929E+01 -0.1747654820773241E+00  0.3735018229046143E-04
  0.1738293321413718E+01 -0.1667148977012352E+00  0.3610221548878026E-04
  0.1730122736432872E+01 -0.1586531837380799E+00  0.3518642106708818E-04
  0.1721952151433418E+01 -0.1505808783733995E+00  0.3413794385281375E-04
  0.1713781566416370E+01 -0.1424985204997981E+00  0.3252654805537995E-04
  0.1705610981382731E+01 -0.1344066496809675E+00  0.3060970916043488E-04
  0.1697440396333499E+01 -0.1263058061156663E+00  0.2861828782076545E-04
  0.1689269811269659E+01 -0.1181965306016578E+00  0.2626350263287538E-04
  0.1681099226192191E+01 -0.1100793644996070E+00  0.2337937274785015E-04
  0.1672928641102067E+01 -0.1019548496969404E+00  0.2051930875146233E-04
  0.1664758056000250E+01 -0.9382352857167028E-01  0.1853276448823424E-04
  0.1656587470887701E+01 -0.8568594395618719E-01  0.1783951148354166E-04
  0.1648416885765370E+01 -0.7754263910102077E-01  0.1806187584340637E-04
  0.1640246300634206E+01 -0.6939415763857371E-01  0.1846000969439514E-04
  0.1632075715495151E+01 -0.6124104354682962E-01  0.1859727079043523E-04
  0.1623905130349143E+01 -0.5308384111303818E-01  0.1831462535561953E-04
  0.1615734545197117E+01 -0.4492309489737940E-01  0.1751168688296214E-04
  0.1607563960040004E+01 -0.3675934969660982E-01  0.1614716836539826E-04
  0.1599393374878733E+01 -0.2859315050769285E-01  0.1428402700794892E-04
  0.1591222789714229E+01 -0.2042504249141571E-01  0.1246506745763286E-04
  0.1583052204547419E+01 -0.1225557093599554E-01  0.1139149631926906E-04
  0.1574881619379224E+01 -0.4085281220676868E-02  0.1100042309218355E-04
  0.1566711034210569E+01  0.4085281220676868E-02  0.1047119797465459E-04
  0.1558540449042374E+01  0.1225557093599554E-01  0.9264386393982546E-05
  0.1550369863875564E+01  0.2042504249141571E-01  0.7346350471997441E-05
  0.1542199278711061E+01  0.2859315050769285E-01  0.4795793909901826E-05
  0.1534028693549790E+01  0.3675934969660982E-01  0.1667516273669570E-05
  0.1525858108392677E+01  0.4492309489737940E-01 -0.1915020413695279E-05
  0.1517687523240650E+01  0.5308384111303818E-01 -0.5736469397859617E-05
  0.1509516938094642E+01  0.6124104354682962E-01 -0.9446604535860327E-05
  0.1501346352955587E+01  0.6939415763857371E-01 -0.1279495713215933E-04
  0.1493175767824423E+01  0.7754263910102077E-01 -0.1562028912054680E-04
  0.1485005182702093E+01  0.8568594395618719E-01 -0.1757937551627655E-04
  0.1476834597589543E+01  0.9382352857167028E-01 -0.1840977138020946E-04
  0.1468664012487727E+01  0.1019548496969404E+00 -0.1866148510070751E-04
  0.1460493427397602E+01  0.1100793644996070E+00 -0.1946557532053388E-04
  0.1452322842320134E+01  0.1181965306016578E+00 -0.2143656580789814E-04
  0.1444152257256294E+01  0.1263058061156663E+00 -0.2413376319011879E-04
  0.1435981672207062E+01  0.1344066496809675E+00 -0.2670865053223720E-04
  0.1427811087173423E+01  0.1424985204997981E+00 -0.2840536378442383E-04
  0.1419640502156375E+01  0.1505808783733995E+00 -0.2877569750081590E-04
  0.1411469917156921E+01  0.1586531837380799E+00 -0.2779782706707903E-04
  0.1403299332176076E+01  0.1667148977012352E+00 -0.2598171307302086E-04
  0.1395128747214864E+01  0.1747654820773241E+00 -0.2418945640788185E-04
  0.1386958162274323E+01  0.1828043994237966E+00 -0.2322416689812788E-04
  0.1378787577355497E+01  0.1908311130769725E+00 -0.2329398906220004E-04
  0.1370616992459449E+01  0.1988450871878683E+00 -0.2395599016121916E-04
  0.1362446407587248E+01  0.2068457867579697E+00 -0.2464275271324492E-04
  0.1354275822739983E+01  0.2148326776749467E+00 -0.2526987170900199E-04
  0.1346105237918751E+01  0.2228052267483099E+00 -0.2615868551764324E-04
  0.1337934653124670E+01  0.2307629017450062E+00 -0.2758036543212820E-04
  0.1329764068358868E+01  0.2387051714249486E+00 -0.2930546067891089E-04
  0.1321593483622494E+01  0.2466315055764818E+00 -0.3065607550595034E-04
  0.1313422898916710E+01  0.2545413750517773E+00 -0.3127875001611450E-04
  0.1305252314242701E+01  0.2624342518021592E+00 -0.3191307608286637E-04
  0.1297081729601665E+01  0.2703096089133553E+00 -0.3366657715704342E-04
  0.1288911144994824E+01  0.2781669206406729E+00 -0.3668746156711977E-04
  0.1280740560423418E+01  0.2860056624440968E+00 -0.4000850056191429E-04
  0.1272569975888710E+01  0.2938253110233064E+00 -0.4269790193146924E-04
  0.1264399391391984E+01  0.3016253443526109E+00 -0.4423555503099182E-04
  0.1256228806934547E+01  0.3094052417157978E+00 -0.4458358745230848E-04
  0.1248058222517730E+01  0.3171644837408958E+00 -0.4431980474072183E-04
  0.1239887638142892E+01  0.3249025524348469E+00 -0.4440449737590647E-04
  0.1231717053811414E+01  0.3326189312180866E+00 -0.4544644744816072E-04
  0.1223546469524707E+01  0.3403131049590297E+00 -0.4742390767811867E-04
  0.1215375885284210E+01  0.3479845600084601E+00 -0.4972222290160781E-04
  0.1207205301091390E+01  0.3556327842338202E+00 -0.5166817848465569E-04
  0.1199034716947747E+01  0.3632572670534011E+00 -0.5348782736980678E-04
  0.1190864132854811E+01  0.3708574994704271E+00 -0.5600665609959930E-04
  0.1182693548814147E+01  0.3784329741070359E+00 -0.5913056698294128E-04
  0.1174522964827352E+01  0.3859831852381501E+00 -0.6209998861199513E-04
  0.1166352380896063E+01  0.3935076288252386E+00 -0.6461097138724863E-04
  0.1158181797021950E+01  0.4010058025499653E+00 -0.6680978029030901E-04
  0.1150011213206726E+01  0.4084772058477228E+00 -0.6877637746820842E-04
  0.1141840629452141E+01  0.4159213399410494E+00 -0.7061010394056548E-04
  0.1133670045759989E+01  0.4233377078729265E+00 -0.7255067938103147E-04
  0.1125499462132108E+01  0.4307258145399545E+00 -0.7481456551918749E-04
  0.1117328878570381E+01  0.4380851667254050E+00 -0.7725728328033949E-04
  0.1109158295076737E+01  0.4454152731321473E+00 -0.7987783778904344E-04
  0.1100987711653159E+01  0.4527156444154464E+00 -0.8287724112596529E-04
  0.1092817128301675E+01  0.4599857932156304E+00 -0.8655086772766243E-04
  0.1084646545024371E+01  0.4672252341906264E+00 -0.9130853329465686E-04
  0.1076475961823386E+01  0.4744334840483606E+00 -0.9707239240180470E-04
  0.1068305378700920E+01  0.4816100615790221E+00 -0.1025834531103803E-03
  0.1060134795659229E+01  0.4887544876871878E+00 -0.1066016139800589E-03
  0.1051964212700635E+01  0.4958662854238058E+00 -0.1089151155076017E-03
  0.1043793629827524E+01  0.5029449800180356E+00 -0.1100562909894998E-03
  0.1035623047042350E+01  0.5099900989089429E+00 -0.1107204856775212E-03
  0.1027452464347638E+01  0.5170011717770473E+00 -0.1118175421203443E-03
  0.1019281881745987E+01  0.5239777305757194E+00 -0.1141443132954794E-03
  0.1011111299240073E+01  0.5309193095624275E+00 -0.1176531220621000E-03
  0.1002940716832650E+01  0.5378254453298289E+00 -0.1213624443916146E-03
  0.9947701345265596E+00  0.5446956768367068E+00 -0.1248455814388361E-03
  0.9865995523247275E+00  0.5515295454387482E+00 -0.1285734192977164E-03
  0.9784289702301714E+00  0.5583265949191624E+00 -0.1328498279275087E-03
  0.9702583882460036E+00  0.5650863715191369E+00 -0.1372378368566178E-03
  0.9620878063754359E+00  0.5718084239681300E+00 -0.1410023509062958E-03
  0.9539172246217830E+00  0.5784923035139965E+00 -0.1438309895493547E-03
  0.9457466429884676E+00  0.5851375639529456E+00 -0.1460918221756724E-03
  0.9375760614790253E+00  0.5917437616593286E+00 -0.1479454769038758E-03
  0.9294054800971098E+00  0.5983104556152549E+00 -0.1493964536472188E-03
  0.9212348988464978E+00  0.6048372074400329E+00 -0.1511813433530052E-03
  0.9130643177310944E+00  0.6113235814194364E+00 -0.1543842097988032E-03
  0.9048937367549402E+00  0.6177691445347914E+00 -0.1586145729798528E-03
  0.8967231559222163E+00  0.6241734664918837E+00 -0.1622098373969899E-03
  0.8885525752372514E+00  0.6305361197496849E+00 -0.1643868062782847E-03
  0.8803819947045285E+00  0.6368566795488945E+00 -0.1659116706661409E-03
  0.8722114143286931E+00  0.6431347239402948E+00 -0.1676912834651712E-03
  0.8640408341145595E+00  0.6493698338129212E+00 -0.1697906438572630E-03
  0.8558702540671204E+00  0.6555615929220400E+00 -0.1715123290518660E-03
  0.8476996741915547E+00  0.6617095879169366E+00 -0.1723407047665885E-03
  0.8395290944932369E+00  0.6678134083685102E+00 -0.1720938255103120E-03
  0.8313585149777468E+00  0.6738726467966731E+00 -0.1709088050461636E-03
  0.8231879356508802E+00  0.6798868986975534E+00 -0.1690690651447187E-03
  0.8150173565186587E+00  0.6858557625704990E+00 -0.1669652374654448E-03
  0.8068467775873427E+00  0.6917788399448808E+00 -0.1650343954347742E-03
  0.7986761988634423E+00  0.6976557354066943E+00 -0.1636764326351455E-03
  0.7905056203537315E+00  0.7034860566249567E+00 -0.1628579562898452E-03
  0.7823350420652612E+00  0.7092694143778975E+00 -0.1621669886721786E-03
  0.7741644640053743E+00  0.7150054225789432E+00 -0.1610838057939776E-03
  0.7659938861817212E+00  0.7206936983024912E+00 -0.1598489973971221E-03
  0.7578233086022768E+00  0.7263338618094733E+00 -0.1591479667943620E-03
  0.7496527312753575E+00  0.7319255365727068E+00 -0.1594276445086370E-03
  0.7414821542096410E+00  0.7374683493020299E+00 -0.1603400879294441E-03
  0.7333115774141861E+00  0.7429619299692227E+00 -0.1605879836527195E-03
  0.7251410008984539E+00  0.7484059118327094E+00 -0.1586665956566787E-03
  0.7169704246723316E+00  0.7537999314620412E+00 -0.1544057503597615E-03
  0.7087998487461566E+00  0.7591436287621580E+00 -0.1486971762455072E-03
  0.7006292731307425E+00  0.7644366469974285E+00 -0.1427509355501770E-03
  0.6924586978374083E+00  0.7696786328154644E+00 -0.1375861025634935E-03
  0.6842881228780077E+00  0.7748692362707100E+00 -0.1335364888149410E-03
  0.6761175482649616E+00  0.7800081108478040E+00 -0.1299562416708770E-03
  0.6679469740112938E+00  0.7850949134847117E+00 -0.1261635678833057E-03
  0.6597764001306670E+00  0.7901293045956280E+00 -0.1217597470724065E-03
  0.6516058266374236E+00  0.7951109480936471E+00 -0.1170203375910951E-03
  0.6434352535466297E+00  0.8000395114131988E+00 -0.1125133740207402E-03
  0.6352646808741202E+00  0.8049146655322506E+00 -0.1085963610711510E-03
  0.6270941086365502E+00  0.8097360849942720E+00 -0.1053833190517229E-03
  0.6189235368514482E+00  0.8145034479299620E+00 -0.1027920461287299E-03
  0.6107529655372755E+00  0.8192164360787360E+00 -0.9995974460301248E-04
  0.6025823947134890E+00  0.8238747348099726E+00 -0.9610203607649663E-04
  0.5944118244006098E+00  0.8284780331440178E+00 -0.9112985451785636E-04
  0.5862412546202973E+00  0.8330260237729452E+00 -0.8544338875466616E-04
  0.5780706853954301E+00  0.8375184030810715E+00 -0.7887913288729537E-04
  0.5699001167501928E+00  0.8419548711652254E+00 -0.7100410271688273E-04
  0.5617295487101719E+00  0.8463351318547683E+00 -0.6161939475334523E-04
  0.5535589813024583E+00  0.8506588927313666E+00 -0.5118147315510231E-04
  0.5453884145557613E+00  0.8549258651485127E+00 -0.4014642125391620E-04
  0.5372178485005299E+00  0.8591357642507945E+00 -0.2914745899366497E-04
  0.5290472831690897E+00  0.8632883089929120E+00 -0.1879385871844932E-04
  0.5208767185957875E+00  0.8673832221584393E+00 -0.9012034367262262E-05
  0.5127061548171545E+00  0.8714202303783312E+00  0.1112763125118970E-05
  0.5045355918720822E+00  0.8753990641491725E+00  0.1162959544250357E-04
  0.4963650298020162E+00  0.8793194578511700E+00  0.2207790331040261E-04
  0.4881944686511717E+00  0.8831811497658847E+00  0.3251972997223630E-04
  0.4800239084667671E+00  0.8869838820937034E+00  0.4329304997300430E-04
  0.4718533492992859E+00  0.8907274009710492E+00  0.5411840617378066E-04
  0.4636827912027636E+00  0.8944114564873288E+00  0.6476961647432107E-04
  0.4555122342351060E+00  0.8980358027016164E+00  0.7582879374428459E-04
  0.4473416784584431E+00  0.9016001976590722E+00  0.8819572068788843E-04
  0.4391711239395221E+00  0.9051044034070944E+00  0.1012215748578798E-03
  0.4310005707501444E+00  0.9085481860112055E+00  0.1133849908172272E-03
  0.4228300189676551E+00  0.9119313155706682E+00  0.1241394317119372E-03
  0.4146594686754885E+00  0.9152535662338340E+00  0.1344039156044432E-03
  0.4064889199637791E+00  0.9185147162132208E+00  0.1449090398277897E-03
  0.3983183729300507E+00  0.9217145478003181E+00  0.1563244495487204E-03
  0.3901478276799883E+00  0.9248528473801222E+00  0.1696890501366993E-03
  0.3819772843283120E+00  0.9279294054453956E+00  0.1856478697642543E-03
  0.3738067429997641E+00  0.9309440166106540E+00  0.2028367451523819E-03
  0.3656362038302282E+00  0.9338964796258775E+00  0.2194443852806093E-03
  0.3574656669680030E+00  0.9367865973899459E+00  0.2348562961862764E-03
  0.3492951325752533E+00  0.9396141769637963E+00  0.2499899156182933E-03
  0.3411246008296713E+00  0.9423790295833044E+00  0.2658158445414075E-03
  0.3329540719263814E+00  0.9450809706718851E+00  0.2831476261084408E-03
  0.3247835460801308E+00  0.9477198198528157E+00  0.3019562485363563E-03
  0.3166130235278230E+00  0.9502954009612771E+00  0.3215132477922142E-03
  0.3084425045314506E+00  0.9528075420561144E+00  0.3411866757279106E-03
  0.3002719893815085E+00  0.9552560754313160E+00  0.3614797342561445E-03
  0.2921014784009779E+00  0.9576408376272095E+00  0.3826615450896317E-03
  0.2839309719500016E+00  0.9599616694413742E+00  0.4049386223232424E-03
  0.2757604704313845E+00  0.9622184159392698E+00  0.4284571299083613E-03
  0.2675899742971076E+00  0.9644109264645802E+00  0.4535327297327819E-03
  0.2594194840560681E+00  0.9665390546492710E+00  0.4799459057210782E-03
  0.2512490002833307E+00  0.9686026584233628E+00  0.5079453843474374E-03
  0.2430785236312446E+00  0.9706016000244151E+00  0.5376379111307680E-03
  0.2349080548428762E+00  0.9725357460067257E+00  0.5691047652294088E-03
  0.2267375947683499E+00  0.9744049672502397E+00  0.6014909469870971E-03
  0.2185671443848464E+00  0.9762091389691724E+00  0.6342193924393333E-03
  0.2103967048212628E+00  0.9779481407203411E+00  0.6672754710044530E-03
  0.2022262773888417E+00  0.9796218564112101E+00  0.7010171482031060E-03
  0.1940558636195398E+00  0.9812301743076443E+00  0.7352277425863598E-03
  0.1858854653144977E+00  0.9827729870413743E+00  0.7700315079187847E-03
  0.1777150846058812E+00  0.9842501916171713E+00  0.8050361270165814E-03
  0.1695447240365762E+00  0.9856616894197333E+00  0.8400838697728801E-03
  0.1613743866640789E+00  0.9870073862202815E+00  0.8748999833700173E-03
  0.1532040761975885E+00  0.9882871921828699E+00  0.9103929985399367E-03
  0.1450337971813853E+00  0.9895010218704087E+00  0.9471407422286552E-03
  0.1368635552438019E+00  0.9906487942504061E+00  0.9859612688981599E-03
  0.1286933574408989E+00  0.9917304327004320E+00  0.1027390691642175E-02
  0.1205232127396896E+00  0.9927458650133153E+00  0.1072324971837174E-02
  0.1123531327118049E+00  0.9936950234020883E+00  0.1120464909622989E-02
  0.1041831325528455E+00  0.9945778445047068E+00  0.1172284458953626E-02
  0.9601323262085862E-01  0.9953942693885953E+00  0.1227992293943972E-02
  0.8784346083082471E-01  0.9961442435551087E+00  0.1290019322670747E-02
  0.7967385651719167E-01  0.9968277169440913E+00  0.1360531751939183E-02
  0.7150447693306423E-01  0.9974446439389107E+00  0.1442793571017319E-02
  0.6333540875299180E-01  0.9979949833727938E+00  0.1538839265548800E-02
  0.5516678972815772E-01  0.9984786985384589E+00  0.1652657352872564E-02
  0.4699885272846815E-01  0.9988957572063257E+00  0.1787894237836610E-02
  0.3883202470742381E-01  0.9992461316671845E+00  0.1957019435702440E-02
  0.3066718105470672E-01  0.9995297988558859E+00  0.2204418891787045E-02
  0.2250643816359393E-01  0.9997467408113523E+00  0.2652430187357538E-02
  0.1435650599352885E-01  0.9998969471378596E+00  0.3387659871770895E-02
  0.6254421014113626E-02  0.9999804411726474E+00  0.4153370428177345E-02
