# nlmax, ncor, nside =         383           1         128
  0.3135338232575680E+01 -0.9999804411726474E+00 -0.1683691807086958E-03
  0.3127236147596264E+01 -0.9998969471378596E+00 -0.1665022768526437E-03
  0.3119086215426199E+01 -0.9997467408113523E+00 -0.1647215696818853E-03
  0.3110925472535087E+01 -0.9995297988558859E+00 -0.1646163445981381E-03
  0.3102760628882369E+01 -0.9992461316671845E+00 -0.1659200322098326E-03
  0.3094593800861325E+01 -0.9988957572063257E+00 -0.1686544517062720E-03
  0.3086425863861635E+01 -0.9984786985384589E+00 -0.1727229244375626E-03
  0.3078257244836801E+01 -0.9979949833727938E+00 -0.1769512090688953E-03
  0.3070088176656729E+01 -0.9974446439389107E+00 -0.1808255489537761E-03
  0.3061918797072602E+01 -0.9968277169440913E+00 -0.1835940321847801E-03
  0.3053749192758969E+01 -0.9961442435551087E+00 -0.1840056503221207E-03
  0.3045579420968934E+01 -0.9953942693885953E+00 -0.1805467361467999E-03
  0.3037409521036948E+01 -0.9945778445047068E+00 -0.1730034874599526E-03
  0.3029239520877988E+01 -0.9936950234020883E+00 -0.1619601267105944E-03
  0.3021069440850104E+01 -0.9927458650133153E+00 -0.1495111606239490E-03
  0.3012899296148894E+01 -0.9917304327004320E+00 -0.1382949826513581E-03
  0.3004729098345992E+01 -0.9906487942504061E+00 -0.1290639812478312E-03
  0.2996558856408408E+01 -0.9895010218704087E+00 -0.1207698613717966E-03
  0.2988388577392205E+01 -0.9882871921828699E+00 -0.1120610229281590E-03
  0.2980218266925714E+01 -0.9870073862202815E+00 -0.1018325123334357E-03
  0.2972047929553217E+01 -0.9856616894197333E+00 -0.9076092274339448E-04
  0.2963877568983912E+01 -0.9842501916171713E+00 -0.8009010343158910E-04
  0.2955707188275296E+01 -0.9827729870413743E+00 -0.7033976756765012E-04
  0.2947536789970254E+01 -0.9812301743076443E+00 -0.6200712820888159E-04
  0.2939366376200951E+01 -0.9796218564112101E+00 -0.5481951369376317E-04
  0.2931195948768531E+01 -0.9779481407203411E+00 -0.4644691689553111E-04
  0.2923025509204947E+01 -0.9762091389691724E+00 -0.3514421231320524E-04
  0.2914855058821443E+01 -0.9744049672502397E+00 -0.2260439582865107E-04
  0.2906684598746917E+01 -0.9725357460067257E+00 -0.1311105359671671E-04
  0.2898514129958549E+01 -0.9706016000244151E+00 -0.9680804144818570E-05
  0.2890343653306462E+01 -0.9686026584233628E+00 -0.1135572752917068E-04
  0.2882173169533725E+01 -0.9665390546492710E+00 -0.1436513278298483E-04
  0.2874002679292686E+01 -0.9644109264645802E+00 -0.1557210413130082E-04
  0.2865832183158409E+01 -0.9622184159392698E+00 -0.1334943858052027E-04
  0.2857661681639792E+01 -0.9599616694413742E+00 -0.7939997104999382E-05
  0.2849491175188815E+01 -0.9576408376272095E+00 -0.1106722034922193E-05
  0.2841320664208285E+01 -0.9552560754313160E+00  0.5031477511122070E-05
  0.2833150149058343E+01 -0.9528075420561144E+00  0.9315949762737559E-05
  0.2824979630061970E+01 -0.9502954009612771E+00  0.1202496204813291E-04
  0.2816809107509663E+01 -0.9477198198528157E+00  0.1405094310233980E-04
  0.2808638581663412E+01 -0.9450809706718851E+00  0.1565489954344726E-04
  0.2800468052760122E+01 -0.9423790295833044E+00  0.1592407407757138E-04
  0.2792297521014540E+01 -0.9396141769637963E+00  0.1418757733482950E-04
  0.2784126986621790E+01 -0.9367865973899459E+00  0.1141275524932178E-04
  0.2775956449759565E+01 -0.9338964796258775E+00  0.9661367023464966E-05
  0.2767785910590029E+01 -0.9309440166106540E+00  0.1028031811337993E-04
  0.2759615369261481E+01 -0.9279294054453956E+00  0.1285958783233110E-04
  0.2751444825909805E+01 -0.9248528473801222E+00  0.1588462558661595E-04
  0.2743274280659743E+01 -0.9217145478003181E+00  0.1788521108001169E-04
  0.2735103733626014E+01 -0.9185147162132208E+00  0.1854227955354183E-04
  0.2726933184914305E+01 -0.9152535662338340E+00  0.1856562041700087E-04
  0.2718762634622138E+01 -0.9119313155706682E+00  0.1893571400600384E-04
  0.2710592082839649E+01 -0.9085481860112055E+00  0.1988383018314168E-04
  0.2702421529650271E+01 -0.9051044034070944E+00  0.2130254437000755E-04
  0.2694250975131350E+01 -0.9016001976590722E+00  0.2299570912681716E-04
  0.2686080419354687E+01 -0.8980358027016164E+00  0.2504239123114517E-04
  0.2677909862387029E+01 -0.8944114564873288E+00  0.2773484308885548E-04
  0.2669739304290507E+01 -0.8907274009710492E+00  0.3067842278648828E-04
  0.2661568745123026E+01 -0.8869838820937034E+00  0.3253759084517558E-04
  0.2653398184938621E+01 -0.8831811497658847E+00  0.3267032636317040E-04
  0.2645227623787777E+01 -0.8793194578511700E+00  0.3176646298176177E-04
  0.2637057061717711E+01 -0.8753990641491725E+00  0.3011804195911059E-04
  0.2628886498772639E+01 -0.8714202303783312E+00  0.2736249570599674E-04
  0.2620715934994006E+01 -0.8673832221584393E+00  0.2438872759259458E-04
  0.2612545370420704E+01 -0.8632883089929120E+00  0.2264391864233814E-04
  0.2604374805089263E+01 -0.8591357642507945E+00  0.2225963918900487E-04
  0.2596204239034032E+01 -0.8549258651485127E+00  0.2179143403229689E-04
  0.2588033672287335E+01 -0.8506588927313666E+00  0.1989988585851453E-04
  0.2579863104879621E+01 -0.8463351318547683E+00  0.1693703092081149E-04
  0.2571692536839600E+01 -0.8419548711652254E+00  0.1524754407431179E-04
  0.2563521968194363E+01 -0.8375184030810715E+00  0.1609658527263103E-04
  0.2555351398969496E+01 -0.8330260237729452E+00  0.1833813571486896E-04
  0.2547180829189184E+01 -0.8284780331440178E+00  0.2017160318830879E-04
  0.2539010258876304E+01 -0.8238747348099726E+00  0.2050226042979773E-04
  0.2530839688052518E+01 -0.8192164360787360E+00  0.1939331599505778E-04
  0.2522669116738345E+01 -0.8145034479299620E+00  0.1760195250463307E-04
  0.2514498544953243E+01 -0.8097360849942720E+00  0.1515768137359975E-04
  0.2506327972715673E+01 -0.8049146655322506E+00  0.1138855805252879E-04
  0.2498157400043163E+01 -0.8000395114131988E+00  0.6119505952384317E-05
  0.2489986826952370E+01 -0.7951109480936471E+00  0.4809638979278950E-06
  0.2481816253459126E+01 -0.7901293045956280E+00 -0.4275684390825994E-05
  0.2473645679578500E+01 -0.7850949134847117E+00 -0.7737927997889764E-05
  0.2465475105324832E+01 -0.7800081108478040E+00 -0.1019032758281075E-04
  0.2457304530711785E+01 -0.7748692362707100E+00 -0.1208004284431935E-04
  0.2449133955752385E+01 -0.7696786328154644E+00 -0.1369924110123299E-04
  0.2440963380459050E+01 -0.7644366469974285E+00 -0.1435029170898422E-04
  0.2432792804843637E+01 -0.7591436287621580E+00 -0.1294807345929527E-04
  0.2424622228917462E+01 -0.7537999314620412E+00 -0.9432178908919191E-05
  0.2416451652691339E+01 -0.7484059118327094E+00 -0.5199016264080321E-05
  0.2408281076175607E+01 -0.7429619299692227E+00 -0.1533939223886546E-05
  0.2400110499380152E+01 -0.7374683493020299E+00  0.9282242029149148E-06
  0.2391939922314436E+01 -0.7319255365727068E+00  0.2214152160530348E-05
  0.2383769344987516E+01 -0.7263338618094733E+00  0.2580211043472506E-05
  0.2375598767408072E+01 -0.7206936983024912E+00  0.2417318061182979E-05
  0.2367428189584419E+01 -0.7150054225789432E+00  0.2217647577154352E-05
  0.2359257611524532E+01 -0.7092694143778975E+00  0.2333157097299999E-05
  0.2351087033236062E+01 -0.7034860566249567E+00  0.2683689064546739E-05
  0.2342916454726351E+01 -0.6976557354066943E+00  0.3012363253154822E-05
  0.2334745876002450E+01 -0.6917788399448808E+00  0.3027606592020883E-05
  0.2326575297071134E+01 -0.6858557625704990E+00  0.3174005360707005E-05
  0.2318404717938913E+01 -0.6798868986975534E+00  0.4539952525820475E-05
  0.2310234138612046E+01 -0.6738726467966731E+00  0.7705468019761985E-05
  0.2302063559096557E+01 -0.6678134083685102E+00  0.1165771757370452E-04
  0.2293892979398239E+01 -0.6617095879169366E+00  0.1487743530934117E-04
  0.2285722399522673E+01 -0.6555615929220400E+00  0.1716311943350483E-04
  0.2277551819475234E+01 -0.6493698338129212E+00  0.1898152032371057E-04
  0.2269381239261100E+01 -0.6431347239402948E+00  0.1978449040962350E-04
  0.2261210658885265E+01 -0.6368566795488945E+00  0.1919481523076728E-04
  0.2253040078352542E+01 -0.6305361197496849E+00  0.1805797213318244E-04
  0.2244869497667577E+01 -0.6241734664918837E+00  0.1752855790127865E-04
  0.2236698916834853E+01 -0.6177691445347914E+00  0.1834426711104789E-04
  0.2228528335858699E+01 -0.6113235814194364E+00  0.2060852829598877E-04
  0.2220357754743295E+01 -0.6048372074400329E+00  0.2288136037156377E-04
  0.2212187173492683E+01 -0.5983104556152549E+00  0.2344610206736198E-04
  0.2204016592110768E+01 -0.5917437616593286E+00  0.2238403047540577E-04
  0.2195846010601326E+01 -0.5851375639529456E+00  0.2155965579324823E-04
  0.2187675428968010E+01 -0.5784923035139965E+00  0.2221965666392476E-04
  0.2179504847214357E+01 -0.5718084239681300E+00  0.2351559650467230E-04
  0.2171334265343789E+01 -0.5650863715191369E+00  0.2381879725418228E-04
  0.2163163683359622E+01 -0.5583265949191624E+00  0.2283724173376326E-04
  0.2154993101265066E+01 -0.5515295454387482E+00  0.2120554774132064E-04
  0.2146822519063234E+01 -0.5446956768367068E+00  0.1965226162509827E-04
  0.2138651936757143E+01 -0.5378254453298289E+00  0.1800101769220966E-04
  0.2130481354349721E+01 -0.5309193095624275E+00  0.1529664593802788E-04
  0.2122310771843806E+01 -0.5239777305757194E+00  0.1078609416357872E-04
  0.2114140189242155E+01 -0.5170011717770473E+00  0.4969689810471991E-05
  0.2105969606547443E+01 -0.5099900989089429E+00 -0.1424849538854086E-05
  0.2097799023762269E+01 -0.5029449800180356E+00 -0.7797133172607424E-05
  0.2089628440889158E+01 -0.4958662854238058E+00 -0.1324973333573520E-04
  0.2081457857930564E+01 -0.4887544876871878E+00 -0.1705276570683036E-04
  0.2073287274888874E+01 -0.4816100615790221E+00 -0.1948467379097310E-04
  0.2065116691766407E+01 -0.4744334840483606E+00 -0.2147068804874354E-04
  0.2056946108565423E+01 -0.4672252341906264E+00 -0.2328021174942522E-04
  0.2048775525288118E+01 -0.4599857932156304E+00 -0.2393727286848902E-04
  0.2040604941936635E+01 -0.4527156444154464E+00 -0.2331606508596140E-04
  0.2032434358513056E+01 -0.4454152731321473E+00 -0.2295396465569512E-04
  0.2024263775019413E+01 -0.4380851667254050E+00 -0.2405573876415749E-04
  0.2016093191457685E+01 -0.4307258145399545E+00 -0.2600426870677971E-04
  0.2007922607829804E+01 -0.4233377078729265E+00 -0.2779176132696295E-04
  0.1999752024137653E+01 -0.4159213399410494E+00 -0.2896568057655418E-04
  0.1991581440383068E+01 -0.4084772058477228E+00 -0.2986516941349957E-04
  0.1983410856567843E+01 -0.4010058025499653E+00 -0.3079199261260847E-04
  0.1975240272693730E+01 -0.3935076288252386E+00 -0.3149216938953449E-04
  0.1967069688762441E+01 -0.3859831852381501E+00 -0.3188391146154902E-04
  0.1958899104775647E+01 -0.3784329741070359E+00 -0.3236062110124930E-04
  0.1950728520734982E+01 -0.3708574994704271E+00 -0.3264539922062732E-04
  0.1942557936642046E+01 -0.3632572670534011E+00 -0.3197771835838265E-04
  0.1934387352498403E+01 -0.3556327842338202E+00 -0.3007576256199347E-04
  0.1926216768305583E+01 -0.3479845600084601E+00 -0.2714093123863564E-04
  0.1918046184065086E+01 -0.3403131049590297E+00 -0.2368288901480661E-04
  0.1909875599778379E+01 -0.3326189312180866E+00 -0.2012285331451965E-04
  0.1901705015446901E+01 -0.3249025524348469E+00 -0.1673718058020130E-04
  0.1893534431072063E+01 -0.3171644837408958E+00 -0.1423454701738256E-04
  0.1885363846655247E+01 -0.3094052417157978E+00 -0.1300662075831195E-04
  0.1877193262197810E+01 -0.3016253443526109E+00 -0.1254790714144173E-04
  0.1869022677701083E+01 -0.2938253110233064E+00 -0.1194591807325422E-04
  0.1860852093166375E+01 -0.2860056624440968E+00 -0.1103528317070913E-04
  0.1852681508594969E+01 -0.2781669206406729E+00 -0.1014046010873607E-04
  0.1844510923988128E+01 -0.2703096089133553E+00 -0.9053542005800541E-05
  0.1836340339347093E+01 -0.2624342518021592E+00 -0.7129051391698950E-05
  0.1828169754673083E+01 -0.2545413750517773E+00 -0.4358987409771309E-05
  0.1819999169967299E+01 -0.2466315055764818E+00 -0.1521049868232709E-05
  0.1811828585230925E+01 -0.2387051714249486E+00  0.4347767098638395E-06
  0.1803658000465123E+01 -0.2307629017450062E+00  0.1449853071652548E-05
  0.1795487415671042E+01 -0.2228052267483099E+00  0.2171865580959041E-05
  0.1787316830849811E+01 -0.2148326776749467E+00  0.3243042568542902E-05
  0.1779146246002545E+01 -0.2068457867579697E+00  0.5067837548607033E-05
  0.1770975661130345E+01 -0.1988450871878683E+00  0.7980586502047588E-05
  0.1762805076234296E+01 -0.1908311130769725E+00  0.1170952067163589E-04
  0.1754634491315471E+01 -0.1828043994237966E+00  0.1533552423490324E-04
  0.1746463906374929E+01 -0.1747654820773241E+00  0.1793428931854543E-04
  0.1738293321413718E+01 -0.1667148977012352E+00  0.1969481760444555E-04
  0.1730122736432872E+01 -0.1586531837380799E+00  0.2138629206572878E-04
  0.1721952151433418E+01 -0.1505808783733995E+00  0.2358012116959539E-04
  0.1713781566416370E+01 -0.1424985204997981E+00  0.2614936198582053E-04
  0.1705610981382731E+01 -0.1344066496809675E+00  0.2878502410528873E-04
  0.1697440396333499E+01 -0.1263058061156663E+00  0.3098166911100074E-04
  0.1689269811269659E+01 -0.1181965306016578E+00  0.3213250814514408E-04
  0.1681099226192191E+01 -0.1100793644996070E+00  0.3230455507231182E-04
  0.1672928641102067E+01 -0.1019548496969404E+00  0.3248147161323072E-04
  0.1664758056000250E+01 -0.9382352857167028E-01  0.3358132349821330E-04
  0.1656587470887701E+01 -0.8568594395618719E-01  0.3606331709966389E-04
  0.1648416885765370E+01 -0.7754263910102077E-01  0.3987008455387301E-04
  0.1640246300634206E+01 -0.6939415763857371E-01  0.4433234142627680E-04
  0.1632075715495151E+01 -0.6124104354682962E-01  0.4818532218620250E-04
  0.1623905130349143E+01 -0.5308384111303818E-01  0.5046504004991703E-04
  0.1615734545197117E+01 -0.4492309489737940E-01  0.5086236092761734E-04
  0.1607563960040004E+01 -0.3675934969660982E-01  0.5013477777495463E-04
  0.1599393374878733E+01 -0.2859315050769285E-01  0.4930548945620883E-04
  0.1591222789714229E+01 -0.2042504249141571E-01  0.4928205729067892E-04
  0.1583052204547419E+01 -0.1225557093599554E-01  0.5062694634708945E-04
  0.1574881619379224E+01 -0.4085281220676868E-02  0.5300710778290341E-04
  0.1566711034210569E+01  0.4085281220676868E-02  0.5524944309736697E-04
  0.1558540449042374E+01  0.1225557093599554E-01  0.5691450757033897E-04
  0.1550369863875564E+01  0.2042504249141571E-01  0.5824389065431511E-04
  0.1542199278711061E+01  0.2859315050769285E-01  0.5895737394164821E-04
  0.1534028693549790E+01  0.3675934969660982E-01  0.5848496847778686E-04
  0.1525858108392677E+01  0.4492309489737940E-01  0.5711265516319088E-04
  0.1517687523240650E+01  0.5308384111303818E-01  0.5550359889383988E-04
  0.1509516938094642E+01  0.6124104354682962E-01  0.5409624038564125E-04
  0.1501346352955587E+01  0.6939415763857371E-01  0.5257735771437279E-04
  0.1493175767824423E+01  0.7754263910102077E-01  0.5107839024872500E-04
  0.1485005182702093E+01  0.8568594395618719E-01  0.5053230952832768E-04
  0.1476834597589543E+01  0.9382352857167028E-01  0.5165005391728623E-04
  0.1468664012487727E+01  0.1019548496969404E+00  0.5328768452482606E-04
  0.1460493427397602E+01  0.1100793644996070E+00  0.5367035811833716E-04
  0.1452322842320134E+01  0.1181965306016578E+00  0.5220248716797497E-04
  0.1444152257256294E+01  0.1263058061156663E+00  0.4985262500559362E-04
  0.1435981672207062E+01  0.1344066496809675E+00  0.4732427154404164E-04
  0.1427811087173423E+01  0.1424985204997981E+00  0.4503241894556463E-04
  0.1419640502156375E+01  0.1505808783733995E+00  0.4364743365161267E-04
  0.1411469917156921E+01  0.1586531837380799E+00  0.4413812311625040E-04
  0.1403299332176076E+01  0.1667148977012352E+00  0.4601983945149143E-04
  0.1395128747214864E+01  0.1747654820773241E+00  0.4740512474621636E-04
  0.1386958162274323E+01  0.1828043994237966E+00  0.4695676134784682E-04
  0.1378787577355497E+01  0.1908311130769725E+00  0.4512479952768586E-04
  0.1370616992459449E+01  0.1988450871878683E+00  0.4314133810859884E-04
  0.1362446407587248E+01  0.2068457867579697E+00  0.4177796000978090E-04
  0.1354275822739983E+01  0.2148326776749467E+00  0.4076688644990715E-04
  0.1346105237918751E+01  0.2228052267483099E+00  0.3967857054149675E-04
  0.1337934653124670E+01  0.2307629017450062E+00  0.3795018983086063E-04
  0.1329764068358868E+01  0.2387051714249486E+00  0.3525504947511711E-04
  0.1321593483622494E+01  0.2466315055764818E+00  0.3203224744530224E-04
  0.1313422898916710E+01  0.2545413750517773E+00  0.2938788247487318E-04
  0.1305252314242701E+01  0.2624342518021592E+00  0.2719954451044878E-04
  0.1297081729601665E+01  0.2703096089133553E+00  0.2432174318387550E-04
  0.1288911144994824E+01  0.2781669206406729E+00  0.2011269133960377E-04
  0.1280740560423418E+01  0.2860056624440968E+00  0.1553358102078810E-04
  0.1272569975888710E+01  0.2938253110233064E+00  0.1198708220174478E-04
  0.1264399391391984E+01  0.3016253443526109E+00  0.1031119711353808E-04
  0.1256228806934547E+01  0.3094052417157978E+00  0.1035286003480127E-04
  0.1248058222517730E+01  0.3171644837408958E+00  0.1100270458227158E-04
  0.1239887638142892E+01  0.3249025524348469E+00  0.1082461672804793E-04
  0.1231717053811414E+01  0.3326189312180866E+00  0.9507180908937701E-05
  0.1223546469524707E+01  0.3403131049590297E+00  0.7477028913458660E-05
  0.1215375885284210E+01  0.3479845600084601E+00  0.5100470256874199E-05
  0.1207205301091390E+01  0.3556327842338202E+00  0.2640503067732116E-05
  0.1199034716947747E+01  0.3632572670534011E+00 -0.4256132909046999E-07
  0.1190864132854811E+01  0.3708574994704271E+00 -0.3348678527537130E-05
  0.1182693548814147E+01  0.3784329741070359E+00 -0.6745120372929685E-05
  0.1174522964827352E+01  0.3859831852381501E+00 -0.1001989872474227E-04
  0.1166352380896063E+01  0.3935076288252386E+00 -0.1348437342824915E-04
  0.1158181797021950E+01  0.4010058025499653E+00 -0.1741974711434414E-04
  0.1150011213206726E+01  0.4084772058477228E+00 -0.2134099674404564E-04
  0.1141840629452141E+01  0.4159213399410494E+00 -0.2513592818478526E-04
  0.1133670045759989E+01  0.4233377078729265E+00 -0.2917291151232514E-04
  0.1125499462132108E+01  0.4307258145399545E+00 -0.3418313764421814E-04
  0.1117328878570381E+01  0.4380851667254050E+00 -0.4034590955118825E-04
  0.1109158295076737E+01  0.4454152731321473E+00 -0.4684825517964604E-04
  0.1100987711653159E+01  0.4527156444154464E+00 -0.5249138454028662E-04
  0.1092817128301675E+01  0.4599857932156304E+00 -0.5760978406565454E-04
  0.1084646545024371E+01  0.4672252341906264E+00 -0.6353924877467866E-04
  0.1076475961823386E+01  0.4744334840483606E+00 -0.7093931765270970E-04
  0.1068305378700920E+01  0.4816100615790221E+00 -0.7858161690321505E-04
  0.1060134795659229E+01  0.4887544876871878E+00 -0.8461428837643046E-04
  0.1051964212700635E+01  0.4958662854238058E+00 -0.8808643884426656E-04
  0.1043793629827524E+01  0.5029449800180356E+00 -0.8942524282821020E-04
  0.1035623047042350E+01  0.5099900989089429E+00 -0.8962209058597704E-04
  0.1027452464347638E+01  0.5170011717770473E+00 -0.9050599104037361E-04
  0.1019281881745987E+01  0.5239777305757194E+00 -0.9368074601990537E-04
  0.1011111299240073E+01  0.5309193095624275E+00 -0.9897430039125125E-04
  0.1002940716832650E+01  0.5378254453298289E+00 -0.1043519358396159E-03
  0.9947701345265596E+00  0.5446956768367068E+00 -0.1086867157253089E-03
  0.9865995523247275E+00  0.5515295454387482E+00 -0.1125433127881024E-03
  0.9784289702301714E+00  0.5583265949191624E+00 -0.1170092137003633E-03
  0.9702583882460036E+00  0.5650863715191369E+00 -0.1217073515396286E-03
  0.9620878063754359E+00  0.5718084239681300E+00 -0.1252871051881320E-03
  0.9539172246217830E+00  0.5784923035139965E+00 -0.1270632987007360E-03
  0.9457466429884676E+00  0.5851375639529456E+00 -0.1277028340497832E-03
  0.9375760614790253E+00  0.5917437616593286E+00 -0.1277278773878956E-03
  0.9294054800971098E+00  0.5983104556152549E+00 -0.1273038397939818E-03
  0.9212348988464978E+00  0.6048372074400329E+00 -0.1270156728979755E-03
  0.9130643177310944E+00  0.6113235814194364E+00 -0.1278239984312573E-03
  0.9048937367549402E+00  0.6177691445347914E+00 -0.1292784470850610E-03
  0.8967231559222163E+00  0.6241734664918837E+00 -0.1300088431608577E-03
  0.8885525752372514E+00  0.6305361197496849E+00 -0.1291041240319678E-03
  0.8803819947045285E+00  0.6368566795488945E+00 -0.1273445735001106E-03
  0.8722114143286931E+00  0.6431347239402948E+00 -0.1263034644501714E-03
  0.8640408341145595E+00  0.6493698338129212E+00 -0.1270775974589388E-03
  0.8558702540671204E+00  0.6555615929220400E+00 -0.1285108248889082E-03
  0.8476996741915547E+00  0.6617095879169366E+00 -0.1288445575199831E-03
  0.8395290944932369E+00  0.6678134083685102E+00 -0.1276140304594709E-03
  0.8313585149777468E+00  0.6738726467966731E+00 -0.1258361788096985E-03
  0.8231879356508802E+00  0.6798868986975534E+00 -0.1243117907911209E-03
  0.8150173565186587E+00  0.6858557625704990E+00 -0.1232558016229532E-03
  0.8068467775873427E+00  0.6917788399448808E+00 -0.1223458246562086E-03
  0.7986761988634423E+00  0.6976557354066943E+00 -0.1212984538041755E-03
  0.7905056203537315E+00  0.7034860566249567E+00 -0.1201820852626160E-03
  0.7823350420652612E+00  0.7092694143778975E+00 -0.1193801425183055E-03
  0.7741644640053743E+00  0.7150054225789432E+00 -0.1187032749294845E-03
  0.7659938861817212E+00  0.7206936983024912E+00 -0.1182103583228288E-03
  0.7578233086022768E+00  0.7263338618094733E+00 -0.1183802616109338E-03
  0.7496527312753575E+00  0.7319255365727068E+00 -0.1201991928792134E-03
  0.7414821542096410E+00  0.7374683493020299E+00 -0.1237136104382000E-03
  0.7333115774141861E+00  0.7429619299692227E+00 -0.1276986439612740E-03
  0.7251410008984539E+00  0.7484059118327094E+00 -0.1296352468136534E-03
  0.7169704246723316E+00  0.7537999314620412E+00 -0.1285629418220562E-03
  0.7087998487461566E+00  0.7591436287621580E+00 -0.1255790281874393E-03
  0.7006292731307425E+00  0.7644366469974285E+00 -0.1227391840923333E-03
  0.6924586978374083E+00  0.7696786328154644E+00 -0.1213157421588353E-03
  0.6842881228780077E+00  0.7748692362707100E+00 -0.1216041489175357E-03
  0.6761175482649616E+00  0.7800081108478040E+00 -0.1226237559934802E-03
  0.6679469740112938E+00  0.7850949134847117E+00 -0.1231201653385779E-03
  0.6597764001306670E+00  0.7901293045956280E+00 -0.1218179652134041E-03
  0.6516058266374236E+00  0.7951109480936471E+00 -0.1195901750025486E-03
  0.6434352535466297E+00  0.8000395114131988E+00 -0.1186817245788681E-03
  0.6352646808741202E+00  0.8049146655322506E+00 -0.1201618243656400E-03
  0.6270941086365502E+00  0.8097360849942720E+00 -0.1224595806095308E-03
  0.6189235368514482E+00  0.8145034479299620E+00 -0.1239133066621877E-03
  0.6107529655372755E+00  0.8192164360787360E+00 -0.1241619266869320E-03
  0.6025823947134890E+00  0.8238747348099726E+00 -0.1242226835485318E-03
  0.5944118244006098E+00  0.8284780331440178E+00 -0.1244511475860418E-03
  0.5862412546202973E+00  0.8330260237729452E+00 -0.1241160065614393E-03
  0.5780706853954301E+00  0.8375184030810715E+00 -0.1215348830699263E-03
  0.5699001167501928E+00  0.8419548711652254E+00 -0.1163138273146160E-03
  0.5617295487101719E+00  0.8463351318547683E+00 -0.1094504639972057E-03
  0.5535589813024583E+00  0.8506588927313666E+00 -0.1018477469068906E-03
  0.5453884145557613E+00  0.8549258651485127E+00 -0.9315698754211171E-04
  0.5372178485005299E+00  0.8591357642507945E+00 -0.8371296994849775E-04
  0.5290472831690897E+00  0.8632883089929120E+00 -0.7457074536750971E-04
  0.5208767185957875E+00  0.8673832221584393E+00 -0.6633663167760543E-04
  0.5127061548171545E+00  0.8714202303783312E+00 -0.5783532666965012E-04
  0.5045355918720822E+00  0.8753990641491725E+00 -0.4809991541143712E-04
  0.4963650298020162E+00  0.8793194578511700E+00 -0.3670572694816620E-04
  0.4881944686511717E+00  0.8831811497658847E+00 -0.2448154506047984E-04
  0.4800239084667671E+00  0.8869838820937034E+00 -0.1227069099055488E-04
  0.4718533492992859E+00  0.8907274009710492E+00 -0.9385473471710513E-06
  0.4636827912027636E+00  0.8944114564873288E+00  0.9237321029385373E-05
  0.4555122342351060E+00  0.8980358027016164E+00  0.1813779908437931E-04
  0.4473416784584431E+00  0.9016001976590722E+00  0.2673336739415992E-04
  0.4391711239395221E+00  0.9051044034070944E+00  0.3466717606219766E-04
  0.4310005707501444E+00  0.9085481860112055E+00  0.4140532497873336E-04
  0.4228300189676551E+00  0.9119313155706682E+00  0.4670989079182254E-04
  0.4146594686754885E+00  0.9152535662338340E+00  0.5187558441937704E-04
  0.4064889199637791E+00  0.9185147162132208E+00  0.5704693789047139E-04
  0.3983183729300507E+00  0.9217145478003181E+00  0.6235542087828803E-04
  0.3901478276799883E+00  0.9248528473801222E+00  0.6872260902999908E-04
  0.3819772843283120E+00  0.9279294054453956E+00  0.7804420760653682E-04
  0.3738067429997641E+00  0.9309440166106540E+00  0.8932717040252664E-04
  0.3656362038302282E+00  0.9338964796258775E+00  0.1005217933598737E-03
  0.3574656669680030E+00  0.9367865973899459E+00  0.1099086094667706E-03
  0.3492951325752533E+00  0.9396141769637963E+00  0.1185358956529750E-03
  0.3411246008296713E+00  0.9423790295833044E+00  0.1279777774495044E-03
  0.3329540719263814E+00  0.9450809706718851E+00  0.1391646916849517E-03
  0.3247835460801308E+00  0.9477198198528157E+00  0.1510220304203989E-03
  0.3166130235278230E+00  0.9502954009612771E+00  0.1632857898118762E-03
  0.3084425045314506E+00  0.9528075420561144E+00  0.1758727703053642E-03
  0.3002719893815085E+00  0.9552560754313160E+00  0.1894236410800150E-03
  0.2921014784009779E+00  0.9576408376272095E+00  0.2042206150461411E-03
  0.2839309719500016E+00  0.9599616694413742E+00  0.2213348876717316E-03
  0.2757604704313845E+00  0.9622184159392698E+00  0.2397325786871807E-03
  0.2675899742971076E+00  0.9644109264645802E+00  0.2584365802708756E-03
  0.2594194840560681E+00  0.9665390546492710E+00  0.2775344104038305E-03
  0.2512490002833307E+00  0.9686026584233628E+00  0.2996047871961960E-03
  0.2430785236312446E+00  0.9706016000244151E+00  0.3251453407749427E-03
  0.2349080548428762E+00  0.9725357460067257E+00  0.3524407888508702E-03
  0.2267375947683499E+00  0.9744049672502397E+00  0.3784108102664348E-03
  0.2185671443848464E+00  0.9762091389691724E+00  0.4043751559654453E-03
  0.2103967048212628E+00  0.9779481407203411E+00  0.4329661203768663E-03
  0.2022262773888417E+00  0.9796218564112101E+00  0.4648133941902391E-03
  0.1940558636195398E+00  0.9812301743076443E+00  0.4969760387163457E-03
  0.1858854653144977E+00  0.9827729870413743E+00  0.5281179314042208E-03
  0.1777150846058812E+00  0.9842501916171713E+00  0.5578868527410175E-03
  0.1695447240365762E+00  0.9856616894197333E+00  0.5877245389451832E-03
  0.1613743866640789E+00  0.9870073862202815E+00  0.6176579534878621E-03
  0.1532040761975885E+00  0.9882871921828699E+00  0.6496343982149304E-03
  0.1450337971813853E+00  0.9895010218704087E+00  0.6836805988587704E-03
  0.1368635552438019E+00  0.9906487942504061E+00  0.7207533760678009E-03
  0.1286933574408989E+00  0.9917304327004320E+00  0.7606778108042629E-03
  0.1205232127396896E+00  0.9927458650133153E+00  0.8046597637991932E-03
  0.1123531327118049E+00  0.9936950234020883E+00  0.8515266617283311E-03
  0.1041831325528455E+00  0.9945778445047068E+00  0.9028614263874917E-03
  0.9601323262085862E-01  0.9953942693885953E+00  0.9596881732092747E-03
  0.8784346083082471E-01  0.9961442435551087E+00  0.1025811948817302E-02
  0.7967385651719167E-01  0.9968277169440913E+00  0.1101130147316081E-02
  0.7150447693306423E-01  0.9974446439389107E+00  0.1189093512459917E-02
  0.6333540875299180E-01  0.9979949833727938E+00  0.1290433545486516E-02
  0.5516678972815772E-01  0.9984786985384589E+00  0.1409213836935036E-02
  0.4699885272846815E-01  0.9988957572063257E+00  0.1546543177782179E-02
  0.3883202470742381E-01  0.9992461316671845E+00  0.1717850849630734E-02
  0.3066718105470672E-01  0.9995297988558859E+00  0.1969166633960651E-02
  0.2250643816359393E-01  0.9997467408113523E+00  0.2427703628713205E-02
  0.1435650599352885E-01  0.9998969471378596E+00  0.3177089156768896E-02
  0.6254421014113626E-02  0.9999804411726474E+00  0.3957125720748528E-02
