# nlmax, ncor, nside =         383           1         128
  0.3135338232575680E+01 -0.9999804411726474E+00 -0.2889781641234637E-03
  0.3127236147596264E+01 -0.9998969471378596E+00 -0.2888425592819608E-03
  0.3119086215426199E+01 -0.9997467408113523E+00 -0.2887611858792436E-03
  0.3110925472535087E+01 -0.9995297988558859E+00 -0.2909259877508021E-03
  0.3102760628882369E+01 -0.9992461316671845E+00 -0.2963896935721710E-03
  0.3094593800861325E+01 -0.9988957572063257E+00 -0.3027566082322679E-03
  0.3086425863861635E+01 -0.9984786985384589E+00 -0.3068314956234356E-03
  0.3078257244836801E+01 -0.9979949833727938E+00 -0.3081741228125436E-03
  0.3070088176656729E+01 -0.9974446439389107E+00 -0.3082436117489459E-03
  0.3061918797072602E+01 -0.9968277169440913E+00 -0.3081898377627323E-03
  0.3053749192758969E+01 -0.9961442435551087E+00 -0.3074828735943387E-03
  0.3045579420968934E+01 -0.9953942693885953E+00 -0.3049928565960051E-03
  0.3037409521036948E+01 -0.9945778445047068E+00 -0.3000441007675077E-03
  0.3029239520877988E+01 -0.9936950234020883E+00 -0.2925813424363806E-03
  0.3021069440850104E+01 -0.9927458650133153E+00 -0.2840876538687216E-03
  0.3012899296148894E+01 -0.9917304327004320E+00 -0.2767459852255142E-03
  0.3004729098345992E+01 -0.9906487942504061E+00 -0.2708935518914824E-03
  0.2996558856408408E+01 -0.9895010218704087E+00 -0.2651603794946267E-03
  0.2988388577392205E+01 -0.9882871921828699E+00 -0.2587928598016042E-03
  0.2980218266925714E+01 -0.9870073862202815E+00 -0.2512595336754900E-03
  0.2972047929553217E+01 -0.9856616894197333E+00 -0.2420368117373603E-03
  0.2963877568983912E+01 -0.9842501916171713E+00 -0.2318773899871230E-03
  0.2955707188275296E+01 -0.9827729870413743E+00 -0.2224996528455106E-03
  0.2947536789970254E+01 -0.9812301743076443E+00 -0.2155532694934086E-03
  0.2939366376200951E+01 -0.9796218564112101E+00 -0.2110183746170854E-03
  0.2931195948768531E+01 -0.9779481407203411E+00 -0.2064617916047210E-03
  0.2923025509204947E+01 -0.9762091389691724E+00 -0.1997073211924192E-03
  0.2914855058821443E+01 -0.9744049672502397E+00 -0.1915089256668125E-03
  0.2906684598746917E+01 -0.9725357460067257E+00 -0.1848460002831059E-03
  0.2898514129958549E+01 -0.9706016000244151E+00 -0.1820519077851803E-03
  0.2890343653306462E+01 -0.9686026584233628E+00 -0.1827616519184000E-03
  0.2882173169533725E+01 -0.9665390546492710E+00 -0.1845625769367469E-03
  0.2874002679292686E+01 -0.9644109264645802E+00 -0.1849757555395427E-03
  0.2865832183158409E+01 -0.9622184159392698E+00 -0.1823259780708428E-03
  0.2857661681639792E+01 -0.9599616694413742E+00 -0.1760981584024085E-03
  0.2849491175188815E+01 -0.9576408376272095E+00 -0.1678157204957802E-03
  0.2841320664208285E+01 -0.9552560754313160E+00 -0.1599509109590589E-03
  0.2833150149058343E+01 -0.9528075420561144E+00 -0.1534545889874557E-03
  0.2824979630061970E+01 -0.9502954009612771E+00 -0.1473889993220372E-03
  0.2816809107509663E+01 -0.9477198198528157E+00 -0.1406743996897417E-03
  0.2808638581663412E+01 -0.9450809706718851E+00 -0.1334699412285781E-03
  0.2800468052760122E+01 -0.9423790295833044E+00 -0.1266628431708897E-03
  0.2792297521014540E+01 -0.9396141769637963E+00 -0.1206826220380949E-03
  0.2784126986621790E+01 -0.9367865973899459E+00 -0.1153204241475764E-03
  0.2775956449759565E+01 -0.9338964796258775E+00 -0.1100907070912216E-03
  0.2767785910590029E+01 -0.9309440166106540E+00 -0.1044585719376028E-03
  0.2759615369261481E+01 -0.9279294054453956E+00 -0.9800609733516167E-04
  0.2751444825909805E+01 -0.9248528473801222E+00 -0.9051859250887422E-04
  0.2743274280659743E+01 -0.9217145478003181E+00 -0.8240918761864304E-04
  0.2735103733626014E+01 -0.9185147162132208E+00 -0.7423405512668884E-04
  0.2726933184914305E+01 -0.9152535662338340E+00 -0.6633594607200674E-04
  0.2718762634622138E+01 -0.9119313155706682E+00 -0.5895984599650229E-04
  0.2710592082839649E+01 -0.9085481860112055E+00 -0.5180294975340133E-04
  0.2702421529650271E+01 -0.9051044034070944E+00 -0.4409243788100486E-04
  0.2694250975131350E+01 -0.9016001976590722E+00 -0.3557674124471930E-04
  0.2686080419354687E+01 -0.8980358027016164E+00 -0.2680977769882549E-04
  0.2677909862387029E+01 -0.8944114564873288E+00 -0.1833139806760299E-04
  0.2669739304290507E+01 -0.8907274009710492E+00 -0.1038176734455185E-04
  0.2661568745123026E+01 -0.8869838820937034E+00 -0.3599018992030447E-05
  0.2653398184938621E+01 -0.8831811497658847E+00  0.1518740210220605E-05
  0.2645227623787777E+01 -0.8793194578511700E+00  0.5473850918107116E-05
  0.2637057061717711E+01 -0.8753990641491725E+00  0.8901897656575673E-05
  0.2628886498772639E+01 -0.8714202303783312E+00  0.1206325488514270E-04
  0.2620715934994006E+01 -0.8673832221584393E+00  0.1560936358452549E-04
  0.2612545370420704E+01 -0.8632883089929120E+00  0.2031648669481675E-04
  0.2604374805089263E+01 -0.8591357642507945E+00  0.2590156463790405E-04
  0.2596204239034032E+01 -0.8549258651485127E+00  0.3108011290728089E-04
  0.2588033672287335E+01 -0.8506588927313666E+00  0.3498352130760963E-04
  0.2579863104879621E+01 -0.8463351318547683E+00  0.3813929447188613E-04
  0.2571692536839600E+01 -0.8419548711652254E+00  0.4183152011809995E-04
  0.2563521968194363E+01 -0.8375184030810715E+00  0.4658449959570249E-04
  0.2555351398969496E+01 -0.8330260237729452E+00  0.5202260228568596E-04
  0.2547180829189184E+01 -0.8284780331440178E+00  0.5741701139434191E-04
  0.2539010258876304E+01 -0.8238747348099726E+00  0.6187624139715914E-04
  0.2530839688052518E+01 -0.8192164360787360E+00  0.6494381078714247E-04
  0.2522669116738345E+01 -0.8145034479299620E+00  0.6712880137401937E-04
  0.2514498544953243E+01 -0.8097360849942720E+00  0.6878413996387442E-04
  0.2506327972715673E+01 -0.8049146655322506E+00  0.6927478754155828E-04
  0.2498157400043163E+01 -0.8000395114131988E+00  0.6825660027584073E-04
  0.2489986826952370E+01 -0.7951109480936471E+00  0.6680536147770266E-04
  0.2481816253459126E+01 -0.7901293045956280E+00  0.6615098147537792E-04
  0.2473645679578500E+01 -0.7850949134847117E+00  0.6636707958988541E-04
  0.2465475105324832E+01 -0.7800081108478040E+00  0.6683517660919527E-04
  0.2457304530711785E+01 -0.7748692362707100E+00  0.6706251765325060E-04
  0.2449133955752385E+01 -0.7696786328154644E+00  0.6704642799742646E-04
  0.2440963380459050E+01 -0.7644366469974285E+00  0.6743585814909243E-04
  0.2432792804843637E+01 -0.7591436287621580E+00  0.6880640465192502E-04
  0.2424622228917462E+01 -0.7537999314620412E+00  0.7079243286051091E-04
  0.2416451652691339E+01 -0.7484059118327094E+00  0.7267757145042974E-04
  0.2408281076175607E+01 -0.7429619299692227E+00  0.7413765478395190E-04
  0.2400110499380152E+01 -0.7374683493020299E+00  0.7517687675537217E-04
  0.2391939922314436E+01 -0.7319255365727068E+00  0.7577931607967733E-04
  0.2383769344987516E+01 -0.7263338618094733E+00  0.7564384569757903E-04
  0.2375598767408072E+01 -0.7206936983024912E+00  0.7470782317360305E-04
  0.2367428189584419E+01 -0.7150054225789432E+00  0.7347963690209261E-04
  0.2359257611524532E+01 -0.7092694143778975E+00  0.7249903344045990E-04
  0.2351087033236062E+01 -0.7034860566249567E+00  0.7185874018212058E-04
  0.2342916454726351E+01 -0.6976557354066943E+00  0.7117002432833547E-04
  0.2334745876002450E+01 -0.6917788399448808E+00  0.6983511425678078E-04
  0.2326575297071134E+01 -0.6858557625704990E+00  0.6790993176031302E-04
  0.2318404717938913E+01 -0.6798868986975534E+00  0.6628524748162118E-04
  0.2310234138612046E+01 -0.6738726467966731E+00  0.6550360717611334E-04
  0.2302063559096557E+01 -0.6678134083685102E+00  0.6511874916274373E-04
  0.2293892979398239E+01 -0.6617095879169366E+00  0.6454074380425945E-04
  0.2285722399522673E+01 -0.6555615929220400E+00  0.6367462173444174E-04
  0.2277551819475234E+01 -0.6493698338129212E+00  0.6283287368755622E-04
  0.2269381239261100E+01 -0.6431347239402948E+00  0.6207072550294482E-04
  0.2261210658885265E+01 -0.6368566795488945E+00  0.6090583248903562E-04
  0.2253040078352542E+01 -0.6305361197496849E+00  0.5926344774768504E-04
  0.2244869497667577E+01 -0.6241734664918837E+00  0.5795337728508363E-04
  0.2236698916834853E+01 -0.6177691445347914E+00  0.5751820025549609E-04
  0.2228528335858699E+01 -0.6113235814194364E+00  0.5769081212273929E-04
  0.2220357754743295E+01 -0.6048372074400329E+00  0.5779584426382743E-04
  0.2212187173492683E+01 -0.5983104556152549E+00  0.5738623518300908E-04
  0.2204016592110768E+01 -0.5917437616593286E+00  0.5661041530912527E-04
  0.2195846010601326E+01 -0.5851375639529456E+00  0.5587551573866089E-04
  0.2187675428968010E+01 -0.5784923035139965E+00  0.5522595596742210E-04
  0.2179504847214357E+01 -0.5718084239681300E+00  0.5424789107283916E-04
  0.2171334265343789E+01 -0.5650863715191369E+00  0.5250691497317227E-04
  0.2163163683359622E+01 -0.5583265949191624E+00  0.5010459751957208E-04
  0.2154993101265066E+01 -0.5515295454387482E+00  0.4747806524830067E-04
  0.2146822519063234E+01 -0.5446956768367068E+00  0.4484086602388081E-04
  0.2138651936757143E+01 -0.5378254453298289E+00  0.4191411347823011E-04
  0.2130481354349721E+01 -0.5309193095624275E+00  0.3822820388609543E-04
  0.2122310771843806E+01 -0.5239777305757194E+00  0.3390936818349596E-04
  0.2114140189242155E+01 -0.5170011717770473E+00  0.2992719473481740E-04
  0.2105969606547443E+01 -0.5099900989089429E+00  0.2695337093046419E-04
  0.2097799023762269E+01 -0.5029449800180356E+00  0.2488370039300487E-04
  0.2089628440889158E+01 -0.4958662854238058E+00  0.2381006102404473E-04
  0.2081457857930564E+01 -0.4887544876871878E+00  0.2397894039046655E-04
  0.2073287274888874E+01 -0.4816100615790221E+00  0.2484545159141620E-04
  0.2065116691766407E+01 -0.4744334840483606E+00  0.2570313352024328E-04
  0.2056946108565423E+01 -0.4672252341906264E+00  0.2664533761546435E-04
  0.2048775525288118E+01 -0.4599857932156304E+00  0.2813056123709461E-04
  0.2040604941936635E+01 -0.4527156444154464E+00  0.2999732389136135E-04
  0.2032434358513056E+01 -0.4454152731321473E+00  0.3146970761050814E-04
  0.2024263775019413E+01 -0.4380851667254050E+00  0.3185362873544037E-04
  0.2016093191457685E+01 -0.4307258145399545E+00  0.3117706996942929E-04
  0.2007922607829804E+01 -0.4233377078729265E+00  0.3008827264878161E-04
  0.1999752024137653E+01 -0.4159213399410494E+00  0.2917178307944991E-04
  0.1991581440383068E+01 -0.4084772058477228E+00  0.2849107297562091E-04
  0.1983410856567843E+01 -0.4010058025499653E+00  0.2808748202610327E-04
  0.1975240272693730E+01 -0.3935076288252386E+00  0.2799998407718052E-04
  0.1967069688762441E+01 -0.3859831852381501E+00  0.2808075834646483E-04
  0.1958899104775647E+01 -0.3784329741070359E+00  0.2832558554321993E-04
  0.1950728520734982E+01 -0.3708574994704271E+00  0.2896719005655638E-04
  0.1942557936642046E+01 -0.3632572670534011E+00  0.3013123000688485E-04
  0.1934387352498403E+01 -0.3556327842338202E+00  0.3152949393119690E-04
  0.1926216768305583E+01 -0.3479845600084601E+00  0.3274091135035564E-04
  0.1918046184065086E+01 -0.3403131049590297E+00  0.3399632328367121E-04
  0.1909875599778379E+01 -0.3326189312180866E+00  0.3595204834755396E-04
  0.1901705015446901E+01 -0.3249025524348469E+00  0.3857169575068998E-04
  0.1893534431072063E+01 -0.3171644837408958E+00  0.4075264021709119E-04
  0.1885363846655247E+01 -0.3094052417157978E+00  0.4142334040952240E-04
  0.1877193262197810E+01 -0.3016253443526109E+00  0.4067107519973434E-04
  0.1869022677701083E+01 -0.2938253110233064E+00  0.3938791744745195E-04
  0.1860852093166375E+01 -0.2860056624440968E+00  0.3806052767718793E-04
  0.1852681508594969E+01 -0.2781669206406729E+00  0.3674525303023904E-04
  0.1844510923988128E+01 -0.2703096089133553E+00  0.3577096229484616E-04
  0.1836340339347093E+01 -0.2624342518021592E+00  0.3551806725373059E-04
  0.1828169754673083E+01 -0.2545413750517773E+00  0.3594516078774289E-04
  0.1819999169967299E+01 -0.2466315055764818E+00  0.3682939789843075E-04
  0.1811828585230925E+01 -0.2387051714249486E+00  0.3795123208338303E-04
  0.1803658000465123E+01 -0.2307629017450062E+00  0.3908084935064726E-04
  0.1795487415671042E+01 -0.2228052267483099E+00  0.3998090744626444E-04
  0.1787316830849811E+01 -0.2148326776749467E+00  0.4070697327587070E-04
  0.1779146246002545E+01 -0.2068457867579697E+00  0.4153495920611735E-04
  0.1770975661130345E+01 -0.1988450871878683E+00  0.4259245812372058E-04
  0.1762805076234296E+01 -0.1908311130769725E+00  0.4345545256771602E-04
  0.1754634491315471E+01 -0.1828043994237966E+00  0.4336322584985738E-04
  0.1746463906374929E+01 -0.1747654820773241E+00  0.4229974780608691E-04
  0.1738293321413718E+01 -0.1667148977012352E+00  0.4118577708951653E-04
  0.1730122736432872E+01 -0.1586531837380799E+00  0.4049778756673726E-04
  0.1721952151433418E+01 -0.1505808783733995E+00  0.3973256636396859E-04
  0.1713781566416370E+01 -0.1424985204997981E+00  0.3839602844886649E-04
  0.1705610981382731E+01 -0.1344066496809675E+00  0.3666585879284969E-04
  0.1697440396333499E+01 -0.1263058061156663E+00  0.3475554030075927E-04
  0.1689269811269659E+01 -0.1181965306016578E+00  0.3239099998658988E-04
  0.1681099226192191E+01 -0.1100793644996070E+00  0.2946704365105443E-04
  0.1672928641102067E+01 -0.1019548496969404E+00  0.2657850126225500E-04
  0.1664758056000250E+01 -0.9382352857167028E-01  0.2461858363222722E-04
  0.1656587470887701E+01 -0.8568594395618719E-01  0.2402058835265710E-04
  0.1648416885765370E+01 -0.7754263910102077E-01  0.2434890278340379E-04
  0.1640246300634206E+01 -0.6939415763857371E-01  0.2486525862308800E-04
  0.1632075715495151E+01 -0.6124104354682962E-01  0.2516905270078759E-04
  0.1623905130349143E+01 -0.5308384111303818E-01  0.2506263018535279E-04
  0.1615734545197117E+01 -0.4492309489737940E-01  0.2438633669910816E-04
  0.1607563960040004E+01 -0.3675934969660982E-01  0.2310288888351769E-04
  0.1599393374878733E+01 -0.2859315050769285E-01  0.2133915078633272E-04
  0.1591222789714229E+01 -0.2042504249141571E-01  0.1967215856990935E-04
  0.1583052204547419E+01 -0.1225557093599554E-01  0.1875923701509328E-04
  0.1574881619379224E+01 -0.4085281220676868E-02  0.1849490921509081E-04
  0.1566711034210569E+01  0.4085281220676868E-02  0.1804072297268621E-04
  0.1558540449042374E+01  0.1225557093599554E-01  0.1687775368141615E-04
  0.1550369863875564E+01  0.2042504249141571E-01  0.1500264285819978E-04
  0.1542199278711061E+01  0.2859315050769285E-01  0.1249662053777531E-04
  0.1534028693549790E+01  0.3675934969660982E-01  0.9405127607252815E-05
  0.1525858108392677E+01  0.4492309489737940E-01  0.5851006437505053E-05
  0.1517687523240650E+01  0.5308384111303818E-01  0.2066204232619018E-05
  0.1509516938094642E+01  0.6124104354682962E-01 -0.1598272765467043E-05
  0.1501346352955587E+01  0.6939415763857371E-01 -0.4861866814892927E-05
  0.1493175767824423E+01  0.7754263910102077E-01 -0.7527305806024482E-05
  0.1485005182702093E+01  0.8568594395618719E-01 -0.9317781340621901E-05
  0.1476834597589543E+01  0.9382352857167028E-01 -0.1004631276854478E-04
  0.1468664012487727E+01  0.1019548496969404E+00 -0.1023320942777343E-04
  0.1460493427397602E+01  0.1100793644996070E+00 -0.1094829497224838E-04
  0.1452322842320134E+01  0.1181965306016578E+00 -0.1279132688909575E-04
  0.1444152257256294E+01  0.1263058061156663E+00 -0.1540953010706834E-04
  0.1435981672207062E+01  0.1344066496809675E+00 -0.1804937772040688E-04
  0.1427811087173423E+01  0.1424985204997981E+00 -0.1996025429295941E-04
  0.1419640502156375E+01  0.1505808783733995E+00 -0.2062600440122218E-04
  0.1411469917156921E+01  0.1586531837380799E+00 -0.1997730938135368E-04
  0.1403299332176076E+01  0.1667148977012352E+00 -0.1852523629049144E-04
  0.1395128747214864E+01  0.1747654820773241E+00 -0.1711105452430988E-04
  0.1386958162274323E+01  0.1828043994237966E+00 -0.1648872814566596E-04
  0.1378787577355497E+01  0.1908311130769725E+00 -0.1680348845599524E-04
  0.1370616992459449E+01  0.1988450871878683E+00 -0.1758342300851437E-04
  0.1362446407587248E+01  0.2068457867579697E+00 -0.1833980805001291E-04
  0.1354275822739983E+01  0.2148326776749467E+00 -0.1905127886742649E-04
  0.1346105237918751E+01  0.2228052267483099E+00 -0.2001236260241982E-04
  0.1337934653124670E+01  0.2307629017450062E+00 -0.2149952502395357E-04
  0.1329764068358868E+01  0.2387051714249486E+00 -0.2332215854830101E-04
  0.1321593483622494E+01  0.2466315055764818E+00 -0.2479504709397189E-04
  0.1313422898916710E+01  0.2545413750517773E+00 -0.2557475878882335E-04
  0.1305252314242701E+01  0.2624342518021592E+00 -0.2643883066770766E-04
  0.1297081729601665E+01  0.2703096089133553E+00 -0.2845791959761793E-04
  0.1288911144994824E+01  0.2781669206406729E+00 -0.3172057099769783E-04
  0.1280740560423418E+01  0.2860056624440968E+00 -0.3529822533284087E-04
  0.1272569975888710E+01  0.2938253110233064E+00 -0.3831190627680119E-04
  0.1264399391391984E+01  0.3016253443526109E+00 -0.4020427825574190E-04
  0.1256228806934547E+01  0.3094052417157978E+00 -0.4083266941240405E-04
  0.1248058222517730E+01  0.3171644837408958E+00 -0.4075899103520119E-04
  0.1239887638142892E+01  0.3249025524348469E+00 -0.4102464900711854E-04
  0.1231717053811414E+01  0.3326189312180866E+00 -0.4229950428120114E-04
  0.1223546469524707E+01  0.3403131049590297E+00 -0.4458099131140236E-04
  0.1215375885284210E+01  0.3479845600084601E+00 -0.4724039880052404E-04
  0.1207205301091390E+01  0.3556327842338202E+00 -0.4954149951252513E-04
  0.1199034716947747E+01  0.3632572670534011E+00 -0.5165180835092349E-04
  0.1190864132854811E+01  0.3708574994704271E+00 -0.5439794272802640E-04
  0.1182693548814147E+01  0.3784329741070359E+00 -0.5774435524302880E-04
  0.1174522964827352E+01  0.3859831852381501E+00 -0.6099748208455585E-04
  0.1166352380896063E+01  0.3935076288252386E+00 -0.6383744721000161E-04
  0.1158181797021950E+01  0.4010058025499653E+00 -0.6633509765848681E-04
  0.1150011213206726E+01  0.4084772058477228E+00 -0.6857036788041761E-04
  0.1141840629452141E+01  0.4159213399410494E+00 -0.7066684640595038E-04
  0.1133670045759989E+01  0.4233377078729265E+00 -0.7285632061327641E-04
  0.1125499462132108E+01  0.4307258145399545E+00 -0.7535649082972471E-04
  0.1117328878570381E+01  0.4380851667254050E+00 -0.7806969956186193E-04
  0.1109158295076737E+01  0.4454152731321473E+00 -0.8097643464985573E-04
  0.1100987711653159E+01  0.4527156444154464E+00 -0.8423471776333762E-04
  0.1092817128301675E+01  0.4599857932156304E+00 -0.8814352071605602E-04
  0.1084646545024371E+01  0.4672252341906264E+00 -0.9310447053266168E-04
  0.1076475961823386E+01  0.4744334840483606E+00 -0.9903824480101900E-04
  0.1068305378700920E+01  0.4816100615790221E+00 -0.1047236763699146E-03
  0.1060134795659229E+01  0.4887544876871878E+00 -0.1088679895303641E-03
  0.1051964212700635E+01  0.4958662854238058E+00 -0.1112187446238509E-03
  0.1043793629827524E+01  0.5029449800180356E+00 -0.1123481728003232E-03
  0.1035623047042350E+01  0.5099900989089429E+00 -0.1130237347087968E-03
  0.1027452464347638E+01  0.5170011717770473E+00 -0.1142406736297110E-03
  0.1019281881745987E+01  0.5239777305757194E+00 -0.1168414199006904E-03
  0.1011111299240073E+01  0.5309193095624275E+00 -0.1206851938088964E-03
  0.1002940716832650E+01  0.5378254453298289E+00 -0.1246229181428391E-03
  0.9947701345265596E+00  0.5446956768367068E+00 -0.1281804620589311E-03
  0.9865995523247275E+00  0.5515295454387482E+00 -0.1319334741845478E-03
  0.9784289702301714E+00  0.5583265949191624E+00 -0.1362503579009784E-03
  0.9702583882460036E+00  0.5650863715191369E+00 -0.1406651291788145E-03
  0.9620878063754359E+00  0.5718084239681300E+00 -0.1443886559175280E-03
  0.9539172246217830E+00  0.5784923035139965E+00 -0.1471093679479533E-03
  0.9457466429884676E+00  0.5851375639529456E+00 -0.1492225178031329E-03
  0.9375760614790253E+00  0.5917437616593286E+00 -0.1509513620002230E-03
  0.9294054800971098E+00  0.5983104556152549E+00 -0.1523542975018036E-03
  0.9212348988464978E+00  0.6048372074400329E+00 -0.1541521899280226E-03
  0.9130643177310944E+00  0.6113235814194364E+00 -0.1573885641431784E-03
  0.9048937367549402E+00  0.6177691445347914E+00 -0.1616378482817171E-03
  0.8967231559222163E+00  0.6241734664918837E+00 -0.1652190305392994E-03
  0.8885525752372514E+00  0.6305361197496849E+00 -0.1673065788126389E-03
  0.8803819947045285E+00  0.6368566795488945E+00 -0.1686771223024254E-03
  0.8722114143286931E+00  0.6431347239402948E+00 -0.1703363388943615E-03
  0.8640408341145595E+00  0.6493698338129212E+00 -0.1723680184301577E-03
  0.8558702540671204E+00  0.6555615929220400E+00 -0.1740240261378294E-03
  0.8476996741915547E+00  0.6617095879169366E+00 -0.1748031614318929E-03
  0.8395290944932369E+00  0.6678134083685102E+00 -0.1745932909394835E-03
  0.8313585149777468E+00  0.6738726467966731E+00 -0.1735509071947001E-03
  0.8231879356508802E+00  0.6798868986975534E+00 -0.1718662820367676E-03
  0.8150173565186587E+00  0.6858557625704990E+00 -0.1698040400539213E-03
  0.8068467775873427E+00  0.6917788399448808E+00 -0.1677730731579504E-03
  0.7986761988634423E+00  0.6976557354066943E+00 -0.1662905223221418E-03
  0.7905056203537315E+00  0.7034860566249567E+00 -0.1654046629404278E-03
  0.7823350420652612E+00  0.7092694143778975E+00 -0.1646478007125872E-03
  0.7741644640053743E+00  0.7150054225789432E+00 -0.1634899932292294E-03
  0.7659938861817212E+00  0.7206936983024912E+00 -0.1621785325717340E-03
  0.7578233086022768E+00  0.7263338618094733E+00 -0.1613822413757738E-03
  0.7496527312753575E+00  0.7319255365727068E+00 -0.1615613281617869E-03
  0.7414821542096410E+00  0.7374683493020299E+00 -0.1624236244308092E-03
  0.7333115774141861E+00  0.7429619299692227E+00 -0.1627177848548622E-03
  0.7251410008984539E+00  0.7484059118327094E+00 -0.1609020613319115E-03
  0.7169704246723316E+00  0.7537999314620412E+00 -0.1567091367223687E-03
  0.7087998487461566E+00  0.7591436287621580E+00 -0.1510474055608112E-03
  0.7006292731307425E+00  0.7644366469974285E+00 -0.1451926501426688E-03
  0.6924586978374083E+00  0.7696786328154644E+00 -0.1401571900115005E-03
  0.6842881228780077E+00  0.7748692362707100E+00 -0.1362111521852115E-03
  0.6761175482649616E+00  0.7800081108478040E+00 -0.1326898104002081E-03
  0.6679469740112938E+00  0.7850949134847117E+00 -0.1289161896640254E-03
  0.6597764001306670E+00  0.7901293045956280E+00 -0.1245268120305992E-03
  0.6516058266374236E+00  0.7951109480936471E+00 -0.1197511088442493E-03
  0.6434352535466297E+00  0.8000395114131988E+00 -0.1151210356416800E-03
  0.6352646808741202E+00  0.8049146655322506E+00 -0.1110811742917754E-03
  0.6270941086365502E+00  0.8097360849942720E+00 -0.1078665738481339E-03
  0.6189235368514482E+00  0.8145034479299620E+00 -0.1053607474985040E-03
  0.6107529655372755E+00  0.8192164360787360E+00 -0.1026004922917516E-03
  0.6025823947134890E+00  0.8238747348099726E+00 -0.9878242550215001E-04
  0.5944118244006098E+00  0.8284780331440178E+00 -0.9393322576501605E-04
  0.5862412546202973E+00  0.8330260237729452E+00 -0.8847709274873786E-04
  0.5780706853954301E+00  0.8375184030810715E+00 -0.8218580753586897E-04
  0.5699001167501928E+00  0.8419548711652254E+00 -0.7460518799093195E-04
  0.5617295487101719E+00  0.8463351318547683E+00 -0.6552654022906941E-04
  0.5535589813024583E+00  0.8506588927313666E+00 -0.5525193750616369E-04
  0.5453884145557613E+00  0.8549258651485127E+00 -0.4417503951844273E-04
  0.5372178485005299E+00  0.8591357642507945E+00 -0.3306497038545302E-04
  0.5290472831690897E+00  0.8632883089929120E+00 -0.2266780551443193E-04
  0.5208767185957875E+00  0.8673832221584393E+00 -0.1288909205970683E-04
  0.5127061548171545E+00  0.8714202303783312E+00 -0.2729053945678365E-05
  0.5045355918720822E+00  0.8753990641491725E+00  0.7911216392678540E-05
  0.4963650298020162E+00  0.8793194578511700E+00  0.1844403491405570E-04
  0.4881944686511717E+00  0.8831811497658847E+00  0.2885078160989824E-04
  0.4800239084667671E+00  0.8869838820937034E+00  0.3949737267071374E-04
  0.4718533492992859E+00  0.8907274009710492E+00  0.5017258982207545E-04
  0.4636827912027636E+00  0.8944114564873288E+00  0.6071529659612947E-04
  0.4555122342351060E+00  0.8980358027016164E+00  0.7164586783612182E-04
  0.4473416784584431E+00  0.9016001976590722E+00  0.8375257868958881E-04
  0.4391711239395221E+00  0.9051044034070944E+00  0.9644753175236590E-04
  0.4310005707501444E+00  0.9085481860112055E+00  0.1082687711538346E-03
  0.4228300189676551E+00  0.9119313155706682E+00  0.1186704696301151E-03
  0.4146594686754885E+00  0.9152535662338340E+00  0.1286238210001384E-03
  0.4064889199637791E+00  0.9185147162132208E+00  0.1389693447752465E-03
  0.3983183729300507E+00  0.9217145478003181E+00  0.1503019685847663E-03
  0.3901478276799883E+00  0.9248528473801222E+00  0.1635090083754253E-03
  0.3819772843283120E+00  0.9279294054453956E+00  0.1792556268805418E-03
  0.3738067429997641E+00  0.9309440166106540E+00  0.1963149097272869E-03
  0.3656362038302282E+00  0.9338964796258775E+00  0.2128589065747695E-03
  0.3574656669680030E+00  0.9367865973899459E+00  0.2282301234798505E-03
  0.3492951325752533E+00  0.9396141769637963E+00  0.2433459667488998E-03
  0.3411246008296713E+00  0.9423790295833044E+00  0.2591710045358661E-03
  0.3329540719263814E+00  0.9450809706718851E+00  0.2764971227556508E-03
  0.3247835460801308E+00  0.9477198198528157E+00  0.2952638684364795E-03
  0.3166130235278230E+00  0.9502954009612771E+00  0.3147211930670277E-03
  0.3084425045314506E+00  0.9528075420561144E+00  0.3342482406614324E-03
  0.3002719893815085E+00  0.9552560754313160E+00  0.3544290393159319E-03
  0.2921014784009779E+00  0.9576408376272095E+00  0.3756656936591265E-03
  0.2839309719500016E+00  0.9599616694413742E+00  0.3981850716228972E-03
  0.2757604704313845E+00  0.9622184159392698E+00  0.4220142878357663E-03
  0.2675899742971076E+00  0.9644109264645802E+00  0.4472715486771484E-03
  0.2594194840560681E+00  0.9665390546492710E+00  0.4737342169547765E-03
  0.2512490002833307E+00  0.9686026584233628E+00  0.5017321251984744E-03
  0.2430785236312446E+00  0.9706016000244151E+00  0.5315047173638636E-03
  0.2349080548428762E+00  0.9725357460067257E+00  0.5631610996765683E-03
  0.2267375947683499E+00  0.9744049672502397E+00  0.5958877901070847E-03
  0.2185671443848464E+00  0.9762091389691724E+00  0.6290966477068737E-03
  0.2103967048212628E+00  0.9779481407203411E+00  0.6626682082404126E-03
  0.2022262773888417E+00  0.9796218564112101E+00  0.6968652027035754E-03
  0.1940558636195398E+00  0.9812301743076443E+00  0.7315475470819049E-03
  0.1858854653144977E+00  0.9827729870413743E+00  0.7668143236696905E-03
  0.1777150846058812E+00  0.9842501916171713E+00  0.8022879237905558E-03
  0.1695447240365762E+00  0.9856616894197333E+00  0.8377646666676979E-03
  0.1613743866640789E+00  0.9870073862202815E+00  0.8729607503495711E-03
  0.1532040761975885E+00  0.9882871921828699E+00  0.9086766493655051E-03
  0.1450337971813853E+00  0.9895010218704087E+00  0.9455600944896072E-03
  0.1368635552438019E+00  0.9906487942504061E+00  0.9846140817833951E-03
  0.1286933574408989E+00  0.9917304327004320E+00  0.1026453738863835E-02
  0.1205232127396896E+00  0.9927458650133153E+00  0.1071804949439327E-02
  0.1123531327118049E+00  0.9936950234020883E+00  0.1120262863898002E-02
  0.1041831325528455E+00  0.9945778445047068E+00  0.1172220938529462E-02
  0.9601323262085862E-01  0.9953942693885953E+00  0.1228230376249314E-02
  0.8784346083082471E-01  0.9961442435551087E+00  0.1290606464334093E-02
  0.7967385651719167E-01  0.9968277169440913E+00  0.1361349505906738E-02
  0.7150447693306423E-01  0.9974446439389107E+00  0.1443374163105708E-02
  0.6333540875299180E-01  0.9979949833727938E+00  0.1539006906693236E-02
  0.5516678972815772E-01  0.9984786985384589E+00  0.1652494975478872E-02
  0.4699885272846815E-01  0.9988957572063257E+00  0.1787880944249538E-02
  0.3883202470742381E-01  0.9992461316671845E+00  0.1957264241278351E-02
  0.3066718105470672E-01  0.9995297988558859E+00  0.2205207451186972E-02
  0.2250643816359393E-01  0.9997467408113523E+00  0.2653946636670797E-02
  0.1435650599352885E-01  0.9998969471378596E+00  0.3389735308095263E-02
  0.6254421014113626E-02  0.9999804411726474E+00  0.4152799018632391E-02
