# nlmax, ncor, nside =         383           1         128
  0.3135338232575680E+01 -0.9999804411726474E+00 -0.1517545599739227E+03
  0.3127236147596264E+01 -0.9998969471378596E+00 -0.1500595930458550E+03
  0.3119086215426199E+01 -0.9997467408113523E+00 -0.1487087920187968E+03
  0.3110925472535087E+01 -0.9995297988558859E+00 -0.1490989909488801E+03
  0.3102760628882369E+01 -0.9992461316671845E+00 -0.1512500534074928E+03
  0.3094593800861325E+01 -0.9988957572063257E+00 -0.1549871155489042E+03
  0.3086425863861635E+01 -0.9984786985384589E+00 -0.1598729058032937E+03
  0.3078257244836801E+01 -0.9979949833727938E+00 -0.1649526729379988E+03
  0.3070088176656729E+01 -0.9974446439389107E+00 -0.1693567837194565E+03
  0.3061918797072602E+01 -0.9968277169440913E+00 -0.1715468210311814E+03
  0.3053749192758969E+01 -0.9961442435551087E+00 -0.1707379365674684E+03
  0.3045579420968934E+01 -0.9953942693885953E+00 -0.1663140695559326E+03
  0.3037409521036948E+01 -0.9945778445047068E+00 -0.1584307862621699E+03
  0.3029239520877988E+01 -0.9936950234020883E+00 -0.1481694867925592E+03
  0.3021069440850104E+01 -0.9927458650133153E+00 -0.1371789126556555E+03
  0.3012899296148894E+01 -0.9917304327004320E+00 -0.1267082772409803E+03
  0.3004729098345992E+01 -0.9906487942504061E+00 -0.1172091635203470E+03
  0.2996558856408408E+01 -0.9895010218704087E+00 -0.1082294477385238E+03
  0.2988388577392205E+01 -0.9882871921828699E+00 -0.9897797311069336E+02
  0.2980218266925714E+01 -0.9870073862202815E+00 -0.8887142441506866E+02
  0.2972047929553217E+01 -0.9856616894197333E+00 -0.7829084229737693E+02
  0.2963877568983912E+01 -0.9842501916171713E+00 -0.6801625311067320E+02
  0.2955707188275296E+01 -0.9827729870413743E+00 -0.5870841538277435E+02
  0.2947536789970254E+01 -0.9812301743076443E+00 -0.5042860216012273E+02
  0.2939366376200951E+01 -0.9796218564112101E+00 -0.4259878535414377E+02
  0.2931195948768531E+01 -0.9779481407203411E+00 -0.3407110294036067E+02
  0.2923025509204947E+01 -0.9762091389691724E+00 -0.2430704271076157E+02
  0.2914855058821443E+01 -0.9744049672502397E+00 -0.1438133553445783E+02
  0.2906684598746917E+01 -0.9725357460067257E+00 -0.6619658342914969E+01
  0.2898514129958549E+01 -0.9706016000244151E+00 -0.2766644006833958E+01
  0.2890343653306462E+01 -0.9686026584233628E+00 -0.2526420983338635E+01
  0.2882173169533725E+01 -0.9665390546492710E+00 -0.3784600799921300E+01
  0.2874002679292686E+01 -0.9644109264645802E+00 -0.4293067239487728E+01
  0.2865832183158409E+01 -0.9622184159392698E+00 -0.2566251326526802E+01
  0.2857661681639792E+01 -0.9599616694413742E+00  0.1413618170416732E+01
  0.2849491175188815E+01 -0.9576408376272095E+00  0.6626796005520349E+01
  0.2841320664208285E+01 -0.9552560754313160E+00  0.1177752925334744E+02
  0.2833150149058343E+01 -0.9528075420561144E+00  0.1602041682643430E+02
  0.2824979630061970E+01 -0.9502954009612771E+00  0.1916376067915796E+02
  0.2816809107509663E+01 -0.9477198198528157E+00  0.2134152897357643E+02
  0.2808638581663412E+01 -0.9450809706718851E+00  0.2251804580403314E+02
  0.2800468052760122E+01 -0.9423790295833044E+00  0.2224710338572672E+02
  0.2792297521014540E+01 -0.9396141769637963E+00  0.2044406191148642E+02
  0.2784126986621790E+01 -0.9367865973899459E+00  0.1810723152794835E+02
  0.2775956449759565E+01 -0.9338964796258775E+00  0.1669031155098317E+02
  0.2767785910590029E+01 -0.9309440166106540E+00  0.1698662372594692E+02
  0.2759615369261481E+01 -0.9279294054453956E+00  0.1864352742143262E+02
  0.2751444825909805E+01 -0.9248528473801222E+00  0.2071019061376520E+02
  0.2743274280659743E+01 -0.9217145478003181E+00  0.2231180747200951E+02
  0.2735103733626014E+01 -0.9185147162132208E+00  0.2318755318515488E+02
  0.2726933184914305E+01 -0.9152535662338340E+00  0.2358207240435895E+02
  0.2718762634622138E+01 -0.9119313155706682E+00  0.2405517099028559E+02
  0.2710592082839649E+01 -0.9085481860112055E+00  0.2488996936590052E+02
  0.2702421529650271E+01 -0.9051044034070944E+00  0.2617351192366908E+02
  0.2694250975131350E+01 -0.9016001976590722E+00  0.2787470152601810E+02
  0.2686080419354687E+01 -0.8980358027016164E+00  0.2995792534391815E+02
  0.2677909862387029E+01 -0.8944114564873288E+00  0.3230985730630277E+02
  0.2669739304290507E+01 -0.8907274009710492E+00  0.3450187151209405E+02
  0.2661568745123026E+01 -0.8869838820937034E+00  0.3594289858469853E+02
  0.2653398184938621E+01 -0.8831811497658847E+00  0.3627928206898869E+02
  0.2645227623787777E+01 -0.8793194578511700E+00  0.3552334357813658E+02
  0.2637057061717711E+01 -0.8753990641491725E+00  0.3394356018273605E+02
  0.2628886498772639E+01 -0.8714202303783312E+00  0.3191501881882081E+02
  0.2620715934994006E+01 -0.8673832221584393E+00  0.3006849660122744E+02
  0.2612545370420704E+01 -0.8632883089929120E+00  0.2890057155230028E+02
  0.2604374805089263E+01 -0.8591357642507945E+00  0.2838003223345430E+02
  0.2596204239034032E+01 -0.8549258651485127E+00  0.2784081152701209E+02
  0.2588033672287335E+01 -0.8506588927313666E+00  0.2678128615657511E+02
  0.2579863104879621E+01 -0.8463351318547683E+00  0.2540531906652208E+02
  0.2571692536839600E+01 -0.8419548711652254E+00  0.2489957125024842E+02
  0.2563521968194363E+01 -0.8375184030810715E+00  0.2595430564880382E+02
  0.2555351398969496E+01 -0.8330260237729452E+00  0.2800022138519590E+02
  0.2547180829189184E+01 -0.8284780331440178E+00  0.2986729235880853E+02
  0.2539010258876304E+01 -0.8238747348099726E+00  0.3062044156811207E+02
  0.2530839688052518E+01 -0.8192164360787360E+00  0.3005651670989932E+02
  0.2522669116738345E+01 -0.8145034479299620E+00  0.2840464121376188E+02
  0.2514498544953243E+01 -0.8097360849942720E+00  0.2577402679352087E+02
  0.2506327972715673E+01 -0.8049146655322506E+00  0.2215838054543255E+02
  0.2498157400043163E+01 -0.8000395114131988E+00  0.1765291026772992E+02
  0.2489986826952370E+01 -0.7951109480936471E+00  0.1291008377888160E+02
  0.2481816253459126E+01 -0.7901293045956280E+00  0.8785081624504519E+01
  0.2473645679578500E+01 -0.7850949134847117E+00  0.5626116743550189E+01
  0.2465475105324832E+01 -0.7800081108478040E+00  0.3206589820835096E+01
  0.2457304530711785E+01 -0.7748692362707100E+00  0.1303667850683010E+01
  0.2449133955752385E+01 -0.7696786328154644E+00 -0.4070281518204456E-01
  0.2440963380459050E+01 -0.7644366469974285E+00 -0.3417422314419595E+00
  0.2432792804843637E+01 -0.7591436287621580E+00  0.8933317792277216E+00
  0.2424622228917462E+01 -0.7537999314620412E+00  0.3640920479864228E+01
  0.2416451652691339E+01 -0.7484059118327094E+00  0.7000799970167547E+01
  0.2408281076175607E+01 -0.7429619299692227E+00  0.1007505063415522E+02
  0.2400110499380152E+01 -0.7374683493020299E+00  0.1225843041443693E+02
  0.2391939922314436E+01 -0.7319255365727068E+00  0.1346131849180155E+02
  0.2383769344987516E+01 -0.7263338618094733E+00  0.1396250095501183E+02
  0.2375598767408072E+01 -0.7206936983024912E+00  0.1413097416114584E+02
  0.2367428189584419E+01 -0.7150054225789432E+00  0.1429809129719470E+02
  0.2359257611524532E+01 -0.7092694143778975E+00  0.1464995735533655E+02
  0.2351087033236062E+01 -0.7034860566249567E+00  0.1507098958479981E+02
  0.2342916454726351E+01 -0.6976557354066943E+00  0.1531791825741261E+02
  0.2334745876002450E+01 -0.6917788399448808E+00  0.1529764627612015E+02
  0.2326575297071134E+01 -0.6858557625704990E+00  0.1554955518469799E+02
  0.2318404717938913E+01 -0.6798868986975534E+00  0.1668080110626350E+02
  0.2310234138612046E+01 -0.6738726467966731E+00  0.1882918647087915E+02
  0.2302063559096557E+01 -0.6678134083685102E+00  0.2149844602205313E+02
  0.2293892979398239E+01 -0.6617095879169366E+00  0.2399381707677039E+02
  0.2285722399522673E+01 -0.6555615929220400E+00  0.2597275149482181E+02
  0.2277551819475234E+01 -0.6493698338129212E+00  0.2733680687245993E+02
  0.2269381239261100E+01 -0.6431347239402948E+00  0.2779772341458132E+02
  0.2261210658885265E+01 -0.6368566795488945E+00  0.2730528809790871E+02
  0.2253040078352542E+01 -0.6305361197496849E+00  0.2635395768878749E+02
  0.2244869497667577E+01 -0.6241734664918837E+00  0.2577978945403803E+02
  0.2236698916834853E+01 -0.6177691445347914E+00  0.2616896976126585E+02
  0.2228528335858699E+01 -0.6113235814194364E+00  0.2738764371403515E+02
  0.2220357754743295E+01 -0.6048372074400329E+00  0.2856884767235642E+02
  0.2212187173492683E+01 -0.5983104556152549E+00  0.2885887971210101E+02
  0.2204016592110768E+01 -0.5917437616593286E+00  0.2829095417073084E+02
  0.2195846010601326E+01 -0.5851375639529456E+00  0.2775309084234647E+02
  0.2187675428968010E+01 -0.5784923035139965E+00  0.2777054774509406E+02
  0.2179504847214357E+01 -0.5718084239681300E+00  0.2801578049295282E+02
  0.2171334265343789E+01 -0.5650863715191369E+00  0.2776974687898058E+02
  0.2163163683359622E+01 -0.5583265949191624E+00  0.2681446382055920E+02
  0.2154993101265066E+01 -0.5515295454387482E+00  0.2527589091015015E+02
  0.2146822519063234E+01 -0.5446956768367068E+00  0.2342170287931923E+02
  0.2138651936757143E+01 -0.5378254453298289E+00  0.2101658948273585E+02
  0.2130481354349721E+01 -0.5309193095624275E+00  0.1754942622203899E+02
  0.2122310771843806E+01 -0.5239777305757194E+00  0.1265906872370919E+02
  0.2114140189242155E+01 -0.5170011717770473E+00  0.6673033279370498E+01
  0.2105969606547443E+01 -0.5099900989089429E+00  0.2040147095364683E+00
  0.2097799023762269E+01 -0.5029449800180356E+00 -0.6084870469489631E+01
  0.2089628440889158E+01 -0.4958662854238058E+00 -0.1155531265279820E+02
  0.2081457857930564E+01 -0.4887544876871878E+00 -0.1571758504052584E+02
  0.2073287274888874E+01 -0.4816100615790221E+00 -0.1862463098766112E+02
  0.2065116691766407E+01 -0.4744334840483606E+00 -0.2082879591251915E+02
  0.2056946108565423E+01 -0.4672252341906264E+00 -0.2266676311203354E+02
  0.2048775525288118E+01 -0.4599857932156304E+00 -0.2398955890869746E+02
  0.2040604941936635E+01 -0.4527156444154464E+00 -0.2491077938015395E+02
  0.2032434358513056E+01 -0.4454152731321473E+00 -0.2595163128313805E+02
  0.2024263775019413E+01 -0.4380851667254050E+00 -0.2763758583981560E+02
  0.2016093191457685E+01 -0.4307258145399545E+00 -0.2976492551506524E+02
  0.2007922607829804E+01 -0.4233377078729265E+00 -0.3192206663226562E+02
  0.1999752024137653E+01 -0.4159213399410494E+00 -0.3385830165017247E+02
  0.1991581440383068E+01 -0.4084772058477228E+00 -0.3562847766972819E+02
  0.1983410856567843E+01 -0.4010058025499653E+00 -0.3719302951432356E+02
  0.1975240272693730E+01 -0.3935076288252386E+00 -0.3841028757132081E+02
  0.1967069688762441E+01 -0.3859831852381501E+00 -0.3924691619657823E+02
  0.1958899104775647E+01 -0.3784329741070359E+00 -0.3988817922943952E+02
  0.1950728520734982E+01 -0.3708574994704271E+00 -0.4024941525852288E+02
  0.1942557936642046E+01 -0.3632572670534011E+00 -0.4001902206479154E+02
  0.1934387352498403E+01 -0.3556327842338202E+00 -0.3899138335081936E+02
  0.1926216768305583E+01 -0.3479845600084601E+00 -0.3709659016864039E+02
  0.1918046184065086E+01 -0.3403131049590297E+00 -0.3458700213743532E+02
  0.1909875599778379E+01 -0.3326189312180866E+00 -0.3185828648278990E+02
  0.1901705015446901E+01 -0.3249025524348469E+00 -0.2938154493802292E+02
  0.1893534431072063E+01 -0.3171644837408958E+00 -0.2772548356615034E+02
  0.1885363846655247E+01 -0.3094052417157978E+00 -0.2688160255582780E+02
  0.1877193262197810E+01 -0.3016253443526109E+00 -0.2645731457925802E+02
  0.1869022677701083E+01 -0.2938253110233064E+00 -0.2597711243350556E+02
  0.1860852093166375E+01 -0.2860056624440968E+00 -0.2524104812418415E+02
  0.1852681508594969E+01 -0.2781669206406729E+00 -0.2435403511651317E+02
  0.1844510923988128E+01 -0.2703096089133553E+00 -0.2330102860734001E+02
  0.1836340339347093E+01 -0.2624342518021592E+00 -0.2183955529279021E+02
  0.1828169754673083E+01 -0.2545413750517773E+00 -0.1999968589206153E+02
  0.1819999169967299E+01 -0.2466315055764818E+00 -0.1807443990767290E+02
  0.1811828585230925E+01 -0.2387051714249486E+00 -0.1658434666774798E+02
  0.1803658000465123E+01 -0.2307629017450062E+00 -0.1573275722574073E+02
  0.1795487415671042E+01 -0.2228052267483099E+00 -0.1515009059146325E+02
  0.1787316830849811E+01 -0.2148326776749467E+00 -0.1425815830050528E+02
  0.1779146246002545E+01 -0.2068457867579697E+00 -0.1273851556331615E+02
  0.1770975661130345E+01 -0.1988450871878683E+00 -0.1056286589249025E+02
  0.1762805076234296E+01 -0.1908311130769725E+00 -0.7971698101296779E+01
  0.1754634491315471E+01 -0.1828043994237966E+00 -0.5351115938960874E+01
  0.1746463906374929E+01 -0.1747654820773241E+00 -0.3140765191981534E+01
  0.1738293321413718E+01 -0.1667148977012352E+00 -0.1400845265385567E+01
  0.1730122736432872E+01 -0.1586531837380799E+00  0.5709836585885866E-01
  0.1721952151433418E+01 -0.1505808783733995E+00  0.1618422907304959E+01
  0.1713781566416370E+01 -0.1424985204997981E+00  0.3340662055377427E+01
  0.1705610981382731E+01 -0.1344066496809675E+00  0.4907064524282790E+01
  0.1697440396333499E+01 -0.1263058061156663E+00  0.5900960480216442E+01
  0.1689269811269659E+01 -0.1181965306016578E+00  0.6138228105251066E+01
  0.1681099226192191E+01 -0.1100793644996070E+00  0.5799318339563423E+01
  0.1672928641102067E+01 -0.1019548496969404E+00  0.5582985773312183E+01
  0.1664758056000250E+01 -0.9382352857167028E-01  0.6243888147347837E+01
  0.1656587470887701E+01 -0.8568594395618719E-01  0.8100020273232149E+01
  0.1648416885765370E+01 -0.7754263910102077E-01  0.1090725263404948E+02
  0.1640246300634206E+01 -0.6939415763857371E-01  0.1407337933871134E+02
  0.1632075715495151E+01 -0.6124104354682962E-01  0.1678689088492415E+02
  0.1623905130349143E+01 -0.5308384111303818E-01  0.1844472490405724E+02
  0.1615734545197117E+01 -0.4492309489737940E-01  0.1877342119364862E+02
  0.1607563960040004E+01 -0.3675934969660982E-01  0.1821751199812412E+02
  0.1599393374878733E+01 -0.2859315050769285E-01  0.1749046313564393E+02
  0.1591222789714229E+01 -0.2042504249141571E-01  0.1735092941995071E+02
  0.1583052204547419E+01 -0.1225557093599554E-01  0.1815264346419292E+02
  0.1574881619379224E+01 -0.4085281220676868E-02  0.1969931823473596E+02
  0.1566711034210569E+01  0.4085281220676868E-02  0.2140866723722583E+02
  0.1558540449042374E+01  0.1225557093599554E-01  0.2290038843724137E+02
  0.1550369863875564E+01  0.2042504249141571E-01  0.2409209894919581E+02
  0.1542199278711061E+01  0.2859315050769285E-01  0.2485231725781406E+02
  0.1534028693549790E+01  0.3675934969660982E-01  0.2490184101250513E+02
  0.1525858108392677E+01  0.4492309489737940E-01  0.2431565539142737E+02
  0.1517687523240650E+01  0.5308384111303818E-01  0.2336439860872274E+02
  0.1509516938094642E+01  0.6124104354682962E-01  0.2243239779632197E+02
  0.1501346352955587E+01  0.6939415763857371E-01  0.2162339715952107E+02
  0.1493175767824423E+01  0.7754263910102077E-01  0.2118170934332263E+02
  0.1485005182702093E+01  0.8568594395618719E-01  0.2144183207997979E+02
  0.1476834597589543E+01  0.9382352857167028E-01  0.2250530347003876E+02
  0.1468664012487727E+01  0.1019548496969404E+00  0.2375088316166182E+02
  0.1460493427397602E+01  0.1100793644996070E+00  0.2444808970203873E+02
  0.1452322842320134E+01  0.1181965306016578E+00  0.2423711854792055E+02
  0.1444152257256294E+01  0.1263058061156663E+00  0.2344610785515372E+02
  0.1435981672207062E+01  0.1344066496809675E+00  0.2252927113516499E+02
  0.1427811087173423E+01  0.1424985204997981E+00  0.2199060910620826E+02
  0.1419640502156375E+01  0.1505808783733995E+00  0.2222797120711232E+02
  0.1411469917156921E+01  0.1586531837380799E+00  0.2355621149701174E+02
  0.1403299332176076E+01  0.1667148977012352E+00  0.2551404680632553E+02
  0.1395128747214864E+01  0.1747654820773241E+00  0.2707997929937515E+02
  0.1386958162274323E+01  0.1828043994237966E+00  0.2742594792465989E+02
  0.1378787577355497E+01  0.1908311130769725E+00  0.2670930130874098E+02
  0.1370616992459449E+01  0.1988450871878683E+00  0.2569221581536839E+02
  0.1362446407587248E+01  0.2068457867579697E+00  0.2503989842846911E+02
  0.1354275822739983E+01  0.2148326776749467E+00  0.2463857091743759E+02
  0.1346105237918751E+01  0.2228052267483099E+00  0.2407701436194469E+02
  0.1337934653124670E+01  0.2307629017450062E+00  0.2288234173170185E+02
  0.1329764068358868E+01  0.2387051714249486E+00  0.2097673252581421E+02
  0.1321593483622494E+01  0.2466315055764818E+00  0.1859963508329389E+02
  0.1313422898916710E+01  0.2545413750517773E+00  0.1621677728403052E+02
  0.1305252314242701E+01  0.2624342518021592E+00  0.1382980530290429E+02
  0.1297081729601665E+01  0.2703096089133553E+00  0.1117917820432959E+02
  0.1288911144994824E+01  0.2781669206406729E+00  0.8084777431742266E+01
  0.1280740560423418E+01  0.2860056624440968E+00  0.5037450114639839E+01
  0.1272569975888710E+01  0.2938253110233064E+00  0.2764123378173813E+01
  0.1264399391391984E+01  0.3016253443526109E+00  0.1716395361587591E+01
  0.1256228806934547E+01  0.3094052417157978E+00  0.1717386127708546E+01
  0.1248058222517730E+01  0.3171644837408958E+00  0.2178851728382636E+01
  0.1239887638142892E+01  0.3249025524348469E+00  0.2344770164616548E+01
  0.1231717053811414E+01  0.3326189312180866E+00  0.1792788384220800E+01
  0.1223546469524707E+01  0.3403131049590297E+00  0.5806719145015833E+00
  0.1215375885284210E+01  0.3479845600084601E+00 -0.1055448615800371E+01
  0.1207205301091390E+01  0.3556327842338202E+00 -0.2959378426576338E+01
  0.1199034716947747E+01  0.3632572670534011E+00 -0.4980485569938627E+01
  0.1190864132854811E+01  0.3708574994704271E+00 -0.7174550243413539E+01
  0.1182693548814147E+01  0.3784329741070359E+00 -0.9528780620562308E+01
  0.1174522964827352E+01  0.3859831852381501E+00 -0.1221873682057828E+02
  0.1166352380896063E+01  0.3935076288252386E+00 -0.1527224044529845E+02
  0.1158181797021950E+01  0.4010058025499653E+00 -0.1864160006171162E+02
  0.1150011213206726E+01  0.4084772058477228E+00 -0.2192830337256721E+02
  0.1141840629452141E+01  0.4159213399410494E+00 -0.2520580541600454E+02
  0.1133670045759989E+01  0.4233377078729265E+00 -0.2888439473663107E+02
  0.1125499462132108E+01  0.4307258145399545E+00 -0.3341743843917699E+02
  0.1117328878570381E+01  0.4380851667254050E+00 -0.3864764217727794E+02
  0.1109158295076737E+01  0.4454152731321473E+00 -0.4400175694479238E+02
  0.1100987711653159E+01  0.4527156444154464E+00 -0.4894583135092922E+02
  0.1092817128301675E+01  0.4599857932156304E+00 -0.5375711365107134E+02
  0.1084646545024371E+01  0.4672252341906264E+00 -0.5905010217714193E+02
  0.1076475961823386E+01  0.4744334840483606E+00 -0.6505136299665537E+02
  0.1068305378700920E+01  0.4816100615790221E+00 -0.7101336577094551E+02
  0.1060134795659229E+01  0.4887544876871878E+00 -0.7586716691057975E+02
  0.1051964212700635E+01  0.4958662854238058E+00 -0.7883856325724335E+02
  0.1043793629827524E+01  0.5029449800180356E+00 -0.8010593716793497E+02
  0.1035623047042350E+01  0.5099900989089429E+00 -0.8065929664972109E+02
  0.1027452464347638E+01  0.5170011717770473E+00 -0.8186124469904614E+02
  0.1019281881745987E+01  0.5239777305757194E+00 -0.8450857649456900E+02
  0.1011111299240073E+01  0.5309193095624275E+00 -0.8852918404894345E+02
  0.1002940716832650E+01  0.5378254453298289E+00 -0.9295958027900274E+02
  0.9947701345265596E+00  0.5446956768367068E+00 -0.9712905426619891E+02
  0.9865995523247275E+00  0.5515295454387482E+00 -0.1009197824015524E+03
  0.9784289702301714E+00  0.5583265949191624E+00 -0.1045282400790462E+03
  0.9702583882460036E+00  0.5650863715191369E+00 -0.1077450602187403E+03
  0.9620878063754359E+00  0.5718084239681300E+00 -0.1101705887621546E+03
  0.9539172246217830E+00  0.5784923035139965E+00 -0.1114942276181301E+03
  0.9457466429884676E+00  0.5851375639529456E+00 -0.1119017341644481E+03
  0.9375760614790253E+00  0.5917437616593286E+00 -0.1118331560601026E+03
  0.9294054800971098E+00  0.5983104556152549E+00 -0.1116822300181798E+03
  0.9212348988464978E+00  0.6048372074400329E+00 -0.1117359781263569E+03
  0.9130643177310944E+00  0.6113235814194364E+00 -0.1122568702634533E+03
  0.9048937367549402E+00  0.6177691445347914E+00 -0.1128777071739306E+03
  0.8967231559222163E+00  0.6241734664918837E+00 -0.1129918439494584E+03
  0.8885525752372514E+00  0.6305361197496849E+00 -0.1122351276156894E+03
  0.8803819947045285E+00  0.6368566795488945E+00 -0.1112283649230208E+03
  0.8722114143286931E+00  0.6431347239402948E+00 -0.1107792777520894E+03
  0.8640408341145595E+00  0.6493698338129212E+00 -0.1112698173963636E+03
  0.8558702540671204E+00  0.6555615929220400E+00 -0.1120046253829541E+03
  0.8476996741915547E+00  0.6617095879169366E+00 -0.1122025760377822E+03
  0.8395290944932369E+00  0.6678134083685102E+00 -0.1114852855967285E+03
  0.8313585149777468E+00  0.6738726467966731E+00 -0.1101574331094637E+03
  0.8231879356508802E+00  0.6798868986975534E+00 -0.1085436746130946E+03
  0.8150173565186587E+00  0.6858557625704990E+00 -0.1070005618086688E+03
  0.8068467775873427E+00  0.6917788399448808E+00 -0.1056510321822686E+03
  0.7986761988634423E+00  0.6976557354066943E+00 -0.1045031362375923E+03
  0.7905056203537315E+00  0.7034860566249567E+00 -0.1035295265911159E+03
  0.7823350420652612E+00  0.7092694143778975E+00 -0.1028212161568173E+03
  0.7741644640053743E+00  0.7150054225789432E+00 -0.1023410350853896E+03
  0.7659938861817212E+00  0.7206936983024912E+00 -0.1023386730063845E+03
  0.7578233086022768E+00  0.7263338618094733E+00 -0.1030779575408754E+03
  0.7496527312753575E+00  0.7319255365727068E+00 -0.1049323246326439E+03
  0.7414821542096410E+00  0.7374683493020299E+00 -0.1076378064376474E+03
  0.7333115774141861E+00  0.7429619299692227E+00 -0.1104599248304201E+03
  0.7251410008984539E+00  0.7484059118327094E+00 -0.1121440442091457E+03
  0.7169704246723316E+00  0.7537999314620412E+00 -0.1121437760156104E+03
  0.7087998487461566E+00  0.7591436287621580E+00 -0.1107594870855540E+03
  0.7006292731307425E+00  0.7644366469974285E+00 -0.1090909474526024E+03
  0.6924586978374083E+00  0.7696786328154644E+00 -0.1080948500901951E+03
  0.6842881228780077E+00  0.7748692362707100E+00 -0.1082025753394738E+03
  0.6761175482649616E+00  0.7800081108478040E+00 -0.1088059161956038E+03
  0.6679469740112938E+00  0.7850949134847117E+00 -0.1090771961563061E+03
  0.6597764001306670E+00  0.7901293045956280E+00 -0.1083620008788412E+03
  0.6516058266374236E+00  0.7951109480936471E+00 -0.1071923034954604E+03
  0.6434352535466297E+00  0.8000395114131988E+00 -0.1065841550242938E+03
  0.6352646808741202E+00  0.8049146655322506E+00 -0.1072265387974174E+03
  0.6270941086365502E+00  0.8097360849942720E+00 -0.1085924200512058E+03
  0.6189235368514482E+00  0.8145034479299620E+00 -0.1098495145641291E+03
  0.6107529655372755E+00  0.8192164360787360E+00 -0.1104548631886067E+03
  0.6025823947134890E+00  0.8238747348099726E+00 -0.1105435190802567E+03
  0.5944118244006098E+00  0.8284780331440178E+00 -0.1100485851069809E+03
  0.5862412546202973E+00  0.8330260237729452E+00 -0.1086799163565613E+03
  0.5780706853954301E+00  0.8375184030810715E+00 -0.1057718016746390E+03
  0.5699001167501928E+00  0.8419548711652254E+00 -0.1012061795471761E+03
  0.5617295487101719E+00  0.8463351318547683E+00 -0.9513185997224902E+02
  0.5535589813024583E+00  0.8506588927313666E+00 -0.8793236988897308E+02
  0.5453884145557613E+00  0.8549258651485127E+00 -0.7974143435721375E+02
  0.5372178485005299E+00  0.8591357642507945E+00 -0.7101353069613656E+02
  0.5290472831690897E+00  0.8632883089929120E+00 -0.6217577111723016E+02
  0.5208767185957875E+00  0.8673832221584393E+00 -0.5353235681456331E+02
  0.5127061548171545E+00  0.8714202303783312E+00 -0.4451007300391064E+02
  0.5045355918720822E+00  0.8753990641491725E+00 -0.3473326114845931E+02
  0.4963650298020162E+00  0.8793194578511700E+00 -0.2391446520386686E+02
  0.4881944686511717E+00  0.8831811497658847E+00 -0.1255855083226198E+02
  0.4800239084667671E+00  0.8869838820937034E+00 -0.1131284889388409E+01
  0.4718533492992859E+00  0.8907274009710492E+00  0.9856136355109870E+01
  0.4636827912027636E+00  0.8944114564873288E+00  0.2034533709597273E+02
  0.4555122342351060E+00  0.8980358027016164E+00  0.3003551777963761E+02
  0.4473416784584431E+00  0.9016001976590722E+00  0.3907633126109385E+02
  0.4391711239395221E+00  0.9051044034070944E+00  0.4728102708533115E+02
  0.4310005707501444E+00  0.9085481860112055E+00  0.5477663954118185E+02
  0.4228300189676551E+00  0.9119313155706682E+00  0.6143311788603945E+02
  0.4146594686754885E+00  0.9152535662338340E+00  0.6782849455063102E+02
  0.4064889199637791E+00  0.9185147162132208E+00  0.7409245916046177E+02
  0.3983183729300507E+00  0.9217145478003181E+00  0.8079853296322075E+02
  0.3901478276799883E+00  0.9248528473801222E+00  0.8840844185035880E+02
  0.3819772843283120E+00  0.9279294054453956E+00  0.9773661961905687E+02
  0.3738067429997641E+00  0.9309440166106540E+00  0.1082275488621228E+03
  0.3656362038302282E+00  0.9338964796258775E+00  0.1190425164770898E+03
  0.3574656669680030E+00  0.9367865973899459E+00  0.1292056447123111E+03
  0.3492951325752533E+00  0.9396141769637963E+00  0.1391210945849567E+03
  0.3411246008296713E+00  0.9423790295833044E+00  0.1494258194348471E+03
  0.3329540719263814E+00  0.9450809706718851E+00  0.1607786893730462E+03
  0.3247835460801308E+00  0.9477198198528157E+00  0.1727084839045995E+03
  0.3166130235278230E+00  0.9502954009612771E+00  0.1851457400200251E+03
  0.3084425045314506E+00  0.9528075420561144E+00  0.1981608390446865E+03
  0.3002719893815085E+00  0.9552560754313160E+00  0.2123431554279212E+03
  0.2921014784009779E+00  0.9576408376272095E+00  0.2276470483699787E+03
  0.2839309719500016E+00  0.9599616694413742E+00  0.2444630335472784E+03
  0.2757604704313845E+00  0.9622184159392698E+00  0.2622133164285195E+03
  0.2675899742971076E+00  0.9644109264645802E+00  0.2809303367189908E+03
  0.2594194840560681E+00  0.9665390546492710E+00  0.3009187698620153E+03
  0.2512490002833307E+00  0.9686026584233628E+00  0.3233915874709416E+03
  0.2430785236312446E+00  0.9706016000244151E+00  0.3480360239412286E+03
  0.2349080548428762E+00  0.9725357460067257E+00  0.3741280862459008E+03
  0.2267375947683499E+00  0.9744049672502397E+00  0.4003622053405128E+03
  0.2185671443848464E+00  0.9762091389691724E+00  0.4272703619013646E+03
  0.2103967048212628E+00  0.9779481407203411E+00  0.4555752474845643E+03
  0.2022262773888417E+00  0.9796218564112101E+00  0.4857299153529991E+03
  0.1940558636195398E+00  0.9812301743076443E+00  0.5165201267911161E+03
  0.1858854653144977E+00  0.9827729870413743E+00  0.5474083097580979E+03
  0.1777150846058812E+00  0.9842501916171713E+00  0.5777543199696632E+03
  0.1695447240365762E+00  0.9856616894197333E+00  0.6083419185568381E+03
  0.1613743866640789E+00  0.9870073862202815E+00  0.6391583057770601E+03
  0.1532040761975885E+00  0.9882871921828699E+00  0.6716220447471414E+03
  0.1450337971813853E+00  0.9895010218704087E+00  0.7058959821427965E+03
  0.1368635552438019E+00  0.9906487942504061E+00  0.7429182246864846E+03
  0.1286933574408989E+00  0.9917304327004320E+00  0.7822777123165157E+03
  0.1205232127396896E+00  0.9927458650133153E+00  0.8250664324731583E+03
  0.1123531327118049E+00  0.9936950234020883E+00  0.8711612101428028E+03
  0.1041831325528455E+00  0.9945778445047068E+00  0.9223319810545745E+03
  0.9601323262085862E-01  0.9953942693885953E+00  0.9794510420754816E+03
  0.8784346083082471E-01  0.9961442435551087E+00  0.1045350429813203E+04
  0.7967385651719167E-01  0.9968277169440913E+00  0.1120569060426989E+04
  0.7150447693306423E-01  0.9974446439389107E+00  0.1208200935208150E+04
  0.6333540875299180E-01  0.9979949833727938E+00  0.1309236848706814E+04
  0.5516678972815772E-01  0.9984786985384589E+00  0.1428074353056165E+04
  0.4699885272846815E-01  0.9988957572063257E+00  0.1570812006866365E+04
  0.3883202470742381E-01  0.9992461316671845E+00  0.1760530703388871E+04
  0.3066718105470672E-01  0.9995297988558859E+00  0.2036682517706207E+04
  0.2250643816359393E-01  0.9997467408113523E+00  0.2440663698623099E+04
  0.1435650599352885E-01  0.9998969471378596E+00  0.2929384876871402E+04
  0.6254421014113626E-02  0.9999804411726474E+00  0.3334230724226707E+04
