# nlmax, ncor, nside =         383           1         128
  0.3135338232575680E+01 -0.9999804411726474E+00 -0.2643075130604902E+03
  0.3127236147596264E+01 -0.9998969471378596E+00 -0.2639283571986755E+03
  0.3119086215426199E+01 -0.9997467408113523E+00 -0.2642246872372422E+03
  0.3110925472535087E+01 -0.9995297988558859E+00 -0.2663280536138518E+03
  0.3102760628882369E+01 -0.9992461316671845E+00 -0.2705192670905449E+03
  0.3094593800861325E+01 -0.9988957572063257E+00 -0.2757562786217566E+03
  0.3086425863861635E+01 -0.9984786985384589E+00 -0.2804714718588872E+03
  0.3078257244836801E+01 -0.9979949833727938E+00 -0.2837852558565799E+03
  0.3070088176656729E+01 -0.9974446439389107E+00 -0.2858510142873122E+03
  0.3061918797072602E+01 -0.9968277169440913E+00 -0.2872130008002124E+03
  0.3053749192758969E+01 -0.9961442435551087E+00 -0.2879694494326155E+03
  0.3045579420968934E+01 -0.9953942693885953E+00 -0.2875384328600480E+03
  0.3037409521036948E+01 -0.9945778445047068E+00 -0.2851675449441126E+03
  0.3029239520877988E+01 -0.9936950234020883E+00 -0.2807181412446272E+03
  0.3021069440850104E+01 -0.9927458650133153E+00 -0.2749175758732270E+03
  0.3012899296148894E+01 -0.9917304327004320E+00 -0.2687079552047138E+03
  0.3004729098345992E+01 -0.9906487942504061E+00 -0.2624541128008573E+03
  0.2996558856408408E+01 -0.9895010218704087E+00 -0.2559720486654259E+03
  0.2988388577392205E+01 -0.9882871921828699E+00 -0.2489727465847965E+03
  0.2980218266925714E+01 -0.9870073862202815E+00 -0.2411633525848222E+03
  0.2972047929553217E+01 -0.9856616894197333E+00 -0.2323465889458095E+03
  0.2963877568983912E+01 -0.9842501916171713E+00 -0.2228680680711722E+03
  0.2955707188275296E+01 -0.9827729870413743E+00 -0.2137216385985160E+03
  0.2947536789970254E+01 -0.9812301743076443E+00 -0.2058100285926763E+03
  0.2939366376200951E+01 -0.9796218564112101E+00 -0.1990617240170845E+03
  0.2931195948768531E+01 -0.9779481407203411E+00 -0.1925310540120702E+03
  0.2923025509204947E+01 -0.9762091389691724E+00 -0.1855507363797558E+03
  0.2914855058821443E+01 -0.9744049672502397E+00 -0.1786875146166011E+03
  0.2906684598746917E+01 -0.9725357460067257E+00 -0.1734017234088745E+03
  0.2898514129958549E+01 -0.9706016000244151E+00 -0.1707947247173921E+03
  0.2890343653306462E+01 -0.9686026584233628E+00 -0.1706665393197566E+03
  0.2882173169533725E+01 -0.9665390546492710E+00 -0.1715408517135489E+03
  0.2874002679292686E+01 -0.9644109264645802E+00 -0.1714362208698771E+03
  0.2865832183158409E+01 -0.9622184159392698E+00 -0.1688841875086693E+03
  0.2857661681639792E+01 -0.9599616694413742E+00 -0.1636994346926349E+03
  0.2849491175188815E+01 -0.9576408376272095E+00 -0.1569487065459968E+03
  0.2841320664208285E+01 -0.9552560754313160E+00 -0.1499756533112696E+03
  0.2833150149058343E+01 -0.9528075420561144E+00 -0.1433671880643992E+03
  0.2824979630061970E+01 -0.9502954009612771E+00 -0.1369200736724213E+03
  0.2816809107509663E+01 -0.9477198198528157E+00 -0.1303875841962871E+03
  0.2808638581663412E+01 -0.9450809706718851E+00 -0.1239205887638449E+03
  0.2800468052760122E+01 -0.9423790295833044E+00 -0.1178616714550168E+03
  0.2792297521014540E+01 -0.9396141769637963E+00 -0.1124308542337581E+03
  0.2784126986621790E+01 -0.9367865973899459E+00 -0.1076541017265857E+03
  0.2775956449759565E+01 -0.9338964796258775E+00 -0.1033798341177722E+03
  0.2767785910590029E+01 -0.9309440166106540E+00 -0.9923263664621464E+02
  0.2759615369261481E+01 -0.9279294054453956E+00 -0.9463949221941118E+02
  0.2751444825909805E+01 -0.9248528473801222E+00 -0.8911264781214405E+02
  0.2743274280659743E+01 -0.9217145478003181E+00 -0.8259279431881544E+02
  0.2735103733626014E+01 -0.9185147162132208E+00 -0.7544976803315440E+02
  0.2726933184914305E+01 -0.9152535662338340E+00 -0.6813095841825667E+02
  0.2718762634622138E+01 -0.9119313155706682E+00 -0.6081510377077709E+02
  0.2710592082839649E+01 -0.9085481860112055E+00 -0.5334330931562087E+02
  0.2702421529650271E+01 -0.9051044034070944E+00 -0.4547157119517733E+02
  0.2694250975131350E+01 -0.9016001976590722E+00 -0.3720404977468505E+02
  0.2686080419354687E+01 -0.8980358027016164E+00 -0.2883368544231731E+02
  0.2677909862387029E+01 -0.8944114564873288E+00 -0.2073169473312302E+02
  0.2669739304290507E+01 -0.8907274009710492E+00 -0.1328159701022829E+02
  0.2661568745123026E+01 -0.8869838820937034E+00 -0.6905273484452178E+01
  0.2653398184938621E+01 -0.8831811497658847E+00 -0.1836568436137414E+01
  0.2645227623787777E+01 -0.8793194578511700E+00  0.2140212713310430E+01
  0.2637057061717711E+01 -0.8753990641491725E+00  0.5572932860815882E+01
  0.2628886498772639E+01 -0.8714202303783312E+00  0.9039254776925146E+01
  0.2620715934994006E+01 -0.8673832221584393E+00  0.1297503503804990E+02
  0.2612545370420704E+01 -0.8632883089929120E+00  0.1751966727558825E+02
  0.2604374805089263E+01 -0.8591357642507945E+00  0.2235787181168114E+02
  0.2596204239034032E+01 -0.8549258651485127E+00  0.2688477748061204E+02
  0.2588033672287335E+01 -0.8506588927313666E+00  0.3073390758673837E+02
  0.2579863104879621E+01 -0.8463351318547683E+00  0.3414733597430607E+02
  0.2571692536839600E+01 -0.8419548711652254E+00  0.3774660275294622E+02
  0.2563521968194363E+01 -0.8375184030810715E+00  0.4195807366656337E+02
  0.2555351398969496E+01 -0.8330260237729452E+00  0.4667761466667240E+02
  0.2547180829189184E+01 -0.8284780331440178E+00  0.5137371330205576E+02
  0.2539010258876304E+01 -0.8238747348099726E+00  0.5545324384228362E+02
  0.2530839688052518E+01 -0.8192164360787360E+00  0.5862063000412571E+02
  0.2522669116738345E+01 -0.8145034479299620E+00  0.6089190553361919E+02
  0.2514498544953243E+01 -0.8097360849942720E+00  0.6225244628797051E+02
  0.2506327972715673E+01 -0.8049146655322506E+00  0.6254414429364661E+02
  0.2498157400043163E+01 -0.8000395114131988E+00  0.6186871535214597E+02
  0.2489986826952370E+01 -0.7951109480936471E+00  0.6085649139764731E+02
  0.2481816253459126E+01 -0.7901293045956280E+00  0.6026482474119305E+02
  0.2473645679578500E+01 -0.7850949134847117E+00  0.6038652928245974E+02
  0.2465475105324832E+01 -0.7800081108478040E+00  0.6097061673691991E+02
  0.2457304530711785E+01 -0.7748692362707100E+00  0.6163970508914741E+02
  0.2449133955752385E+01 -0.7696786328154644E+00  0.6230649403567753E+02
  0.2440963380459050E+01 -0.7644366469974285E+00  0.6319507805647100E+02
  0.2432792804843637E+01 -0.7591436287621580E+00  0.6449175202162454E+02
  0.2424622228917462E+01 -0.7537999314620412E+00  0.6607553523287879E+02
  0.2416451652691339E+01 -0.7484059118327094E+00  0.6764137126078107E+02
  0.2408281076175607E+01 -0.7429619299692227E+00  0.6896371245214421E+02
  0.2400110499380152E+01 -0.7374683493020299E+00  0.6995523768080979E+02
  0.2391939922314436E+01 -0.7319255365727068E+00  0.7056162649683412E+02
  0.2383769344987516E+01 -0.7263338618094733E+00  0.7071806616550914E+02
  0.2375598767408072E+01 -0.7206936983024912E+00  0.7042615214413890E+02
  0.2367428189584419E+01 -0.7150054225789432E+00  0.6981158656426706E+02
  0.2359257611524532E+01 -0.7092694143778975E+00  0.6904553405746833E+02
  0.2351087033236062E+01 -0.7034860566249567E+00  0.6817459496636504E+02
  0.2342916454726351E+01 -0.6976557354066943E+00  0.6704363863081483E+02
  0.2334745876002450E+01 -0.6917788399448808E+00  0.6549845987248136E+02
  0.2326575297071134E+01 -0.6858557625704990E+00  0.6369793233613687E+02
  0.2318404717938913E+01 -0.6798868986975534E+00  0.6206023851596170E+02
  0.2310234138612046E+01 -0.6738726467966731E+00  0.6084382474466009E+02
  0.2302063559096557E+01 -0.6678134083685102E+00  0.5995128421452790E+02
  0.2293892979398239E+01 -0.6617095879169366E+00  0.5917715420625390E+02
  0.2285722399522673E+01 -0.6555615929220400E+00  0.5846323556074852E+02
  0.2277551819475234E+01 -0.6493698338129212E+00  0.5782937786988125E+02
  0.2269381239261100E+01 -0.6431347239402948E+00  0.5718739582654595E+02
  0.2261210658885265E+01 -0.6368566795488945E+00  0.5639419153303123E+02
  0.2253040078352542E+01 -0.6305361197496849E+00  0.5549085099016008E+02
  0.2244869497667577E+01 -0.6241734664918837E+00  0.5472655226056460E+02
  0.2236698916834853E+01 -0.6177691445347914E+00  0.5427400894310769E+02
  0.2228528335858699E+01 -0.6113235814194364E+00  0.5402764476662006E+02
  0.2220357754743295E+01 -0.6048372074400329E+00  0.5373777309497219E+02
  0.2212187173492683E+01 -0.5983104556152549E+00  0.5326599718374436E+02
  0.2204016592110768E+01 -0.5917437616593286E+00  0.5265794875273304E+02
  0.2195846010601326E+01 -0.5851375639529456E+00  0.5199457140039399E+02
  0.2187675428968010E+01 -0.5784923035139965E+00  0.5121498818634677E+02
  0.2179504847214357E+01 -0.5718084239681300E+00  0.5011735555475367E+02
  0.2171334265343789E+01 -0.5650863715191369E+00  0.4853945247236533E+02
  0.2163163683359622E+01 -0.5583265949191624E+00  0.4649531009867017E+02
  0.2154993101265066E+01 -0.5515295454387482E+00  0.4410263769154646E+02
  0.2146822519063234E+01 -0.5446956768367068E+00  0.4141622603186950E+02
  0.2138651936757143E+01 -0.5378254453298289E+00  0.3838746487287072E+02
  0.2130481354349721E+01 -0.5309193095624275E+00  0.3501671149073870E+02
  0.2122310771843806E+01 -0.5239777305757194E+00  0.3153528389476270E+02
  0.2114140189242155E+01 -0.5170011717770473E+00  0.2835179870619925E+02
  0.2105969606547443E+01 -0.5099900989089429E+00  0.2579051794822720E+02
  0.2097799023762269E+01 -0.5029449800180356E+00  0.2399136057706662E+02
  0.2089628440889158E+01 -0.4958662854238058E+00  0.2302777924938554E+02
  0.2081457857930564E+01 -0.4887544876871878E+00  0.2289585835793453E+02
  0.2073287274888874E+01 -0.4816100615790221E+00  0.2340682599734568E+02
  0.2065116691766407E+01 -0.4744334840483606E+00  0.2432806690885505E+02
  0.2056946108565423E+01 -0.4672252341906264E+00  0.2560652021126526E+02
  0.2048775525288118E+01 -0.4599857932156304E+00  0.2724739783375324E+02
  0.2040604941936635E+01 -0.4527156444154464E+00  0.2901681810416281E+02
  0.2032434358513056E+01 -0.4454152731321473E+00  0.3047292699161693E+02
  0.2024263775019413E+01 -0.4380851667254050E+00  0.3131429335154504E+02
  0.2016093191457685E+01 -0.4307258145399545E+00  0.3158836728728409E+02
  0.2007922607829804E+01 -0.4233377078729265E+00  0.3155899698442440E+02
  0.1999752024137653E+01 -0.4159213399410494E+00  0.3146983031991621E+02
  0.1991581440383068E+01 -0.4084772058477228E+00  0.3146463832159288E+02
  0.1983410856567843E+01 -0.4010058025499653E+00  0.3163072287005475E+02
  0.1975240272693730E+01 -0.3935076288252386E+00  0.3200517963863577E+02
  0.1967069688762441E+01 -0.3859831852381501E+00  0.3256899863429245E+02
  0.1958899104775647E+01 -0.3784329741070359E+00  0.3331901376585432E+02
  0.1950728520734982E+01 -0.3708574994704271E+00  0.3431909911351088E+02
  0.1942557936642046E+01 -0.3632572670534011E+00  0.3560714559940115E+02
  0.1934387352498403E+01 -0.3556327842338202E+00  0.3708133368395766E+02
  0.1926216768305583E+01 -0.3479845600084601E+00  0.3859851538424672E+02
  0.1918046184065086E+01 -0.3403131049590297E+00  0.4019045513615912E+02
  0.1909875599778379E+01 -0.3326189312180866E+00  0.4199731684734500E+02
  0.1901705015446901E+01 -0.3249025524348469E+00  0.4390592658437551E+02
  0.1893534431072063E+01 -0.3171644837408958E+00  0.4543004234177785E+02
  0.1885363846655247E+01 -0.3094052417157978E+00  0.4608432371539711E+02
  0.1877193262197810E+01 -0.3016253443526109E+00  0.4577975870294564E+02
  0.1869022677701083E+01 -0.2938253110233064E+00  0.4477981764469988E+02
  0.1860852093166375E+01 -0.2860056624440968E+00  0.4343878157273159E+02
  0.1852681508594969E+01 -0.2781669206406729E+00  0.4211798283090258E+02
  0.1844510923988128E+01 -0.2703096089133553E+00  0.4118427186945961E+02
  0.1836340339347093E+01 -0.2624342518021592E+00  0.4087063698356798E+02
  0.1828169754673083E+01 -0.2545413750517773E+00  0.4114468484578821E+02
  0.1819999169967299E+01 -0.2466315055764818E+00  0.4178499917236973E+02
  0.1811828585230925E+01 -0.2387051714249486E+00  0.4256524895054304E+02
  0.1803658000465123E+01 -0.2307629017450062E+00  0.4335735943742436E+02
  0.1795487415671042E+01 -0.2228052267483099E+00  0.4412718317453020E+02
  0.1787316830849811E+01 -0.2148326776749467E+00  0.4489328316368056E+02
  0.1779146246002545E+01 -0.2068457867579697E+00  0.4566448232210357E+02
  0.1770975661130345E+01 -0.1988450871878683E+00  0.4633713975317262E+02
  0.1762805076234296E+01 -0.1908311130769725E+00  0.4665476782915897E+02
  0.1754634491315471E+01 -0.1828043994237966E+00  0.4638320699225200E+02
  0.1746463906374929E+01 -0.1747654820773241E+00  0.4556496371582573E+02
  0.1738293321413718E+01 -0.1667148977012352E+00  0.4448446808874452E+02
  0.1730122736432872E+01 -0.1586531837380799E+00  0.4333775840270454E+02
  0.1721952151433418E+01 -0.1505808783733995E+00  0.4206446042352228E+02
  0.1713781566416370E+01 -0.1424985204997981E+00  0.4053563035484464E+02
  0.1705610981382731E+01 -0.1344066496809675E+00  0.3873302022552223E+02
  0.1697440396333499E+01 -0.1263058061156663E+00  0.3666295271274559E+02
  0.1689269811269659E+01 -0.1181965306016578E+00  0.3426454928923027E+02
  0.1681099226192191E+01 -0.1100793644996070E+00  0.3155766558832362E+02
  0.1672928641102067E+01 -0.1019548496969404E+00  0.2882478687249964E+02
  0.1664758056000250E+01 -0.9382352857167028E-01  0.2652398045500466E+02
  0.1656587470887701E+01 -0.8568594395618719E-01  0.2498029278788177E+02
  0.1648416885765370E+01 -0.7754263910102077E-01  0.2418675298247119E+02
  0.1640246300634206E+01 -0.6939415763857371E-01  0.2390028168480621E+02
  0.1632075715495151E+01 -0.6124104354682962E-01  0.2382967292932486E+02
  0.1623905130349143E+01 -0.5308384111303818E-01  0.2368126263978898E+02
  0.1615734545197117E+01 -0.4492309489737940E-01  0.2314514470099885E+02
  0.1607563960040004E+01 -0.3675934969660982E-01  0.2200762394669336E+02
  0.1599393374878733E+01 -0.2859315050769285E-01  0.2036582886121960E+02
  0.1591222789714229E+01 -0.2042504249141571E-01  0.1866284055880563E+02
  0.1583052204547419E+01 -0.1225557093599554E-01  0.1734088039646095E+02
  0.1574881619379224E+01 -0.4085281220676868E-02  0.1643706580514489E+02
  0.1566711034210569E+01  0.4085281220676868E-02  0.1560642010584645E+02
  0.1558540449042374E+01  0.1225557093599554E-01  0.1446081704690654E+02
  0.1550369863875564E+01  0.2042504249141571E-01  0.1276533589360860E+02
  0.1542199278711061E+01  0.2859315050769285E-01  0.1041615180029920E+02
  0.1534028693549790E+01  0.3675934969660982E-01  0.7423917963729780E+01
  0.1525858108392677E+01  0.4492309489737940E-01  0.3963095341050319E+01
  0.1517687523240650E+01  0.5308384111303818E-01  0.3589245933722964E+00
  0.1509516938094642E+01  0.6124104354682962E-01 -0.3050412173668586E+01
  0.1501346352955587E+01  0.6939415763857371E-01 -0.6044456083311740E+01
  0.1493175767824423E+01  0.7754263910102077E-01 -0.8489640461610454E+01
  0.1485005182702093E+01  0.8568594395618719E-01 -0.1026437764086777E+02
  0.1476834597589543E+01  0.9382352857167028E-01 -0.1137762695997635E+02
  0.1468664012487727E+01  0.1019548496969404E+00 -0.1215066368610751E+02
  0.1460493427397602E+01  0.1100793644996070E+00 -0.1308623607492290E+02
  0.1452322842320134E+01  0.1181965306016578E+00 -0.1448236185058594E+02
  0.1444152257256294E+01  0.1263058061156663E+00 -0.1623587984204816E+02
  0.1435981672207062E+01  0.1344066496809675E+00 -0.1796289467754977E+02
  0.1427811087173423E+01  0.1424985204997981E+00 -0.1920163567977008E+02
  0.1419640502156375E+01  0.1505808783733995E+00 -0.1960031127470316E+02
  0.1411469917156921E+01  0.1586531837380799E+00 -0.1910823842805105E+02
  0.1403299332176076E+01  0.1667148977012352E+00 -0.1805084031490631E+02
  0.1395128747214864E+01  0.1747654820773241E+00 -0.1697043315261482E+02
  0.1386958162274323E+01  0.1828043994237966E+00 -0.1631933702913651E+02
  0.1378787577355497E+01  0.1908311130769725E+00 -0.1623458095370820E+02
  0.1370616992459449E+01  0.1988450871878683E+00 -0.1658012756054092E+02
  0.1362446407587248E+01  0.2068457867579697E+00 -0.1719058653265031E+02
  0.1354275822739983E+01  0.2148326776749467E+00 -0.1803116330094715E+02
  0.1346105237918751E+01  0.2228052267483099E+00 -0.1912967635917548E+02
  0.1337934653124670E+01  0.2307629017450062E+00 -0.2041761548280657E+02
  0.1329764068358868E+01  0.2387051714249486E+00 -0.2166490594969964E+02
  0.1321593483622494E+01  0.2466315055764818E+00 -0.2263436789352263E+02
  0.1313422898916710E+01  0.2545413750517773E+00 -0.2340693484428880E+02
  0.1305252314242701E+01  0.2624342518021592E+00 -0.2449134853658366E+02
  0.1297081729601665E+01  0.2703096089133553E+00 -0.2641773737551988E+02
  0.1288911144994824E+01  0.2781669206406729E+00 -0.2919112714862911E+02
  0.1280740560423418E+01  0.2860056624440968E+00 -0.3223837248573834E+02
  0.1272569975888710E+01  0.2938253110233064E+00 -0.3484727232963167E+02
  0.1264399391391984E+01  0.3016253443526109E+00 -0.3659019171294865E+02
  0.1256228806934547E+01  0.3094052417157978E+00 -0.3749663929417272E+02
  0.1248058222517730E+01  0.3171644837408958E+00 -0.3803215741369073E+02
  0.1239887638142892E+01  0.3249025524348469E+00 -0.3888779619849824E+02
  0.1231717053811414E+01  0.3326189312180866E+00 -0.4062040808613666E+02
  0.1223546469524707E+01  0.3403131049590297E+00 -0.4331540178038569E+02
  0.1215375885284210E+01  0.3479845600084601E+00 -0.4652863250259653E+02
  0.1207205301091390E+01  0.3556327842338202E+00 -0.4969193711722001E+02
  0.1199034716947747E+01  0.3632572670534011E+00 -0.5263464006617398E+02
  0.1190864132854811E+01  0.3708574994704271E+00 -0.5557638395262752E+02
  0.1182693548814147E+01  0.3784329741070359E+00 -0.5867421138445919E+02
  0.1174522964827352E+01  0.3859831852381501E+00 -0.6181148037415237E+02
  0.1166352380896063E+01  0.3935076288252386E+00 -0.6478927918042936E+02
  0.1158181797021950E+01  0.4010058025499653E+00 -0.6752385017383952E+02
  0.1150011213206726E+01  0.4084772058477228E+00 -0.7005733974655266E+02
  0.1141840629452141E+01  0.4159213399410494E+00 -0.7251028694927008E+02
  0.1133670045759989E+01  0.4233377078729265E+00 -0.7505552034092328E+02
  0.1125499462132108E+01  0.4307258145399545E+00 -0.7784028598365231E+02
  0.1117328878570381E+01  0.4380851667254050E+00 -0.8088781930116707E+02
  0.1109158295076737E+01  0.4454152731321473E+00 -0.8415778506602794E+02
  0.1100987711653159E+01  0.4527156444154464E+00 -0.8773302728509222E+02
  0.1092817128301675E+01  0.4599857932156304E+00 -0.9186843087501229E+02
  0.1084646545024371E+01  0.4672252341906264E+00 -0.9674938311350806E+02
  0.1076475961823386E+01  0.4744334840483606E+00 -0.1021173400262835E+03
  0.1068305378700920E+01  0.4816100615790221E+00 -0.1072000094930606E+03
  0.1060134795659229E+01  0.4887544876871878E+00 -0.1111893865166580E+03
  0.1051964212700635E+01  0.4958662854238058E+00 -0.1138113419588234E+03
  0.1043793629827524E+01  0.5029449800180356E+00 -0.1154046590488312E+03
  0.1035623047042350E+01  0.5099900989089429E+00 -0.1166248588804601E+03
  0.1027452464347638E+01  0.5170011717770473E+00 -0.1181528777370204E+03
  0.1019281881745987E+01  0.5239777305757194E+00 -0.1204143913611226E+03
  0.1011111299240073E+01  0.5309193095624275E+00 -0.1233769682825980E+03
  0.1002940716832650E+01  0.5378254453298289E+00 -0.1267321119110005E+03
  0.9947701345265596E+00  0.5446956768367068E+00 -0.1303021883619462E+03
  0.9865995523247275E+00  0.5515295454387482E+00 -0.1341119039411030E+03
  0.9784289702301714E+00  0.5583265949191624E+00 -0.1381034588433533E+03
  0.9702583882460036E+00  0.5650863715191369E+00 -0.1419871414819117E+03
  0.9620878063754359E+00  0.5718084239681300E+00 -0.1454095514463253E+03
  0.9539172246217830E+00  0.5784923035139965E+00 -0.1481718325855481E+03
  0.9457466429884676E+00  0.5851375639529456E+00 -0.1502930230077129E+03
  0.9375760614790253E+00  0.5917437616593286E+00 -0.1520059434160962E+03
  0.9294054800971098E+00  0.5983104556152549E+00 -0.1537747867915997E+03
  0.9212348988464978E+00  0.6048372074400329E+00 -0.1561483369356441E+03
  0.9130643177310944E+00  0.6113235814194364E+00 -0.1593385259995979E+03
  0.9048937367549402E+00  0.6177691445347914E+00 -0.1629372150128804E+03
  0.8967231559222163E+00  0.6241734664918837E+00 -0.1662407375235642E+03
  0.8885525752372514E+00  0.6305361197496849E+00 -0.1688780121092916E+03
  0.8803819947045285E+00  0.6368566795488945E+00 -0.1709981175215582E+03
  0.8722114143286931E+00  0.6431347239402948E+00 -0.1728781890585690E+03
  0.8640408341145595E+00  0.6493698338129212E+00 -0.1745095852519615E+03
  0.8558702540671204E+00  0.6555615929220400E+00 -0.1755928306485701E+03
  0.8476996741915547E+00  0.6617095879169366E+00 -0.1758251141139931E+03
  0.8395290944932369E+00  0.6678134083685102E+00 -0.1751419197657971E+03
  0.8313585149777468E+00  0.6738726467966731E+00 -0.1737450345437038E+03
  0.8231879356508802E+00  0.6798868986975534E+00 -0.1719499799262595E+03
  0.8150173565186587E+00  0.6858557625704990E+00 -0.1700167083526135E+03
  0.8068467775873427E+00  0.6917788399448808E+00 -0.1681106860190094E+03
  0.7986761988634423E+00  0.6976557354066943E+00 -0.1663429516889812E+03
  0.7905056203537315E+00  0.7034860566249567E+00 -0.1647587988792569E+03
  0.7823350420652612E+00  0.7092694143778975E+00 -0.1633338908294776E+03
  0.7741644640053743E+00  0.7150054225789432E+00 -0.1620778798649990E+03
  0.7659938861817212E+00  0.7206936983024912E+00 -0.1611224586283324E+03
  0.7578233086022768E+00  0.7263338618094733E+00 -0.1606337417860657E+03
  0.7496527312753575E+00  0.7319255365727068E+00 -0.1606051927042564E+03
  0.7414821542096410E+00  0.7374683493020299E+00 -0.1606580637201190E+03
  0.7333115774141861E+00  0.7429619299692227E+00 -0.1600170177808720E+03
  0.7251410008984539E+00  0.7484059118327094E+00 -0.1578649225225959E+03
  0.7169704246723316E+00  0.7537999314620412E+00 -0.1539301935333524E+03
  0.7087998487461566E+00  0.7591436287621580E+00 -0.1487498674131663E+03
  0.7006292731307425E+00  0.7644366469974285E+00 -0.1433153417201038E+03
  0.6924586978374083E+00  0.7696786328154644E+00 -0.1384155408772576E+03
  0.6842881228780077E+00  0.7748692362707100E+00 -0.1342140156760399E+03
  0.6761175482649616E+00  0.7800081108478040E+00 -0.1303246138471517E+03
  0.6679469740112938E+00  0.7850949134847117E+00 -0.1262256676474608E+03
  0.6597764001306670E+00  0.7901293045956280E+00 -0.1216538171521361E+03
  0.6516058266374236E+00  0.7951109480936471E+00 -0.1167510145115024E+03
  0.6434352535466297E+00  0.8000395114131988E+00 -0.1119364206890906E+03
  0.6352646808741202E+00  0.8049146655322506E+00 -0.1076288521159434E+03
  0.6270941086365502E+00  0.8097360849942720E+00 -0.1039818851293180E+03
  0.6189235368514482E+00  0.8145034479299620E+00 -0.1007476531400194E+03
  0.6107529655372755E+00  0.8192164360787360E+00 -0.9738218953240285E+02
  0.6025823947134890E+00  0.8238747348099726E+00 -0.9337426518805998E+02
  0.5944118244006098E+00  0.8284780331440178E+00 -0.8848755352180088E+02
  0.5862412546202973E+00  0.8330260237729452E+00 -0.8269256995756406E+02
  0.5780706853954301E+00  0.8375184030810715E+00 -0.7596575644194503E+02
  0.5699001167501928E+00  0.8419548711652254E+00 -0.6822458268224123E+02
  0.5617295487101719E+00  0.8463351318547683E+00 -0.5941382878593061E+02
  0.5535589813024583E+00  0.8506588927313666E+00 -0.4962815435717789E+02
  0.5453884145557613E+00  0.8549258651485127E+00 -0.3918054822136863E+02
  0.5372178485005299E+00  0.8591357642507945E+00 -0.2853099646430605E+02
  0.5290472831690897E+00  0.8632883089929120E+00 -0.1805032806405944E+02
  0.5208767185957875E+00  0.8673832221584393E+00 -0.7830679643128549E+01
  0.5127061548171545E+00  0.8714202303783312E+00  0.2231748299002974E+01
  0.5045355918720822E+00  0.8753990641491725E+00  0.1222942256369193E+02
  0.4963650298020162E+00  0.8793194578511700E+00  0.2219441478366031E+02
  0.4881944686511717E+00  0.8831811497658847E+00  0.3213489811923669E+02
  0.4800239084667671E+00  0.8869838820937034E+00  0.4201775656187590E+02
  0.4718533492992859E+00  0.8907274009710492E+00  0.5183147656703535E+02
  0.4636827912027636E+00  0.8944114564873288E+00  0.6176297501407133E+02
  0.4555122342351060E+00  0.8980358027016164E+00  0.7218004391657969E+02
  0.4473416784584431E+00  0.9016001976590722E+00  0.8327070767331750E+02
  0.4391711239395221E+00  0.9051044034070944E+00  0.9471628393851267E+02
  0.4310005707501444E+00  0.9085481860112055E+00  0.1058994452888793E+03
  0.4228300189676551E+00  0.9119313155706682E+00  0.1165045644600799E+03
  0.4146594686754885E+00  0.9152535662338340E+00  0.1268241818770573E+03
  0.4064889199637791E+00  0.9185147162132208E+00  0.1375372681985716E+03
  0.3983183729300507E+00  0.9217145478003181E+00  0.1493986414140061E+03
  0.3901478276799883E+00  0.9248528473801222E+00  0.1629798212521218E+03
  0.3819772843283120E+00  0.9279294054453956E+00  0.1782608256483203E+03
  0.3738067429997641E+00  0.9309440166106540E+00  0.1944196909894599E+03
  0.3656362038302282E+00  0.9338964796258775E+00  0.2103628107439542E+03
  0.3574656669680030E+00  0.9367865973899459E+00  0.2255914959054107E+03
  0.3492951325752533E+00  0.9396141769637963E+00  0.2404864833781960E+03
  0.3411246008296713E+00  0.9423790295833044E+00  0.2558533022009421E+03
  0.3329540719263814E+00  0.9450809706718851E+00  0.2723361202934370E+03
  0.3247835460801308E+00  0.9477198198528157E+00  0.2901091705049086E+03
  0.3166130235278230E+00  0.9502954009612771E+00  0.3089083756655260E+03
  0.3084425045314506E+00  0.9528075420561144E+00  0.3284047980658690E+03
  0.3002719893815085E+00  0.9552560754313160E+00  0.3486411396555488E+03
  0.2921014784009779E+00  0.9576408376272095E+00  0.3700376019075729E+03
  0.2839309719500016E+00  0.9599616694413742E+00  0.3929936042845782E+03
  0.2757604704313845E+00  0.9622184159392698E+00  0.4175582314752456E+03
  0.2675899742971076E+00  0.9644109264645802E+00  0.4434599014040415E+03
  0.2594194840560681E+00  0.9665390546492710E+00  0.4704515748835722E+03
  0.2512490002833307E+00  0.9686026584233628E+00  0.4986500906121620E+03
  0.2430785236312446E+00  0.9706016000244151E+00  0.5283863505370164E+03
  0.2349080548428762E+00  0.9725357460067257E+00  0.5596711683813187E+03
  0.2267375947683499E+00  0.9744049672502397E+00  0.5920358597016902E+03
  0.2185671443848464E+00  0.9762091389691724E+00  0.6249802277472037E+03
  0.2103967048212628E+00  0.9779481407203411E+00  0.6583331335152254E+03
  0.2022262773888417E+00  0.9796218564112101E+00  0.6921381006030617E+03
  0.1940558636195398E+00  0.9812301743076443E+00  0.7264067904110727E+03
  0.1858854653144977E+00  0.9827729870413743E+00  0.7610523292912859E+03
  0.1777150846058812E+00  0.9842501916171713E+00  0.7959320131357431E+03
  0.1695447240365762E+00  0.9856616894197333E+00  0.8309283499829892E+03
  0.1613743866640789E+00  0.9870073862202815E+00  0.8660931547341239E+03
  0.1532040761975885E+00  0.9882871921828699E+00  0.9018149571481739E+03
  0.1450337971813853E+00  0.9895010218704087E+00  0.9388209024513141E+03
  0.1368635552438019E+00  0.9906487942504061E+00  0.9779774958791820E+03
  0.1286933574408989E+00  0.9917304327004320E+00  0.1020006331449248E+04
  0.1205232127396896E+00  0.9927458650133153E+00  0.1065291203578615E+04
  0.1123531327118049E+00  0.9936950234020883E+00  0.1113967114808203E+04
  0.1041831325528455E+00  0.9945778445047068E+00  0.1166348545430114E+04
  0.9601323262085862E-01  0.9953942693885953E+00  0.1223327784109723E+04
  0.8784346083082471E-01  0.9961442435551087E+00  0.1286431202294207E+04
  0.7967385651719167E-01  0.9968277169440913E+00  0.1357700131274250E+04
  0.7150447693306423E-01  0.9974446439389107E+00  0.1439756274385087E+04
  0.6333540875299180E-01  0.9979949833727938E+00  0.1535976198904769E+04
  0.5516678972815772E-01  0.9984786985384589E+00  0.1650993262631548E+04
  0.4699885272846815E-01  0.9988957572063257E+00  0.1793522361039178E+04
  0.3883202470742381E-01  0.9992461316671845E+00  0.1984708257924134E+04
  0.3066718105470672E-01  0.9995297988558859E+00  0.2265982514087377E+04
  0.2250643816359393E-01  0.9997467408113523E+00  0.2676541736201485E+04
  0.1435650599352885E-01  0.9998969471378596E+00  0.3176542297296603E+04
  0.6254421014113626E-02  0.9999804411726474E+00  0.3587515907371349E+04
