# nlmax, ncor, nside =         383           1         128
  0.3135338232575680E+01 -0.9999804411726474E+00 -0.2580682690491470E-03
  0.3127236147596264E+01 -0.9998969471378596E+00 -0.2595279090868876E-03
  0.3119086215426199E+01 -0.9997467408113523E+00 -0.2622762372081489E-03
  0.3110925472535087E+01 -0.9995297988558859E+00 -0.2675650022047909E-03
  0.3102760628882369E+01 -0.9992461316671845E+00 -0.2752582186186504E-03
  0.3094593800861325E+01 -0.9988957572063257E+00 -0.2827143281115494E-03
  0.3086425863861635E+01 -0.9984786985384589E+00 -0.2876513474496496E-03
  0.3078257244836801E+01 -0.9979949833727938E+00 -0.2903159308982704E-03
  0.3070088176656729E+01 -0.9974446439389107E+00 -0.2920026507011866E-03
  0.3061918797072602E+01 -0.9968277169440913E+00 -0.2936769004143955E-03
  0.3053749192758969E+01 -0.9961442435551087E+00 -0.2948269845885559E-03
  0.3045579420968934E+01 -0.9953942693885953E+00 -0.2943204593420071E-03
  0.3037409521036948E+01 -0.9945778445047068E+00 -0.2914029068949026E-03
  0.3029239520877988E+01 -0.9936950234020883E+00 -0.2855334906125566E-03
  0.3021069440850104E+01 -0.9927458650133153E+00 -0.2778620123950003E-03
  0.3012899296148894E+01 -0.9917304327004320E+00 -0.2706959952439951E-03
  0.3004729098345992E+01 -0.9906487942504061E+00 -0.2646070352285446E-03
  0.2996558856408408E+01 -0.9895010218704087E+00 -0.2585090871271565E-03
  0.2988388577392205E+01 -0.9882871921828699E+00 -0.2520470767755331E-03
  0.2980218266925714E+01 -0.9870073862202815E+00 -0.2447763688972459E-03
  0.2972047929553217E+01 -0.9856616894197333E+00 -0.2359630850814076E-03
  0.2963877568983912E+01 -0.9842501916171713E+00 -0.2260897903964897E-03
  0.2955707188275296E+01 -0.9827729870413743E+00 -0.2168753343103365E-03
  0.2947536789970254E+01 -0.9812301743076443E+00 -0.2102090645354681E-03
  0.2939366376200951E+01 -0.9796218564112101E+00 -0.2061741209649367E-03
  0.2931195948768531E+01 -0.9779481407203411E+00 -0.2021519604149851E-03
  0.2923025509204947E+01 -0.9762091389691724E+00 -0.1958755114635686E-03
  0.2914855058821443E+01 -0.9744049672502397E+00 -0.1881301795681537E-03
  0.2906684598746917E+01 -0.9725357460067257E+00 -0.1820174980591769E-03
  0.2898514129958549E+01 -0.9706016000244151E+00 -0.1799965716512371E-03
  0.2890343653306462E+01 -0.9686026584233628E+00 -0.1817438364797239E-03
  0.2882173169533725E+01 -0.9665390546492710E+00 -0.1845688517884869E-03
  0.2874002679292686E+01 -0.9644109264645802E+00 -0.1856453013328615E-03
  0.2865832183158409E+01 -0.9622184159392698E+00 -0.1833520081084759E-03
  0.2857661681639792E+01 -0.9599616694413742E+00 -0.1775614108981989E-03
  0.2849491175188815E+01 -0.9576408376272095E+00 -0.1700189419874556E-03
  0.2841320664208285E+01 -0.9552560754313160E+00 -0.1631071394270469E-03
  0.2833150149058343E+01 -0.9528075420561144E+00 -0.1575639832576542E-03
  0.2824979630061970E+01 -0.9502954009612771E+00 -0.1522855875165498E-03
  0.2816809107509663E+01 -0.9477198198528157E+00 -0.1461051874381204E-03
  0.2808638581663412E+01 -0.9450809706718851E+00 -0.1391839747398489E-03
  0.2800468052760122E+01 -0.9423790295833044E+00 -0.1324395078203306E-03
  0.2792297521014540E+01 -0.9396141769637963E+00 -0.1264191574035048E-03
  0.2784126986621790E+01 -0.9367865973899459E+00 -0.1211383669414352E-03
  0.2775956449759565E+01 -0.9338964796258775E+00 -0.1162437478551315E-03
  0.2767785910590029E+01 -0.9309440166106540E+00 -0.1110768338606528E-03
  0.2759615369261481E+01 -0.9279294054453956E+00 -0.1050366763912885E-03
  0.2751444825909805E+01 -0.9248528473801222E+00 -0.9792122218909355E-04
  0.2743274280659743E+01 -0.9217145478003181E+00 -0.9036067963073472E-04
  0.2735103733626014E+01 -0.9185147162132208E+00 -0.8303164585056301E-04
  0.2726933184914305E+01 -0.9152535662338340E+00 -0.7605132674039569E-04
  0.2718762634622138E+01 -0.9119313155706682E+00 -0.6924592754574806E-04
  0.2710592082839649E+01 -0.9085481860112055E+00 -0.6225533344588811E-04
  0.2702421529650271E+01 -0.9051044034070944E+00 -0.5466962758674971E-04
  0.2694250975131350E+01 -0.9016001976590722E+00 -0.4635903139664916E-04
  0.2686080419354687E+01 -0.8980358027016164E+00 -0.3762787563559009E-04
  0.2677909862387029E+01 -0.8944114564873288E+00 -0.2893001885166009E-04
  0.2669739304290507E+01 -0.8907274009710492E+00 -0.2069222243039808E-04
  0.2661568745123026E+01 -0.8869838820937034E+00 -0.1372738355660960E-04
  0.2653398184938621E+01 -0.8831811497658847E+00 -0.8629336928639451E-05
  0.2645227623787777E+01 -0.8793194578511700E+00 -0.4985722770962948E-05
  0.2637057061717711E+01 -0.8753990641491725E+00 -0.2112513376982443E-05
  0.2628886498772639E+01 -0.8714202303783312E+00  0.4315857261205091E-06
  0.2620715934994006E+01 -0.8673832221584393E+00  0.3478983683529665E-05
  0.2612545370420704E+01 -0.8632883089929120E+00  0.7836111033234377E-05
  0.2604374805089263E+01 -0.8591357642507945E+00  0.1309499135433571E-04
  0.2596204239034032E+01 -0.8549258651485127E+00  0.1786373013817478E-04
  0.2588033672287335E+01 -0.8506588927313666E+00  0.2125793709887876E-04
  0.2579863104879621E+01 -0.8463351318547683E+00  0.2390489447116128E-04
  0.2571692536839600E+01 -0.8419548711652254E+00  0.2715140774627223E-04
  0.2563521968194363E+01 -0.8375184030810715E+00  0.3148318881873299E-04
  0.2555351398969496E+01 -0.8330260237729452E+00  0.3656501985619917E-04
  0.2547180829189184E+01 -0.8284780331440178E+00  0.4181205567756590E-04
  0.2539010258876304E+01 -0.8238747348099726E+00  0.4635709500823556E-04
  0.2530839688052518E+01 -0.8192164360787360E+00  0.4968529134824608E-04
  0.2522669116738345E+01 -0.8145034479299620E+00  0.5220523387634930E-04
  0.2514498544953243E+01 -0.8097360849942720E+00  0.5412022824523734E-04
  0.2506327972715673E+01 -0.8049146655322506E+00  0.5481812845945685E-04
  0.2498157400043163E+01 -0.8000395114131988E+00  0.5403343803940565E-04
  0.2489986826952370E+01 -0.7951109480936471E+00  0.5272883054927686E-04
  0.2481816253459126E+01 -0.7901293045956280E+00  0.5202005259282855E-04
  0.2473645679578500E+01 -0.7850949134847117E+00  0.5208385592869521E-04
  0.2465475105324832E+01 -0.7800081108478040E+00  0.5246250700858566E-04
  0.2457304530711785E+01 -0.7748692362707100E+00  0.5270692164739428E-04
  0.2449133955752385E+01 -0.7696786328154644E+00  0.5280458265200123E-04
  0.2440963380459050E+01 -0.7644366469974285E+00  0.5335522693256084E-04
  0.2432792804843637E+01 -0.7591436287621580E+00  0.5485933042470990E-04
  0.2424622228917462E+01 -0.7537999314620412E+00  0.5698016106036043E-04
  0.2416451652691339E+01 -0.7484059118327094E+00  0.5903323623764098E-04
  0.2408281076175607E+01 -0.7429619299692227E+00  0.6062035943761648E-04
  0.2400110499380152E+01 -0.7374683493020299E+00  0.6174621433704142E-04
  0.2391939922314436E+01 -0.7319255365727068E+00  0.6248977552513634E-04
  0.2383769344987516E+01 -0.7263338618094733E+00  0.6259665930791666E-04
  0.2375598767408072E+01 -0.7206936983024912E+00  0.6200239324289974E-04
  0.2367428189584419E+01 -0.7150054225789432E+00  0.6114885313522298E-04
  0.2359257611524532E+01 -0.7092694143778975E+00  0.6057232516421329E-04
  0.2351087033236062E+01 -0.7034860566249567E+00  0.6043506099964517E-04
  0.2342916454726351E+01 -0.6976557354066943E+00  0.6029710407526353E-04
  0.2334745876002450E+01 -0.6917788399448808E+00  0.5936509241067975E-04
  0.2326575297071134E+01 -0.6858557625704990E+00  0.5768228299364543E-04
  0.2318404717938913E+01 -0.6798868986975534E+00  0.5636912503685237E-04
  0.2310234138612046E+01 -0.6738726467966731E+00  0.5611679580102640E-04
  0.2302063559096557E+01 -0.6678134083685102E+00  0.5638953254922517E-04
  0.2293892979398239E+01 -0.6617095879169366E+00  0.5641651134419523E-04
  0.2285722399522673E+01 -0.6555615929220400E+00  0.5598460680993827E-04
  0.2277551819475234E+01 -0.6493698338129212E+00  0.5543129525243375E-04
  0.2269381239261100E+01 -0.6431347239402948E+00  0.5496649363656356E-04
  0.2261210658885265E+01 -0.6368566795488945E+00  0.5425246009479769E-04
  0.2253040078352542E+01 -0.6305361197496849E+00  0.5314395800022633E-04
  0.2244869497667577E+01 -0.6241734664918837E+00  0.5227785443930886E-04
  0.2236698916834853E+01 -0.6177691445347914E+00  0.5219010877717818E-04
  0.2228528335858699E+01 -0.6113235814194364E+00  0.5269427717706123E-04
  0.2220357754743295E+01 -0.6048372074400329E+00  0.5310017258844128E-04
  0.2212187173492683E+01 -0.5983104556152549E+00  0.5285371551416612E-04
  0.2204016592110768E+01 -0.5917437616593286E+00  0.5206112490984127E-04
  0.2195846010601326E+01 -0.5851375639529456E+00  0.5131964217708451E-04
  0.2187675428968010E+01 -0.5784923035139965E+00  0.5089004220563040E-04
  0.2179504847214357E+01 -0.5718084239681300E+00  0.5029891658352099E-04
  0.2171334265343789E+01 -0.5650863715191369E+00  0.4890513664317747E-04
  0.2163163683359622E+01 -0.5583265949191624E+00  0.4685859696807420E-04
  0.2154993101265066E+01 -0.5515295454387482E+00  0.4470828784349435E-04
  0.2146822519063234E+01 -0.5446956768367068E+00  0.4257086273485387E-04
  0.2138651936757143E+01 -0.5378254453298289E+00  0.4012107072707531E-04
  0.2130481354349721E+01 -0.5309193095624275E+00  0.3698612738335671E-04
  0.2122310771843806E+01 -0.5239777305757194E+00  0.3326452030390248E-04
  0.2114140189242155E+01 -0.5170011717770473E+00  0.2978528560856188E-04
  0.2105969606547443E+01 -0.5099900989089429E+00  0.2720567788345129E-04
  0.2097799023762269E+01 -0.5029449800180356E+00  0.2548503656694730E-04
  0.2089628440889158E+01 -0.4958662854238058E+00  0.2465991201506329E-04
  0.2081457857930564E+01 -0.4887544876871878E+00  0.2491534023019188E-04
  0.2073287274888874E+01 -0.4816100615790221E+00  0.2578762909298902E-04
  0.2065116691766407E+01 -0.4744334840483606E+00  0.2672280588686319E-04
  0.2056946108565423E+01 -0.4672252341906264E+00  0.2791211078423122E-04
  0.2048775525288118E+01 -0.4599857932156304E+00  0.2985876208471433E-04
  0.2040604941936635E+01 -0.4527156444154464E+00  0.3234454648753215E-04
  0.2032434358513056E+01 -0.4454152731321473E+00  0.3447029668376815E-04
  0.2024263775019413E+01 -0.4380851667254050E+00  0.3545121308349306E-04
  0.2016093191457685E+01 -0.4307258145399545E+00  0.3524373889196307E-04
  0.2007922607829804E+01 -0.4233377078729265E+00  0.3448450393362029E-04
  0.1999752024137653E+01 -0.4159213399410494E+00  0.3385693272286006E-04
  0.1991581440383068E+01 -0.4084772058477228E+00  0.3350980090054853E-04
  0.1983410856567843E+01 -0.4010058025499653E+00  0.3344232200522583E-04
  0.1975240272693730E+01 -0.3935076288252386E+00  0.3366718953483251E-04
  0.1967069688762441E+01 -0.3859831852381501E+00  0.3407484065728127E-04
  0.1958899104775647E+01 -0.3784329741070359E+00  0.3465215235056273E-04
  0.1950728520734982E+01 -0.3708574994704271E+00  0.3564912209233555E-04
  0.1942557936642046E+01 -0.3632572670534011E+00  0.3729323282942930E-04
  0.1934387352498403E+01 -0.3556327842338202E+00  0.3928048775822408E-04
  0.1926216768305583E+01 -0.3479845600084601E+00  0.4099763726223163E-04
  0.1918046184065086E+01 -0.3403131049590297E+00  0.4256921225895480E-04
  0.1909875599778379E+01 -0.3326189312180866E+00  0.4472440502516595E-04
  0.1901705015446901E+01 -0.3249025524348469E+00  0.4750183435565553E-04
  0.1893534431072063E+01 -0.3171644837408958E+00  0.4985191967535937E-04
  0.1885363846655247E+01 -0.3094052417157978E+00  0.5074425370957607E-04
  0.1877193262197810E+01 -0.3016253443526109E+00  0.5016530003101805E-04
  0.1869022677701083E+01 -0.2938253110233064E+00  0.4887485724713633E-04
  0.1860852093166375E+01 -0.2860056624440968E+00  0.4738740561521181E-04
  0.1852681508594969E+01 -0.2781669206406729E+00  0.4590638493678634E-04
  0.1844510923988128E+01 -0.2703096089133553E+00  0.4482766196090587E-04
  0.1836340339347093E+01 -0.2624342518021592E+00  0.4458865121549268E-04
  0.1828169754673083E+01 -0.2545413750517773E+00  0.4517334523030063E-04
  0.1819999169967299E+01 -0.2466315055764818E+00  0.4621701342998349E-04
  0.1811828585230925E+01 -0.2387051714249486E+00  0.4733475393735780E-04
  0.1803658000465123E+01 -0.2307629017450062E+00  0.4835701742235197E-04
  0.1795487415671042E+01 -0.2228052267483099E+00  0.4919478602228341E-04
  0.1787316830849811E+01 -0.2148326776749467E+00  0.4993478310332523E-04
  0.1779146246002545E+01 -0.2068457867579697E+00  0.5083915390398306E-04
  0.1770975661130345E+01 -0.1988450871878683E+00  0.5210683406588434E-04
  0.1762805076234296E+01 -0.1908311130769725E+00  0.5329902128548007E-04
  0.1754634491315471E+01 -0.1828043994237966E+00  0.5348558902690404E-04
  0.1746463906374929E+01 -0.1747654820773241E+00  0.5257804577457998E-04
  0.1738293321413718E+01 -0.1667148977012352E+00  0.5151205603227671E-04
  0.1730122736432872E+01 -0.1586531837380799E+00  0.5075907523960738E-04
  0.1721952151433418E+01 -0.1505808783733995E+00  0.4985561990253854E-04
  0.1713781566416370E+01 -0.1424985204997981E+00  0.4839379784973219E-04
  0.1705610981382731E+01 -0.1344066496809675E+00  0.4655528414396943E-04
  0.1697440396333499E+01 -0.1263058061156663E+00  0.4452302121040316E-04
  0.1689269811269659E+01 -0.1181965306016578E+00  0.4211589306703368E-04
  0.1681099226192191E+01 -0.1100793644996070E+00  0.3934120932733638E-04
  0.1672928641102067E+01 -0.1019548496969404E+00  0.3670542354344709E-04
  0.1664758056000250E+01 -0.9382352857167028E-01  0.3485350372645179E-04
  0.1656587470887701E+01 -0.8568594395618719E-01  0.3420244300119458E-04
  0.1648416885765370E+01 -0.7754263910102077E-01  0.3455362626991420E-04
  0.1640246300634206E+01 -0.6939415763857371E-01  0.3523969897799605E-04
  0.1632075715495151E+01 -0.6124104354682962E-01  0.3570636323262073E-04
  0.1623905130349143E+01 -0.5308384111303818E-01  0.3567940552153617E-04
  0.1615734545197117E+01 -0.4492309489737940E-01  0.3503622907961085E-04
  0.1607563960040004E+01 -0.3675934969660982E-01  0.3373775784091369E-04
  0.1599393374878733E+01 -0.2859315050769285E-01  0.3191062532842934E-04
  0.1591222789714229E+01 -0.2042504249141571E-01  0.3021768215068444E-04
  0.1583052204547419E+01 -0.1225557093599554E-01  0.2935280167163924E-04
  0.1574881619379224E+01 -0.4085281220676868E-02  0.2914337652654549E-04
  0.1566711034210569E+01  0.4085281220676868E-02  0.2873108417743373E-04
  0.1558540449042374E+01  0.1225557093599554E-01  0.2766860724520446E-04
  0.1550369863875564E+01  0.2042504249141571E-01  0.2593750884493697E-04
  0.1542199278711061E+01  0.2859315050769285E-01  0.2349460504560473E-04
  0.1534028693549790E+01  0.3675934969660982E-01  0.2036845714820857E-04
  0.1525858108392677E+01  0.4492309489737940E-01  0.1676299924526002E-04
  0.1517687523240650E+01  0.5308384111303818E-01  0.1284010522635713E-04
  0.1509516938094642E+01  0.6124104354682962E-01  0.8861246732741474E-05
  0.1501346352955587E+01  0.6939415763857371E-01  0.5181115908351287E-05
  0.1493175767824423E+01  0.7754263910102077E-01  0.2143436987561590E-05
  0.1485005182702093E+01  0.8568594395618719E-01  0.1221539288050648E-06
  0.1476834597589543E+01  0.9382352857167028E-01 -0.7184793546096609E-06
  0.1468664012487727E+01  0.1019548496969404E+00 -0.1016566810879793E-05
  0.1460493427397602E+01  0.1100793644996070E+00 -0.1940214801765980E-05
  0.1452322842320134E+01  0.1181965306016578E+00 -0.4013821101622323E-05
  0.1444152257256294E+01  0.1263058061156663E+00 -0.6726386943841134E-05
  0.1435981672207062E+01  0.1344066496809675E+00 -0.9358349408651563E-05
  0.1427811087173423E+01  0.1424985204997981E+00 -0.1134262383861245E-04
  0.1419640502156375E+01  0.1505808783733995E+00 -0.1217417115706204E-04
  0.1411469917156921E+01  0.1586531837380799E+00 -0.1165284100922666E-04
  0.1403299332176076E+01  0.1667148977012352E+00 -0.1024722226710213E-04
  0.1395128747214864E+01  0.1747654820773241E+00 -0.8788716117797634E-05
  0.1386958162274323E+01  0.1828043994237966E+00 -0.8074474090028104E-05
  0.1378787577355497E+01  0.1908311130769725E+00 -0.8465268572041003E-05
  0.1370616992459449E+01  0.1988450871878683E+00 -0.9597206704593678E-05
  0.1362446407587248E+01  0.2068457867579697E+00 -0.1082909230863608E-04
  0.1354275822739983E+01  0.2148326776749467E+00 -0.1205160933528000E-04
  0.1346105237918751E+01  0.2228052267483099E+00 -0.1357884424361514E-04
  0.1337934653124670E+01  0.2307629017450062E+00 -0.1561747349720425E-04
  0.1329764068358868E+01  0.2387051714249486E+00 -0.1783126601614003E-04
  0.1321593483622494E+01  0.2466315055764818E+00 -0.1942004599271397E-04
  0.1313422898916710E+01  0.2545413750517773E+00 -0.2010007941232149E-04
  0.1305252314242701E+01  0.2624342518021592E+00 -0.2087422600153353E-04
  0.1297081729601665E+01  0.2703096089133553E+00 -0.2295312222102996E-04
  0.1288911144994824E+01  0.2781669206406729E+00 -0.2641457414402414E-04
  0.1280740560423418E+01  0.2860056624440968E+00 -0.3028242426784468E-04
  0.1272569975888710E+01  0.2938253110233064E+00 -0.3360466559869777E-04
  0.1264399391391984E+01  0.3016253443526109E+00 -0.3569626850005334E-04
  0.1256228806934547E+01  0.3094052417157978E+00 -0.3632680829361036E-04
  0.1248058222517730E+01  0.3171644837408958E+00 -0.3610331184490757E-04
  0.1239887638142892E+01  0.3249025524348469E+00 -0.3623665074745216E-04
  0.1231717053811414E+01  0.3326189312180866E+00 -0.3749112429782628E-04
  0.1223546469524707E+01  0.3403131049590297E+00 -0.3976306942009862E-04
  0.1215375885284210E+01  0.3479845600084601E+00 -0.4238144101728381E-04
  0.1207205301091390E+01  0.3556327842338202E+00 -0.4480907357494470E-04
  0.1199034716947747E+01  0.3632572670534011E+00 -0.4731406891107858E-04
  0.1190864132854811E+01  0.3708574994704271E+00 -0.5062300956311754E-04
  0.1182693548814147E+01  0.3784329741070359E+00 -0.5449006482428060E-04
  0.1174522964827352E+01  0.3859831852381501E+00 -0.5806790900882080E-04
  0.1166352380896063E+01  0.3935076288252386E+00 -0.6106397962310442E-04
  0.1158181797021950E+01  0.4010058025499653E+00 -0.6376665261141254E-04
  0.1150011213206726E+01  0.4084772058477228E+00 -0.6642717188392758E-04
  0.1141840629452141E+01  0.4159213399410494E+00 -0.6909924107469081E-04
  0.1133670045759989E+01  0.4233377078729265E+00 -0.7176508498021994E-04
  0.1125499462132108E+01  0.4307258145399545E+00 -0.7446917495853084E-04
  0.1117328878570381E+01  0.4380851667254050E+00 -0.7713316627961355E-04
  0.1109158295076737E+01  0.4454152731321473E+00 -0.7995472292416016E-04
  0.1100987711653159E+01  0.4527156444154464E+00 -0.8327641134386196E-04
  0.1092817128301675E+01  0.4599857932156304E+00 -0.8737140997552502E-04
  0.1084646545024371E+01  0.4672252341906264E+00 -0.9255010028965002E-04
  0.1076475961823386E+01  0.4744334840483606E+00 -0.9870319416706638E-04
  0.1068305378700920E+01  0.4816100615790221E+00 -0.1045929223444816E-03
  0.1060134795659229E+01  0.4887544876871878E+00 -0.1089006665079914E-03
  0.1051964212700635E+01  0.4958662854238058E+00 -0.1114385053321012E-03
  0.1043793629827524E+01  0.5029449800180356E+00 -0.1128817448046724E-03
  0.1035623047042350E+01  0.5099900989089429E+00 -0.1139160144020456E-03
  0.1027452464347638E+01  0.5170011717770473E+00 -0.1153636371617871E-03
  0.1019281881745987E+01  0.5239777305757194E+00 -0.1180229472681125E-03
  0.1011111299240073E+01  0.5309193095624275E+00 -0.1218298691920705E-03
  0.1002940716832650E+01  0.5378254453298289E+00 -0.1257213346846676E-03
  0.9947701345265596E+00  0.5446956768367068E+00 -0.1293030394728282E-03
  0.9865995523247275E+00  0.5515295454387482E+00 -0.1332064250124941E-03
  0.9784289702301714E+00  0.5583265949191624E+00 -0.1378583792922816E-03
  0.9702583882460036E+00  0.5650863715191369E+00 -0.1427036021877015E-03
  0.9620878063754359E+00  0.5718084239681300E+00 -0.1467988828110611E-03
  0.9539172246217830E+00  0.5784923035139965E+00 -0.1498065167103062E-03
  0.9457466429884676E+00  0.5851375639529456E+00 -0.1521964373306502E-03
  0.9375760614790253E+00  0.5917437616593286E+00 -0.1541662515582329E-03
  0.9294054800971098E+00  0.5983104556152549E+00 -0.1557286095807435E-03
  0.9212348988464978E+00  0.6048372074400329E+00 -0.1575897619447552E-03
  0.9130643177310944E+00  0.6113235814194364E+00 -0.1608279065405636E-03
  0.9048937367549402E+00  0.6177691445347914E+00 -0.1651166544429402E-03
  0.8967231559222163E+00  0.6241734664918837E+00 -0.1688477811677833E-03
  0.8885525752372514E+00  0.6305361197496849E+00 -0.1711011501670096E-03
  0.8803819947045285E+00  0.6368566795488945E+00 -0.1725352055591855E-03
  0.8722114143286931E+00  0.6431347239402948E+00 -0.1741725886172755E-03
  0.8640408341145595E+00  0.6493698338129212E+00 -0.1762219031573027E-03
  0.8558702540671204E+00  0.6555615929220400E+00 -0.1779544116208930E-03
  0.8476996741915547E+00  0.6617095879169366E+00 -0.1787155703913630E-03
  0.8395290944932369E+00  0.6678134083685102E+00 -0.1782768838754413E-03
  0.8313585149777468E+00  0.6738726467966731E+00 -0.1770255672462410E-03
  0.8231879356508802E+00  0.6798868986975534E+00 -0.1754099524902457E-03
  0.8150173565186587E+00  0.6858557625704990E+00 -0.1735898659316329E-03
  0.8068467775873427E+00  0.6917788399448808E+00 -0.1716530554213477E-03
  0.7986761988634423E+00  0.6976557354066943E+00 -0.1699474496347390E-03
  0.7905056203537315E+00  0.7034860566249567E+00 -0.1686430512383889E-03
  0.7823350420652612E+00  0.7092694143778975E+00 -0.1675628049127434E-03
  0.7741644640053743E+00  0.7150054225789432E+00 -0.1663171150401862E-03
  0.7659938861817212E+00  0.7206936983024912E+00 -0.1651102476916995E-03
  0.7578233086022768E+00  0.7263338618094733E+00 -0.1645582024342427E-03
  0.7496527312753575E+00  0.7319255365727068E+00 -0.1650777132852292E-03
  0.7414821542096410E+00  0.7374683493020299E+00 -0.1662926230478692E-03
  0.7333115774141861E+00  0.7429619299692227E+00 -0.1668860860440225E-03
  0.7251410008984539E+00  0.7484059118327094E+00 -0.1652772098932349E-03
  0.7169704246723316E+00  0.7537999314620412E+00 -0.1612009399587121E-03
  0.7087998487461566E+00  0.7591436287621580E+00 -0.1555651985121844E-03
  0.7006292731307425E+00  0.7644366469974285E+00 -0.1496599409742376E-03
  0.6924586978374083E+00  0.7696786328154644E+00 -0.1445140202631196E-03
  0.6842881228780077E+00  0.7748692362707100E+00 -0.1404219706752804E-03
  0.6761175482649616E+00  0.7800081108478040E+00 -0.1367155476211510E-03
  0.6679469740112938E+00  0.7850949134847117E+00 -0.1327635836128867E-03
  0.6597764001306670E+00  0.7901293045956280E+00 -0.1283042654706237E-03
  0.6516058266374236E+00  0.7951109480936471E+00 -0.1236954370328131E-03
  0.6434352535466297E+00  0.8000395114131988E+00 -0.1194804851853556E-03
  0.6352646808741202E+00  0.8049146655322506E+00 -0.1159458704683267E-03
  0.6270941086365502E+00  0.8097360849942720E+00 -0.1131275350673329E-03
  0.6189235368514482E+00  0.8145034479299620E+00 -0.1109477313437286E-03
  0.6107529655372755E+00  0.8192164360787360E+00 -0.1086431747386613E-03
  0.6025823947134890E+00  0.8238747348099726E+00 -0.1055177019027594E-03
  0.5944118244006098E+00  0.8284780331440178E+00 -0.1015056371289564E-03
  0.5862412546202973E+00  0.8330260237729452E+00 -0.9686847543201871E-04
  0.5780706853954301E+00  0.8375184030810715E+00 -0.9116725838613636E-04
  0.5699001167501928E+00  0.8419548711652254E+00 -0.8376087849346902E-04
  0.5617295487101719E+00  0.8463351318547683E+00 -0.7455783455869918E-04
  0.5535589813024583E+00  0.8506588927313666E+00 -0.6423910037467846E-04
  0.5453884145557613E+00  0.8549258651485127E+00 -0.5337519139042753E-04
  0.5372178485005299E+00  0.8591357642507945E+00 -0.4255696314505737E-04
  0.5290472831690897E+00  0.8632883089929120E+00 -0.3236056774802825E-04
  0.5208767185957875E+00  0.8673832221584393E+00 -0.2282305392470932E-04
  0.5127061548171545E+00  0.8714202303783312E+00 -0.1312988002817494E-04
  0.5045355918720822E+00  0.8753990641491725E+00 -0.3066148880217499E-05
  0.4963650298020162E+00  0.8793194578511700E+00  0.7146377385737405E-05
  0.4881944686511717E+00  0.8831811497658847E+00  0.1756218078904891E-04
  0.4800239084667671E+00  0.8869838820937034E+00  0.2825815129064362E-04
  0.4718533492992859E+00  0.8907274009710492E+00  0.3874847485340557E-04
  0.4636827912027636E+00  0.8944114564873288E+00  0.4892729975816675E-04
  0.4555122342351060E+00  0.8980358027016164E+00  0.5961557443826429E-04
  0.4473416784584431E+00  0.9016001976590722E+00  0.7170908239329785E-04
  0.4391711239395221E+00  0.9051044034070944E+00  0.8438478446794138E-04
  0.4310005707501444E+00  0.9085481860112055E+00  0.9611301100661926E-04
  0.4228300189676551E+00  0.9119313155706682E+00  0.1063726391307146E-03
  0.4146594686754885E+00  0.9152535662338340E+00  0.1160943418929866E-03
  0.4064889199637791E+00  0.9185147162132208E+00  0.1260844155501491E-03
  0.3983183729300507E+00  0.9217145478003181E+00  0.1370915459406853E-03
  0.3901478276799883E+00  0.9248528473801222E+00  0.1500726002995934E-03
  0.3819772843283120E+00  0.9279294054453956E+00  0.1656760595701079E-03
  0.3738067429997641E+00  0.9309440166106540E+00  0.1826383220957233E-03
  0.3656362038302282E+00  0.9338964796258775E+00  0.1991620846279732E-03
  0.3574656669680030E+00  0.9367865973899459E+00  0.2145178602606037E-03
  0.3492951325752533E+00  0.9396141769637963E+00  0.2294641984182093E-03
  0.3411246008296713E+00  0.9423790295833044E+00  0.2448008409305039E-03
  0.3329540719263814E+00  0.9450809706718851E+00  0.2613534109831989E-03
  0.3247835460801308E+00  0.9477198198528157E+00  0.2792833379266006E-03
  0.3166130235278230E+00  0.9502954009612771E+00  0.2981977017146804E-03
  0.3084425045314506E+00  0.9528075420561144E+00  0.3175984087111776E-03
  0.3002719893815085E+00  0.9552560754313160E+00  0.3378956965086048E-03
  0.2921014784009779E+00  0.9576408376272095E+00  0.3592629190001585E-03
  0.2839309719500016E+00  0.9599616694413742E+00  0.3819228479974105E-03
  0.2757604704313845E+00  0.9622184159392698E+00  0.4060472351616574E-03
  0.2675899742971076E+00  0.9644109264645802E+00  0.4317643634727604E-03
  0.2594194840560681E+00  0.9665390546492710E+00  0.4587077167121840E-03
  0.2512490002833307E+00  0.9686026584233628E+00  0.4870924605901823E-03
  0.2430785236312446E+00  0.9706016000244151E+00  0.5171075893273280E-03
  0.2349080548428762E+00  0.9725357460067257E+00  0.5490549291152764E-03
  0.2267375947683499E+00  0.9744049672502397E+00  0.5820630720434859E-03
  0.2185671443848464E+00  0.9762091389691724E+00  0.6153139172393305E-03
  0.2103967048212628E+00  0.9779481407203411E+00  0.6486927638070726E-03
  0.2022262773888417E+00  0.9796218564112101E+00  0.6827956163381069E-03
  0.1940558636195398E+00  0.9812301743076443E+00  0.7175157015413697E-03
  0.1858854653144977E+00  0.9827729870413743E+00  0.7528047066920866E-03
  0.1777150846058812E+00  0.9842501916171713E+00  0.7881559207460891E-03
  0.1695447240365762E+00  0.9856616894197333E+00  0.8235344222899356E-03
  0.1613743866640789E+00  0.9870073862202815E+00  0.8587102414803570E-03
  0.1532040761975885E+00  0.9882871921828699E+00  0.8945281411264172E-03
  0.1450337971813853E+00  0.9895010218704087E+00  0.9317630628799451E-03
  0.1368635552438019E+00  0.9906487942504061E+00  0.9717560435746101E-03
  0.1286933574408989E+00  0.9917304327004320E+00  0.1014860378723499E-02
  0.1205232127396896E+00  0.9927458650133153E+00  0.1061601820573092E-02
  0.1123531327118049E+00  0.9936950234020883E+00  0.1111509447462247E-02
  0.1041831325528455E+00  0.9945778445047068E+00  0.1164904185696304E-02
  0.9601323262085862E-01  0.9953942693885953E+00  0.1221997291744173E-02
  0.8784346083082471E-01  0.9961442435551087E+00  0.1285259026657566E-02
  0.7967385651719167E-01  0.9968277169440913E+00  0.1356990641388091E-02
  0.7150447693306423E-01  0.9974446439389107E+00  0.1440436050819064E-02
  0.6333540875299180E-01  0.9979949833727938E+00  0.1537646210559143E-02
  0.5516678972815772E-01  0.9984786985384589E+00  0.1652840922009322E-02
  0.4699885272846815E-01  0.9988957572063257E+00  0.1789843939353648E-02
  0.3883202470742381E-01  0.9992461316671845E+00  0.1961066013333935E-02
  0.3066718105470672E-01  0.9995297988558859E+00  0.2211894165015998E-02
  0.2250643816359393E-01  0.9997467408113523E+00  0.2668915634927567E-02
  0.1435650599352885E-01  0.9998969471378596E+00  0.3422806024723521E-02
  0.6254421014113626E-02  0.9999804411726474E+00  0.4210750943064030E-02
