# nlmax, ncor, nside =         383           1         128
  0.3135338232575680E+01 -0.9999804411726474E+00 -0.1534957873735870E+03
  0.3127236147596264E+01 -0.9998969471378596E+00 -0.1517813498688548E+03
  0.3119086215426199E+01 -0.9997467408113523E+00 -0.1502539969752463E+03
  0.3110925472535087E+01 -0.9995297988558859E+00 -0.1502273943767609E+03
  0.3102760628882369E+01 -0.9992461316671845E+00 -0.1518318730479153E+03
  0.3094593800861325E+01 -0.9988957572063257E+00 -0.1551053194178504E+03
  0.3086425863861635E+01 -0.9984786985384589E+00 -0.1596418562717269E+03
  0.3078257244836801E+01 -0.9979949833727938E+00 -0.1643232149490417E+03
  0.3070088176656729E+01 -0.9974446439389107E+00 -0.1681631520385434E+03
  0.3061918797072602E+01 -0.9968277169440913E+00 -0.1697018237007111E+03
  0.3053749192758969E+01 -0.9961442435551087E+00 -0.1682999313932185E+03
  0.3045579420968934E+01 -0.9953942693885953E+00 -0.1634496814830071E+03
  0.3037409521036948E+01 -0.9945778445047068E+00 -0.1552822605505626E+03
  0.3029239520877988E+01 -0.9936950234020883E+00 -0.1447899896851671E+03
  0.3021069440850104E+01 -0.9927458650133153E+00 -0.1335706957799417E+03
  0.3012899296148894E+01 -0.9917304327004320E+00 -0.1228725913866338E+03
  0.3004729098345992E+01 -0.9906487942504061E+00 -0.1131883533900364E+03
  0.2996558856408408E+01 -0.9895010218704087E+00 -0.1040935506383276E+03
  0.2988388577392205E+01 -0.9882871921828699E+00 -0.9478091779946043E+02
  0.2980218266925714E+01 -0.9870073862202815E+00 -0.8466275513612749E+02
  0.2972047929553217E+01 -0.9856616894197333E+00 -0.7415464117818451E+02
  0.2963877568983912E+01 -0.9842501916171713E+00 -0.6405553105812555E+02
  0.2955707188275296E+01 -0.9827729870413743E+00 -0.5496770607672646E+02
  0.2947536789970254E+01 -0.9812301743076443E+00 -0.4687417672355994E+02
  0.2939366376200951E+01 -0.9796218564112101E+00 -0.3912339697795365E+02
  0.2931195948768531E+01 -0.9779481407203411E+00 -0.3055328670282721E+02
  0.2923025509204947E+01 -0.9762091389691724E+00 -0.2070320158926302E+02
  0.2914855058821443E+01 -0.9744049672502397E+00 -0.1072116838492605E+02
  0.2906684598746917E+01 -0.9725357460067257E+00 -0.2925652773636102E+01
  0.2898514129958549E+01 -0.9706016000244151E+00  0.9667390176242440E+00
  0.2890343653306462E+01 -0.9686026584233628E+00  0.1224739104232341E+01
  0.2882173169533725E+01 -0.9665390546492710E+00 -0.4812816172347874E-01
  0.2874002679292686E+01 -0.9644109264645802E+00 -0.5699349156133541E+00
  0.2865832183158409E+01 -0.9622184159392698E+00  0.1200796474501929E+01
  0.2857661681639792E+01 -0.9599616694413742E+00  0.5333645322739219E+01
  0.2849491175188815E+01 -0.9576408376272095E+00  0.1080154642985902E+02
  0.2841320664208285E+01 -0.9552560754313160E+00  0.1622086672479505E+02
  0.2833150149058343E+01 -0.9528075420561144E+00  0.2065453149316371E+02
  0.2824979630061970E+01 -0.9502954009612771E+00  0.2388774850031334E+02
  0.2816809107509663E+01 -0.9477198198528157E+00  0.2610285614255896E+02
  0.2808638581663412E+01 -0.9450809706718851E+00  0.2735631155749770E+02
  0.2800468052760122E+01 -0.9423790295833044E+00  0.2727117347309403E+02
  0.2792297521014540E+01 -0.9396141769637963E+00  0.2574434341985206E+02
  0.2784126986621790E+01 -0.9367865973899459E+00  0.2370615365580689E+02
  0.2775956449759565E+01 -0.9338964796258775E+00  0.2255706752773317E+02
  0.2767785910590029E+01 -0.9309440166106540E+00  0.2310061702207369E+02
  0.2759615369261481E+01 -0.9279294054453956E+00  0.2501726320868997E+02
  0.2751444825909805E+01 -0.9248528473801222E+00  0.2738256681463083E+02
  0.2743274280659743E+01 -0.9217145478003181E+00  0.2931337937000379E+02
  0.2735103733626014E+01 -0.9185147162132208E+00  0.3050986431984051E+02
  0.2726933184914305E+01 -0.9152535662338340E+00  0.3117905639632552E+02
  0.2718762634622138E+01 -0.9119313155706682E+00  0.3187076589249495E+02
  0.2710592082839649E+01 -0.9085481860112055E+00  0.3287887055810242E+02
  0.2702421529650271E+01 -0.9051044034070944E+00  0.3432271023927895E+02
  0.2694250975131350E+01 -0.9016001976590722E+00  0.3619788593631431E+02
  0.2686080419354687E+01 -0.8980358027016164E+00  0.3848276240337699E+02
  0.2677909862387029E+01 -0.8944114564873288E+00  0.4109183418414726E+02
  0.2669739304290507E+01 -0.8907274009710492E+00  0.4357379950287935E+02
  0.2661568745123026E+01 -0.8869838820937034E+00  0.4528407296387713E+02
  0.2653398184938621E+01 -0.8831811497658847E+00  0.4584966100884690E+02
  0.2645227623787777E+01 -0.8793194578511700E+00  0.4528882930504260E+02
  0.2637057061717711E+01 -0.8753990641491725E+00  0.4386717740021633E+02
  0.2628886498772639E+01 -0.8714202303783312E+00  0.4192135109290967E+02
  0.2620715934994006E+01 -0.8673832221584393E+00  0.4003974662971735E+02
  0.2612545370420704E+01 -0.8632883089929120E+00  0.3870611471433693E+02
  0.2604374805089263E+01 -0.8591357642507945E+00  0.3793125147114222E+02
  0.2596204239034032E+01 -0.8549258651485127E+00  0.3709406909030398E+02
  0.2588033672287335E+01 -0.8506588927313666E+00  0.3572634863695539E+02
  0.2579863104879621E+01 -0.8463351318547683E+00  0.3404654187846228E+02
  0.2571692536839600E+01 -0.8419548711652254E+00  0.3321179966143917E+02
  0.2563521968194363E+01 -0.8375184030810715E+00  0.3388514104555640E+02
  0.2555351398969496E+01 -0.8330260237729452E+00  0.3550849710150252E+02
  0.2547180829189184E+01 -0.8284780331440178E+00  0.3692310976434602E+02
  0.2539010258876304E+01 -0.8238747348099726E+00  0.3722797053404604E+02
  0.2530839688052518E+01 -0.8192164360787360E+00  0.3624149524071902E+02
  0.2522669116738345E+01 -0.8145034479299620E+00  0.3421370435870821E+02
  0.2514498544953243E+01 -0.8097360849942720E+00  0.3124390286329728E+02
  0.2506327972715673E+01 -0.8049146655322506E+00  0.2729994303246178E+02
  0.2498157400043163E+01 -0.8000395114131988E+00  0.2247310032252182E+02
  0.2489986826952370E+01 -0.7951109480936471E+00  0.1742540053914022E+02
  0.2481816253459126E+01 -0.7901293045956280E+00  0.1302455531161508E+02
  0.2473645679578500E+01 -0.7850949134847117E+00  0.9619544736550061E+01
  0.2465475105324832E+01 -0.7800081108478040E+00  0.6954455793329971E+01
  0.2457304530711785E+01 -0.7748692362707100E+00  0.4791406574049344E+01
  0.2449133955752385E+01 -0.7696786328154644E+00  0.3191230591753836E+01
  0.2440963380459050E+01 -0.7644366469974285E+00  0.2682835664439659E+01
  0.2432792804843637E+01 -0.7591436287621580E+00  0.3760307534708134E+01
  0.2424622228917462E+01 -0.7537999314620412E+00  0.6353074562561084E+01
  0.2416451652691339E+01 -0.7484059118327094E+00  0.9513167759202279E+01
  0.2408281076175607E+01 -0.7429619299692227E+00  0.1233057322693647E+02
  0.2400110499380152E+01 -0.7374683493020299E+00  0.1424455994493871E+02
  0.2391939922314436E+01 -0.7319255365727068E+00  0.1520141718044915E+02
  0.2383769344987516E+01 -0.7263338618094733E+00  0.1546328186125304E+02
  0.2375598767408072E+01 -0.7206936983024912E+00  0.1533829558350920E+02
  0.2367428189584419E+01 -0.7150054225789432E+00  0.1511521643976693E+02
  0.2359257611524532E+01 -0.7092694143778975E+00  0.1500007208577981E+02
  0.2351087033236062E+01 -0.7034860566249567E+00  0.1495367649203392E+02
  0.2342916454726351E+01 -0.6976557354066943E+00  0.1481440986693334E+02
  0.2334745876002450E+01 -0.6917788399448808E+00  0.1451968514445302E+02
  0.2326575297071134E+01 -0.6858557625704990E+00  0.1456774948868171E+02
  0.2318404717938913E+01 -0.6798868986975534E+00  0.1553311677558493E+02
  0.2310234138612046E+01 -0.6738726467966731E+00  0.1753752919948528E+02
  0.2302063559096557E+01 -0.6678134083685102E+00  0.2009279302155472E+02
  0.2293892979398239E+01 -0.6617095879169366E+00  0.2251053981422506E+02
  0.2285722399522673E+01 -0.6555615929220400E+00  0.2443944148097339E+02
  0.2277551819475234E+01 -0.6493698338129212E+00  0.2577022213850180E+02
  0.2269381239261100E+01 -0.6431347239402948E+00  0.2622091048949655E+02
  0.2261210658885265E+01 -0.6368566795488945E+00  0.2576588339291841E+02
  0.2253040078352542E+01 -0.6305361197496849E+00  0.2492053868673978E+02
  0.2244869497667577E+01 -0.6241734664918837E+00  0.2450479422150379E+02
  0.2236698916834853E+01 -0.6177691445347914E+00  0.2506536893391072E+02
  0.2228528335858699E+01 -0.6113235814194364E+00  0.2643025232183508E+02
  0.2220357754743295E+01 -0.6048372074400329E+00  0.2770836679121999E+02
  0.2212187173492683E+01 -0.5983104556152549E+00  0.2805050474828334E+02
  0.2204016592110768E+01 -0.5917437616593286E+00  0.2752439102528286E+02
  0.2195846010601326E+01 -0.5851375639529456E+00  0.2704875293477151E+02
  0.2187675428968010E+01 -0.5784923035139965E+00  0.2715798865026563E+02
  0.2179504847214357E+01 -0.5718084239681300E+00  0.2747496379639120E+02
  0.2171334265343789E+01 -0.5650863715191369E+00  0.2723060922625169E+02
  0.2163163683359622E+01 -0.5583265949191624E+00  0.2617633451031215E+02
  0.2154993101265066E+01 -0.5515295454387482E+00  0.2444665546686820E+02
  0.2146822519063234E+01 -0.5446956768367068E+00  0.2237132055624499E+02
  0.2138651936757143E+01 -0.5378254453298289E+00  0.1977877176240612E+02
  0.2130481354349721E+01 -0.5309193095624275E+00  0.1617892762603704E+02
  0.2122310771843806E+01 -0.5239777305757194E+00  0.1120175906674235E+02
  0.2114140189242155E+01 -0.5170011717770473E+00  0.5147293420716017E+01
  0.2105969606547443E+01 -0.5099900989089429E+00 -0.1382335504350463E+01
  0.2097799023762269E+01 -0.5029449800180356E+00 -0.7711872174011734E+01
  0.2089628440889158E+01 -0.4958662854238058E+00 -0.1322470491862994E+02
  0.2081457857930564E+01 -0.4887544876871878E+00 -0.1746278186915304E+02
  0.2073287274888874E+01 -0.4816100615790221E+00 -0.2045928191074591E+02
  0.2065116691766407E+01 -0.4744334840483606E+00 -0.2270434468427680E+02
  0.2056946108565423E+01 -0.4672252341906264E+00 -0.2450921342959152E+02
  0.2048775525288118E+01 -0.4599857932156304E+00 -0.2573585997376327E+02
  0.2040604941936635E+01 -0.4527156444154464E+00 -0.2652559576216871E+02
  0.2032434358513056E+01 -0.4454152731321473E+00 -0.2740752708733203E+02
  0.2024263775019413E+01 -0.4380851667254050E+00 -0.2889343943110133E+02
  0.2016093191457685E+01 -0.4307258145399545E+00 -0.3079049646513879E+02
  0.2007922607829804E+01 -0.4233377078729265E+00 -0.3269596623350008E+02
  0.1999752024137653E+01 -0.4159213399410494E+00 -0.3435914122585289E+02
  0.1991581440383068E+01 -0.4084772058477228E+00 -0.3581106076221300E+02
  0.1983410856567843E+01 -0.4010058025499653E+00 -0.3700365588096026E+02
  0.1975240272693730E+01 -0.3935076288252386E+00 -0.3780766809920721E+02
  0.1967069688762441E+01 -0.3859831852381501E+00 -0.3821895769490929E+02
  0.1958899104775647E+01 -0.3784329741070359E+00 -0.3845202113209669E+02
  0.1950728520734982E+01 -0.3708574994704271E+00 -0.3842328995604223E+02
  0.1942557936642046E+01 -0.3632572670534011E+00 -0.3779452151942260E+02
  0.1934387352498403E+01 -0.3556327842338202E+00 -0.3633604233388374E+02
  0.1926216768305583E+01 -0.3479845600084601E+00 -0.3397082319169388E+02
  0.1918046184065086E+01 -0.3403131049590297E+00 -0.3097266493050423E+02
  0.1909875599778379E+01 -0.3326189312180866E+00 -0.2776953453092217E+02
  0.1901705015446901E+01 -0.3249025524348469E+00 -0.2484407598972599E+02
  0.1893534431072063E+01 -0.3171644837408958E+00 -0.2276074021863167E+02
  0.1885363846655247E+01 -0.3094052417157978E+00 -0.2152435009573850E+02
  0.1877193262197810E+01 -0.3016253443526109E+00 -0.2074725635778658E+02
  0.1869022677701083E+01 -0.2938253110233064E+00 -0.1994635545047860E+02
  0.1860852093166375E+01 -0.2860056624440968E+00 -0.1890838401815915E+02
  0.1852681508594969E+01 -0.2781669206406729E+00 -0.1773805755675847E+02
  0.1844510923988128E+01 -0.2703096089133553E+00 -0.1641070503579333E+02
  0.1836340339347093E+01 -0.2624342518021592E+00 -0.1466953441140063E+02
  0.1828169754673083E+01 -0.2545413750517773E+00 -0.1253787712044086E+02
  0.1819999169967299E+01 -0.2466315055764818E+00 -0.1030592865335415E+02
  0.1811828585230925E+01 -0.2387051714249486E+00 -0.8504179905790144E+01
  0.1803658000465123E+01 -0.2307629017450062E+00 -0.7335450324229742E+01
  0.1795487415671042E+01 -0.2228052267483099E+00 -0.6427046714697330E+01
  0.1787316830849811E+01 -0.2148326776749467E+00 -0.5207970706252270E+01
  0.1779146246002545E+01 -0.2068457867579697E+00 -0.3331992745541687E+01
  0.1770975661130345E+01 -0.1988450871878683E+00 -0.7234217312001766E+00
  0.1762805076234296E+01 -0.1908311130769725E+00  0.2393072538220053E+01
  0.1754634491315471E+01 -0.1828043994237966E+00  0.5606239698173844E+01
  0.1746463906374929E+01 -0.1747654820773241E+00  0.8443722044864524E+01
  0.1738293321413718E+01 -0.1667148977012352E+00  0.1083033924903294E+02
  0.1730122736432872E+01 -0.1586531837380799E+00  0.1295278345225473E+02
  0.1721952151433418E+01 -0.1505808783733995E+00  0.1519171028699364E+02
  0.1713781566416370E+01 -0.1424985204997981E+00  0.1757868482226785E+02
  0.1705610981382731E+01 -0.1344066496809675E+00  0.1978394555758303E+02
  0.1697440396333499E+01 -0.1263058061156663E+00  0.2138248930964890E+02
  0.1689269811269659E+01 -0.1181965306016578E+00  0.2217522791846183E+02
  0.1681099226192191E+01 -0.1100793644996070E+00  0.2234598263137284E+02
  0.1672928641102067E+01 -0.1019548496969404E+00  0.2260153556813112E+02
  0.1664758056000250E+01 -0.9382352857167028E-01  0.2370658227648269E+02
  0.1656587470887701E+01 -0.8568594395618719E-01  0.2599687357230082E+02
  0.1648416885765370E+01 -0.7754263910102077E-01  0.2923170437886044E+02
  0.1640246300634206E+01 -0.6939415763857371E-01  0.3280939586464133E+02
  0.1632075715495151E+01 -0.6124104354682962E-01  0.3589947298769642E+02
  0.1623905130349143E+01 -0.5308384111303818E-01  0.3788975183467323E+02
  0.1615734545197117E+01 -0.4492309489737940E-01  0.3850366431950501E+02
  0.1607563960040004E+01 -0.3675934969660982E-01  0.3820214775894092E+02
  0.1599393374878733E+01 -0.2859315050769285E-01  0.3769632090310523E+02
  0.1591222789714229E+01 -0.2042504249141571E-01  0.3772706551930543E+02
  0.1583052204547419E+01 -0.1225557093599554E-01  0.3861295372517574E+02
  0.1574881619379224E+01 -0.4085281220676868E-02  0.4015490098696299E+02
  0.1566711034210569E+01  0.4085281220676868E-02  0.4177987146259413E+02
  0.1558540449042374E+01  0.1225557093599554E-01  0.4311023045358417E+02
  0.1550369863875564E+01  0.2042504249141571E-01  0.4404977161643433E+02
  0.1542199278711061E+01  0.2859315050769285E-01  0.4445935030278489E+02
  0.1534028693549790E+01  0.3675934969660982E-01  0.4408414552972400E+02
  0.1525858108392677E+01  0.4492309489737940E-01  0.4303991714111337E+02
  0.1517687523240650E+01  0.5308384111303818E-01  0.4162866591700064E+02
  0.1509516938094642E+01  0.6124104354682962E-01  0.4023348176757947E+02
  0.1501346352955587E+01  0.6939415763857371E-01  0.3894368914862895E+02
  0.1493175767824423E+01  0.7754263910102077E-01  0.3800082524928712E+02
  0.1485005182702093E+01  0.8568594395618719E-01  0.3773686327919605E+02
  0.1476834597589543E+01  0.9382352857167028E-01  0.3824256873294349E+02
  0.1468664012487727E+01  0.1019548496969404E+00  0.3889514601122511E+02
  0.1460493427397602E+01  0.1100793644996070E+00  0.3896540483874690E+02
  0.1452322842320134E+01  0.1181965306016578E+00  0.3809612129208897E+02
  0.1444152257256294E+01  0.1263058061156663E+00  0.3661431628379288E+02
  0.1435981672207062E+01  0.1344066496809675E+00  0.3497160720660144E+02
  0.1427811087173423E+01  0.1424985204997981E+00  0.3369017517840776E+02
  0.1419640502156375E+01  0.1505808783733995E+00  0.3321598162477869E+02
  0.1411469917156921E+01  0.1586531837380799E+00  0.3388811511996222E+02
  0.1403299332176076E+01  0.1667148977012352E+00  0.3523623793211264E+02
  0.1395128747214864E+01  0.1747654820773241E+00  0.3620688118917870E+02
  0.1386958162274323E+01  0.1828043994237966E+00  0.3596382930004969E+02
  0.1378787577355497E+01  0.1908311130769725E+00  0.3469864803242605E+02
  0.1370616992459449E+01  0.1988450871878683E+00  0.3321876356604870E+02
  0.1362446407587248E+01  0.2068457867579697E+00  0.3219370901366099E+02
  0.1354275822739983E+01  0.2148326776749467E+00  0.3149623358645904E+02
  0.1346105237918751E+01  0.2228052267483099E+00  0.3069121485133708E+02
  0.1337934653124670E+01  0.2307629017450062E+00  0.2928265522879666E+02
  0.1329764068358868E+01  0.2387051714249486E+00  0.2716090618918096E+02
  0.1321593483622494E+01  0.2466315055764818E+00  0.2455191238410206E+02
  0.1313422898916710E+01  0.2545413750517773E+00  0.2193700929892958E+02
  0.1305252314242701E+01  0.2624342518021592E+00  0.1932920577033429E+02
  0.1297081729601665E+01  0.2703096089133553E+00  0.1644907968654638E+02
  0.1288911144994824E+01  0.2781669206406729E+00  0.1309493202130852E+02
  0.1280740560423418E+01  0.2860056624440968E+00  0.9749695982266850E+01
  0.1272569975888710E+01  0.2938253110233064E+00  0.7140746219336311E+01
  0.1264399391391984E+01  0.3016253443526109E+00  0.5709326566640152E+01
  0.1256228806934547E+01  0.3094052417157978E+00  0.5262002040101097E+01
  0.1248058222517730E+01  0.3171644837408958E+00  0.5236058305471774E+01
  0.1239887638142892E+01  0.3249025524348469E+00  0.4915431511859533E+01
  0.1231717053811414E+01  0.3326189312180866E+00  0.3898658928502231E+01
  0.1223546469524707E+01  0.3403131049590297E+00  0.2231047653102045E+01
  0.1215375885284210E+01  0.3479845600084601E+00  0.1122345727488756E+00
  0.1207205301091390E+01  0.3556327842338202E+00 -0.2338361666659911E+01
  0.1199034716947747E+01  0.3632572670534011E+00 -0.4964028251833560E+01
  0.1190864132854811E+01  0.3708574994704271E+00 -0.7777605577813862E+01
  0.1182693548814147E+01  0.3784329741070359E+00 -0.1071852559824045E+02
  0.1174522964827352E+01  0.3859831852381501E+00 -0.1395202519580039E+02
  0.1166352380896063E+01  0.3935076288252386E+00 -0.1750317461166621E+02
  0.1158181797021950E+01  0.4010058025499653E+00 -0.2132992141891251E+02
  0.1150011213206726E+01  0.4084772058477228E+00 -0.2507158354970027E+02
  0.1141840629452141E+01  0.4159213399410494E+00 -0.2882669454255596E+02
  0.1133670045759989E+01  0.4233377078729265E+00 -0.3299398391827373E+02
  0.1125499462132108E+01  0.4307258145399545E+00 -0.3801035593993653E+02
  0.1117328878570381E+01  0.4380851667254050E+00 -0.4373567780025090E+02
  0.1109158295076737E+01  0.4454152731321473E+00 -0.4962788187815020E+02
  0.1100987711653159E+01  0.4527156444154464E+00 -0.5515858684498956E+02
  0.1092817128301675E+01  0.4599857932156304E+00 -0.6059602223694996E+02
  0.1084646545024371E+01  0.4672252341906264E+00 -0.6651934698263963E+02
  0.1076475961823386E+01  0.4744334840483606E+00 -0.7313715663297785E+02
  0.1068305378700920E+01  0.4816100615790221E+00 -0.7969327077571710E+02
  0.1060134795659229E+01  0.4887544876871878E+00 -0.8513449985231890E+02
  0.1051964212700635E+01  0.4958662854238058E+00 -0.8869183749351971E+02
  0.1043793629827524E+01  0.5029449800180356E+00 -0.9052548131302829E+02
  0.1035623047042350E+01  0.5099900989089429E+00 -0.9159481499850065E+02
  0.1027452464347638E+01  0.5170011717770473E+00 -0.9322879599375352E+02
  0.1019281881745987E+01  0.5239777305757194E+00 -0.9623564859200535E+02
  0.1011111299240073E+01  0.5309193095624275E+00 -0.1005761583011299E+03
  0.1002940716832650E+01  0.5378254453298289E+00 -0.1053068320151415E+03
  0.9947701345265596E+00  0.5446956768367068E+00 -0.1097485099925950E+03
  0.9865995523247275E+00  0.5515295454387482E+00 -0.1137635830594874E+03
  0.9784289702301714E+00  0.5583265949191624E+00 -0.1175331430197761E+03
  0.9702583882460036E+00  0.5650863715191369E+00 -0.1208515154965742E+03
  0.9620878063754359E+00  0.5718084239681300E+00 -0.1233394105387193E+03
  0.9539172246217830E+00  0.5784923035139965E+00 -0.1246691776283752E+03
  0.9457466429884676E+00  0.5851375639529456E+00 -0.1250198746971177E+03
  0.9375760614790253E+00  0.5917437616593286E+00 -0.1248539160450531E+03
  0.9294054800971098E+00  0.5983104556152549E+00 -0.1245979059947919E+03
  0.9212348988464978E+00  0.6048372074400329E+00 -0.1245668111000882E+03
  0.9130643177310944E+00  0.6113235814194364E+00 -0.1250085686656742E+03
  0.9048937367549402E+00  0.6177691445347914E+00 -0.1255284498427812E+03
  0.8967231559222163E+00  0.6241734664918837E+00 -0.1255188659513434E+03
  0.8885525752372514E+00  0.6305361197496849E+00 -0.1246323477905196E+03
  0.8803819947045285E+00  0.6368566795488945E+00 -0.1234915300984968E+03
  0.8722114143286931E+00  0.6431347239402948E+00 -0.1229034890602156E+03
  0.8640408341145595E+00  0.6493698338129212E+00 -0.1232577878084855E+03
  0.8558702540671204E+00  0.6555615929220400E+00 -0.1238528163879481E+03
  0.8476996741915547E+00  0.6617095879169366E+00 -0.1239024918730837E+03
  0.8395290944932369E+00  0.6678134083685102E+00 -0.1230147506795089E+03
  0.8313585149777468E+00  0.6738726467966731E+00 -0.1214906597472463E+03
  0.8231879356508802E+00  0.6798868986975534E+00 -0.1196558833208311E+03
  0.8150173565186587E+00  0.6858557625704990E+00 -0.1178747437974565E+03
  0.8068467775873427E+00  0.6917788399448808E+00 -0.1162758488821014E+03
  0.7986761988634423E+00  0.6976557354066943E+00 -0.1148426586122083E+03
  0.7905056203537315E+00  0.7034860566249567E+00 -0.1135402300604619E+03
  0.7823350420652612E+00  0.7092694143778975E+00 -0.1124541896967767E+03
  0.7741644640053743E+00  0.7150054225789432E+00 -0.1115632417388924E+03
  0.7659938861817212E+00  0.7206936983024912E+00 -0.1111625744554242E+03
  0.7578233086022768E+00  0.7263338618094733E+00 -0.1115724083160622E+03
  0.7496527312753575E+00  0.7319255365727068E+00 -0.1131886675201884E+03
  0.7414821542096410E+00  0.7374683493020299E+00 -0.1156772107990606E+03
  0.7333115774141861E+00  0.7429619299692227E+00 -0.1181917373997454E+03
  0.7251410008984539E+00  0.7484059118327094E+00 -0.1194346429466950E+03
  0.7169704246723316E+00  0.7537999314620412E+00 -0.1189322561773136E+03
  0.7087998487461566E+00  0.7591436287621580E+00 -0.1171041980954013E+03
  0.7006292731307425E+00  0.7644366469974285E+00 -0.1150742961258220E+03
  0.6924586978374083E+00  0.7696786328154644E+00 -0.1137421016127419E+03
  0.6842881228780077E+00  0.7748692362707100E+00 -0.1134740953455379E+03
  0.6761175482649616E+00  0.7800081108478040E+00 -0.1136734379140284E+03
  0.6679469740112938E+00  0.7850949134847117E+00 -0.1135548406937493E+03
  0.6597764001306670E+00  0.7901293045956280E+00 -0.1125154283738872E+03
  0.6516058266374236E+00  0.7951109480936471E+00 -0.1111097560339852E+03
  0.6434352535466297E+00  0.8000395114131988E+00 -0.1103295832703755E+03
  0.6352646808741202E+00  0.8049146655322506E+00 -0.1108127132782932E+03
  0.6270941086365502E+00  0.8097360849942720E+00 -0.1119984720869433E+03
  0.6189235368514482E+00  0.8145034479299620E+00 -0.1130523746280306E+03
  0.6107529655372755E+00  0.8192164360787360E+00 -0.1134449427864390E+03
  0.6025823947134890E+00  0.8238747348099726E+00 -0.1133255665879355E+03
  0.5944118244006098E+00  0.8284780331440178E+00 -0.1126030417075780E+03
  0.5862412546202973E+00  0.8330260237729452E+00 -0.1109527493809363E+03
  0.5780706853954301E+00  0.8375184030810715E+00 -0.1076943754982963E+03
  0.5699001167501928E+00  0.8419548711652254E+00 -0.1027364548662151E+03
  0.5617295487101719E+00  0.8463351318547683E+00 -0.9628156901860044E+02
  0.5535589813024583E+00  0.8506588927313666E+00 -0.8875253087461584E+02
  0.5453884145557613E+00  0.8549258651485127E+00 -0.8029554467828359E+02
  0.5372178485005299E+00  0.8591357642507945E+00 -0.7135854699289466E+02
  0.5290472831690897E+00  0.8632883089929120E+00 -0.6236966111374718E+02
  0.5208767185957875E+00  0.8673832221584393E+00 -0.5363465572567902E+02
  0.5127061548171545E+00  0.8714202303783312E+00 -0.4459637933391784E+02
  0.5045355918720822E+00  0.8753990641491725E+00 -0.3486151579410569E+02
  0.4963650298020162E+00  0.8793194578511700E+00 -0.2410638579203302E+02
  0.4881944686511717E+00  0.8831811497658847E+00 -0.1279843436348583E+02
  0.4800239084667671E+00  0.8869838820937034E+00 -0.1399581982139749E+01
  0.4718533492992859E+00  0.8907274009710492E+00  0.9521492404042148E+01
  0.4636827912027636E+00  0.8944114564873288E+00  0.1982718592092318E+02
  0.4555122342351060E+00  0.8980358027016164E+00  0.2918516141521685E+02
  0.4473416784584431E+00  0.9016001976590722E+00  0.3777146760996389E+02
  0.4391711239395221E+00  0.9051044034070944E+00  0.4544261653338364E+02
  0.4310005707501444E+00  0.9085481860112055E+00  0.5232572059460808E+02
  0.4228300189676551E+00  0.9119313155706682E+00  0.5827708741880387E+02
  0.4146594686754885E+00  0.9152535662338340E+00  0.6388699373634876E+02
  0.4064889199637791E+00  0.9185147162132208E+00  0.6932300217527381E+02
  0.3983183729300507E+00  0.9217145478003181E+00  0.7520582934561033E+02
  0.3901478276799883E+00  0.9248528473801222E+00  0.8205635657904737E+02
  0.3819772843283120E+00  0.9279294054453956E+00  0.9070155713622876E+02
  0.3738067429997641E+00  0.9309440166106540E+00  0.1005485995454054E+03
  0.3656362038302282E+00  0.9338964796258775E+00  0.1107161312646464E+03
  0.3574656669680030E+00  0.9367865973899459E+00  0.1202056651513857E+03
  0.3492951325752533E+00  0.9396141769637963E+00  0.1294621426337727E+03
  0.3411246008296713E+00  0.9423790295833044E+00  0.1392116835775748E+03
  0.3329540719263814E+00  0.9450809706718851E+00  0.1501320678373298E+03
  0.3247835460801308E+00  0.9477198198528157E+00  0.1617041382521278E+03
  0.3166130235278230E+00  0.9502954009612771E+00  0.1738105658547539E+03
  0.3084425045314506E+00  0.9528075420561144E+00  0.1865158703011006E+03
  0.3002719893815085E+00  0.9552560754313160E+00  0.2004323396918231E+03
  0.2921014784009779E+00  0.9576408376272095E+00  0.2155493968843250E+03
  0.2839309719500016E+00  0.9599616694413742E+00  0.2322663697097065E+03
  0.2757604704313845E+00  0.9622184159392698E+00  0.2500007533382852E+03
  0.2675899742971076E+00  0.9644109264645802E+00  0.2687342627207367E+03
  0.2594194840560681E+00  0.9665390546492710E+00  0.2887262501164903E+03
  0.2512490002833307E+00  0.9686026584233628E+00  0.3111790543080843E+03
  0.2430785236312446E+00  0.9706016000244151E+00  0.3357998296488255E+03
  0.2349080548428762E+00  0.9725357460067257E+00  0.3618742565678828E+03
  0.2267375947683499E+00  0.9744049672502397E+00  0.3880823200217723E+03
  0.2185671443848464E+00  0.9762091389691724E+00  0.4149717200661012E+03
  0.2103967048212628E+00  0.9779481407203411E+00  0.4432857028236157E+03
  0.2022262773888417E+00  0.9796218564112101E+00  0.4734483058647707E+03
  0.1940558636195398E+00  0.9812301743076443E+00  0.5042064615431364E+03
  0.1858854653144977E+00  0.9827729870413743E+00  0.5349952523578530E+03
  0.1777150846058812E+00  0.9842501916171713E+00  0.5651929676931821E+03
  0.1695447240365762E+00  0.9856616894197333E+00  0.5956201148294034E+03
  0.1613743866640789E+00  0.9870073862202815E+00  0.6263327012462389E+03
  0.1532040761975885E+00  0.9882871921828699E+00  0.6587439858041314E+03
  0.1450337971813853E+00  0.9895010218704087E+00  0.6929776557113702E+03
  0.1368635552438019E+00  0.9906487942504061E+00  0.7299293732787182E+03
  0.1286933574408989E+00  0.9917304327004320E+00  0.7692128579402059E+03
  0.1205232127396896E+00  0.9927458650133153E+00  0.8119469399740234E+03
  0.1123531327118049E+00  0.9936950234020883E+00  0.8580599503857266E+03
  0.1041831325528455E+00  0.9945778445047068E+00  0.9093092361787501E+03
  0.9601323262085862E-01  0.9953942693885953E+00  0.9665301185928358E+03
  0.8784346083082471E-01  0.9961442435551087E+00  0.1032514346735197E+04
  0.7967385651719167E-01  0.9968277169440913E+00  0.1107880238808228E+04
  0.7150447693306423E-01  0.9974446439389107E+00  0.1195795513315777E+04
  0.6333540875299180E-01  0.9979949833727938E+00  0.1297280594937409E+04
  0.5516678972815772E-01  0.9984786985384589E+00  0.1416689877437071E+04
  0.4699885272846815E-01  0.9988957572063257E+00  0.1559937783681587E+04
  0.3883202470742381E-01  0.9992461316671845E+00  0.1750078088362656E+04
  0.3066718105470672E-01  0.9995297988558859E+00  0.2026917786027123E+04
  0.2250643816359393E-01  0.9997467408113523E+00  0.2431973024247460E+04
  0.1435650599352885E-01  0.9998969471378596E+00  0.2922001101061800E+04
  0.6254421014113626E-02  0.9999804411726474E+00  0.3327774500375282E+04
