# nlmax, ncor, nside =         383           1         128
  0.3135338232575680E+01 -0.9999804411726474E+00 -0.2623913991544919E+03
  0.3127236147596264E+01 -0.9998969471378596E+00 -0.2623853734713432E+03
  0.3119086215426199E+01 -0.9997467408113523E+00 -0.2625324163385852E+03
  0.3110925472535087E+01 -0.9995297988558859E+00 -0.2633551660627668E+03
  0.3102760628882369E+01 -0.9992461316671845E+00 -0.2648959875393645E+03
  0.3094593800861325E+01 -0.9988957572063257E+00 -0.2669406102779582E+03
  0.3086425863861635E+01 -0.9984786985384589E+00 -0.2693842524810166E+03
  0.3078257244836801E+01 -0.9979949833727938E+00 -0.2717963627956328E+03
  0.3070088176656729E+01 -0.9974446439389107E+00 -0.2735959572429899E+03
  0.3061918797072602E+01 -0.9968277169440913E+00 -0.2742942632237570E+03
  0.3053749192758969E+01 -0.9961442435551087E+00 -0.2732395313162184E+03
  0.3045579420968934E+01 -0.9953942693885953E+00 -0.2702765383686418E+03
  0.3037409521036948E+01 -0.9945778445047068E+00 -0.2651324875452162E+03
  0.3029239520877988E+01 -0.9936950234020883E+00 -0.2581363144920137E+03
  0.3021069440850104E+01 -0.9927458650133153E+00 -0.2503907230123985E+03
  0.3012899296148894E+01 -0.9917304327004320E+00 -0.2431841580608038E+03
  0.3004729098345992E+01 -0.9906487942504061E+00 -0.2371097786807562E+03
  0.2996558856408408E+01 -0.9895010218704087E+00 -0.2314870647204947E+03
  0.2988388577392205E+01 -0.9882871921828699E+00 -0.2253436353480453E+03
  0.2980218266925714E+01 -0.9870073862202815E+00 -0.2179111829801548E+03
  0.2972047929553217E+01 -0.9856616894197333E+00 -0.2089361913924332E+03
  0.2963877568983912E+01 -0.9842501916171713E+00 -0.1992314472621848E+03
  0.2955707188275296E+01 -0.9827729870413743E+00 -0.1902161841961005E+03
  0.2947536789970254E+01 -0.9812301743076443E+00 -0.1827909628596366E+03
  0.2939366376200951E+01 -0.9796218564112101E+00 -0.1766108512773008E+03
  0.2931195948768531E+01 -0.9779481407203411E+00 -0.1704878095921816E+03
  0.2923025509204947E+01 -0.9762091389691724E+00 -0.1638652416329010E+03
  0.2914855058821443E+01 -0.9744049672502397E+00 -0.1573563952276259E+03
  0.2906684598746917E+01 -0.9725357460067257E+00 -0.1522909342353901E+03
  0.2898514129958549E+01 -0.9706016000244151E+00 -0.1499310032505118E+03
  0.2890343653306462E+01 -0.9686026584233628E+00 -0.1503832324512520E+03
  0.2882173169533725E+01 -0.9665390546492710E+00 -0.1520574550882365E+03
  0.2874002679292686E+01 -0.9644109264645802E+00 -0.1525612605688499E+03
  0.2865832183158409E+01 -0.9622184159392698E+00 -0.1502029540548351E+03
  0.2857661681639792E+01 -0.9599616694413742E+00 -0.1446901555566769E+03
  0.2849491175188815E+01 -0.9576408376272095E+00 -0.1370965519947617E+03
  0.2841320664208285E+01 -0.9552560754313160E+00 -0.1288269765815511E+03
  0.2833150149058343E+01 -0.9528075420561144E+00 -0.1208148919018796E+03
  0.2824979630061970E+01 -0.9502954009612771E+00 -0.1131243582949985E+03
  0.2816809107509663E+01 -0.9477198198528157E+00 -0.1054721926093436E+03
  0.2808638581663412E+01 -0.9450809706718851E+00 -0.9804944387315169E+02
  0.2800468052760122E+01 -0.9423790295833044E+00 -0.9145792804753597E+02
  0.2792297521014540E+01 -0.9396141769637963E+00 -0.8593672558154397E+02
  0.2784126986621790E+01 -0.9367865973899459E+00 -0.8100214595553990E+02
  0.2775956449759565E+01 -0.9338964796258775E+00 -0.7595818723286315E+02
  0.2767785910590029E+01 -0.9309440166106540E+00 -0.7009929625521045E+02
  0.2759615369261481E+01 -0.9279294054453956E+00 -0.6335208164783741E+02
  0.2751444825909805E+01 -0.9248528473801222E+00 -0.5602407642636344E+02
  0.2743274280659743E+01 -0.9217145478003181E+00 -0.4859754538957926E+02
  0.2735103733626014E+01 -0.9185147162132208E+00 -0.4124239954722920E+02
  0.2726933184914305E+01 -0.9152535662338340E+00 -0.3397952600860801E+02
  0.2718762634622138E+01 -0.9119313155706682E+00 -0.2680531079487161E+02
  0.2710592082839649E+01 -0.9085481860112055E+00 -0.1959091789602911E+02
  0.2702421529650271E+01 -0.9051044034070944E+00 -0.1207293903835859E+02
  0.2694250975131350E+01 -0.9016001976590722E+00 -0.4303362792817382E+01
  0.2686080419354687E+01 -0.8980358027016164E+00  0.3297099750876348E+01
  0.2677909862387029E+01 -0.8944114564873288E+00  0.1016518005625012E+02
  0.2669739304290507E+01 -0.8907274009710492E+00  0.1586520427672557E+02
  0.2661568745123026E+01 -0.8869838820937034E+00  0.2024648326331360E+02
  0.2653398184938621E+01 -0.8831811497658847E+00  0.2345945796810411E+02
  0.2645227623787777E+01 -0.8793194578511700E+00  0.2591177726271058E+02
  0.2637057061717711E+01 -0.8753990641491725E+00  0.2816361764158549E+02
  0.2628886498772639E+01 -0.8714202303783312E+00  0.3076536843897211E+02
  0.2620715934994006E+01 -0.8673832221584393E+00  0.3402890507327152E+02
  0.2612545370420704E+01 -0.8632883089929120E+00  0.3799787147455456E+02
  0.2604374805089263E+01 -0.8591357642507945E+00  0.4229718416622328E+02
  0.2596204239034032E+01 -0.8549258651485127E+00  0.4636759650337079E+02
  0.2588033672287335E+01 -0.8506588927313666E+00  0.4995676429626216E+02
  0.2579863104879621E+01 -0.8463351318547683E+00  0.5332341077529536E+02
  0.2571692536839600E+01 -0.8419548711652254E+00  0.5697711748992006E+02
  0.2563521968194363E+01 -0.8375184030810715E+00  0.6112533784319161E+02
  0.2555351398969496E+01 -0.8330260237729452E+00  0.6574001675337068E+02
  0.2547180829189184E+01 -0.8284780331440178E+00  0.7056364438301284E+02
  0.2539010258876304E+01 -0.8238747348099726E+00  0.7494228145021150E+02
  0.2530839688052518E+01 -0.8192164360787360E+00  0.7828991979914993E+02
  0.2522669116738345E+01 -0.8145034479299620E+00  0.8044748667848462E+02
  0.2514498544953243E+01 -0.8097360849942720E+00  0.8146284572692365E+02
  0.2506327972715673E+01 -0.8049146655322506E+00  0.8126174100794826E+02
  0.2498157400043163E+01 -0.8000395114131988E+00  0.8000076063188537E+02
  0.2489986826952370E+01 -0.7951109480936471E+00  0.7839210602929616E+02
  0.2481816253459126E+01 -0.7901293045956280E+00  0.7713584960618634E+02
  0.2473645679578500E+01 -0.7850949134847117E+00  0.7636391706481764E+02
  0.2465475105324832E+01 -0.7800081108478040E+00  0.7573553071989744E+02
  0.2457304530711785E+01 -0.7748692362707100E+00  0.7501722829841033E+02
  0.2449133955752385E+01 -0.7696786328154644E+00  0.7438032121747466E+02
  0.2440963380459050E+01 -0.7644366469974285E+00  0.7437667461969957E+02
  0.2432792804843637E+01 -0.7591436287621580E+00  0.7530240687923518E+02
  0.2424622228917462E+01 -0.7537999314620412E+00  0.7684227195432648E+02
  0.2416451652691339E+01 -0.7484059118327094E+00  0.7837481915998238E+02
  0.2408281076175607E+01 -0.7429619299692227E+00  0.7946840857991140E+02
  0.2400110499380152E+01 -0.7374683493020299E+00  0.8011472306105796E+02
  0.2391939922314436E+01 -0.7319255365727068E+00  0.8049842413189485E+02
  0.2383769344987516E+01 -0.7263338618094733E+00  0.8058908127921310E+02
  0.2375598767408072E+01 -0.7206936983024912E+00  0.8024872603832073E+02
  0.2367428189584419E+01 -0.7150054225789432E+00  0.7947739229532608E+02
  0.2359257611524532E+01 -0.7092694143778975E+00  0.7846490822817402E+02
  0.2351087033236062E+01 -0.7034860566249567E+00  0.7734964265441059E+02
  0.2342916454726351E+01 -0.6976557354066943E+00  0.7615360440366739E+02
  0.2334745876002450E+01 -0.6917788399448808E+00  0.7478896208115722E+02
  0.2326575297071134E+01 -0.6858557625704990E+00  0.7330434508332809E+02
  0.2318404717938913E+01 -0.6798868986975534E+00  0.7203840614246353E+02
  0.2310234138612046E+01 -0.6738726467966731E+00  0.7126474374985622E+02
  0.2302063559096557E+01 -0.6678134083685102E+00  0.7077221490665913E+02
  0.2293892979398239E+01 -0.6617095879169366E+00  0.7020973132009397E+02
  0.2285722399522673E+01 -0.6555615929220400E+00  0.6945750429490087E+02
  0.2277551819475234E+01 -0.6493698338129212E+00  0.6866090324062895E+02
  0.2269381239261100E+01 -0.6431347239402948E+00  0.6784065002397095E+02
  0.2261210658885265E+01 -0.6368566795488945E+00  0.6678006070847051E+02
  0.2253040078352542E+01 -0.6305361197496849E+00  0.6544784342927228E+02
  0.2244869497667577E+01 -0.6241734664918837E+00  0.6421473453686203E+02
  0.2236698916834853E+01 -0.6177691445347914E+00  0.6341112980477750E+02
  0.2228528335858699E+01 -0.6113235814194364E+00  0.6296973439906579E+02
  0.2220357754743295E+01 -0.6048372074400329E+00  0.6250392013422116E+02
  0.2212187173492683E+01 -0.5983104556152549E+00  0.6175994807717889E+02
  0.2204016592110768E+01 -0.5917437616593286E+00  0.6076230557056451E+02
  0.2195846010601326E+01 -0.5851375639529456E+00  0.5967673513109595E+02
  0.2187675428968010E+01 -0.5784923035139965E+00  0.5852118846973958E+02
  0.2179504847214357E+01 -0.5718084239681300E+00  0.5721415726645761E+02
  0.2171334265343789E+01 -0.5650863715191369E+00  0.5563304808221429E+02
  0.2163163683359622E+01 -0.5583265949191624E+00  0.5366034743066530E+02
  0.2154993101265066E+01 -0.5515295454387482E+00  0.5117021366992453E+02
  0.2146822519063234E+01 -0.5446956768367068E+00  0.4813823762360681E+02
  0.2138651936757143E+01 -0.5378254453298289E+00  0.4455339186945018E+02
  0.2130481354349721E+01 -0.5309193095624275E+00  0.4039646461078489E+02
  0.2122310771843806E+01 -0.5239777305757194E+00  0.3590838824165623E+02
  0.2114140189242155E+01 -0.5170011717770473E+00  0.3172369987832850E+02
  0.2105969606547443E+01 -0.5099900989089429E+00  0.2839252077684372E+02
  0.2097799023762269E+01 -0.5029449800180356E+00  0.2607550891328914E+02
  0.2089628440889158E+01 -0.4958662854238058E+00  0.2468911712964358E+02
  0.2081457857930564E+01 -0.4887544876871878E+00  0.2407862545397388E+02
  0.2073287274888874E+01 -0.4816100615790221E+00  0.2396225245929704E+02
  0.2065116691766407E+01 -0.4744334840483606E+00  0.2410097768405954E+02
  0.2056946108565423E+01 -0.4672252341906264E+00  0.2440516040934942E+02
  0.2048775525288118E+01 -0.4599857932156304E+00  0.2491013554331194E+02
  0.2040604941936635E+01 -0.4527156444154464E+00  0.2544945288593009E+02
  0.2032434358513056E+01 -0.4454152731321473E+00  0.2563134952395202E+02
  0.2024263775019413E+01 -0.4380851667254050E+00  0.2498613151222292E+02
  0.2016093191457685E+01 -0.4307258145399545E+00  0.2345848424491402E+02
  0.2007922607829804E+01 -0.4233377078729265E+00  0.2148653493906768E+02
  0.1999752024137653E+01 -0.4159213399410494E+00  0.1966076825865737E+02
  0.1991581440383068E+01 -0.4084772058477228E+00  0.1824466793231204E+02
  0.1983410856567843E+01 -0.4010058025499653E+00  0.1728268937733120E+02
  0.1975240272693730E+01 -0.3935076288252386E+00  0.1660760744775137E+02
  0.1967069688762441E+01 -0.3859831852381501E+00  0.1606302951907663E+02
  0.1958899104775647E+01 -0.3784329741070359E+00  0.1564462237696112E+02
  0.1950728520734982E+01 -0.3708574994704271E+00  0.1548116657208909E+02
  0.1942557936642046E+01 -0.3632572670534011E+00  0.1562030177066063E+02
  0.1934387352498403E+01 -0.3556327842338202E+00  0.1599660232044990E+02
  0.1926216768305583E+01 -0.3479845600084601E+00  0.1654559611997536E+02
  0.1918046184065086E+01 -0.3403131049590297E+00  0.1738510553853355E+02
  0.1909875599778379E+01 -0.3326189312180866E+00  0.1864120404791864E+02
  0.1901705015446901E+01 -0.3249025524348469E+00  0.2015487614997236E+02
  0.1893534431072063E+01 -0.3171644837408958E+00  0.2138548434022113E+02
  0.1885363846655247E+01 -0.3094052417157978E+00  0.2184216463993866E+02
  0.1877193262197810E+01 -0.3016253443526109E+00  0.2136231887887752E+02
  0.1869022677701083E+01 -0.2938253110233064E+00  0.2016911500486270E+02
  0.1860852093166375E+01 -0.2860056624440968E+00  0.1870591564350611E+02
  0.1852681508594969E+01 -0.2781669206406729E+00  0.1746469697412770E+02
  0.1844510923988128E+01 -0.2703096089133553E+00  0.1675136592781272E+02
  0.1836340339347093E+01 -0.2624342518021592E+00  0.1663356970728480E+02
  0.1828169754673083E+01 -0.2545413750517773E+00  0.1700974734626115E+02
  0.1819999169967299E+01 -0.2466315055764818E+00  0.1777665442274516E+02
  0.1811828585230925E+01 -0.2387051714249486E+00  0.1882687779689720E+02
  0.1803658000465123E+01 -0.2307629017450062E+00  0.2002343620869064E+02
  0.1795487415671042E+01 -0.2228052267483099E+00  0.2114867154183916E+02
  0.1787316830849811E+01 -0.2148326776749467E+00  0.2208624453597420E+02
  0.1779146246002545E+01 -0.2068457867579697E+00  0.2272983058699932E+02
  0.1770975661130345E+01 -0.1988450871878683E+00  0.2300790518144090E+02
  0.1762805076234296E+01 -0.1908311130769725E+00  0.2275608911825119E+02
  0.1754634491315471E+01 -0.1828043994237966E+00  0.2187963634049926E+02
  0.1746463906374929E+01 -0.1747654820773241E+00  0.2058034621252762E+02
  0.1738293321413718E+01 -0.1667148977012352E+00  0.1928457288667242E+02
  0.1730122736432872E+01 -0.1586531837380799E+00  0.1818145833019090E+02
  0.1721952151433418E+01 -0.1505808783733995E+00  0.1712364711799215E+02
  0.1713781566416370E+01 -0.1424985204997981E+00  0.1579938826466634E+02
  0.1705610981382731E+01 -0.1344066496809675E+00  0.1411990409238340E+02
  0.1697440396333499E+01 -0.1263058061156663E+00  0.1216124750533735E+02
  0.1689269811269659E+01 -0.1181965306016578E+00  0.9979094147146810E+01
  0.1681099226192191E+01 -0.1100793644996070E+00  0.7563005290080151E+01
  0.1672928641102067E+01 -0.1019548496969404E+00  0.5182416927378774E+01
  0.1664758056000250E+01 -0.9382352857167028E-01  0.3301685706418767E+01
  0.1656587470887701E+01 -0.8568594395618719E-01  0.2292503636103283E+01
  0.1648416885765370E+01 -0.7754263910102077E-01  0.2097204708918647E+01
  0.1640246300634206E+01 -0.6939415763857371E-01  0.2353386919054614E+01
  0.1632075715495151E+01 -0.6124104354682962E-01  0.2547736748113260E+01
  0.1623905130349143E+01 -0.5308384111303818E-01  0.2279037591325328E+01
  0.1615734545197117E+01 -0.4492309489737940E-01  0.1340593965821232E+01
  0.1607563960040004E+01 -0.3675934969660982E-01 -0.1343807890261164E+00
  0.1599393374878733E+01 -0.2859315050769285E-01 -0.1794445078977408E+01
  0.1591222789714229E+01 -0.2042504249141571E-01 -0.3225001899919567E+01
  0.1583052204547419E+01 -0.1225557093599554E-01 -0.4236899335174329E+01
  0.1574881619379224E+01 -0.4085281220676868E-02 -0.4906569863307148E+01
  0.1566711034210569E+01  0.4085281220676868E-02 -0.5598223315445908E+01
  0.1558540449042374E+01  0.1225557093599554E-01 -0.6688534363023600E+01
  0.1550369863875564E+01  0.2042504249141571E-01 -0.8315370847924962E+01
  0.1542199278711061E+01  0.2859315050769285E-01 -0.1035751043812832E+02
  0.1534028693549790E+01  0.3675934969660982E-01 -0.1273308485370865E+02
  0.1525858108392677E+01  0.4492309489737940E-01 -0.1540880570307063E+02
  0.1517687523240650E+01  0.5308384111303818E-01 -0.1837849193576986E+02
  0.1509516938094642E+01  0.6124104354682962E-01 -0.2153601947569966E+02
  0.1501346352955587E+01  0.6939415763857371E-01 -0.2465938112971112E+02
  0.1493175767824423E+01  0.7754263910102077E-01 -0.2727440737494910E+02
  0.1485005182702093E+01  0.8568594395618719E-01 -0.2897268695454408E+02
  0.1476834597589543E+01  0.9382352857167028E-01 -0.2970999923925795E+02
  0.1468664012487727E+01  0.1019548496969404E+00 -0.2997549514775092E+02
  0.1460493427397602E+01  0.1100793644996070E+00 -0.3043942593553545E+02
  0.1452322842320134E+01  0.1181965306016578E+00 -0.3154878715675697E+02
  0.1444152257256294E+01  0.1263058061156663E+00 -0.3329369256224685E+02
  0.1435981672207062E+01  0.1344066496809675E+00 -0.3530280605603852E+02
  0.1427811087173423E+01  0.1424985204997981E+00 -0.3687035341523586E+02
  0.1419640502156375E+01  0.1505808783733995E+00 -0.3733311067862370E+02
  0.1411469917156921E+01  0.1586531837380799E+00 -0.3651050491855420E+02
  0.1403299332176076E+01  0.1667148977012352E+00 -0.3493657742224944E+02
  0.1395128747214864E+01  0.1747654820773241E+00 -0.3338560703016397E+02
  0.1386958162274323E+01  0.1828043994237966E+00 -0.3243475784122204E+02
  0.1378787577355497E+01  0.1908311130769725E+00 -0.3220443186692783E+02
  0.1370616992459449E+01  0.1988450871878683E+00 -0.3245351870951455E+02
  0.1362446407587248E+01  0.2068457867579697E+00 -0.3279242178562698E+02
  0.1354275822739983E+01  0.2148326776749467E+00 -0.3312963462067308E+02
  0.1346105237918751E+01  0.2228052267483099E+00 -0.3360021711333840E+02
  0.1337934653124670E+01  0.2307629017450062E+00 -0.3436341970225342E+02
  0.1329764068358868E+01  0.2387051714249486E+00 -0.3536322663215108E+02
  0.1321593483622494E+01  0.2466315055764818E+00 -0.3645302082763233E+02
  0.1313422898916710E+01  0.2545413750517773E+00 -0.3754824278487084E+02
  0.1305252314242701E+01  0.2624342518021592E+00 -0.3895510155295644E+02
  0.1297081729601665E+01  0.2703096089133553E+00 -0.4106142313268390E+02
  0.1288911144994824E+01  0.2781669206406729E+00 -0.4398356913075653E+02
  0.1280740560423418E+01  0.2860056624440968E+00 -0.4731306492686551E+02
  0.1272569975888710E+01  0.2938253110233064E+00 -0.5033186449469284E+02
  0.1264399391391984E+01  0.3016253443526109E+00 -0.5234479970421904E+02
  0.1256228806934547E+01  0.3094052417157978E+00 -0.5323582203061731E+02
  0.1248058222517730E+01  0.3171644837408958E+00 -0.5342997646720448E+02
  0.1239887638142892E+01  0.3249025524348469E+00 -0.5365678168633760E+02
  0.1231717053811414E+01  0.3326189312180866E+00 -0.5443113706365208E+02
  0.1223546469524707E+01  0.3403131049590297E+00 -0.5589588630366531E+02
  0.1215375885284210E+01  0.3479845600084601E+00 -0.5777419062399089E+02
  0.1207205301091390E+01  0.3556327842338202E+00 -0.5976630877869947E+02
  0.1199034716947747E+01  0.3632572670534011E+00 -0.6181529836190253E+02
  0.1190864132854811E+01  0.3708574994704271E+00 -0.6412785905329721E+02
  0.1182693548814147E+01  0.3784329741070359E+00 -0.6668630410500067E+02
  0.1174522964827352E+01  0.3859831852381501E+00 -0.6923623039340247E+02
  0.1166352380896063E+01  0.3935076288252386E+00 -0.7140619231782124E+02
  0.1158181797021950E+01  0.4010058025499653E+00 -0.7307707914106064E+02
  0.1150011213206726E+01  0.4084772058477228E+00 -0.7435149545278247E+02
  0.1141840629452141E+01  0.4159213399410494E+00 -0.7555608061068720E+02
  0.1133670045759989E+01  0.4233377078729265E+00 -0.7693203803559628E+02
  0.1125499462132108E+01  0.4307258145399545E+00 -0.7865505591883753E+02
  0.1117328878570381E+01  0.4380851667254050E+00 -0.8064165057903719E+02
  0.1109158295076737E+01  0.4454152731321473E+00 -0.8278188705892043E+02
  0.1100987711653159E+01  0.4527156444154464E+00 -0.8506496256758304E+02
  0.1092817128301675E+01  0.4599857932156304E+00 -0.8783768378637336E+02
  0.1084646545024371E+01  0.4672252341906264E+00 -0.9141462563232618E+02
  0.1076475961823386E+01  0.4744334840483606E+00 -0.9567096421681043E+02
  0.1068305378700920E+01  0.4816100615790221E+00 -0.9980889265343070E+02
  0.1060134795659229E+01  0.4887544876871878E+00 -0.1030235400568701E+03
  0.1051964212700635E+01  0.4958662854238058E+00 -0.1049583829641039E+03
  0.1043793629827524E+01  0.5029449800180356E+00 -0.1059698312223561E+03
  0.1035623047042350E+01  0.5099900989089429E+00 -0.1068021968212269E+03
  0.1027452464347638E+01  0.5170011717770473E+00 -0.1083281176411530E+03
  0.1019281881745987E+01  0.5239777305757194E+00 -0.1109784319928272E+03
  0.1011111299240073E+01  0.5309193095624275E+00 -0.1146166464563589E+03
  0.1002940716832650E+01  0.5378254453298289E+00 -0.1186456708926242E+03
  0.9947701345265596E+00  0.5446956768367068E+00 -0.1227077860629145E+03
  0.9865995523247275E+00  0.5515295454387482E+00 -0.1267820351565658E+03
  0.9784289702301714E+00  0.5583265949191624E+00 -0.1309637341063528E+03
  0.9702583882460036E+00  0.5650863715191369E+00 -0.1348854520707213E+03
  0.9620878063754359E+00  0.5718084239681300E+00 -0.1380000548898788E+03
  0.9539172246217830E+00  0.5784923035139965E+00 -0.1400659947096576E+03
  0.9457466429884676E+00  0.5851375639529456E+00 -0.1413699689572464E+03
  0.9375760614790253E+00  0.5917437616593286E+00 -0.1422548788540920E+03
  0.9294054800971098E+00  0.5983104556152549E+00 -0.1431255869870336E+03
  0.9212348988464978E+00  0.6048372074400329E+00 -0.1444590111347247E+03
  0.9130643177310944E+00  0.6113235814194364E+00 -0.1466224208618302E+03
  0.9048937367549402E+00  0.6177691445347914E+00 -0.1492599668457038E+03
  0.8967231559222163E+00  0.6241734664918837E+00 -0.1517788830921847E+03
  0.8885525752372514E+00  0.6305361197496849E+00 -0.1537458678142593E+03
  0.8803819947045285E+00  0.6368566795488945E+00 -0.1552475679978116E+03
  0.8722114143286931E+00  0.6431347239402948E+00 -0.1565260774472100E+03
  0.8640408341145595E+00  0.6493698338129212E+00 -0.1577134635976570E+03
  0.8558702540671204E+00  0.6555615929220400E+00 -0.1585450872853637E+03
  0.8476996741915547E+00  0.6617095879169366E+00 -0.1587152280714263E+03
  0.8395290944932369E+00  0.6678134083685102E+00 -0.1581474617241551E+03
  0.8313585149777468E+00  0.6738726467966731E+00 -0.1570356061550322E+03
  0.8231879356508802E+00  0.6798868986975534E+00 -0.1554895680744530E+03
  0.8150173565186587E+00  0.6858557625704990E+00 -0.1536436758104858E+03
  0.8068467775873427E+00  0.6917788399448808E+00 -0.1516242760640355E+03
  0.7986761988634423E+00  0.6976557354066943E+00 -0.1497267799960297E+03
  0.7905056203537315E+00  0.7034860566249567E+00 -0.1480950903883690E+03
  0.7823350420652612E+00  0.7092694143778975E+00 -0.1467023933644020E+03
  0.7741644640053743E+00  0.7150054225789432E+00 -0.1453069833478145E+03
  0.7659938861817212E+00  0.7206936983024912E+00 -0.1439048075084757E+03
  0.7578233086022768E+00  0.7263338618094733E+00 -0.1426947214378411E+03
  0.7496527312753575E+00  0.7319255365727068E+00 -0.1419777184767803E+03
  0.7414821542096410E+00  0.7374683493020299E+00 -0.1415182142400365E+03
  0.7333115774141861E+00  0.7429619299692227E+00 -0.1405227168725379E+03
  0.7251410008984539E+00  0.7484059118327094E+00 -0.1379428528671178E+03
  0.7169704246723316E+00  0.7537999314620412E+00 -0.1334782323734696E+03
  0.7087998487461566E+00  0.7591436287621580E+00 -0.1276085063717401E+03
  0.7006292731307425E+00  0.7644366469974285E+00 -0.1214459626405893E+03
  0.6924586978374083E+00  0.7696786328154644E+00 -0.1158691360236308E+03
  0.6842881228780077E+00  0.7748692362707100E+00 -0.1112722368645733E+03
  0.6761175482649616E+00  0.7800081108478040E+00 -0.1072452875364024E+03
  0.6679469740112938E+00  0.7850949134847117E+00 -0.1032694945169328E+03
  0.6597764001306670E+00  0.7901293045956280E+00 -0.9898042353713436E+02
  0.6516058266374236E+00  0.7951109480936471E+00 -0.9459713776745090E+02
  0.6434352535466297E+00  0.8000395114131988E+00 -0.9043775745820088E+02
  0.6352646808741202E+00  0.8049146655322506E+00 -0.8690711377499038E+02
  0.6270941086365502E+00  0.8097360849942720E+00 -0.8398581671026555E+02
  0.6189235368514482E+00  0.8145034479299620E+00 -0.8140260276214816E+02
  0.6107529655372755E+00  0.8192164360787360E+00 -0.7847620456858387E+02
  0.6025823947134890E+00  0.8238747348099726E+00 -0.7474322385329413E+02
  0.5944118244006098E+00  0.8284780331440178E+00 -0.6989067887990876E+02
  0.5862412546202973E+00  0.8330260237729452E+00 -0.6408369903424786E+02
  0.5780706853954301E+00  0.8375184030810715E+00 -0.5743070990255820E+02
  0.5699001167501928E+00  0.8419548711652254E+00 -0.5005068709455745E+02
  0.5617295487101719E+00  0.8463351318547683E+00 -0.4174673582847328E+02
  0.5535589813024583E+00  0.8506588927313666E+00 -0.3262503886579538E+02
  0.5453884145557613E+00  0.8549258651485127E+00 -0.2283100634599650E+02
  0.5372178485005299E+00  0.8591357642507945E+00 -0.1303756122449305E+02
  0.5290472831690897E+00  0.8632883089929120E+00 -0.3489011993667753E+01
  0.5208767185957875E+00  0.8673832221584393E+00  0.5867056818602019E+01
  0.5127061548171545E+00  0.8714202303783312E+00  0.1551967458732479E+02
  0.5045355918720822E+00  0.8753990641491725E+00  0.2549058043164256E+02
  0.4963650298020162E+00  0.8793194578511700E+00  0.3570968466578828E+02
  0.4881944686511717E+00  0.8831811497658847E+00  0.4604442836823392E+02
  0.4800239084667671E+00  0.8869838820937034E+00  0.5658147819631531E+02
  0.4718533492992859E+00  0.8907274009710492E+00  0.6712091747934113E+02
  0.4636827912027636E+00  0.8944114564873288E+00  0.7768684411862431E+02
  0.4555122342351060E+00  0.8980358027016164E+00  0.8842169035053078E+02
  0.4473416784584431E+00  0.9016001976590722E+00  0.9978449369695115E+02
  0.4391711239395221E+00  0.9051044034070944E+00  0.1114335873210210E+03
  0.4310005707501444E+00  0.9085481860112055E+00  0.1228756170957803E+03
  0.4228300189676551E+00  0.9119313155706682E+00  0.1335752289001481E+03
  0.4146594686754885E+00  0.9152535662338340E+00  0.1439441876954963E+03
  0.4064889199637791E+00  0.9185147162132208E+00  0.1545999154972210E+03
  0.3983183729300507E+00  0.9217145478003181E+00  0.1666260512684731E+03
  0.3901478276799883E+00  0.9248528473801222E+00  0.1803436418458631E+03
  0.3819772843283120E+00  0.9279294054453956E+00  0.1956349455477902E+03
  0.3738067429997641E+00  0.9309440166106540E+00  0.2116098701451429E+03
  0.3656362038302282E+00  0.9338964796258775E+00  0.2276161161675119E+03
  0.3574656669680030E+00  0.9367865973899459E+00  0.2431488326318791E+03
  0.3492951325752533E+00  0.9396141769637963E+00  0.2586943296183852E+03
  0.3411246008296713E+00  0.9423790295833044E+00  0.2747266958498113E+03
  0.3329540719263814E+00  0.9450809706718851E+00  0.2920453016985613E+03
  0.3247835460801308E+00  0.9477198198528157E+00  0.3106226734901391E+03
  0.3166130235278230E+00  0.9502954009612771E+00  0.3303575747788236E+03
  0.3084425045314506E+00  0.9528075420561144E+00  0.3505747328655353E+03
  0.3002719893815085E+00  0.9552560754313160E+00  0.3711576452278809E+03
  0.2921014784009779E+00  0.9576408376272095E+00  0.3921241132806957E+03
  0.2839309719500016E+00  0.9599616694413742E+00  0.4139298384488316E+03
  0.2757604704313845E+00  0.9622184159392698E+00  0.4368100002779325E+03
  0.2675899742971076E+00  0.9644109264645802E+00  0.4613555886512490E+03
  0.2594194840560681E+00  0.9665390546492710E+00  0.4875104247427742E+03
  0.2512490002833307E+00  0.9686026584233628E+00  0.5156184355819396E+03
  0.2430785236312446E+00  0.9706016000244151E+00  0.5454375430298979E+03
  0.2349080548428762E+00  0.9725357460067257E+00  0.5768930737539591E+03
  0.2267375947683499E+00  0.9744049672502397E+00  0.6092369738858933E+03
  0.2185671443848464E+00  0.9762091389691724E+00  0.6422020926245528E+03
  0.2103967048212628E+00  0.9779481407203411E+00  0.6754435204470142E+03
  0.2022262773888417E+00  0.9796218564112101E+00  0.7095656042669019E+03
  0.1940558636195398E+00  0.9812301743076443E+00  0.7443873933680439E+03
  0.1858854653144977E+00  0.9827729870413743E+00  0.7800990178512671E+03
  0.1777150846058812E+00  0.9842501916171713E+00  0.8159681749461573E+03
  0.1695447240365762E+00  0.9856616894197333E+00  0.8520813625202771E+03
  0.1613743866640789E+00  0.9870073862202815E+00  0.8878205590145255E+03
  0.1532040761975885E+00  0.9882871921828699E+00  0.9240526309197897E+03
  0.1450337971813853E+00  0.9895010218704087E+00  0.9613150053226595E+03
  0.1368635552438019E+00  0.9906487942504061E+00  0.1001159957668655E+04
  0.1286933574408989E+00  0.9917304327004320E+00  0.1043998261032171E+04
  0.1205232127396896E+00  0.9927458650133153E+00  0.1090812394681393E+04
  0.1123531327118049E+00  0.9936950234020883E+00  0.1140290251295501E+04
  0.1041831325528455E+00  0.9945778445047068E+00  0.1193272389935292E+04
  0.9601323262085862E-01  0.9953942693885953E+00  0.1250425614463664E+04
  0.8784346083082471E-01  0.9961442435551087E+00  0.1315508857143016E+04
  0.7967385651719167E-01  0.9968277169440913E+00  0.1390274701886296E+04
  0.7150447693306423E-01  0.9974446439389107E+00  0.1477881370819508E+04
  0.6333540875299180E-01  0.9979949833727938E+00  0.1578810900051480E+04
  0.5516678972815772E-01  0.9984786985384589E+00  0.1697787346880614E+04
  0.4699885272846815E-01  0.9988957572063257E+00  0.1841033727809600E+04
  0.3883202470742381E-01  0.9992461316671845E+00  0.2033012203618428E+04
  0.3066718105470672E-01  0.9995297988558859E+00  0.2314357205000998E+04
  0.2250643816359393E-01  0.9997467408113523E+00  0.2733029504051176E+04
  0.1435650599352885E-01  0.9998969471378596E+00  0.3248185449252872E+04
  0.6254421014113626E-02  0.9999804411726474E+00  0.3693599189872579E+04
