# nlmax, ncor, nside =         383           1         128
  0.3135338232575680E+01 -0.9999804411726474E+00 -0.1720917187808422E+03
  0.3127236147596264E+01 -0.9998969471378596E+00 -0.1686848985132592E+03
  0.3119086215426199E+01 -0.9997467408113523E+00 -0.1647903106853772E+03
  0.3110925472535087E+01 -0.9995297988558859E+00 -0.1626545794671270E+03
  0.3102760628882369E+01 -0.9992461316671845E+00 -0.1636177440089485E+03
  0.3094593800861325E+01 -0.9988957572063257E+00 -0.1671566164573287E+03
  0.3086425863861635E+01 -0.9984786985384589E+00 -0.1717788379228466E+03
  0.3078257244836801E+01 -0.9979949833727938E+00 -0.1760817581755731E+03
  0.3070088176656729E+01 -0.9974446439389107E+00 -0.1801031720232737E+03
  0.3061918797072602E+01 -0.9968277169440913E+00 -0.1829194830207320E+03
  0.3053749192758969E+01 -0.9961442435551087E+00 -0.1824024069208914E+03
  0.3045579420968934E+01 -0.9953942693885953E+00 -0.1775522746662049E+03
  0.3037409521036948E+01 -0.9945778445047068E+00 -0.1692161283845269E+03
  0.3029239520877988E+01 -0.9936950234020883E+00 -0.1583128825707989E+03
  0.3021069440850104E+01 -0.9927458650133153E+00 -0.1463375132775047E+03
  0.3012899296148894E+01 -0.9917304327004320E+00 -0.1354715074804291E+03
  0.3004729098345992E+01 -0.9906487942504061E+00 -0.1264923125971166E+03
  0.2996558856408408E+01 -0.9895010218704087E+00 -0.1184950313942770E+03
  0.2988388577392205E+01 -0.9882871921828699E+00 -0.1096720072559320E+03
  0.2980218266925714E+01 -0.9870073862202815E+00 -0.9902511792577279E+02
  0.2972047929553217E+01 -0.9856616894197333E+00 -0.8758641802523400E+02
  0.2963877568983912E+01 -0.9842501916171713E+00 -0.7700112399406616E+02
  0.2955707188275296E+01 -0.9827729870413743E+00 -0.6746478617348983E+02
  0.2947536789970254E+01 -0.9812301743076443E+00 -0.5926597686191639E+02
  0.2939366376200951E+01 -0.9796218564112101E+00 -0.5220702275250826E+02
  0.2931195948768531E+01 -0.9779481407203411E+00 -0.4433246078440616E+02
  0.2923025509204947E+01 -0.9762091389691724E+00 -0.3377901700505776E+02
  0.2914855058821443E+01 -0.9744049672502397E+00 -0.2196319619236294E+02
  0.2906684598746917E+01 -0.9725357460067257E+00 -0.1250661453203557E+02
  0.2898514129958549E+01 -0.9706016000244151E+00 -0.8569522591208973E+01
  0.2890343653306462E+01 -0.9686026584233628E+00 -0.9745208341976930E+01
  0.2882173169533725E+01 -0.9665390546492710E+00 -0.1253909309547847E+02
  0.2874002679292686E+01 -0.9644109264645802E+00 -0.1357359806509190E+02
  0.2865832183158409E+01 -0.9622184159392698E+00 -0.1100940168035928E+02
  0.2857661681639792E+01 -0.9599616694413742E+00 -0.5049847220148554E+01
  0.2849491175188815E+01 -0.9576408376272095E+00  0.1988378786178236E+01
  0.2841320664208285E+01 -0.9552560754313160E+00  0.8031611292089437E+01
  0.2833150149058343E+01 -0.9528075420561144E+00  0.1232948619224783E+02
  0.2824979630061970E+01 -0.9502954009612771E+00  0.1535913250508498E+02
  0.2816809107509663E+01 -0.9477198198528157E+00  0.1755968130538499E+02
  0.2808638581663412E+01 -0.9450809706718851E+00  0.1909176595241783E+02
  0.2800468052760122E+01 -0.9423790295833044E+00  0.1927671036058976E+02
  0.2792297521014540E+01 -0.9396141769637963E+00  0.1755723665632717E+02
  0.2784126986621790E+01 -0.9367865973899459E+00  0.1508942481840836E+02
  0.2775956449759565E+01 -0.9338964796258775E+00  0.1393646232865049E+02
  0.2767785910590029E+01 -0.9309440166106540E+00  0.1496020842986169E+02
  0.2759615369261481E+01 -0.9279294054453956E+00  0.1757024479206328E+02
  0.2751444825909805E+01 -0.9248528473801222E+00  0.2053801473244375E+02
  0.2743274280659743E+01 -0.9217145478003181E+00  0.2268811060191651E+02
  0.2735103733626014E+01 -0.9185147162132208E+00  0.2352124014646331E+02
  0.2726933184914305E+01 -0.9152535662338340E+00  0.2389760143180785E+02
  0.2718762634622138E+01 -0.9119313155706682E+00  0.2444344137409097E+02
  0.2710592082839649E+01 -0.9085481860112055E+00  0.2540905295276412E+02
  0.2702421529650271E+01 -0.9051044034070944E+00  0.2703882515569926E+02
  0.2694250975131350E+01 -0.9016001976590722E+00  0.2929900141093660E+02
  0.2686080419354687E+01 -0.8980358027016164E+00  0.3193545034395518E+02
  0.2677909862387029E+01 -0.8944114564873288E+00  0.3471126788164290E+02
  0.2669739304290507E+01 -0.8907274009710492E+00  0.3726399876967952E+02
  0.2661568745123026E+01 -0.8869838820937034E+00  0.3892548539606544E+02
  0.2653398184938621E+01 -0.8831811497658847E+00  0.3904383836118531E+02
  0.2645227623787777E+01 -0.8793194578511700E+00  0.3802638810381654E+02
  0.2637057061717711E+01 -0.8753990641491725E+00  0.3655672019833246E+02
  0.2628886498772639E+01 -0.8714202303783312E+00  0.3447693916532001E+02
  0.2620715934994006E+01 -0.8673832221584393E+00  0.3227506822100194E+02
  0.2612545370420704E+01 -0.8632883089929120E+00  0.3121571578087509E+02
  0.2604374805089263E+01 -0.8591357642507945E+00  0.3137057677202486E+02
  0.2596204239034032E+01 -0.8549258651485127E+00  0.3140703106969379E+02
  0.2588033672287335E+01 -0.8506588927313666E+00  0.3007207477714458E+02
  0.2579863104879621E+01 -0.8463351318547683E+00  0.2756545440551019E+02
  0.2571692536839600E+01 -0.8419548711652254E+00  0.2618087627603128E+02
  0.2563521968194363E+01 -0.8375184030810715E+00  0.2736971394906666E+02
  0.2555351398969496E+01 -0.8330260237729452E+00  0.2994968097820471E+02
  0.2547180829189184E+01 -0.8284780331440178E+00  0.3192458353018806E+02
  0.2539010258876304E+01 -0.8238747348099726E+00  0.3222999758929959E+02
  0.2530839688052518E+01 -0.8192164360787360E+00  0.3083388179752538E+02
  0.2522669116738345E+01 -0.8145034479299620E+00  0.2888621606277195E+02
  0.2514498544953243E+01 -0.8097360849942720E+00  0.2672456288214446E+02
  0.2506327972715673E+01 -0.8049146655322506E+00  0.2340190125862894E+02
  0.2498157400043163E+01 -0.8000395114131988E+00  0.1859828586484101E+02
  0.2489986826952370E+01 -0.7951109480936471E+00  0.1343619315687624E+02
  0.2481816253459126E+01 -0.7901293045956280E+00  0.9366453739627994E+01
  0.2473645679578500E+01 -0.7850949134847117E+00  0.6751714896676749E+01
  0.2465475105324832E+01 -0.7800081108478040E+00  0.4801740835304329E+01
  0.2457304530711785E+01 -0.7748692362707100E+00  0.2967834454762619E+01
  0.2449133955752385E+01 -0.7696786328154644E+00  0.1276963473637924E+01
  0.2440963380459050E+01 -0.7644366469974285E+00  0.6026311928181927E+00
  0.2432792804843637E+01 -0.7591436287621580E+00  0.2030097672631610E+01
  0.2424622228917462E+01 -0.7537999314620412E+00  0.5343231102485540E+01
  0.2416451652691339E+01 -0.7484059118327094E+00  0.9072826492742895E+01
  0.2408281076175607E+01 -0.7429619299692227E+00  0.1221799943165702E+02
  0.2400110499380152E+01 -0.7374683493020299E+00  0.1455008953645395E+02
  0.2391939922314436E+01 -0.7319255365727068E+00  0.1614058688979436E+02
  0.2383769344987516E+01 -0.7263338618094733E+00  0.1669255257172101E+02
  0.2375598767408072E+01 -0.7206936983024912E+00  0.1628849002531776E+02
  0.2367428189584419E+01 -0.7150054225789432E+00  0.1593091217924599E+02
  0.2359257611524532E+01 -0.7092694143778975E+00  0.1619098827686802E+02
  0.2351087033236062E+01 -0.7034860566249567E+00  0.1669865928060426E+02
  0.2342916454726351E+01 -0.6976557354066943E+00  0.1695877579540817E+02
  0.2334745876002450E+01 -0.6917788399448808E+00  0.1677011726781702E+02
  0.2326575297071134E+01 -0.6858557625704990E+00  0.1667667575716975E+02
  0.2318404717938913E+01 -0.6798868986975534E+00  0.1783255727052186E+02
  0.2310234138612046E+01 -0.6738726467966731E+00  0.2074603057000122E+02
  0.2302063559096557E+01 -0.6678134083685102E+00  0.2434741290044420E+02
  0.2293892979398239E+01 -0.6617095879169366E+00  0.2718074157280146E+02
  0.2285722399522673E+01 -0.6555615929220400E+00  0.2904029984733075E+02
  0.2277551819475234E+01 -0.6493698338129212E+00  0.3046686749725490E+02
  0.2269381239261100E+01 -0.6431347239402948E+00  0.3100101974578203E+02
  0.2261210658885265E+01 -0.6368566795488945E+00  0.3004459654743145E+02
  0.2253040078352542E+01 -0.6305361197496849E+00  0.2845024558623628E+02
  0.2244869497667577E+01 -0.6241734664918837E+00  0.2768427071530220E+02
  0.2236698916834853E+01 -0.6177691445347914E+00  0.2839130746721107E+02
  0.2228528335858699E+01 -0.6113235814194364E+00  0.3038410939444520E+02
  0.2220357754743295E+01 -0.6048372074400329E+00  0.3220419426252709E+02
  0.2212187173492683E+01 -0.5983104556152549E+00  0.3233905325946940E+02
  0.2204016592110768E+01 -0.5917437616593286E+00  0.3115529002915991E+02
  0.2195846010601326E+01 -0.5851375639529456E+00  0.3040576782811907E+02
  0.2187675428968010E+01 -0.5784923035139965E+00  0.3098223269905989E+02
  0.2179504847214357E+01 -0.5718084239681300E+00  0.3190658555872728E+02
  0.2171334265343789E+01 -0.5650863715191369E+00  0.3157401745320587E+02
  0.2163163683359622E+01 -0.5583265949191624E+00  0.2979753383898919E+02
  0.2154993101265066E+01 -0.5515295454387482E+00  0.2745269090691608E+02
  0.2146822519063234E+01 -0.5446956768367068E+00  0.2545491767184540E+02
  0.2138651936757143E+01 -0.5378254453298289E+00  0.2352119104270612E+02
  0.2130481354349721E+01 -0.5309193095624275E+00  0.2049259856539348E+02
  0.2122310771843806E+01 -0.5239777305757194E+00  0.1559829674330791E+02
  0.2114140189242155E+01 -0.5170011717770473E+00  0.9294291045914248E+01
  0.2105969606547443E+01 -0.5099900989089429E+00  0.2559344425461771E+01
  0.2097799023762269E+01 -0.5029449800180356E+00 -0.4015871376995717E+01
  0.2089628440889158E+01 -0.4958662854238058E+00 -0.9620114605644043E+01
  0.2081457857930564E+01 -0.4887544876871878E+00 -0.1343310837905908E+02
  0.2073287274888874E+01 -0.4816100615790221E+00 -0.1592728501794694E+02
  0.2065116691766407E+01 -0.4744334840483606E+00 -0.1808960280387770E+02
  0.2056946108565423E+01 -0.4672252341906264E+00 -0.2015323376957415E+02
  0.2048775525288118E+01 -0.4599857932156304E+00 -0.2132159250730902E+02
  0.2040604941936635E+01 -0.4527156444154464E+00 -0.2154389451949396E+02
  0.2032434358513056E+01 -0.4454152731321473E+00 -0.2212394605020566E+02
  0.2024263775019413E+01 -0.4380851667254050E+00 -0.2390496625072614E+02
  0.2016093191457685E+01 -0.4307258145399545E+00 -0.2623344004005961E+02
  0.2007922607829804E+01 -0.4233377078729265E+00 -0.2826672352574657E+02
  0.1999752024137653E+01 -0.4159213399410494E+00 -0.2987051592625504E+02
  0.1991581440383068E+01 -0.4084772058477228E+00 -0.3151526617187420E+02
  0.1983410856567843E+01 -0.4010058025499653E+00 -0.3310357237463950E+02
  0.1975240272693730E+01 -0.3935076288252386E+00 -0.3409615888272958E+02
  0.1967069688762441E+01 -0.3859831852381501E+00 -0.3448522467549157E+02
  0.1958899104775647E+01 -0.3784329741070359E+00 -0.3473827075229296E+02
  0.1950728520734982E+01 -0.3708574994704271E+00 -0.3488791121218296E+02
  0.1942557936642046E+01 -0.3632572670534011E+00 -0.3444056052091197E+02
  0.1934387352498403E+01 -0.3556327842338202E+00 -0.3296445461953070E+02
  0.1926216768305583E+01 -0.3479845600084601E+00 -0.3050154195257221E+02
  0.1918046184065086E+01 -0.3403131049590297E+00 -0.2727488474158233E+02
  0.1909875599778379E+01 -0.3326189312180866E+00 -0.2373934629209009E+02
  0.1901705015446901E+01 -0.3249025524348469E+00 -0.2045951582771260E+02
  0.1893534431072063E+01 -0.3171644837408958E+00 -0.1825754244575550E+02
  0.1885363846655247E+01 -0.3094052417157978E+00 -0.1754680606210355E+02
  0.1877193262197810E+01 -0.3016253443526109E+00 -0.1750797852781084E+02
  0.1869022677701083E+01 -0.2938253110233064E+00 -0.1695263037259685E+02
  0.1860852093166375E+01 -0.2860056624440968E+00 -0.1589405258237978E+02
  0.1852681508594969E+01 -0.2781669206406729E+00 -0.1475039575682834E+02
  0.1844510923988128E+01 -0.2703096089133553E+00 -0.1356470486696653E+02
  0.1836340339347093E+01 -0.2624342518021592E+00 -0.1189716069864371E+02
  0.1828169754673083E+01 -0.2545413750517773E+00 -0.9622715507218109E+01
  0.1819999169967299E+01 -0.2466315055764818E+00 -0.7217839582846249E+01
  0.1811828585230925E+01 -0.2387051714249486E+00 -0.5315850714338159E+01
  0.1803658000465123E+01 -0.2307629017450062E+00 -0.4151011951631612E+01
  0.1795487415671042E+01 -0.2228052267483099E+00 -0.3523118932597527E+01
  0.1787316830849811E+01 -0.2148326776749467E+00 -0.2763140575230127E+01
  0.1779146246002545E+01 -0.2068457867579697E+00 -0.1203562056966251E+01
  0.1770975661130345E+01 -0.1988450871878683E+00  0.1469085859051838E+01
  0.1762805076234296E+01 -0.1908311130769725E+00  0.4634296484273272E+01
  0.1754634491315471E+01 -0.1828043994237966E+00  0.7420305994714608E+01
  0.1746463906374929E+01 -0.1747654820773241E+00  0.9275206969930290E+01
  0.1738293321413718E+01 -0.1667148977012352E+00  0.1052771028144430E+02
  0.1730122736432872E+01 -0.1586531837380799E+00  0.1179480448304307E+02
  0.1721952151433418E+01 -0.1505808783733995E+00  0.1339258704267865E+02
  0.1713781566416370E+01 -0.1424985204997981E+00  0.1520021014944396E+02
  0.1705610981382731E+01 -0.1344066496809675E+00  0.1707685129121755E+02
  0.1697440396333499E+01 -0.1263058061156663E+00  0.1840326381863546E+02
  0.1689269811269659E+01 -0.1181965306016578E+00  0.1836904662823529E+02
  0.1681099226192191E+01 -0.1100793644996070E+00  0.1721131097563926E+02
  0.1672928641102067E+01 -0.1019548496969404E+00  0.1634241058671096E+02
  0.1664758056000250E+01 -0.9382352857167028E-01  0.1675066972820964E+02
  0.1656587470887701E+01 -0.8568594395618719E-01  0.1875566451898619E+02
  0.1648416885765370E+01 -0.7754263910102077E-01  0.2208775154607400E+02
  0.1640246300634206E+01 -0.6939415763857371E-01  0.2591476153364545E+02
  0.1632075715495151E+01 -0.6124104354682962E-01  0.2918941172429753E+02
  0.1623905130349143E+01 -0.5308384111303818E-01  0.3118290002648948E+02
  0.1615734545197117E+01 -0.4492309489737940E-01  0.3155550291086070E+02
  0.1607563960040004E+01 -0.3675934969660982E-01  0.3076814654482822E+02
  0.1599393374878733E+01 -0.2859315050769285E-01  0.2956751070704563E+02
  0.1591222789714229E+01 -0.2042504249141571E-01  0.2896510715967081E+02
  0.1583052204547419E+01 -0.1225557093599554E-01  0.2982448214729882E+02
  0.1574881619379224E+01 -0.4085281220676868E-02  0.3196056343904473E+02
  0.1566711034210569E+01  0.4085281220676868E-02  0.3414241732750313E+02
  0.1558540449042374E+01  0.1225557093599554E-01  0.3571933319243352E+02
  0.1550369863875564E+01  0.2042504249141571E-01  0.3685101384783614E+02
  0.1542199278711061E+01  0.2859315050769285E-01  0.3754716493112093E+02
  0.1534028693549790E+01  0.3675934969660982E-01  0.3742803396875098E+02
  0.1525858108392677E+01  0.4492309489737940E-01  0.3653219445267684E+02
  0.1517687523240650E+01  0.5308384111303818E-01  0.3526968880416663E+02
  0.1509516938094642E+01  0.6124104354682962E-01  0.3422659842609115E+02
  0.1501346352955587E+01  0.6939415763857371E-01  0.3324076906680862E+02
  0.1493175767824423E+01  0.7754263910102077E-01  0.3219549445248524E+02
  0.1485005182702093E+01  0.8568594395618719E-01  0.3176221698493430E+02
  0.1476834597589543E+01  0.9382352857167028E-01  0.3269014311600436E+02
  0.1468664012487727E+01  0.1019548496969404E+00  0.3405547650163686E+02
  0.1460493427397602E+01  0.1100793644996070E+00  0.3441670955235472E+02
  0.1452322842320134E+01  0.1181965306016578E+00  0.3346933167026127E+02
  0.1444152257256294E+01  0.1263058061156663E+00  0.3178231670026409E+02
  0.1435981672207062E+01  0.1344066496809675E+00  0.2980962263319176E+02
  0.1427811087173423E+01  0.1424985204997981E+00  0.2815469117033497E+02
  0.1419640502156375E+01  0.1505808783733995E+00  0.2775261746200021E+02
  0.1411469917156921E+01  0.1586531837380799E+00  0.2927798111044981E+02
  0.1403299332176076E+01  0.1667148977012352E+00  0.3177658817180160E+02
  0.1395128747214864E+01  0.1747654820773241E+00  0.3337808707455116E+02
  0.1386958162274323E+01  0.1828043994237966E+00  0.3296833772197342E+02
  0.1378787577355497E+01  0.1908311130769725E+00  0.3121686282408430E+02
  0.1370616992459449E+01  0.1988450871878683E+00  0.2957239967941316E+02
  0.1362446407587248E+01  0.2068457867579697E+00  0.2876666634353546E+02
  0.1354275822739983E+01  0.2148326776749467E+00  0.2828716758746274E+02
  0.1346105237918751E+01  0.2228052267483099E+00  0.2771856320510558E+02
  0.1337934653124670E+01  0.2307629017450062E+00  0.2637671315788380E+02
  0.1329764068358868E+01  0.2387051714249486E+00  0.2376121042824968E+02
  0.1321593483622494E+01  0.2466315055764818E+00  0.2043616681216031E+02
  0.1313422898916710E+01  0.2545413750517773E+00  0.1784445799899401E+02
  0.1305252314242701E+01  0.2624342518021592E+00  0.1609661717194893E+02
  0.1297081729601665E+01  0.2703096089133553E+00  0.1375252180783120E+02
  0.1288911144994824E+01  0.2781669206406729E+00  0.9948677833430059E+01
  0.1280740560423418E+01  0.2860056624440968E+00  0.5792068281868340E+01
  0.1272569975888710E+01  0.2938253110233064E+00  0.2655469842082123E+01
  0.1264399391391984E+01  0.3016253443526109E+00  0.1194997109382656E+01
  0.1256228806934547E+01  0.3094052417157978E+00  0.1137019348191426E+01
  0.1248058222517730E+01  0.3171644837408958E+00  0.1431972218225590E+01
  0.1239887638142892E+01  0.3249025524348469E+00  0.9884230844110758E+00
  0.1231717053811414E+01  0.3326189312180866E+00 -0.2516231798052981E+00
  0.1223546469524707E+01  0.3403131049590297E+00 -0.2121855339546841E+01
  0.1215375885284210E+01  0.3479845600084601E+00 -0.4485865670450512E+01
  0.1207205301091390E+01  0.3556327842338202E+00 -0.6619300694882424E+01
  0.1199034716947747E+01  0.3632572670534011E+00 -0.8490848079508932E+01
  0.1190864132854811E+01  0.3708574994704271E+00 -0.1094001562655166E+02
  0.1182693548814147E+01  0.3784329741070359E+00 -0.1385994320724246E+02
  0.1174522964827352E+01  0.3859831852381501E+00 -0.1682421198298830E+02
  0.1166352380896063E+01  0.3935076288252386E+00 -0.1993839400779488E+02
  0.1158181797021950E+01  0.4010058025499653E+00 -0.2329544390606791E+02
  0.1150011213206726E+01  0.4084772058477228E+00 -0.2658619632390222E+02
  0.1141840629452141E+01  0.4159213399410494E+00 -0.2977459741691168E+02
  0.1133670045759989E+01  0.4233377078729265E+00 -0.3337593385583394E+02
  0.1125499462132108E+01  0.4307258145399545E+00 -0.3809411451182889E+02
  0.1117328878570381E+01  0.4380851667254050E+00 -0.4397509250185041E+02
  0.1109158295076737E+01  0.4454152731321473E+00 -0.5004115157310223E+02
  0.1100987711653159E+01  0.4527156444154464E+00 -0.5513195340428162E+02
  0.1092817128301675E+01  0.4599857932156304E+00 -0.5959743134619712E+02
  0.1084646545024371E+01  0.4672252341906264E+00 -0.6482940834379127E+02
  0.1076475961823386E+01  0.4744334840483606E+00 -0.7161955108096885E+02
  0.1068305378700920E+01  0.4816100615790221E+00 -0.7876920659774420E+02
  0.1060134795659229E+01  0.4887544876871878E+00 -0.8441588197162466E+02
  0.1051964212700635E+01  0.4958662854238058E+00 -0.8771642656986107E+02
  0.1043793629827524E+01  0.5029449800180356E+00 -0.8908976811104178E+02
  0.1035623047042350E+01  0.5099900989089429E+00 -0.8926709131048700E+02
  0.1027452464347638E+01  0.5170011717770473E+00 -0.9003207144357211E+02
  0.1019281881745987E+01  0.5239777305757194E+00 -0.9315979372611700E+02
  0.1011111299240073E+01  0.5309193095624275E+00 -0.9837543665648057E+02
  0.1002940716832650E+01  0.5378254453298289E+00 -0.1036821737757289E+03
  0.9947701345265596E+00  0.5446956768367068E+00 -0.1079795135068418E+03
  0.9865995523247275E+00  0.5515295454387482E+00 -0.1116786522050986E+03
  0.9784289702301714E+00  0.5583265949191624E+00 -0.1157184062012140E+03
  0.9702583882460036E+00  0.5650863715191369E+00 -0.1197024307408486E+03
  0.9620878063754359E+00  0.5718084239681300E+00 -0.1224477201654760E+03
  0.9539172246217830E+00  0.5784923035139965E+00 -0.1233719116387489E+03
  0.9457466429884676E+00  0.5851375639529456E+00 -0.1234773518214998E+03
  0.9375760614790253E+00  0.5917437616593286E+00 -0.1233430253769898E+03
  0.9294054800971098E+00  0.5983104556152549E+00 -0.1229883226707769E+03
  0.9212348988464978E+00  0.6048372074400329E+00 -0.1228657053126075E+03
  0.9130643177310944E+00  0.6113235814194364E+00 -0.1239686427391977E+03
  0.9048937367549402E+00  0.6177691445347914E+00 -0.1256451696750291E+03
  0.8967231559222163E+00  0.6241734664918837E+00 -0.1262054101024196E+03
  0.8885525752372514E+00  0.6305361197496849E+00 -0.1247895995002283E+03
  0.8803819947045285E+00  0.6368566795488945E+00 -0.1227577466521947E+03
  0.8722114143286931E+00  0.6431347239402948E+00 -0.1217417035791832E+03
  0.8640408341145595E+00  0.6493698338129212E+00 -0.1225152247126247E+03
  0.8558702540671204E+00  0.6555615929220400E+00 -0.1238832881917311E+03
  0.8476996741915547E+00  0.6617095879169366E+00 -0.1242536694367599E+03
  0.8395290944932369E+00  0.6678134083685102E+00 -0.1231338797328705E+03
  0.8313585149777468E+00  0.6738726467966731E+00 -0.1213831509418178E+03
  0.8231879356508802E+00  0.6798868986975534E+00 -0.1196054382987121E+03
  0.8150173565186587E+00  0.6858557625704990E+00 -0.1181667391618746E+03
  0.8068467775873427E+00  0.6917788399448808E+00 -0.1168388278273111E+03
  0.7986761988634423E+00  0.6976557354066943E+00 -0.1155592501305197E+03
  0.7905056203537315E+00  0.7034860566249567E+00 -0.1143157372300355E+03
  0.7823350420652612E+00  0.7092694143778975E+00 -0.1135195749422464E+03
  0.7741644640053743E+00  0.7150054225789432E+00 -0.1126762506479630E+03
  0.7659938861817212E+00  0.7206936983024912E+00 -0.1117921608178522E+03
  0.7578233086022768E+00  0.7263338618094733E+00 -0.1117444327630325E+03
  0.7496527312753575E+00  0.7319255365727068E+00 -0.1135783568976257E+03
  0.7414821542096410E+00  0.7374683493020299E+00 -0.1171608737140139E+03
  0.7333115774141861E+00  0.7429619299692227E+00 -0.1211408435705465E+03
  0.7251410008984539E+00  0.7484059118327094E+00 -0.1232134109798300E+03
  0.7169704246723316E+00  0.7537999314620412E+00 -0.1223297686932312E+03
  0.7087998487461566E+00  0.7591436287621580E+00 -0.1197438948074924E+03
  0.7006292731307425E+00  0.7644366469974285E+00 -0.1173209894769539E+03
  0.6924586978374083E+00  0.7696786328154644E+00 -0.1158855344528983E+03
  0.6842881228780077E+00  0.7748692362707100E+00 -0.1160002154147690E+03
  0.6761175482649616E+00  0.7800081108478040E+00 -0.1170478365066203E+03
  0.6679469740112938E+00  0.7850949134847117E+00 -0.1175574179442533E+03
  0.6597764001306670E+00  0.7901293045956280E+00 -0.1162878581087358E+03
  0.6516058266374236E+00  0.7951109480936471E+00 -0.1141310042263186E+03
  0.6434352535466297E+00  0.8000395114131988E+00 -0.1131320202311303E+03
  0.6352646808741202E+00  0.8049146655322506E+00 -0.1141632676635691E+03
  0.6270941086365502E+00  0.8097360849942720E+00 -0.1161736265756436E+03
  0.6189235368514482E+00  0.8145034479299620E+00 -0.1178462190221923E+03
  0.6107529655372755E+00  0.8192164360787360E+00 -0.1181775494792450E+03
  0.6025823947134890E+00  0.8238747348099726E+00 -0.1181504188984324E+03
  0.5944118244006098E+00  0.8284780331440178E+00 -0.1182635799525102E+03
  0.5862412546202973E+00  0.8330260237729452E+00 -0.1176783833440403E+03
  0.5780706853954301E+00  0.8375184030810715E+00 -0.1148419709114645E+03
  0.5699001167501928E+00  0.8419548711652254E+00 -0.1099371431606288E+03
  0.5617295487101719E+00  0.8463351318547683E+00 -0.1037330428522582E+03
  0.5535589813024583E+00  0.8506588927313666E+00 -0.9663520011021056E+02
  0.5453884145557613E+00  0.8549258651485127E+00 -0.8810195013170690E+02
  0.5372178485005299E+00  0.8591357642507945E+00 -0.7867284718570907E+02
  0.5290472831690897E+00  0.8632883089929120E+00 -0.6971298064041852E+02
  0.5208767185957875E+00  0.8673832221584393E+00 -0.6182836442101085E+02
  0.5127061548171545E+00  0.8714202303783312E+00 -0.5350329798968084E+02
  0.5045355918720822E+00  0.8753990641491725E+00 -0.4362483228025838E+02
  0.4963650298020162E+00  0.8793194578511700E+00 -0.3239850115818435E+02
  0.4881944686511717E+00  0.8831811497658847E+00 -0.2081388538739819E+02
  0.4800239084667671E+00  0.8869838820937034E+00 -0.9174986063670815E+01
  0.4718533492992859E+00  0.8907274009710492E+00  0.2046676328777877E+01
  0.4636827912027636E+00  0.8944114564873288E+00  0.1237631433018252E+02
  0.4555122342351060E+00  0.8980358027016164E+00  0.2128389718866269E+02
  0.4473416784584431E+00  0.9016001976590722E+00  0.2979526672209697E+02
  0.4391711239395221E+00  0.9051044034070944E+00  0.3791886345323315E+02
  0.4310005707501444E+00  0.9085481860112055E+00  0.4510709278109788E+02
  0.4228300189676551E+00  0.9119313155706682E+00  0.5106535182499859E+02
  0.4146594686754885E+00  0.9152535662338340E+00  0.5683428123183698E+02
  0.4064889199637791E+00  0.9185147162132208E+00  0.6248790216389875E+02
  0.3983183729300507E+00  0.9217145478003181E+00  0.6809969703105969E+02
  0.3901478276799883E+00  0.9248528473801222E+00  0.7467140821287383E+02
  0.3819772843283120E+00  0.9279294054453956E+00  0.8393182485403094E+02
  0.3738067429997641E+00  0.9309440166106540E+00  0.9511371266751792E+02
  0.3656362038302282E+00  0.9338964796258775E+00  0.1061790773463128E+03
  0.3574656669680030E+00  0.9367865973899459E+00  0.1154085849530186E+03
  0.3492951325752533E+00  0.9396141769637963E+00  0.1242568431048513E+03
  0.3411246008296713E+00  0.9423790295833044E+00  0.1339618250552136E+03
  0.3329540719263814E+00  0.9450809706718851E+00  0.1452259310969834E+03
  0.3247835460801308E+00  0.9477198198528157E+00  0.1571534461141892E+03
  0.3166130235278230E+00  0.9502954009612771E+00  0.1695963677910569E+03
  0.3084425045314506E+00  0.9528075420561144E+00  0.1820973290923245E+03
  0.3002719893815085E+00  0.9552560754313160E+00  0.1954892588953231E+03
  0.2921014784009779E+00  0.9576408376272095E+00  0.2103002439371429E+03
  0.2839309719500016E+00  0.9599616694413742E+00  0.2272629052408714E+03
  0.2757604704313845E+00  0.9622184159392698E+00  0.2453010115005150E+03
  0.2675899742971076E+00  0.9644109264645802E+00  0.2640447765432760E+03
  0.2594194840560681E+00  0.9665390546492710E+00  0.2833951641645741E+03
  0.2512490002833307E+00  0.9686026584233628E+00  0.3056947210898085E+03
  0.2430785236312446E+00  0.9706016000244151E+00  0.3315422471212932E+03
  0.2349080548428762E+00  0.9725357460067257E+00  0.3589546690873487E+03
  0.2267375947683499E+00  0.9744049672502397E+00  0.3848479674693176E+03
  0.2185671443848464E+00  0.9762091389691724E+00  0.4111961855743152E+03
  0.2103967048212628E+00  0.9779481407203411E+00  0.4399942543107255E+03
  0.2022262773888417E+00  0.9796218564112101E+00  0.4714524898585740E+03
  0.1940558636195398E+00  0.9812301743076443E+00  0.5027574184700580E+03
  0.1858854653144977E+00  0.9827729870413743E+00  0.5336501977799694E+03
  0.1777150846058812E+00  0.9842501916171713E+00  0.5641398433735856E+03
  0.1695447240365762E+00  0.9856616894197333E+00  0.5947178793291491E+03
  0.1613743866640789E+00  0.9870073862202815E+00  0.6246182268751360E+03
  0.1532040761975885E+00  0.9882871921828699E+00  0.6561349122668812E+03
  0.1450337971813853E+00  0.9895010218704087E+00  0.6898732080812605E+03
  0.1368635552438019E+00  0.9906487942504061E+00  0.7267035425842613E+03
  0.1286933574408989E+00  0.9917304327004320E+00  0.7655945667279163E+03
  0.1205232127396896E+00  0.9927458650133153E+00  0.8081865732461764E+03
  0.1123531327118049E+00  0.9936950234020883E+00  0.8539891276799339E+03
  0.1041831325528455E+00  0.9945778445047068E+00  0.9047606551554859E+03
  0.9601323262085862E-01  0.9953942693885953E+00  0.9610504288292359E+03
  0.8784346083082471E-01  0.9961442435551087E+00  0.1026617383449947E+04
  0.7967385651719167E-01  0.9968277169440913E+00  0.1101227843074761E+04
  0.7150447693306423E-01  0.9974446439389107E+00  0.1188808234900053E+04
  0.6333540875299180E-01  0.9979949833727938E+00  0.1289860995734130E+04
  0.5516678972815772E-01  0.9984786985384589E+00  0.1408775327114810E+04
  0.4699885272846815E-01  0.9988957572063257E+00  0.1545412215449955E+04
  0.3883202470742381E-01  0.9992461316671845E+00  0.1715062578149686E+04
  0.3066718105470672E-01  0.9995297988558859E+00  0.1962824759059745E+04
  0.2250643816359393E-01  0.9997467408113523E+00  0.2414670598226844E+04
  0.1435650599352885E-01  0.9998969471378596E+00  0.3149182202981057E+04
  0.6254421014113626E-02  0.9999804411726474E+00  0.3910201842752604E+04
